timestep,num_nodes,num_edges,average_degree,max_degree,num_triangles,new_edges
0,1931,1000,0.5178659999999999,1,0,1000
50000,75822,51000,0.672628,7,0,1000
100000,139670,101000,0.723133,8,0,1000
150000,199549,151000,0.756706,12,0,1000
200000,256563,201000,0.783433,15,0,1000
250000,311665,251000,0.8053520000000001,17,0,1000
300000,364839,301000,0.8250209999999999,20,0,1000
350000,416846,351000,0.842038,23,0,1000
400000,467616,401000,0.857541,26,0,1000
450000,517373,451000,0.871712,29,0,1000
500000,565669,501000,0.885677,32,0,1000
550000,613085,551000,0.898733,36,0,1000
600000,659707,601000,0.91101,41,0,1000
650000,705388,651000,0.9228959999999999,44,0,1000
700000,750513,701000,0.9340280000000001,44,0,1000
750000,794856,751000,0.944825,45,0,1000
800000,838368,801000,0.955428,45,0,1000
850000,881252,851000,0.965672,48,0,1000
900000,923603,901000,0.975527,50,0,1000
950000,965283,951000,0.985203,54,0,1000
1000000,1006436,1001000,0.994599,57,0,1000
1050000,1046828,1051000,1.00399,63,0,1000
1100000,1086730,1101000,1.0131299999999999,66,0,1000
1150000,1126072,1151000,1.02214,68,0,1000
1200000,1164898,1201000,1.03099,71,0,1000
1250000,1203362,1251000,1.03959,74,0,1000
1300000,1241472,1301000,1.04795,80,0,1000
1350000,1279093,1351000,1.0562200000000002,81,0,1000
1400000,1316342,1401000,1.06431,86,0,1000
1450000,1353063,1451000,1.0723799999999999,89,0,1000
1500000,1389403,1501000,1.0803200000000002,92,0,1000
1550000,1425139,1551000,1.08831,93,0,1000
1600000,1460621,1601000,1.0961100000000001,99,0,1000
1650000,1495955,1651000,1.10364,105,0,1000
1700000,1531028,1701000,1.1110200000000001,108,0,1000
1750000,1565747,1751000,1.11832,111,0,1000
1800000,1600085,1801000,1.1255700000000002,114,0,1000
1850000,1633916,1851000,1.13286,117,0,1000
1900000,1667504,1901000,1.1400299999999999,119,0,1000
1950000,1700923,1951000,1.1470200000000002,121,0,1000
2000000,1733924,2001000,1.15403,123,0,1000
2050000,1766536,2051000,1.16103,125,0,1000
2100000,1798819,2101000,1.1679899999999999,131,0,1000
2150000,1831101,2151000,1.1747,132,0,1000
2200000,1862931,2201000,1.18147,134,0,1000
2250000,1894291,2251000,1.18831,139,0,1000
2300000,1925568,2301000,1.19497,141,0,1000
2350000,1956630,2351000,1.20156,142,0,1000
2400000,1987551,2401000,1.20802,146,0,1000
2450000,2017971,2451000,1.21459,148,0,1000
2500000,2048304,2501000,1.22101,154,0,1000
2550000,2078284,2551000,1.22745,155,0,1000
2600000,2108134,2601000,1.23379,161,0,1000
2650000,2137708,2651000,1.24011,165,0,1000
2700000,2167069,2701000,1.2463799999999998,167,0,1000
2750000,2196071,2751000,1.2526899999999999,167,0,1000
2800000,2224885,2801000,1.25894,170,0,1000
2850000,2253547,2851000,1.26512,172,0,1000
2900000,2282096,2901000,1.2712,174,0,1000
2950000,2310453,2951000,1.27724,179,0,1000
3000000,2338514,3001000,1.28329,180,0,1000
3050000,2366426,3051000,1.28929,183,0,1000
3100000,2394104,3101000,1.2952700000000001,185,0,1000
3150000,2421589,3151000,1.30121,186,0,1000
3200000,2448846,3201000,1.30715,190,0,1000
3250000,2475945,3251000,1.31303,192,0,1000
3300000,2502884,3301000,1.3188799999999998,199,0,1000
3350000,2529749,3351000,1.32464,201,0,1000
3400000,2556337,3401000,1.3304200000000002,208,0,1000
