timestep,num_nodes,num_edges,average_degree,max_degree,num_triangles,new_edges
0,1923,1000,0.520021,2,0,1000
50000,76007,51000,0.670991,5,0,1000
100000,139956,101000,0.721655,11,0,1000
150000,199845,151000,0.755586,12,0,1000
200000,257055,201000,0.781934,16,0,1000
250000,312218,251000,0.803925,19,0,1000
300000,365571,301000,0.823369,20,0,1000
350000,417549,351000,0.84062,24,0,1000
400000,468263,401000,0.8563559999999999,28,0,1000
450000,517929,451000,0.870776,33,0,1000
500000,566286,501000,0.884712,34,0,1000
550000,613754,551000,0.897754,35,0,1000
600000,660511,601000,0.909902,38,0,1000
650000,706229,651000,0.921797,41,0,1000
700000,751101,701000,0.9332969999999999,43,0,1000
750000,795406,751000,0.9441719999999999,48,0,1000
800000,838941,801000,0.954775,52,0,1000
850000,881770,851000,0.9651040000000001,55,0,1000
900000,924086,901000,0.975017,56,0,1000
950000,965777,951000,0.984699,58,0,1000
1000000,1006800,1001000,0.994239,61,0,1000
1050000,1047592,1051000,1.00325,65,0,1000
1100000,1087596,1101000,1.01232,66,0,1000
1150000,1126852,1151000,1.0214299999999998,68,0,1000
1200000,1165992,1201000,1.0300200000000002,72,0,1000
1250000,1204444,1251000,1.03865,76,0,1000
1300000,1242295,1301000,1.04726,78,0,1000
1350000,1280020,1351000,1.05545,80,0,1000
1400000,1317154,1401000,1.06366,81,0,1000
1450000,1353932,1451000,1.07169,83,0,1000
1500000,1390182,1501000,1.07971,87,0,1000
1550000,1426322,1551000,1.08741,92,0,1000
1600000,1461932,1601000,1.09513,95,0,1000
1650000,1497190,1651000,1.10273,101,0,1000
1700000,1532219,1701000,1.11015,106,0,1000
1750000,1566764,1751000,1.1175899999999999,108,0,1000
1800000,1600969,1801000,1.12494,112,0,1000
1850000,1634827,1851000,1.1322299999999998,116,0,1000
1900000,1668292,1901000,1.13949,120,0,1000
1950000,1701564,1951000,1.14659,123,0,1000
2000000,1734547,2001000,1.15362,124,0,1000
2050000,1767284,2051000,1.16054,126,0,1000
2100000,1799670,2101000,1.16744,126,0,1000
2150000,1831864,2151000,1.17421,126,0,1000
2200000,1863779,2201000,1.18093,129,0,1000
2250000,1895270,2251000,1.18769,131,0,1000
2300000,1926648,2301000,1.1943,136,0,1000
2350000,1957612,2351000,1.20095,138,0,1000
2400000,1988314,2401000,1.20756,141,0,1000
2450000,2018774,2451000,1.2141,143,0,1000
2500000,2049106,2501000,1.22053,148,0,1000
2550000,2078997,2551000,1.2270299999999998,153,0,1000
2600000,2108649,2601000,1.23349,155,0,1000
2650000,2137986,2651000,1.23995,159,0,1000
2700000,2167271,2701000,1.24627,163,0,1000
2750000,2196314,2751000,1.25255,165,0,1000
2800000,2225309,2801000,1.2587,170,0,1000
2850000,2254102,2851000,1.26481,172,0,1000
2900000,2282608,2901000,1.27091,178,0,1000
2950000,2310732,2951000,1.27708,181,0,1000
3000000,2338822,3001000,1.28312,181,0,1000
3050000,2366601,3051000,1.28919,186,0,1000
3100000,2394159,3101000,1.29524,189,0,1000
3150000,2421822,3151000,1.3010899999999999,191,0,1000
3200000,2449135,3201000,1.3069899999999999,195,0,1000
3250000,2476248,3251000,1.31287,198,0,1000
3300000,2503132,3301000,1.31875,200,0,1000
3350000,2529849,3351000,1.3245799999999999,204,0,1000
3400000,2556331,3401000,1.3304200000000002,206,0,1000
