timestep,num_nodes,num_edges,average_degree,max_degree,num_triangles,new_edges
0,1933,1000,0.517331,1,0,1000
50000,75989,51000,0.67115,6,0,1000
100000,139888,101000,0.722006,8,0,1000
150000,199574,151000,0.756612,12,0,1000
200000,256772,201000,0.782796,18,0,1000
250000,311963,251000,0.804583,22,0,1000
300000,365219,301000,0.8241629999999999,25,0,1000
350000,416978,351000,0.8417709999999999,28,0,1000
400000,467392,401000,0.857952,30,0,1000
450000,516734,451000,0.8727889999999999,33,0,1000
500000,565412,501000,0.88608,34,0,1000
550000,613071,551000,0.898754,38,0,1000
600000,659545,601000,0.911234,41,0,1000
650000,705321,651000,0.922984,43,0,1000
700000,750371,701000,0.934205,46,0,1000
750000,794767,751000,0.944931,49,0,1000
800000,838362,801000,0.955435,53,0,1000
850000,881330,851000,0.965586,53,0,1000
900000,923550,901000,0.975583,55,0,1000
950000,965287,951000,0.9851989999999999,56,0,1000
1000000,1006282,1001000,0.994751,58,0,1000
1050000,1046887,1051000,1.00393,59,0,1000
1100000,1087097,1101000,1.0127899999999999,61,0,1000
1150000,1126479,1151000,1.02177,64,0,1000
1200000,1165504,1201000,1.03046,67,0,1000
1250000,1203918,1251000,1.03911,70,0,1000
1300000,1241968,1301000,1.0475299999999999,73,0,1000
1350000,1279810,1351000,1.0556299999999998,76,0,1000
1400000,1317098,1401000,1.0637,78,0,1000
1450000,1353794,1451000,1.0718,80,0,1000
1500000,1390074,1501000,1.0798,82,0,1000
1550000,1426090,1551000,1.08759,84,0,1000
1600000,1461782,1601000,1.09524,86,0,1000
1650000,1497097,1651000,1.1028,90,0,1000
1700000,1531762,1701000,1.11049,96,0,1000
1750000,1566567,1751000,1.11773,98,0,1000
1800000,1600799,1801000,1.12506,103,0,1000
1850000,1634493,1851000,1.13246,109,0,1000
1900000,1667865,1901000,1.13978,113,0,1000
1950000,1701223,1951000,1.1468200000000002,116,0,1000
2000000,1734205,2001000,1.15384,121,0,1000
2050000,1766859,2051000,1.16082,124,0,1000
2100000,1799214,2101000,1.16773,130,0,1000
2150000,1831356,2151000,1.17454,137,0,1000
2200000,1863028,2201000,1.18141,140,0,1000
2250000,1894650,2251000,1.18808,142,0,1000
2300000,1925920,2301000,1.19475,144,0,1000
2350000,1957016,2351000,1.2013200000000002,144,0,1000
2400000,1987855,2401000,1.20783,151,0,1000
2450000,2018324,2451000,1.2143700000000002,153,0,1000
2500000,2048682,2501000,1.22078,154,0,1000
2550000,2078816,2551000,1.22714,158,0,1000
2600000,2108470,2601000,1.2336,160,0,1000
2650000,2138184,2651000,1.23984,163,0,1000
2700000,2167444,2701000,1.24617,166,0,1000
2750000,2196612,2751000,1.2523799999999998,168,0,1000
2800000,2225410,2801000,1.25864,171,0,1000
2850000,2253950,2851000,1.26489,176,0,1000
2900000,2282512,2901000,1.2709700000000002,179,0,1000
2950000,2310688,2951000,1.27711,182,0,1000
3000000,2338722,3001000,1.28318,183,0,1000
3050000,2366584,3051000,1.2892,185,0,1000
3100000,2394313,3101000,1.29515,189,0,1000
3150000,2421949,3151000,1.30102,194,0,1000
3200000,2449106,3201000,1.30701,197,0,1000
3250000,2476195,3251000,1.3129,197,0,1000
3300000,2503101,3301000,1.31876,200,0,1000
3350000,2529797,3351000,1.32461,205,0,1000
3400000,2556337,3401000,1.3304200000000002,209,0,1000
