timestep,num_nodes,num_edges,average_degree,max_degree,num_triangles,new_edges
0,1939,1000,0.51573,1,0,1000
50000,75932,51000,0.671654,5,0,1000
100000,139792,101000,0.7225020000000001,9,0,1000
150000,199544,151000,0.756725,12,0,1000
200000,256698,201000,0.783021,14,0,1000
250000,311707,251000,0.805243,17,0,1000
300000,365110,301000,0.8244090000000001,20,0,1000
350000,416996,351000,0.841735,25,0,1000
400000,467762,401000,0.857274,27,0,1000
450000,517247,451000,0.871924,31,0,1000
500000,565628,501000,0.885741,32,0,1000
550000,613148,551000,0.898641,35,0,1000
600000,659746,601000,0.910957,38,0,1000
650000,705440,651000,0.9228280000000001,41,0,1000
700000,750566,701000,0.9339620000000001,45,0,1000
750000,794917,751000,0.9447530000000001,48,0,1000
800000,838394,801000,0.955398,51,0,1000
850000,881181,851000,0.965749,53,0,1000
900000,923321,901000,0.975825,55,0,1000
950000,965186,951000,0.985302,59,0,1000
1000000,1006268,1001000,0.994765,64,0,1000
1050000,1046537,1051000,1.00426,67,0,1000
1100000,1086655,1101000,1.0132,72,0,1000
1150000,1125873,1151000,1.0223200000000001,75,0,1000
1200000,1165018,1201000,1.0308899999999999,77,0,1000
1250000,1203549,1251000,1.0394299999999999,81,0,1000
1300000,1241553,1301000,1.04788,88,0,1000
1350000,1279265,1351000,1.05608,91,0,1000
1400000,1316545,1401000,1.06415,92,0,1000
1450000,1353450,1451000,1.07208,96,0,1000
1500000,1389622,1501000,1.08015,98,0,1000
1550000,1425718,1551000,1.0878700000000001,102,0,1000
1600000,1461343,1601000,1.0955700000000002,105,0,1000
1650000,1496541,1651000,1.10321,108,0,1000
1700000,1531352,1701000,1.1107799999999999,111,0,1000
1750000,1565958,1751000,1.11817,114,0,1000
1800000,1600235,1801000,1.1254600000000001,118,0,1000
1850000,1634180,1851000,1.13268,121,0,1000
1900000,1667740,1901000,1.1398700000000002,124,0,1000
1950000,1701016,1951000,1.14696,129,0,1000
2000000,1733989,2001000,1.15399,131,0,1000
2050000,1766608,2051000,1.16098,134,0,1000
2100000,1799144,2101000,1.1677799999999998,137,0,1000
2150000,1831410,2151000,1.1745,141,0,1000
2200000,1863064,2201000,1.18139,145,0,1000
2250000,1894746,2251000,1.18802,147,0,1000
2300000,1925747,2301000,1.19486,152,0,1000
2350000,1956665,2351000,1.20153,154,0,1000
2400000,1987635,2401000,1.20797,154,0,1000
2450000,2018272,2451000,1.21441,158,0,1000
2500000,2048672,2501000,1.22079,160,0,1000
2550000,2078692,2551000,1.2272100000000001,164,0,1000
2600000,2108365,2601000,1.23366,165,0,1000
2650000,2137996,2651000,1.23995,167,0,1000
2700000,2167301,2701000,1.24625,168,0,1000
2750000,2196359,2751000,1.25253,171,0,1000
2800000,2225276,2801000,1.25872,173,0,1000
2850000,2253917,2851000,1.26491,176,0,1000
2900000,2282317,2901000,1.27108,178,0,1000
2950000,2310503,2951000,1.27721,179,0,1000
3000000,2338644,3001000,1.28322,183,0,1000
3050000,2366545,3051000,1.28922,188,0,1000
3100000,2394107,3101000,1.29526,192,0,1000
3150000,2421508,3151000,1.30126,197,0,1000
3200000,2448682,3201000,1.30723,199,0,1000
3250000,2475837,3251000,1.3130899999999999,200,0,1000
3300000,2502911,3301000,1.3188600000000001,203,0,1000
3350000,2529663,3351000,1.3246799999999999,204,0,1000
3400000,2556272,3401000,1.33045,211,0,1000
