timestep,num_nodes,num_edges,average_degree,max_degree,num_triangles,new_edges
0,1932,1000,0.517598,1,0,1000
50000,75890,51000,0.672025,6,0,1000
100000,140018,101000,0.721336,11,0,1000
150000,199904,151000,0.755363,13,0,1000
200000,256953,201000,0.7822439999999999,16,0,1000
250000,312164,251000,0.8040649999999999,20,0,1000
300000,365628,301000,0.823241,25,0,1000
350000,417624,351000,0.840469,26,0,1000
400000,468387,401000,0.85613,33,0,1000
450000,517824,451000,0.8709520000000001,35,0,1000
500000,566441,501000,0.8844700000000001,37,0,1000
550000,613934,551000,0.897491,38,0,1000
600000,660516,601000,0.9098950000000001,43,0,1000
650000,706263,651000,0.921753,45,0,1000
700000,751232,701000,0.933134,47,0,1000
750000,795602,751000,0.943939,48,0,1000
800000,839264,801000,0.954408,49,0,1000
850000,882245,851000,0.964585,51,0,1000
900000,924429,901000,0.974656,56,0,1000
950000,966017,951000,0.984455,61,0,1000
1000000,1007251,1001000,0.9937940000000001,61,0,1000
1050000,1047900,1051000,1.00296,63,0,1000
1100000,1088049,1101000,1.0119,65,0,1000
1150000,1127619,1151000,1.02073,67,0,1000
1200000,1166647,1201000,1.02945,68,0,1000
1250000,1204936,1251000,1.03823,70,0,1000
1300000,1242859,1301000,1.0467799999999998,73,0,1000
1350000,1280523,1351000,1.05504,76,0,1000
1400000,1317841,1401000,1.0631,78,0,1000
1450000,1354776,1451000,1.07103,82,0,1000
1500000,1390998,1501000,1.0790799999999998,87,0,1000
1550000,1426974,1551000,1.08692,90,0,1000
1600000,1462555,1601000,1.09466,92,0,1000
1650000,1497622,1651000,1.1024100000000001,95,0,1000
1700000,1532501,1701000,1.10995,98,0,1000
1750000,1567108,1751000,1.11734,103,0,1000
1800000,1601127,1801000,1.12483,105,0,1000
1850000,1635055,1851000,1.1320700000000001,111,0,1000
1900000,1668760,1901000,1.13917,116,0,1000
1950000,1701965,1951000,1.14632,121,0,1000
2000000,1734782,2001000,1.15346,127,0,1000
2050000,1767424,2051000,1.16045,130,0,1000
2100000,1799576,2101000,1.1675,133,0,1000
2150000,1831723,2151000,1.1743,136,0,1000
2200000,1863404,2201000,1.18117,140,0,1000
2250000,1894927,2251000,1.18791,141,0,1000
2300000,1926275,2301000,1.1945299999999999,145,0,1000
2350000,1957385,2351000,1.20109,147,0,1000
2400000,1988066,2401000,1.20771,149,0,1000
2450000,2018498,2451000,1.2142700000000002,154,0,1000
2500000,2048654,2501000,1.2208,156,0,1000
2550000,2078598,2551000,1.22727,159,0,1000
2600000,2108357,2601000,1.23366,162,0,1000
2650000,2137920,2651000,1.23999,164,0,1000
2700000,2167122,2701000,1.24635,165,0,1000
2750000,2196113,2751000,1.2526700000000002,170,0,1000
2800000,2225225,2801000,1.25875,172,0,1000
2850000,2253885,2851000,1.2649299999999999,174,0,1000
2900000,2282463,2901000,1.271,177,0,1000
2950000,2310940,2951000,1.2769700000000002,180,0,1000
3000000,2339014,3001000,1.28302,183,0,1000
3050000,2366656,3051000,1.28916,186,0,1000
3100000,2394288,3101000,1.2951700000000002,188,0,1000
3150000,2421750,3151000,1.30113,188,0,1000
3200000,2449125,3201000,1.307,191,0,1000
3250000,2476246,3251000,1.31287,198,0,1000
3300000,2503266,3301000,1.3186799999999999,200,0,1000
3350000,2529955,3351000,1.32453,204,0,1000
3400000,2556545,3401000,1.33031,209,0,1000
