timestep,num_nodes,num_edges,average_degree,max_degree,num_triangles,new_edges
0,1927,1000,0.518941,1,0,1000
50000,76008,51000,0.670982,5,0,1000
100000,139908,101000,0.721903,8,0,1000
150000,199870,151000,0.755491,10,0,1000
200000,256821,201000,0.782646,14,0,1000
250000,311826,251000,0.804936,15,0,1000
300000,365169,301000,0.824276,22,0,1000
350000,417123,351000,0.8414780000000001,26,0,1000
400000,467897,401000,0.8570260000000001,29,0,1000
450000,517516,451000,0.8714709999999999,31,0,1000
500000,565950,501000,0.885237,31,0,1000
550000,613603,551000,0.897975,37,0,1000
600000,660311,601000,0.910177,41,0,1000
650000,706104,651000,0.921961,46,0,1000
700000,751225,701000,0.9331430000000001,50,0,1000
750000,795522,751000,0.944034,53,0,1000
800000,839101,801000,0.954593,56,0,1000
850000,881980,851000,0.964874,57,0,1000
900000,924391,901000,0.9746959999999999,59,0,1000
950000,965991,951000,0.9844809999999999,62,0,1000
1000000,1006912,1001000,0.994129,66,0,1000
1050000,1047427,1051000,1.0034100000000001,69,0,1000
1100000,1087552,1101000,1.01237,73,0,1000
1150000,1126877,1151000,1.02141,74,0,1000
1200000,1166014,1201000,1.03,75,0,1000
1250000,1204523,1251000,1.03859,78,0,1000
1300000,1242313,1301000,1.04724,85,0,1000
1350000,1279907,1351000,1.05555,87,0,1000
1400000,1317042,1401000,1.06375,90,0,1000
1450000,1353783,1451000,1.07181,93,0,1000
1500000,1390205,1501000,1.0797,99,0,1000
1550000,1425950,1551000,1.0877,103,0,1000
1600000,1461462,1601000,1.09548,105,0,1000
1650000,1496683,1651000,1.10311,108,0,1000
1700000,1531644,1701000,1.11057,111,0,1000
1750000,1566322,1751000,1.11791,111,0,1000
1800000,1600597,1801000,1.12521,114,0,1000
1850000,1634631,1851000,1.13237,114,0,1000
1900000,1667974,1901000,1.13971,118,0,1000
1950000,1701224,1951000,1.1468200000000002,121,0,1000
2000000,1734229,2001000,1.15383,124,0,1000
2050000,1766959,2051000,1.16075,129,0,1000
2100000,1799400,2101000,1.16761,130,0,1000
2150000,1831461,2151000,1.1744700000000001,135,0,1000
2200000,1863146,2201000,1.18134,141,0,1000
2250000,1894880,2251000,1.18794,142,0,1000
2300000,1925956,2301000,1.1947299999999998,145,0,1000
2350000,1956824,2351000,1.20144,149,0,1000
2400000,1987583,2401000,1.208,153,0,1000
2450000,2018041,2451000,1.21454,157,0,1000
2500000,2048227,2501000,1.22106,162,0,1000
2550000,2078184,2551000,1.22751,164,0,1000
2600000,2108060,2601000,1.23384,166,0,1000
2650000,2137646,2651000,1.24015,171,0,1000
2700000,2167119,2701000,1.2463600000000001,172,0,1000
2750000,2196301,2751000,1.2525600000000001,177,0,1000
2800000,2225255,2801000,1.25873,179,0,1000
2850000,2253948,2851000,1.26489,180,0,1000
2900000,2282349,2901000,1.27106,184,0,1000
2950000,2310601,2951000,1.27716,184,0,1000
3000000,2338844,3001000,1.28311,187,0,1000
3050000,2366561,3051000,1.28921,190,0,1000
3100000,2394172,3101000,1.2952299999999999,192,0,1000
3150000,2421801,3151000,1.3011,198,0,1000
3200000,2449032,3201000,1.30705,199,0,1000
3250000,2476032,3251000,1.3129899999999999,200,0,1000
3300000,2502950,3301000,1.31884,201,0,1000
3350000,2529699,3351000,1.32466,207,0,1000
3400000,2556222,3401000,1.3304799999999999,210,0,1000
