timestep,num_nodes,num_edges,average_degree,max_degree,num_triangles,new_edges
0,1943,1000,0.514668,1,0,1000
50000,75795,51000,0.672868,6,0,1000
100000,139512,101000,0.723952,9,0,1000
150000,199272,151000,0.757758,12,0,1000
200000,256482,201000,0.7836810000000001,17,0,1000
250000,311687,251000,0.805295,23,0,1000
300000,365263,301000,0.8240639999999999,29,0,1000
350000,417292,351000,0.8411379999999999,37,0,1000
400000,467884,401000,0.85705,41,0,1000
450000,517382,451000,0.8716959999999999,41,0,1000
500000,565774,501000,0.8855129999999999,43,0,1000
550000,613355,551000,0.898338,43,0,1000
600000,659661,601000,0.9110739999999999,45,0,1000
650000,705516,651000,0.9227290000000001,52,0,1000
700000,750486,701000,0.934061,55,0,1000
750000,794908,751000,0.9447629999999999,56,0,1000
800000,838419,801000,0.95537,60,0,1000
850000,881242,851000,0.965683,63,0,1000
900000,923579,901000,0.9755530000000001,67,0,1000
950000,965067,951000,0.985424,72,0,1000
1000000,1006154,1001000,0.994878,74,0,1000
1050000,1046588,1051000,1.0042200000000001,76,0,1000
1100000,1086795,1101000,1.0130700000000001,78,0,1000
1150000,1126454,1151000,1.02179,80,0,1000
1200000,1165518,1201000,1.03044,84,0,1000
1250000,1204081,1251000,1.0389700000000002,94,0,1000
1300000,1242118,1301000,1.0474,96,0,1000
1350000,1279797,1351000,1.05564,99,0,1000
1400000,1317062,1401000,1.0637299999999998,102,0,1000
1450000,1353904,1451000,1.07172,104,0,1000
1500000,1390275,1501000,1.07964,106,0,1000
1550000,1426323,1551000,1.08741,109,0,1000
1600000,1461907,1601000,1.09514,113,0,1000
1650000,1497234,1651000,1.1027,114,0,1000
1700000,1532093,1701000,1.11025,118,0,1000
1750000,1566368,1751000,1.1178700000000001,123,0,1000
1800000,1600644,1801000,1.12517,125,0,1000
1850000,1634502,1851000,1.13246,127,0,1000
1900000,1667908,1901000,1.13975,130,0,1000
1950000,1701015,1951000,1.14696,131,0,1000
2000000,1734096,2001000,1.15392,133,0,1000
2050000,1766612,2051000,1.16098,137,0,1000
2100000,1799139,2101000,1.1677799999999998,138,0,1000
2150000,1831232,2151000,1.17462,142,0,1000
2200000,1863098,2201000,1.18137,145,0,1000
2250000,1894678,2251000,1.1880600000000001,147,0,1000
2300000,1925932,2301000,1.19475,150,0,1000
2350000,1956776,2351000,1.20147,152,0,1000
2400000,1987635,2401000,1.20797,153,0,1000
2450000,2018394,2451000,1.21433,154,0,1000
2500000,2048555,2501000,1.22086,155,0,1000
2550000,2078461,2551000,1.22735,157,0,1000
2600000,2108128,2601000,1.2338,159,0,1000
2650000,2137633,2651000,1.24016,162,0,1000
2700000,2166985,2701000,1.24643,166,0,1000
2750000,2195780,2751000,1.25286,169,0,1000
2800000,2224892,2801000,1.25894,172,0,1000
2850000,2253581,2851000,1.2651,177,0,1000
2900000,2282137,2901000,1.27118,179,0,1000
2950000,2310521,2951000,1.2772,181,0,1000
3000000,2338527,3001000,1.28329,187,0,1000
3050000,2366247,3051000,1.28938,188,0,1000
3100000,2393899,3101000,1.29538,188,0,1000
3150000,2421448,3151000,1.30129,192,0,1000
3200000,2448977,3201000,1.30708,197,0,1000
3250000,2476179,3251000,1.31291,203,0,1000
3300000,2503217,3301000,1.3187,205,0,1000
3350000,2529858,3351000,1.3245799999999999,209,0,1000
3400000,2556398,3401000,1.33039,209,0,1000
