timestep,num_nodes,num_edges,average_degree,max_degree,num_triangles,new_edges
0,1923,1000,0.520021,2,0,1000
50000,75812,51000,0.672717,5,0,1000
100000,139727,101000,0.722838,9,0,1000
150000,199579,151000,0.7565930000000001,10,0,1000
200000,256589,201000,0.783354,12,0,1000
250000,311556,251000,0.805634,15,0,1000
300000,365013,301000,0.824628,19,0,1000
350000,416761,351000,0.842209,22,0,1000
400000,467521,401000,0.857715,25,0,1000
450000,517156,451000,0.872077,28,0,1000
500000,565647,501000,0.885711,32,0,1000
550000,612943,551000,0.898942,34,0,1000
600000,659604,601000,0.9111530000000001,36,0,1000
650000,705476,651000,0.922781,37,0,1000
700000,750498,701000,0.9340459999999999,40,0,1000
750000,794835,751000,0.94485,43,0,1000
800000,838517,801000,0.9552579999999999,44,0,1000
850000,881319,851000,0.965598,48,0,1000
900000,923582,901000,0.97555,52,0,1000
950000,965139,951000,0.98535,56,0,1000
1000000,1006103,1001000,0.994928,58,0,1000
1050000,1046716,1051000,1.00409,59,0,1000
1100000,1086863,1101000,1.01301,63,0,1000
1150000,1126280,1151000,1.02195,65,0,1000
1200000,1165539,1201000,1.0304200000000001,69,0,1000
1250000,1204024,1251000,1.03902,76,0,1000
1300000,1242183,1301000,1.04735,78,0,1000
1350000,1279672,1351000,1.05574,82,0,1000
1400000,1316896,1401000,1.06387,86,0,1000
1450000,1353609,1451000,1.07195,88,0,1000
1500000,1389951,1501000,1.07989,89,0,1000
1550000,1425973,1551000,1.08768,90,0,1000
1600000,1461692,1601000,1.09531,95,0,1000
1650000,1496964,1651000,1.1029,96,0,1000
1700000,1532002,1701000,1.1103100000000001,98,0,1000
1750000,1566599,1751000,1.11771,102,0,1000
1800000,1600748,1801000,1.1251,105,0,1000
1850000,1634560,1851000,1.1324100000000001,107,0,1000
1900000,1668004,1901000,1.1396899999999999,109,0,1000
1950000,1701281,1951000,1.14678,111,0,1000
2000000,1734188,2001000,1.15385,112,0,1000
2050000,1766866,2051000,1.1608100000000001,115,0,1000
2100000,1799172,2101000,1.1677600000000001,118,0,1000
2150000,1831317,2151000,1.17456,125,0,1000
2200000,1863069,2201000,1.1813799999999999,130,0,1000
2250000,1894571,2251000,1.18813,130,0,1000
2300000,1925830,2301000,1.19481,130,0,1000
2350000,1956834,2351000,1.20143,135,0,1000
2400000,1987710,2401000,1.20792,136,0,1000
2450000,2018244,2451000,1.21442,141,0,1000
2500000,2048533,2501000,1.2208700000000001,143,0,1000
2550000,2078466,2551000,1.22735,151,0,1000
2600000,2108207,2601000,1.23375,155,0,1000
2650000,2137770,2651000,1.2400799999999998,157,0,1000
2700000,2167136,2701000,1.24635,164,0,1000
2750000,2196203,2751000,1.25262,165,0,1000
2800000,2225163,2801000,1.25878,167,0,1000
2850000,2253704,2851000,1.2650299999999999,173,0,1000
2900000,2282407,2901000,1.2710299999999999,175,0,1000
2950000,2310813,2951000,1.27704,179,0,1000
3000000,2338836,3001000,1.28312,185,0,1000
3050000,2366671,3051000,1.28915,185,0,1000
3100000,2394239,3101000,1.29519,188,0,1000
3150000,2421790,3151000,1.3011,193,0,1000
3200000,2448991,3201000,1.3070700000000002,196,0,1000
3250000,2476219,3251000,1.31289,197,0,1000
3300000,2503184,3301000,1.3187200000000001,198,0,1000
3350000,2529885,3351000,1.32457,202,0,1000
3400000,2556241,3401000,1.33047,206,0,1000
