timestep,num_nodes,num_edges,average_degree,max_degree,num_triangles,new_edges
0,1948,1000,0.513347,1,0,1000
50000,75931,51000,0.671662,6,0,1000
100000,139904,101000,0.721924,8,0,1000
150000,199625,151000,0.756418,13,0,1000
200000,256882,201000,0.78246,16,0,1000
250000,312034,251000,0.8044,17,0,1000
300000,365527,301000,0.823469,21,0,1000
350000,417393,351000,0.840934,25,0,1000
400000,468311,401000,0.8562690000000001,30,0,1000
450000,517656,451000,0.871235,35,0,1000
500000,565984,501000,0.885184,39,0,1000
550000,613423,551000,0.8982379999999999,40,0,1000
600000,660060,601000,0.910523,45,0,1000
650000,705887,651000,0.9222440000000001,45,0,1000
700000,750949,701000,0.933485,48,0,1000
750000,795093,751000,0.944544,48,0,1000
800000,838739,801000,0.9550049999999999,50,0,1000
850000,881725,851000,0.9651540000000001,54,0,1000
900000,924089,901000,0.9750139999999999,55,0,1000
950000,965872,951000,0.9846030000000001,58,0,1000
1000000,1006913,1001000,0.994128,60,0,1000
1050000,1047521,1051000,1.00332,64,0,1000
1100000,1087631,1101000,1.01229,68,0,1000
1150000,1127045,1151000,1.02125,69,0,1000
1200000,1166166,1201000,1.02987,74,0,1000
1250000,1204589,1251000,1.03853,78,0,1000
1300000,1242870,1301000,1.04677,82,0,1000
1350000,1280366,1351000,1.0551700000000002,90,0,1000
1400000,1317536,1401000,1.06335,91,0,1000
1450000,1354331,1451000,1.07138,92,0,1000
1500000,1390620,1501000,1.0793700000000002,94,0,1000
1550000,1426599,1551000,1.0872,98,0,1000
1600000,1462255,1601000,1.0948799999999999,104,0,1000
1650000,1497502,1651000,1.1025,107,0,1000
1700000,1532282,1701000,1.11011,111,0,1000
1750000,1566588,1751000,1.11772,113,0,1000
1800000,1600644,1801000,1.12517,119,0,1000
1850000,1634657,1851000,1.13235,122,0,1000
1900000,1668302,1901000,1.1394799999999998,125,0,1000
1950000,1701420,1951000,1.14669,130,0,1000
2000000,1734352,2001000,1.15375,133,0,1000
2050000,1766843,2051000,1.16083,140,0,1000
2100000,1799045,2101000,1.16784,142,0,1000
2150000,1831097,2151000,1.1747100000000001,145,0,1000
2200000,1862910,2201000,1.1814799999999999,148,0,1000
2250000,1894485,2251000,1.1881899999999999,153,0,1000
2300000,1925777,2301000,1.19484,156,0,1000
2350000,1956626,2351000,1.20156,158,0,1000
2400000,1987452,2401000,1.2080799999999998,160,0,1000
2450000,2018042,2451000,1.21454,161,0,1000
2500000,2048302,2501000,1.22101,162,0,1000
2550000,2078333,2551000,1.22743,162,0,1000
2600000,2108114,2601000,1.2338,162,0,1000
2650000,2137828,2651000,1.24004,163,0,1000
2700000,2167102,2701000,1.2463600000000001,169,0,1000
2750000,2196265,2751000,1.25258,171,0,1000
2800000,2225394,2801000,1.25865,174,0,1000
2850000,2254047,2851000,1.26484,177,0,1000
2900000,2282356,2901000,1.27105,179,0,1000
2950000,2310656,2951000,1.2771299999999999,183,0,1000
3000000,2338885,3001000,1.28309,183,0,1000
3050000,2366749,3051000,1.28911,186,0,1000
3100000,2394595,3101000,1.295,190,0,1000
3150000,2422052,3151000,1.3009600000000001,191,0,1000
3200000,2449148,3201000,1.3069899999999999,195,0,1000
3250000,2476112,3251000,1.31295,202,0,1000
3300000,2502953,3301000,1.31884,205,0,1000
3350000,2529606,3351000,1.32471,207,0,1000
3400000,2556125,3401000,1.33053,209,0,1000
