timestep,num_nodes,num_edges,average_degree,max_degree,num_triangles,new_edges
0,1943,1000,0.514668,1,0,1000
50000,76077,51000,0.670373,7,0,1000
100000,139863,101000,0.7221350000000001,10,0,1000
150000,199552,151000,0.756695,12,0,1000
200000,256653,201000,0.783159,16,0,1000
250000,311937,251000,0.80465,19,0,1000
300000,365331,301000,0.82391,23,0,1000
350000,417234,351000,0.841255,27,0,1000
400000,467877,401000,0.8570629999999999,31,0,1000
450000,517493,451000,0.871509,34,0,1000
500000,566125,501000,0.884964,37,0,1000
550000,613686,551000,0.897853,38,0,1000
600000,660371,601000,0.9100940000000001,40,0,1000
650000,706005,651000,0.92209,42,0,1000
700000,750972,701000,0.933457,43,0,1000
750000,795307,751000,0.9442889999999999,47,0,1000
800000,838698,801000,0.955052,51,0,1000
850000,881451,851000,0.965454,52,0,1000
900000,923653,901000,0.975475,54,0,1000
950000,965190,951000,0.985298,62,0,1000
1000000,1005965,1001000,0.995064,63,0,1000
1050000,1046425,1051000,1.00437,67,0,1000
1100000,1086649,1101000,1.01321,68,0,1000
1150000,1126076,1151000,1.02213,74,0,1000
1200000,1164931,1201000,1.03096,75,0,1000
1250000,1203384,1251000,1.03957,77,0,1000
1300000,1241521,1301000,1.0479100000000001,83,0,1000
1350000,1279160,1351000,1.05616,87,0,1000
1400000,1316366,1401000,1.06429,87,0,1000
1450000,1353174,1451000,1.07229,89,0,1000
1500000,1389558,1501000,1.0802,92,0,1000
1550000,1425781,1551000,1.08782,97,0,1000
1600000,1461226,1601000,1.09566,99,0,1000
1650000,1496478,1651000,1.1032600000000001,104,0,1000
1700000,1531387,1701000,1.11076,108,0,1000
1750000,1565871,1751000,1.1182299999999998,110,0,1000
1800000,1599990,1801000,1.12563,110,0,1000
1850000,1633911,1851000,1.13286,115,0,1000
1900000,1667417,1901000,1.14009,119,0,1000
1950000,1700828,1951000,1.14709,119,0,1000
2000000,1733805,2001000,1.15411,121,0,1000
2050000,1766387,2051000,1.16113,125,0,1000
2100000,1798830,2101000,1.16798,126,0,1000
2150000,1830811,2151000,1.17489,129,0,1000
2200000,1862623,2201000,1.18167,131,0,1000
2250000,1894260,2251000,1.1883299999999999,132,0,1000
2300000,1925481,2301000,1.19503,137,0,1000
2350000,1956712,2351000,1.20151,139,0,1000
2400000,1987689,2401000,1.20794,140,0,1000
2450000,2018082,2451000,1.21452,142,0,1000
2500000,2048213,2501000,1.22106,145,0,1000
2550000,2078355,2551000,1.2274100000000001,147,0,1000
2600000,2108062,2601000,1.23383,152,0,1000
2650000,2137585,2651000,1.2401799999999998,155,0,1000
2700000,2166884,2701000,1.2464899999999999,156,0,1000
2750000,2195896,2751000,1.25279,164,0,1000
2800000,2224908,2801000,1.2589299999999999,167,0,1000
2850000,2253539,2851000,1.26512,171,0,1000
2900000,2282148,2901000,1.2711700000000001,174,0,1000
2950000,2310463,2951000,1.2772299999999999,175,0,1000
3000000,2338540,3001000,1.28328,176,0,1000
3050000,2366406,3051000,1.2893,181,0,1000
3100000,2394219,3101000,1.2952,189,0,1000
3150000,2421518,3151000,1.30125,194,0,1000
3200000,2448741,3201000,1.3072,197,0,1000
3250000,2475876,3251000,1.3130700000000002,201,0,1000
3300000,2502834,3301000,1.3189,201,0,1000
3350000,2529438,3351000,1.3248,205,0,1000
3400000,2556128,3401000,1.33053,205,0,1000
