timestep,num_nodes,num_edges,average_degree,max_degree,num_triangles,new_edges
0,1200,1000,0.833333,6,0,1000
50000,52262,51000,0.975852,44,0,1000
100000,102159,101000,0.988655,58,0,1000
150000,151346,151000,0.997714,58,0,1000
200000,200139,201000,1.0043,58,0,1000
250000,247842,251000,1.01274,58,0,1000
300000,294240,301000,1.0229700000000002,58,0,1000
350000,340018,351000,1.0323,58,0,1000
400000,385148,401000,1.04116,58,0,1000
450000,429893,451000,1.0491,58,0,1000
500000,473635,501000,1.05778,58,0,1000
550000,517232,551000,1.06529,58,0,1000
600000,560507,601000,1.0722399999999999,58,0,1000
650000,603106,651000,1.07941,58,0,1000
700000,645987,701000,1.0851600000000001,58,0,1000
750000,688702,751000,1.09046,62,0,1000
800000,730412,801000,1.09664,64,0,1000
850000,768510,851000,1.10734,66,0,1000
900000,805998,901000,1.1178700000000001,66,0,1000
950000,843917,951000,1.12689,66,0,1000
1000000,881471,1001000,1.1356,66,0,1000
1050000,919035,1051000,1.1435899999999999,66,0,1000
1100000,956157,1101000,1.1514799999999998,66,0,1000
1150000,993117,1151000,1.15898,67,0,1000
1200000,1029414,1201000,1.16668,67,0,1000
1250000,1065729,1251000,1.17384,69,0,1000
1300000,1102208,1301000,1.18036,70,0,1000
1350000,1138364,1351000,1.18679,70,0,1000
1400000,1174102,1401000,1.19325,70,0,1000
1450000,1209961,1451000,1.19921,70,0,1000
1500000,1245585,1501000,1.20506,70,0,1000
1550000,1280794,1551000,1.21097,70,0,1000
1600000,1316368,1601000,1.21623,73,0,1000
1650000,1351799,1651000,1.2213399999999999,79,0,1000
1700000,1387217,1701000,1.2262,81,0,1000
1750000,1421879,1751000,1.23147,84,0,1000
1800000,1456770,1801000,1.2363,86,0,1000
1850000,1491634,1851000,1.24092,87,0,1000
1900000,1526891,1901000,1.24501,89,0,1000
1950000,1562412,1951000,1.24871,92,0,1000
2000000,1597882,2001000,1.2522799999999998,97,0,1000
2050000,1633082,2051000,1.25591,103,0,1000
2100000,1668176,2101000,1.25946,105,0,1000
2150000,1702967,2151000,1.26309,110,0,1000
2200000,1736807,2201000,1.2672700000000001,113,0,1000
2250000,1769315,2251000,1.27224,117,0,1000
2300000,1802399,2301000,1.27663,117,0,1000
2350000,1836613,2351000,1.28007,117,0,1000
2400000,1871532,2401000,1.28291,117,0,1000
2450000,1907039,2451000,1.28524,118,0,1000
2500000,1942626,2501000,1.2874299999999999,118,0,1000
2550000,1977899,2551000,1.28975,120,0,1000
2600000,2013309,2601000,1.2919,121,0,1000
2650000,2048210,2651000,1.2943,121,0,1000
2700000,2083004,2701000,1.2966799999999998,124,0,1000
2750000,2117381,2751000,1.29925,127,0,1000
2800000,2151619,2801000,1.3018100000000001,131,0,1000
2850000,2185968,2851000,1.30423,132,0,1000
2900000,2220134,2901000,1.3066799999999998,135,0,1000
2950000,2253922,2951000,1.3092700000000002,143,0,1000
3000000,2287445,3001000,1.3119399999999999,147,0,1000
3050000,2320934,3051000,1.31456,157,0,1000
3100000,2354143,3101000,1.31725,160,0,1000
3150000,2387143,3151000,1.31999,164,0,1000
3200000,2420096,3201000,1.32267,178,0,1000
3250000,2452993,3251000,1.32532,184,0,1000
3300000,2485959,3301000,1.32786,191,0,1000
3350000,2519006,3351000,1.33029,201,0,1000
3400000,2551182,3401000,1.33311,208,0,1000
