timestep,num_nodes,num_edges,average_degree,max_degree,num_triangles,new_edges
0,1867,1000,0.535619,10,0,1000
50000,73701,50948,0.69128,571,1,998
100000,134060,100785,0.75179,1098,15,996
150000,188203,150532,0.799838,1628,43,991
200000,238555,200171,0.839098,2181,125,996
250000,285685,249750,0.874215,2693,236,994
300000,330327,299233,0.905869,3218,421,987
350000,372875,348604,0.934908,3764,657,991
400000,413553,397890,0.962126,4283,1007,977
450000,452601,447077,0.9877950000000001,4739,1444,989
500000,490241,496171,1.0121,5272,2068,984
550000,526547,545165,1.03536,5770,2717,986
600000,561945,594064,1.05716,6284,3402,972
650000,596096,642867,1.07846,6762,4311,975
700000,629321,691608,1.09897,7278,5367,965
750000,661560,740262,1.11896,7836,6470,965
800000,693210,788779,1.13786,8386,7777,969
850000,724036,837146,1.15622,8871,9230,975
900000,754237,885478,1.1740000000000002,9355,10894,969
950000,783473,933711,1.19176,9880,12741,967
1000000,812001,981767,1.20907,10369,14923,965
1050000,840184,1029805,1.22569,10856,17063,961
1100000,867508,1077746,1.24235,11299,19861,959
1150000,894426,1125622,1.2584899999999999,11768,22630,948
1200000,920603,1173396,1.2746,12272,25925,949
1250000,946376,1221124,1.2903200000000001,12723,29175,958
1300000,971765,1268744,1.30561,13225,32807,937
1350000,996667,1316142,1.32054,13742,36678,939
1400000,1021180,1363544,1.3352600000000001,14234,40867,960
1450000,1044961,1410840,1.35014,14746,45122,949
1500000,1068433,1458018,1.36463,15296,49586,928
1550000,1091640,1505106,1.37876,15796,54344,944
1600000,1114740,1552252,1.39248,16300,59773,933
1650000,1137152,1599218,1.40634,16746,65159,935
1700000,1159385,1645974,1.4197,17242,70950,936
1750000,1181366,1692725,1.43285,17693,77089,920
1800000,1202798,1739299,1.44604,18178,83470,928
1850000,1223900,1785818,1.45912,18646,90350,932
1900000,1244619,1832257,1.47214,19141,98164,920
1950000,1265321,1878637,1.48471,19624,105758,941
2000000,1285427,1924960,1.49753,20111,113856,928
2050000,1305261,1971092,1.51011,20582,122723,900
2100000,1325043,2017110,1.5223,21070,131462,929
2150000,1344343,2062971,1.5345600000000001,21541,140174,922
2200000,1363620,2108843,1.5465,21993,149434,931
2250000,1382404,2154552,1.55855,22470,159183,907
2300000,1401027,2200111,1.57036,22955,169168,903
2350000,1419457,2245750,1.58212,23445,179454,913
2400000,1437599,2291077,1.59368,23867,190368,905
2450000,1455712,2336466,1.60503,24353,201432,913
2500000,1473372,2381763,1.6165399999999999,24884,213573,902
2550000,1491051,2426932,1.6276700000000002,25384,226296,907
2600000,1508703,2472058,1.6385299999999998,25851,239022,895
2650000,1525914,2516937,1.64946,26310,252182,885
2700000,1542964,2561893,1.6603700000000001,26771,265759,896
2750000,1559929,2606686,1.67103,27265,279800,885
2800000,1576515,2651342,1.68177,27733,294152,895
2850000,1592989,2695922,1.6923700000000002,28170,310052,904
2900000,1609311,2740543,1.7029299999999998,28632,325652,897
2950000,1625474,2784886,1.71328,29103,341182,889
3000000,1641584,2829207,1.7234599999999998,29546,358209,893
3050000,1657273,2873346,1.7337799999999999,29991,375044,879
3100000,1672864,2917524,1.74403,30474,392246,886
3150000,1688633,2961641,1.75387,30923,408974,868
3200000,1703866,3005587,1.7639799999999999,31378,426989,887
3250000,1719030,3049459,1.77394,31806,444744,872
3300000,1733985,3093117,1.7838200000000002,32261,464155,887
3350000,1748764,3136779,1.79371,32703,484859,884
3400000,1763373,3180342,1.8035599999999998,33195,504989,859
3450000,1778008,3223736,1.81312,33634,525876,855
3500000,1792275,3267084,1.82287,34086,547149,879
3550000,1806535,3310409,1.8324599999999998,34551,568977,870
3600000,1820807,3353684,1.8418700000000001,34998,590789,872
3650000,1834842,3396790,1.85127,35435,612264,867
3700000,1848730,3439747,1.8606,35878,636318,850
3750000,1862455,3482564,1.86988,36354,659041,861
3800000,1876109,3525328,1.87906,36748,685006,849
3850000,1889773,3568247,1.88819,37181,710398,857
3900000,1903294,3610878,1.89717,37600,737191,870
3950000,1916476,3653401,1.90631,38016,764481,832
4000000,1929521,3695782,1.9153900000000001,38447,792089,848
4050000,1942470,3738193,1.92445,38874,820987,838
4100000,1955392,3780404,1.9333200000000001,39278,848540,861
4150000,1968101,3822562,1.9422599999999999,39727,878266,841
4200000,1980768,3864615,1.95107,40152,906901,824
4250000,1993628,3906657,1.95957,40552,936545,840
4300000,2006173,3948465,1.96816,40987,965522,826
4350000,2018620,3990177,1.97669,41357,994305,825
4400000,2030966,4031901,1.98521,41792,1025065,819
4450000,2043085,4073464,1.9937799999999999,42235,1057172,832
4500000,2055331,4114929,2.00208,42646,1087672,816
4550000,2067316,4156257,2.0104599999999997,43063,1120184,835
4600000,2079233,4197589,2.0188200000000003,43524,1152313,823
4650000,2091150,4238675,2.02696,43903,1185976,806
4700000,2102961,4279892,2.03517,44296,1218843,796
4750000,2114691,4321026,2.04334,44744,1256258,808
4800000,2126197,4361848,2.0514799999999997,45155,1292867,814
4850000,2137716,4402509,2.05945,45584,1327936,817
4900000,2148891,4443086,2.0676200000000002,45982,1365849,801
4950000,2160072,4483743,2.07574,46404,1401913,814
5000000,2171283,4524117,2.0836099999999997,46825,1438476,783
5050000,2182562,4564509,2.09135,47234,1476611,811
5100000,2193656,4604801,2.0991400000000002,47686,1513828,811
5150000,2204530,4645079,2.1070599999999997,48065,1552340,821
5200000,2215588,4685130,2.11462,48455,1590008,800
5250000,2226528,4725118,2.1221900000000002,48819,1630062,799
5300000,2237157,4765066,2.12996,49193,1671417,800
5350000,2247710,4804935,2.1377,49575,1713464,778
5400000,2258468,4844646,2.1451,49953,1754900,802
5450000,2268883,4884425,2.15279,50344,1796573,823
5500000,2279392,4924016,2.16023,50751,1839371,795
5550000,2289781,4963478,2.1676599999999997,51161,1884672,778
5600000,2299965,5002868,2.17519,51557,1930906,780
5650000,2310233,5042116,2.1825099999999997,51959,1975773,787
5700000,2320472,5081343,2.1897900000000003,52351,2021325,774
5750000,2330467,5120404,2.19716,52724,2067822,771
5800000,2340421,5159311,2.20444,53106,2115789,774
5850000,2350376,5198214,2.21165,53472,2163558,777
5900000,2360207,5237009,2.21888,53872,2209865,785
5950000,2369942,5275636,2.22606,54268,2257335,753
6000000,2379560,5314302,2.23331,54645,2307807,779
6050000,2389311,5352745,2.2402900000000003,55016,2358778,758
6100000,2398751,5391192,2.2475,55378,2408327,769
6150000,2408301,5429383,2.25445,55729,2455908,786
6200000,2417731,5467568,2.26145,56098,2506948,775
6250000,2427149,5505684,2.26837,56456,2558260,750
6300000,2436458,5543580,2.27526,56830,2612892,762
6350000,2445872,5581476,2.282,57218,2666238,745
6400000,2455163,5619348,2.28879,57598,2720060,706
6450000,2464328,5657109,2.2956,57962,2771241,762
6500000,2473487,5694719,2.3023,58304,2829800,751
6550000,2482561,5732240,2.309,58675,2883106,727
6600000,2491561,5769793,2.31573,59044,2937652,751
6650000,2500458,5807001,2.3223700000000003,59402,2994279,748
6700000,2509443,5844264,2.32891,59762,3053990,719
6750000,2518349,5881663,2.3355200000000003,60121,3111733,735
6800000,2527063,5918892,2.3422,60483,3170994,737
6850000,2535715,5956028,2.3488599999999997,60807,3227696,757
6900000,2544344,5992895,2.35538,61160,3285035,721
6950000,2553021,6029801,2.36183,61526,3345441,746
7000000,2561622,6066496,2.36822,61856,3410491,722
7050000,2570050,6103119,2.37471,62189,3472205,745
7100000,2578561,6139930,2.38115,62563,3535695,758
7150000,2586889,6176337,2.38755,62883,3604669,722
7200000,2595195,6212597,2.39388,63222,3668640,721
7250000,2603455,6249012,2.40028,63564,3735995,741
7300000,2611760,6285166,2.4064900000000002,63893,3802531,728
7350000,2620079,6321279,2.41263,64209,3865366,736
7400000,2628163,6357179,2.41887,64529,3931350,745
7450000,2636194,6393130,2.4251400000000003,64882,3998122,699
7500000,2644145,6428826,2.43134,65230,4064476,715
7550000,2652113,6464395,2.43745,65586,4132684,721
7600000,2660018,6499926,2.4435599999999997,65942,4201161,706
7650000,2667762,6535442,2.44978,66289,4267584,736
7700000,2675534,6570883,2.45591,66639,4337239,704
7750000,2683183,6606080,2.46203,66961,4404982,700
7800000,2690891,6641336,2.46808,67289,4470534,709
7850000,2698596,6676427,2.47404,67620,4542814,698
7900000,2706281,6711453,2.47995,67962,4608979,688
7950000,2713718,6746348,2.48602,68303,4679168,684
8000000,2721291,6781264,2.49193,68679,4750765,709
8050000,2728942,6815997,2.4976700000000003,69027,4820138,670
8100000,2736359,6850661,2.50357,69374,4892014,698
8150000,2743722,6885215,2.50944,69737,4963100,698
8200000,2751109,6919824,2.5152900000000002,70062,5037691,694
8250000,2758426,6954125,2.52105,70406,5108767,663
8300000,2765789,6988215,2.5266599999999997,70729,5179148,693
8350000,2772971,7022378,2.5324400000000002,71033,5253791,705
8400000,2780146,7056482,2.53817,71376,5327671,688
8450000,2787220,7090358,2.54388,71741,5403824,689
8500000,2794399,7124225,2.54947,72040,5481273,690
8550000,2801435,7157949,2.5551,72342,5557080,682
8600000,2808358,7191659,2.56081,72683,5631769,661
8650000,2815397,7225166,2.5663,73009,5708055,667
8700000,2822469,7258832,2.5718,73316,5785254,684
8750000,2829369,7292346,2.57738,73610,5864235,688
8800000,2836200,7325565,2.58288,73919,5939698,665
8850000,2843010,7358769,2.5883700000000003,74206,6017241,680
8900000,2849646,7391759,2.5939200000000002,74533,6097190,675
8950000,2856455,7424777,2.5993,74820,6175528,646
9000000,2863186,7457846,2.60474,75120,6255230,665
9050000,2869917,7490790,2.6101099999999997,75445,6339403,684
9100000,2876499,7523599,2.61554,75733,6419599,674
9150000,2883144,7556192,2.62082,76014,6501234,635
9200000,2889747,7588632,2.62605,76298,6585958,657
9250000,2896202,7621035,2.63139,76617,6669480,647
9300000,2902698,7653604,2.63672,76883,6750436,661
9350000,2909151,7685834,2.64195,77158,6833184,637
9400000,2915639,7717947,2.64709,77451,6919902,648
9450000,2922019,7750128,2.65232,77752,7003433,630
9500000,2928421,7782005,2.65741,78050,7086219,631
9550000,2934605,7813791,2.66264,78327,7172824,659
9600000,2940781,7845378,2.66779,78604,7263070,626
9650000,2946935,7876952,2.67293,78905,7353006,623
9700000,2953133,7908505,2.67801,79182,7437847,635
9750000,2959259,7939920,2.68308,79461,7526547,598
9800000,2965341,7971233,2.68813,79740,7619211,601
9850000,2971421,8002522,2.6931599999999998,80036,7704227,618
9900000,2977446,8033565,2.69814,80299,7806870,633
9950000,2983378,8064756,2.70323,80584,7893270,631
10000000,2989417,8095911,2.70819,80858,7981292,623
10050000,2995360,8126825,2.71314,81128,8072211,636
10100000,3001184,8157691,2.7181599999999997,81409,8162672,647
10150000,3007146,8188286,2.7229400000000004,81688,8248587,611
10200000,3013037,8219085,2.72784,82000,8340198,613
10250000,3018846,8249535,2.7326799999999998,82252,8427769,589
10300000,3024682,8279933,2.73746,82547,8526488,584
10350000,3030462,8310412,2.74229,82819,8617378,581
10400000,3036059,8340591,2.7471799999999997,83082,8711840,586
10450000,3041645,8370585,2.75199,83326,8801493,573
10500000,3047208,8400407,2.75676,83591,8889924,580
10550000,3052720,8430510,2.7616400000000003,83840,8981128,589
10600000,3058214,8460099,2.76635,84093,9075335,569
10650000,3063640,8489611,2.77109,84349,9179293,580
10700000,3069132,8519225,2.77578,84607,9276504,582
10750000,3074694,8548635,2.78032,84852,9370026,582
10800000,3080090,8577918,2.78496,85108,9465036,570
10850000,3085421,8607137,2.78962,85354,9558498,585
10900000,3090862,8636416,2.79418,85596,9649932,570
10950000,3096282,8665714,2.79875,85829,9743207,590
11000000,3101688,8694624,2.8031900000000003,86096,9833861,579
11050000,3106981,8723680,2.80777,86344,9929787,542
11100000,3112314,8752783,2.8123099999999996,86593,10028681,585
11150000,3117536,8781392,2.81677,86828,10133951,589
11200000,3122753,8810103,2.8212599999999997,87060,10227836,566
11250000,3127891,8838808,2.8258,87270,10324010,591
11300000,3133043,8867448,2.8303,87490,10422222,567
11350000,3138244,8895905,2.83468,87767,10514432,576
11400000,3143436,8924258,2.83901,88013,10617487,572
11450000,3148552,8952401,2.84334,88224,10710860,569
11500000,3153604,8980563,2.8477099999999997,88470,10819704,572
11550000,3158633,9008534,2.85204,88733,10920650,571
11600000,3163554,9036316,2.85638,88929,11013862,540
11650000,3168490,9064360,2.86078,89189,11118456,547
11700000,3173333,9092069,2.86515,89417,11218284,544
11750000,3178295,9119870,2.86942,89640,11325325,564
11800000,3183066,9147313,2.87374,89857,11433166,535
11850000,3187892,9174741,2.878,90092,11533968,553
11900000,3192755,9202162,2.8822,90318,11637566,558
11950000,3197654,9229577,2.88636,90530,11743572,531
12000000,3202494,9256777,2.8904900000000002,90754,11848522,510
12050000,3207214,9283770,2.89465,90987,11948915,549
12100000,3212025,9310687,2.8987,91201,12057528,519
12150000,3216766,9337533,2.9027700000000003,91430,12164842,495
12200000,3221477,9364471,2.90689,91646,12272975,551
