timestep,num_nodes,num_edges,average_degree,max_degree,num_triangles,new_edges
0,1854,1000,0.539374,15,0,1000
50000,73721,50947,0.691079,493,2,997
100000,133791,100791,0.753347,1037,16,999
150000,188131,150580,0.8004,1563,51,995
200000,238534,200236,0.8394440000000001,2122,130,995
250000,285879,249837,0.873926,2654,244,988
300000,330751,299289,0.904877,3160,422,991
350000,373105,348634,0.9344129999999999,3661,687,986
400000,414079,397941,0.9610270000000001,4162,1034,990
450000,452937,447127,0.987173,4678,1468,980
500000,490573,496191,1.01145,5192,1988,980
550000,526896,545168,1.0346799999999998,5733,2585,979
600000,562181,594090,1.0567600000000001,6210,3333,978
650000,596236,642899,1.07826,6709,4155,968
700000,629653,691650,1.09846,7195,5213,971
750000,661611,740229,1.11883,7696,6469,975
800000,693076,788685,1.13795,8252,7798,967
850000,723784,836994,1.15641,8768,9237,971
900000,753878,885310,1.17434,9258,11035,971
950000,783392,933540,1.19166,9760,12910,970
1000000,811740,981670,1.2093399999999999,10257,15055,955
1050000,839584,1029655,1.2263899999999999,10720,17409,960
1100000,866869,1077633,1.2431299999999998,11234,20174,961
1150000,893824,1125520,1.25922,11742,22803,966
1200000,920104,1173302,1.27518,12231,25622,958
1250000,945751,1220960,1.291,12726,28803,939
1300000,971093,1268473,1.30623,13222,32129,961
1350000,995873,1315933,1.32139,13735,35870,947
1400000,1020028,1363298,1.33653,14190,40145,956
1450000,1044078,1410524,1.3509799999999998,14699,44605,947
1500000,1067761,1457743,1.36523,15192,49035,934
1550000,1091085,1504827,1.3792,15685,53687,935
1600000,1113934,1551778,1.39306,16194,58736,930
1650000,1136306,1598640,1.40687,16669,63857,943
1700000,1158362,1645382,1.42044,17189,69341,942
1750000,1179954,1692085,1.43403,17659,75214,929
1800000,1201479,1738724,1.44715,18131,81229,938
1850000,1222490,1785265,1.46035,18650,87967,932
1900000,1243394,1831772,1.4732,19123,94797,934
1950000,1263927,1878029,1.48587,19607,101837,931
2000000,1284398,1924209,1.49814,20083,109253,933
2050000,1304733,1970443,1.51023,20615,117257,919
2100000,1324239,2016502,1.5227600000000001,21115,125703,917
2150000,1343727,2062382,1.53482,21568,134961,925
2200000,1362862,2107988,1.54674,22043,144175,908
2250000,1382020,2153758,1.55841,22551,153487,906
2300000,1400784,2199455,1.57016,23011,162801,910
2350000,1419281,2245077,1.58184,23471,172383,904
2400000,1437603,2290650,1.59338,23970,183208,912
2450000,1455449,2336005,1.60501,24415,194137,912
2500000,1473205,2381258,1.61638,24887,205329,896
2550000,1490660,2426389,1.62773,25374,217228,903
2600000,1508187,2471449,1.6386900000000002,25863,229341,889
2650000,1525376,2516451,1.64973,26338,242125,907
2700000,1542536,2561331,1.6604700000000001,26792,255733,909
2750000,1559359,2606081,1.67125,27248,268961,904
2800000,1576076,2650736,1.68186,27675,283451,869
2850000,1592627,2695397,1.69242,28131,299001,886
2900000,1608858,2739898,1.70301,28575,313856,886
2950000,1625066,2784309,1.71335,28998,329650,899
3000000,1640982,2828613,1.72373,29478,345791,906
3050000,1656709,2872999,1.73416,29930,362802,867
3100000,1672252,2917130,1.74443,30403,379893,886
3150000,1687746,2961156,1.7545,30851,397869,873
3200000,1702973,3005113,1.76463,31287,416991,881
3250000,1718068,3048795,1.77455,31728,435076,871
3300000,1733075,3092579,1.78445,32192,454185,891
3350000,1747871,3136293,1.79435,32616,473773,884
3400000,1762488,3179809,1.8041599999999998,33087,493625,881
3450000,1777116,3223307,1.8137900000000002,33530,512986,876
3500000,1791618,3266587,1.8232599999999999,33983,533686,847
3550000,1805964,3309979,1.8328,34453,554233,853
3600000,1820178,3353104,1.84218,34883,575219,863
3650000,1834200,3396241,1.85162,35336,597773,882
3700000,1848081,3439232,1.86097,35764,620848,859
3750000,1861810,3482218,1.8703400000000001,36194,645220,847
3800000,1875495,3524999,1.8795,36593,669136,848
3850000,1889084,3567642,1.8885599999999998,37006,693073,853
3900000,1902501,3610155,1.8975799999999998,37428,717283,840
3950000,1915793,3652765,1.9066599999999998,37853,742386,847
4000000,1929026,3695232,1.9155900000000001,38290,768062,859
4050000,1942116,3737641,1.92452,38757,795656,828
4100000,1955103,3779927,1.9333599999999997,39159,821766,886
4150000,1967859,3822098,1.9422599999999999,39597,851490,838
4200000,1980568,3864270,1.9510900000000002,40027,879102,837
4250000,1993078,3906250,1.9599099999999998,40482,909071,843
4300000,2005610,3948058,1.9685099999999998,40907,937619,832
4350000,2018061,3989819,1.9770599999999998,41335,966992,824
4400000,2030437,4031598,1.98558,41761,997461,842
4450000,2042819,4073207,1.9939099999999998,42194,1030539,824
4500000,2054967,4114652,2.0023,42629,1064726,826
4550000,2067094,4156186,2.01064,43034,1096420,822
4600000,2079154,4197573,2.0188900000000003,43415,1130234,834
4650000,2090943,4238848,2.02724,43866,1166619,843
4700000,2102718,4279825,2.03538,44282,1201354,790
4750000,2114225,4320888,2.04372,44701,1233942,837
4800000,2125625,4361807,2.0520099999999997,45152,1269219,813
4850000,2137154,4402650,2.06005,45572,1304518,821
4900000,2148588,4443368,2.0680400000000003,46013,1342394,824
4950000,2159852,4483825,2.07599,46424,1378336,822
5000000,2170926,4524432,2.0841,46787,1416674,835
5050000,2182021,4564739,2.09198,47177,1453141,788
5100000,2193120,4605187,2.09983,47619,1490940,814
5150000,2204115,4645402,2.1076,48014,1530143,800
5200000,2214975,4685567,2.1154,48428,1571696,785
5250000,2225743,4725487,2.12311,48823,1611280,798
5300000,2236515,4765429,2.1307400000000003,49234,1652298,814
5350000,2247133,4805404,2.13846,49619,1694111,784
5400000,2257820,4845230,2.1459799999999998,50003,1734675,782
5450000,2268283,4884752,2.1535,50361,1777401,796
5500000,2278634,4924297,2.16107,50765,1819247,797
5550000,2289039,4963803,2.16851,51156,1861900,782
5600000,2299319,5003141,2.17592,51534,1909046,786
5650000,2309636,5042373,2.18319,51904,1951987,786
5700000,2319751,5081573,2.19057,52304,1998972,785
5750000,2329868,5120489,2.1977599999999997,52714,2043361,765
5800000,2339939,5159315,2.2048900000000002,53093,2088453,757
5850000,2349952,5198234,2.2120599999999997,53495,2136163,742
5900000,2359779,5237086,2.2193099999999997,53896,2183328,781
5950000,2369599,5275760,2.22644,54278,2228573,769
6000000,2379211,5314295,2.2336400000000003,54675,2279153,790
6050000,2388725,5352740,2.24084,55022,2326549,780
6100000,2398292,5391077,2.24788,55374,2377400,778
6150000,2408106,5429498,2.25468,55782,2428301,782
6200000,2417501,5467648,2.26169,56191,2480085,764
6250000,2426877,5505895,2.26872,56562,2529853,755
6300000,2436202,5543978,2.27566,56922,2583384,751
6350000,2445504,5581872,2.2825,57301,2634681,771
6400000,2454676,5619797,2.28943,57684,2685895,767
6450000,2463687,5657584,2.29639,58034,2738793,743
6500000,2472802,5695329,2.3031900000000003,58426,2790749,766
6550000,2481885,5732980,2.30993,58803,2850522,752
6600000,2490914,5770539,2.31664,59126,2904220,732
6650000,2499680,5807888,2.32345,59507,2959241,748
6700000,2508634,5845205,2.33003,59874,3015558,740
6750000,2517274,5882296,2.33677,60197,3077466,715
6800000,2526105,5919465,2.3433200000000003,60553,3135639,747
6850000,2534881,5956405,2.34978,60900,3192870,737
6900000,2543617,5993282,2.3562,61278,3249283,738
6950000,2552235,6030113,2.36268,61643,3310577,737
7000000,2560687,6066838,2.36922,61967,3370522,738
7050000,2569270,6103499,2.37558,62300,3435084,743
7100000,2577526,6140203,2.3822099999999997,62664,3495661,763
7150000,2585904,6176509,2.38853,62984,3553965,722
7200000,2594335,6212889,2.39479,63330,3614441,724
7250000,2602697,6248956,2.40095,63665,3674391,720
7300000,2610943,6285239,2.40727,64000,3739994,706
7350000,2619141,6321254,2.41348,64349,3805229,687
7400000,2627303,6357052,2.41961,64668,3868245,701
7450000,2635368,6392896,2.42581,65020,3933788,720
7500000,2643310,6428564,2.43201,65333,3997027,719
7550000,2651420,6464323,2.4380599999999997,65647,4058611,725
7600000,2659362,6499958,2.44418,66009,4122924,727
7650000,2667367,6535420,2.45014,66341,4188914,689
7700000,2675158,6570851,2.45625,66672,4265016,676
7750000,2682890,6606222,2.46235,67004,4334044,684
7800000,2690617,6641435,2.46837,67313,4404310,700
7850000,2698242,6676514,2.47439,67652,4478869,695
7900000,2706027,6711456,2.4801900000000003,67949,4548018,673
7950000,2713485,6746406,2.48625,68265,4620112,689
8000000,2721066,6781274,2.49214,68621,4689617,679
8050000,2728550,6816144,2.49808,68923,4761325,695
8100000,2735871,6850696,2.5040299999999998,69255,4838308,680
8150000,2743280,6885122,2.50981,69576,4909336,676
8200000,2750601,6919603,2.51567,69873,4980378,687
8250000,2757878,6954058,2.52152,70179,5052914,653
8300000,2765178,6988261,2.52724,70484,5122579,683
8350000,2772416,7022343,2.53293,70801,5195826,688
8400000,2779626,7056134,2.53852,71119,5273310,677
8450000,2786657,7090144,2.54432,71436,5348612,668
8500000,2793920,7123968,2.54981,71725,5425253,669
8550000,2801062,7157776,2.55538,72026,5501772,719
8600000,2808083,7191342,2.56094,72335,5578355,687
8650000,2814943,7224840,2.5666,72627,5653788,661
8700000,2821929,7258469,2.5721700000000003,72938,5734750,692
8750000,2828887,7291728,2.5776,73243,5813843,661
8800000,2835626,7325062,2.58323,73568,5895111,666
8850000,2842472,7358184,2.58866,73878,5975585,659
8900000,2849186,7391304,2.5941799999999997,74179,6055504,681
8950000,2855882,7424296,2.59965,74502,6140526,675
9000000,2862524,7457121,2.60509,74785,6222095,647
9050000,2868976,7489841,2.61063,75098,6299410,668
9100000,2875508,7522473,2.61605,75373,6375414,638
9150000,2882149,7554983,2.6213,75680,6454045,651
9200000,2888590,7587282,2.62664,75969,6534498,639
9250000,2895043,7619781,2.6320099999999997,76276,6618226,644
9300000,2901457,7652016,2.6373,76590,6699574,667
9350000,2907800,7684339,2.64266,76894,6783864,646
9400000,2914285,7716614,2.6478599999999997,77176,6864906,675
9450000,2920651,7748696,2.65307,77464,6950423,641
9500000,2927149,7780510,2.65805,77758,7038752,618
9550000,2933464,7812346,2.66318,78068,7128390,609
9600000,2939780,7844267,2.66832,78365,7217133,628
9650000,2945994,7875798,2.67339,78659,7303674,619
9700000,2952246,7907311,2.67841,78966,7385196,651
9750000,2958438,7938984,2.68351,79272,7471916,619
9800000,2964465,7970411,2.68865,79554,7556170,586
9850000,2970620,8001630,2.69359,79837,7645622,606
9900000,2976754,8032866,2.69853,80131,7733152,630
9950000,2982802,8063904,2.7034700000000003,80393,7832719,628
10000000,2988823,8094788,2.70835,80656,7921181,612
10050000,2994715,8125710,2.71335,80931,8018827,605
10100000,3000703,8156514,2.7182,81206,8112684,618
10150000,3006417,8187235,2.72325,81471,8210450,617
10200000,3012212,8217699,2.7281299999999997,81765,8298097,624
10250000,3018094,8248249,2.73293,82035,8409990,606
10300000,3024019,8278702,2.73765,82321,8498116,633
10350000,3029778,8308739,2.7423599999999997,82591,8590031,615
10400000,3035568,8338961,2.74708,82844,8682592,588
10450000,3041326,8369020,2.75177,83133,8775186,604
10500000,3046899,8399043,2.75659,83409,8865589,599
10550000,3052463,8429122,2.76142,83672,8959540,602
10600000,3057995,8459108,2.7662299999999997,83960,9054921,596
10650000,3063503,8488883,2.77097,84215,9153264,601
10700000,3068981,8518600,2.7757099999999997,84492,9244758,596
10750000,3074446,8548166,2.78039,84771,9343632,586
10800000,3079942,8577643,2.785,85049,9455138,585
10850000,3085355,8607054,2.78965,85282,9550373,581
10900000,3090813,8636288,2.79418,85526,9644925,570
10950000,3096220,8665570,2.7987599999999997,85817,9741724,565
11000000,3101483,8694676,2.8033900000000003,86056,9835431,567
11050000,3106794,8723470,2.80787,86310,9932674,609
11100000,3111989,8752262,2.81243,86537,10036290,589
11150000,3117225,8780839,2.81688,86771,10131770,561
11200000,3122536,8809576,2.8212900000000003,87020,10230656,579
11250000,3127853,8838357,2.8256900000000003,87291,10335362,575
11300000,3132889,8866937,2.83027,87524,10430670,572
11350000,3138029,8895340,2.83469,87763,10528517,578
11400000,3143195,8923677,2.83905,88007,10632033,577
11450000,3148237,8951770,2.84342,88264,10734166,560
11500000,3153335,8980013,2.8477799999999998,88516,10834112,559
11550000,3158384,9008019,2.8521,88768,10934465,544
11600000,3163469,9036031,2.85637,88987,11040949,580
11650000,3168565,9063905,2.86057,89226,11141791,578
11700000,3173633,9091696,2.86476,89463,11248746,558
11750000,3178482,9119319,2.86908,89688,11353163,537
11800000,3183301,9146926,2.87341,89925,11451375,551
11850000,3188219,9174516,2.87763,90142,11552503,527
11900000,3193082,9201885,2.8818200000000003,90377,11657746,546
11950000,3197844,9229177,2.88606,90586,11756946,536
12000000,3202831,9256457,2.8900900000000003,90798,11859898,560
12050000,3207616,9283721,2.89427,91026,11963380,550
12100000,3212233,9310755,2.89853,91249,12067301,533
12150000,3216870,9337536,2.90268,91447,12171339,527
12200000,3221544,9364381,2.9068,91663,12275949,551
