timestep,num_nodes,num_edges,average_degree,max_degree,num_triangles,new_edges
0,1881,1000,0.531632,7,0,1000
50000,73665,50950,0.691645,498,2,999
100000,133469,100808,0.7552909999999999,1026,17,994
150000,187923,150569,0.801227,1505,57,993
200000,238379,200233,0.8399780000000001,2061,130,995
250000,286017,249816,0.873431,2541,256,992
300000,330960,299293,0.9043180000000001,3068,432,991
350000,373585,348689,0.933359,3616,684,994
400000,414480,397993,0.9602219999999999,4135,1039,983
450000,453273,447139,0.986467,4655,1458,983
500000,491210,496277,1.01032,5147,1989,981
550000,527662,545283,1.03339,5645,2627,979
600000,562793,594204,1.0558100000000001,6167,3458,982
650000,597041,643034,1.07703,6691,4329,981
700000,630414,691716,1.09724,7202,5346,968
750000,662656,740280,1.11714,7729,6526,972
800000,694198,788796,1.1362700000000001,8196,8023,967
850000,724878,837263,1.15504,8698,9581,968
900000,754654,885576,1.17349,9210,11415,959
950000,783742,933774,1.19143,9744,13481,967
1000000,812137,981925,1.20906,10273,15612,958
1050000,839769,1030008,1.22654,10760,17955,963
1100000,866829,1077995,1.24361,11265,20596,952
1150000,893400,1125788,1.2601200000000001,11797,23314,955
1200000,919834,1173505,1.27578,12301,26378,938
1250000,945507,1221194,1.29158,12759,29925,956
1300000,970748,1268684,1.30691,13239,33517,958
1350000,995508,1316145,1.32208,13731,37330,928
1400000,1019851,1363497,1.33696,14234,41347,951
1450000,1043703,1410814,1.35174,14755,45898,943
1500000,1067264,1458039,1.36615,15269,50469,941
1550000,1090444,1505139,1.3803,15776,55461,923
1600000,1113180,1552170,1.39436,16287,60763,940
1650000,1135226,1599047,1.40857,16819,66286,938
1700000,1157438,1645891,1.42201,17308,72114,948
1750000,1179352,1692617,1.43521,17737,78164,923
1800000,1200977,1739255,1.4482,18240,85011,939
1850000,1222152,1785795,1.46119,18734,91576,925
1900000,1242842,1832154,1.4741600000000001,19248,98497,929
1950000,1263653,1878509,1.4865700000000002,19716,105454,927
2000000,1283963,1924770,1.49909,20180,113159,912
2050000,1303936,1970876,1.51148,20669,121203,924
2100000,1323525,2016926,1.5239,21172,129766,922
2150000,1342912,2062828,1.53609,21647,138208,909
2200000,1362230,2108608,1.5479100000000001,22117,147327,891
2250000,1381340,2154409,1.55965,22568,157650,909
2300000,1400046,2200089,1.57144,23037,167703,915
2350000,1418711,2245812,1.58299,23522,178471,903
2400000,1436919,2291242,1.59455,24003,188968,910
2450000,1454998,2336640,1.60594,24457,200852,907
2500000,1472856,2381966,1.61724,24957,212475,899
2550000,1490281,2427076,1.6286,25454,224638,907
2600000,1507605,2472223,1.63983,25922,237189,889
2650000,1524895,2517107,1.65068,26405,249909,912
2700000,1542029,2561929,1.6614,26853,263379,897
2750000,1558879,2606867,1.6722700000000001,27342,278874,889
2800000,1575585,2651526,1.68288,27773,293370,885
2850000,1591943,2696223,1.69367,28237,309275,895
2900000,1608307,2740753,1.70412,28707,324031,897
2950000,1624705,2785187,1.7142700000000002,29138,338877,911
3000000,1640669,2829581,1.72465,29594,354871,879
3050000,1656408,2873830,1.73498,30073,371920,873
3100000,1671985,2917993,1.7452299999999998,30484,389541,867
3150000,1687442,2962151,1.75541,30975,407395,893
3200000,1702722,3006015,1.76542,31456,426422,894
3250000,1717955,3049813,1.7752599999999998,31856,445938,868
3300000,1733038,3093506,1.78502,32313,465043,894
3350000,1748042,3137118,1.79465,32772,484345,855
3400000,1762757,3180782,1.80444,33204,505299,853
3450000,1777382,3224325,1.8140900000000002,33671,526393,851
3500000,1791756,3267610,1.8236900000000003,34103,548227,872
3550000,1806047,3310801,1.83318,34536,569236,854
3600000,1820205,3354025,1.84266,34969,591413,869
3650000,1834327,3397062,1.8519400000000001,35399,613128,850
3700000,1848327,3440109,1.8612,35849,637891,869
3750000,1861980,3483074,1.87063,36275,661517,859
3800000,1875491,3525990,1.8800400000000002,36752,685227,865
3850000,1889073,3568795,1.8891799999999999,37208,709637,865
3900000,1902558,3611539,1.89825,37610,735051,851
3950000,1915707,3654018,1.9074,38021,761407,839
4000000,1928798,3696448,1.91645,38496,787454,853
4050000,1941744,3738765,1.92547,38956,814814,848
4100000,1954824,3780885,1.93413,39393,842892,831
4150000,1967745,3823180,1.94292,39784,873496,850
4200000,1980551,3865193,1.95157,40192,902358,865
4250000,1993061,3907058,1.96033,40614,931323,835
4300000,2005490,3948872,1.9690299999999998,41060,960527,830
4350000,2018055,3990529,1.97741,41482,990721,821
4400000,2030410,4032213,1.9859099999999998,41916,1022739,837
4450000,2042653,4073806,1.99437,42360,1054333,829
4500000,2054773,4115342,2.0028200000000003,42811,1085956,835
4550000,2066782,4156866,2.01127,43266,1116904,824
4600000,2078712,4198124,2.01958,43702,1150103,816
4650000,2090592,4239261,2.02778,44108,1184284,810
4700000,2102459,4280385,2.03589,44488,1219756,824
4750000,2114106,4321441,2.0441,44926,1253926,828
4800000,2125830,4362240,2.05202,45320,1288389,814
4850000,2137308,4403077,2.0601,45668,1324883,827
4900000,2148612,4443663,2.0681599999999998,46054,1359923,800
4950000,2159850,4484466,2.07629,46464,1395724,806
5000000,2171072,4524918,2.08419,46896,1432610,844
5050000,2182225,4565365,2.09207,47280,1471443,806
5100000,2193486,4605779,2.09975,47639,1509712,828
5150000,2204601,4646007,2.10741,48067,1552221,809
5200000,2215371,4686140,2.11528,48463,1598612,796
5250000,2226259,4726165,2.12292,48840,1637399,802
5300000,2237183,4766082,2.1303900000000002,49254,1680827,804
5350000,2247909,4805966,2.13797,49636,1722491,784
5400000,2258443,4845793,2.14563,50044,1763580,769
5450000,2269024,4885502,2.15313,50453,1805502,807
5500000,2279521,4925096,2.16058,50830,1849990,783
5550000,2289962,4964518,2.16795,51191,1892417,756
5600000,2300108,5003913,2.17551,51602,1937377,808
5650000,2310391,5043160,2.18282,51992,1983771,789
5700000,2320438,5082359,2.19026,52375,2030234,790
5750000,2330529,5121634,2.1976299999999998,52785,2076261,782
5800000,2340493,5160626,2.20493,53166,2121755,797
5850000,2350501,5199619,2.2121299999999997,53563,2167733,782
5900000,2360232,5238369,2.21943,53944,2215065,791
5950000,2370049,5276997,2.22653,54329,2265806,773
6000000,2379745,5315620,2.23369,54715,2313862,763
6050000,2389268,5354199,2.24094,55097,2362060,783
6100000,2398824,5392614,2.24802,55477,2414645,786
6150000,2408598,5431001,2.25484,55810,2465638,777
6200000,2417914,5469229,2.2619599999999997,56195,2514827,760
6250000,2427225,5507285,2.26896,56526,2567275,787
6300000,2436617,5545068,2.27572,56880,2616706,728
6350000,2445750,5582931,2.28271,57242,2668747,750
6400000,2454963,5620803,2.28957,57640,2722511,756
6450000,2463998,5658494,2.2964700000000002,57978,2773876,727
6500000,2473328,5696381,2.3031200000000003,58346,2828367,766
6550000,2482253,5734046,2.31002,58730,2888158,731
6600000,2491167,5771543,2.3168,59109,2942670,765
6650000,2499950,5808852,2.3235900000000003,59494,2996256,755
6700000,2508874,5846276,2.3302400000000003,59825,3052491,755
6750000,2517769,5883552,2.33681,60215,3113384,741
6800000,2526391,5920545,2.34348,60574,3176436,739
6850000,2535176,5957644,2.34999,60917,3237110,731
6900000,2543821,5994522,2.3565,61294,3293788,735
6950000,2552399,6031276,2.36298,61638,3352860,716
7000000,2560979,6067957,2.36939,61976,3417141,737
7050000,2569424,6104500,2.37582,62345,3476309,741
7100000,2577788,6141106,2.38232,62706,3537475,731
7150000,2586133,6177637,2.38875,63049,3598826,716
7200000,2594580,6213866,2.39494,63386,3661120,714
7250000,2602856,6250055,2.40123,63749,3723017,711
7300000,2610996,6286265,2.40761,64110,3789102,743
7350000,2619111,6322139,2.41385,64455,3854042,699
7400000,2627231,6358108,2.42008,64832,3922226,708
7450000,2635354,6393862,2.42619,65182,3989646,722
7500000,2643414,6429640,2.4323200000000003,65532,4055870,716
7550000,2651351,6465355,2.43851,65885,4121822,729
7600000,2659347,6500896,2.44455,66222,4188773,706
7650000,2667259,6536342,2.45058,66551,4252973,685
7700000,2674857,6571545,2.4567799999999997,66927,4317387,686
7750000,2682703,6606820,2.46275,67226,4394296,683
7800000,2690475,6642070,2.46874,67571,4460189,730
7850000,2698248,6677255,2.4746599999999996,67905,4532579,677
7900000,2705778,6712077,2.48065,68218,4599767,692
7950000,2713390,6746925,2.48653,68534,4671387,687
8000000,2721021,6781760,2.4923599999999997,68833,4742044,672
8050000,2728601,6816575,2.49819,69149,4811460,690
8100000,2736143,6851199,2.5039599999999997,69521,4883902,706
8150000,2743436,6885837,2.5099299999999998,69865,4961715,712
8200000,2750854,6920231,2.51567,70191,5036999,724
8250000,2758147,6954523,2.52145,70537,5108779,673
8300000,2765446,6988811,2.52719,70879,5182655,678
8350000,2772721,7022847,2.53284,71182,5258017,693
8400000,2779813,7056760,2.53857,71515,5332069,680
8450000,2786877,7090689,2.54431,71802,5409671,668
8500000,2793947,7124407,2.5499400000000003,72105,5484900,664
8550000,2801007,7158019,2.55552,72415,5557904,683
8600000,2808170,7191788,2.56102,72719,5631593,664
8650000,2814924,7225254,2.56677,72987,5713398,672
8700000,2821716,7258792,2.57247,73268,5792934,646
8750000,2828577,7292123,2.57802,73579,5870178,649
8800000,2835454,7325413,2.58351,73867,5947831,679
8850000,2842320,7358658,2.5889599999999997,74167,6031008,678
8900000,2849123,7391802,2.59441,74472,6112336,664
8950000,2855724,7424706,2.59994,74761,6190855,667
9000000,2862398,7457602,2.60537,75066,6271933,674
9050000,2869031,7490515,2.61082,75345,6360298,675
9100000,2875492,7523213,2.61632,75644,6440722,661
9150000,2882120,7555774,2.6216,75934,6521643,654
9200000,2888822,7588330,2.62679,76229,6604475,643
9250000,2895225,7620730,2.63217,76525,6689409,634
9300000,2901735,7653091,2.63742,76823,6775620,667
9350000,2908240,7685509,2.64267,77122,6859554,670
9400000,2914784,7717628,2.64775,77408,6948363,659
9450000,2921122,7749681,2.65298,77701,7033126,648
9500000,2927431,7781634,2.6581799999999998,77980,7118133,625
9550000,2933805,7813626,2.66331,78280,7205837,642
9600000,2939988,7845098,2.6684099999999997,78580,7288875,617
9650000,2946168,7876551,2.67349,78847,7377549,642
9700000,2952358,7908024,2.67855,79115,7468793,620
9750000,2958398,7939382,2.68368,79379,7552883,618
9800000,2964571,7970539,2.6886,79660,7642367,646
9850000,2970671,8001815,2.69361,79917,7729720,650
9900000,2976797,8033073,2.69856,80210,7817751,631
9950000,2982776,8064235,2.7036,80496,7905960,610
10000000,2988622,8095161,2.70866,80771,7996655,628
10050000,2994562,8126115,2.71362,81023,8086898,626
10100000,3000400,8156793,2.71857,81319,8175705,616
10150000,3006294,8187587,2.72348,81552,8265193,623
10200000,3012280,8218335,2.72828,81815,8351489,619
10250000,3018077,8249036,2.7332099999999997,82108,8442418,638
10300000,3023813,8279418,2.73807,82367,8530550,623
10350000,3029545,8309668,2.74288,82631,8619825,611
10400000,3035270,8339882,2.7476599999999998,82870,8711717,603
10450000,3040882,8369885,2.75245,83120,8807225,586
10500000,3046585,8399934,2.75716,83370,8900385,601
10550000,3052242,8429882,2.76187,83603,8994847,605
10600000,3057844,8459628,2.76653,83861,9091386,574
10650000,3063569,8489381,2.77108,84126,9182544,606
10700000,3069201,8519042,2.77565,84370,9282314,603
10750000,3074632,8548617,2.78037,84642,9380180,602
10800000,3080131,8578101,2.78498,84893,9475889,612
10850000,3085577,8607354,2.78954,85149,9565581,580
10900000,3090978,8636562,2.79412,85417,9663660,603
10950000,3096389,8665795,2.79868,85693,9761675,579
11000000,3101720,8694937,2.80326,85947,9862330,547
11050000,3106987,8723934,2.80784,86184,9958425,577
11100000,3112203,8752837,2.81242,86410,10060533,604
11150000,3117474,8781664,2.81692,86661,10155905,585
11200000,3122838,8810470,2.8213,86927,10250145,562
11250000,3127878,8839155,2.82593,87185,10348576,558
11300000,3133143,8867672,2.83028,87415,10448259,579
11350000,3138374,8896116,2.8346299999999998,87681,10548499,564
11400000,3143519,8924354,2.83897,87933,10644793,566
11450000,3148508,8952572,2.84343,88157,10743812,566
11500000,3153600,8980714,2.84777,88413,10842733,541
11550000,3158736,9008808,2.85203,88638,10949734,572
11600000,3163646,9036662,2.85641,88896,11047267,558
11650000,3168653,9064447,2.8606599999999998,89146,11145608,572
11700000,3173592,9092212,2.86496,89359,11249370,547
11750000,3178459,9119699,2.86922,89602,11345795,576
11800000,3183303,9147325,2.87353,89839,11448517,557
11850000,3188160,9174719,2.87775,90066,11546645,549
11900000,3193037,9202086,2.88192,90311,11646620,554
11950000,3197865,9229167,2.88604,90521,11755383,527
12000000,3202688,9256479,2.8902200000000002,90752,11855517,520
12050000,3207439,9283641,2.8944099999999997,91000,11955736,531
12100000,3212089,9310731,2.89865,91217,12056122,552
12150000,3216793,9337655,2.90278,91458,12154680,524
12200000,3221472,9364497,2.9069,91654,12274125,541
