timestep,num_nodes,num_edges,average_degree,max_degree,num_triangles,new_edges
0,1863,1000,0.5367689999999999,15,0,1000
50000,73812,50948,0.69024,548,0,999
100000,133705,100794,0.753854,1103,17,997
150000,188218,150560,0.7999229999999999,1632,57,994
200000,238258,200208,0.840299,2160,121,993
250000,285718,249784,0.874233,2691,243,992
300000,330110,299246,0.9065040000000001,3230,403,992
350000,372970,348616,0.9347030000000001,3757,623,992
400000,413623,397867,0.961907,4309,941,985
450000,452875,447081,0.9872059999999999,4841,1333,984
500000,490546,496196,1.01152,5365,1848,981
550000,526982,545179,1.03453,5883,2469,981
600000,562325,594116,1.05653,6394,3274,975
650000,596444,642906,1.0779,6890,4186,972
700000,630041,691636,1.09776,7435,5191,977
750000,662371,740244,1.1175700000000002,7948,6404,974
800000,693534,788769,1.13732,8446,7809,965
850000,724417,837202,1.1556899999999999,8974,9310,971
900000,754527,885594,1.17371,9497,11024,964
950000,783963,933850,1.19119,9972,12914,961
1000000,812525,981992,1.2085700000000001,10460,14916,965
1050000,840390,1030100,1.22574,11003,17109,960
1100000,867550,1078113,1.24271,11521,19638,963
1150000,894272,1125957,1.25908,12010,22436,953
1200000,920357,1173691,1.27526,12506,25247,966
1250000,945887,1221309,1.29118,12993,28433,948
1300000,971291,1268945,1.30645,13535,31935,961
1350000,996214,1316411,1.32141,14029,36180,941
1400000,1020655,1363842,1.3362399999999999,14459,40061,954
1450000,1044789,1411192,1.3507,14969,44189,954
1500000,1068474,1458419,1.36496,15450,48889,931
1550000,1091532,1505500,1.37925,15956,53656,943
1600000,1114241,1552536,1.39336,16419,58769,937
1650000,1136650,1599433,1.40715,16936,64062,928
1700000,1158930,1646347,1.42058,17446,69597,944
1750000,1180776,1693067,1.4338600000000001,17909,75696,936
1800000,1202057,1739636,1.4472200000000002,18390,82248,929
1850000,1223231,1786186,1.46022,18885,89145,943
1900000,1244274,1832643,1.47286,19364,95976,931
1950000,1264592,1878866,1.48575,19836,103134,931
2000000,1284925,1925149,1.4982600000000001,20276,110726,913
2050000,1304972,1971271,1.51058,20709,118944,923
2100000,1324466,2017179,1.52301,21216,127220,909
2150000,1343951,2063191,1.5351700000000001,21728,136594,929
2200000,1362983,2108940,1.5473,22220,146376,921
2250000,1381836,2154713,1.55931,22713,156481,906
2300000,1400619,2200475,1.57107,23164,166477,909
2350000,1418840,2246070,1.58303,23641,176325,912
2400000,1437086,2291489,1.59454,24134,187057,912
2450000,1455282,2336797,1.6057299999999999,24600,198310,901
2500000,1473197,2382101,1.61696,25068,210027,914
2550000,1490627,2427215,1.62832,25509,221788,886
2600000,1507932,2472310,1.6395400000000002,25962,234141,889
2650000,1525055,2517402,1.6507,26465,247602,890
2700000,1542125,2562249,1.6615099999999998,26929,260524,885
2750000,1559106,2607037,1.6721400000000002,27440,274008,910
2800000,1575724,2651745,1.68287,27927,288042,917
2850000,1592064,2696318,1.6936,28414,302662,897
2900000,1608442,2740762,1.7039900000000001,28885,317355,907
2950000,1624819,2785238,1.71418,29322,333116,885
3000000,1640741,2829625,1.7246,29760,349774,903
3050000,1656542,2873806,1.73482,30188,366361,874
3100000,1672149,2917970,1.7450400000000001,30617,382826,859
3150000,1687370,2962010,1.7554,31102,400475,897
3200000,1702716,3006109,1.76548,31504,418094,876
3250000,1717843,3049842,1.7753900000000002,31937,437552,854
3300000,1732812,3093495,1.78525,32369,456200,889
3350000,1747592,3137109,1.7951,32793,475960,880
3400000,1762317,3180757,1.80487,33240,494933,868
3450000,1776840,3224192,1.81457,33684,516952,871
3500000,1791312,3267670,1.82418,34179,537799,864
3550000,1805743,3311000,1.83359,34596,559962,842
3600000,1820153,3354232,1.84283,35030,582652,887
3650000,1834330,3397524,1.8521900000000002,35501,604463,869
3700000,1848516,3440522,1.86123,35933,627473,851
3750000,1862342,3483324,1.8704,36363,651720,828
3800000,1876097,3526211,1.87955,36795,675546,864
3850000,1889614,3568926,1.8887099999999999,37208,700512,835
3900000,1903138,3611682,1.89775,37624,725213,844
3950000,1916286,3654344,1.9069900000000002,38042,751349,843
4000000,1929618,3696734,1.91579,38469,777129,843
4050000,1942903,3739134,1.92451,38923,803814,840
4100000,1955885,3781275,1.9332799999999999,39363,831814,856
4150000,1968801,3823254,1.94192,39791,858782,852
4200000,1981680,3865212,1.9504700000000001,40224,887733,853
4250000,1994461,3907077,1.9589599999999998,40658,917981,843
4300000,2006991,3949046,1.96765,41113,948370,845
4350000,2019368,3990881,1.9763,41569,978610,829
4400000,2031567,4032610,1.98498,41971,1008882,845
4450000,2043827,4074166,1.9934,42382,1041634,826
4500000,2055997,4115673,2.00179,42813,1072574,824
4550000,2067931,4156833,2.0101400000000003,43218,1104348,848
4600000,2079864,4198043,2.01842,43618,1138618,847
4650000,2091937,4239234,2.0264599999999997,44048,1172108,809
4700000,2103756,4280296,2.0346,44452,1205528,798
4750000,2115355,4321424,2.04288,44835,1242636,841
4800000,2126846,4362189,2.0510099999999998,45292,1279894,818
4850000,2138482,4403229,2.05904,45689,1315560,814
4900000,2149969,4444044,2.06703,46134,1352161,820
4950000,2161459,4484834,2.07491,46561,1386989,822
5000000,2172712,4525382,2.08283,46970,1422937,811
5050000,2183857,4565681,2.09065,47320,1463117,807
5100000,2194913,4606023,2.0985,47729,1500402,826
5150000,2205824,4646160,2.1063099999999997,48110,1542705,816
5200000,2216630,4686358,2.1141799999999997,48517,1581692,797
5250000,2227457,4726281,2.12183,48924,1624441,784
5300000,2238265,4766282,2.12945,49324,1666040,784
5350000,2249065,4806126,2.13694,49705,1705229,797
5400000,2259502,4845917,2.14468,50094,1746527,786
5450000,2270053,4885464,2.15214,50492,1789366,807
5500000,2280508,4925035,2.15962,50854,1831331,791
5550000,2290799,4964524,2.16716,51241,1877326,786
5600000,2300918,5003714,2.17466,51620,1923737,758
5650000,2311141,5042933,2.18201,51996,1969586,794
5700000,2321286,5082186,2.18938,52373,2013454,789
5750000,2331380,5121322,2.1966900000000003,52779,2057260,777
5800000,2341453,5160307,2.2038900000000003,53155,2102606,776
5850000,2351579,5199204,2.2109400000000003,53530,2149343,763
5900000,2361399,5237981,2.21817,53922,2194840,771
5950000,2371271,5276646,2.2252400000000003,54274,2243025,797
6000000,2381208,5315238,2.23216,54628,2295197,768
6050000,2390702,5353741,2.2394,54985,2342899,767
6100000,2400423,5392248,2.24637,55356,2393616,757
6150000,2409981,5430480,2.25333,55711,2444318,771
6200000,2419390,5468636,2.2603400000000002,56078,2494695,777
6250000,2428851,5506863,2.26727,56451,2547956,767
6300000,2438132,5544775,2.27419,56797,2603016,764
6350000,2447442,5582736,2.28105,57150,2655877,751
6400000,2456667,5620692,2.28793,57532,2708759,749
6450000,2465701,5658349,2.29482,57891,2761543,756
6500000,2474773,5696131,2.3016799999999997,58279,2822236,745
6550000,2483809,5733738,2.30845,58644,2882434,727
6600000,2492738,5771155,2.3151900000000003,59033,2940261,723
6650000,2501519,5808487,2.32198,59395,2998285,752
6700000,2510408,5845661,2.32857,59732,3053835,734
6750000,2519039,5882862,2.3353599999999997,60088,3109992,751
6800000,2527859,5919976,2.3418900000000002,60444,3168645,741
6850000,2536364,5957028,2.34865,60788,3228180,734
6900000,2544934,5993698,2.35515,61155,3284069,743
6950000,2553481,6030391,2.36164,61522,3342773,732
7000000,2561973,6067150,2.36816,61871,3406506,752
7050000,2570435,6103841,2.37463,62242,3468522,720
7100000,2578707,6140292,2.38115,62601,3529222,735
7150000,2586964,6176688,2.38762,62941,3591045,717
7200000,2595331,6213126,2.39396,63280,3653632,733
7250000,2603397,6249307,2.40044,63606,3716120,710
7300000,2611571,6285677,2.40686,63958,3780595,697
7350000,2619777,6321642,2.41305,64299,3847112,698
7400000,2627758,6357525,2.4193700000000002,64645,3912233,687
7450000,2635867,6393472,2.42557,64981,3976716,725
7500000,2643903,6429194,2.43171,65341,4045245,723
7550000,2651920,6464997,2.4378599999999997,65678,4109436,717
7600000,2659751,6500536,2.44404,66013,4179717,724
7650000,2667622,6535919,2.4500900000000003,66349,4249387,703
7700000,2675460,6571550,2.45623,66678,4320123,712
7750000,2683211,6606740,2.46225,67006,4384883,721
7800000,2690753,6641897,2.46842,67325,4460626,687
7850000,2698504,6677077,2.47436,67645,4530310,721
7900000,2706205,6712047,2.4802400000000002,67986,4597959,709
7950000,2713780,6746800,2.4861299999999997,68310,4663645,711
8000000,2721382,6781661,2.49199,68619,4737682,691
8050000,2728829,6816402,2.49792,68946,4808883,704
8100000,2736390,6851068,2.50369,69272,4879582,690
8150000,2743849,6885627,2.50948,69610,4949501,699
8200000,2751134,6920120,2.51537,69934,5021606,680
8250000,2758411,6954545,2.52121,70275,5095425,692
8300000,2765786,6988885,2.52691,70608,5171453,695
8350000,2773072,7022921,2.53254,70944,5244101,654
8400000,2780149,7057067,2.53838,71265,5325556,703
8450000,2787245,7091127,2.54413,71610,5400447,676
8500000,2794464,7124986,2.54968,71921,5474181,674
8550000,2801509,7158625,2.55527,72249,5545571,660
8600000,2808509,7192152,2.5608400000000002,72549,5620484,660
8650000,2815446,7225631,2.56642,72863,5706927,660
8700000,2822357,7258970,2.57195,73162,5783928,654
8750000,2829283,7292317,2.57744,73507,5859376,642
8800000,2836137,7325344,2.5828599999999997,73833,5940358,656
8850000,2843001,7358600,2.58832,74146,6023107,669
8900000,2849816,7391807,2.5937799999999998,74443,6100508,661
8950000,2856598,7424715,2.59915,74746,6183559,673
9000000,2863367,7457655,2.60451,75023,6265420,683
9050000,2869857,7490517,2.61007,75347,6348977,662
9100000,2876422,7523179,2.6154599999999997,75625,6428024,660
9150000,2882962,7555759,2.6208299999999998,75948,6514241,642
9200000,2889558,7588233,2.62609,76239,6596570,651
9250000,2896079,7620634,2.63136,76481,6678430,651
9300000,2902600,7652888,2.63656,76780,6765381,660
9350000,2909001,7685133,2.64185,77082,6852397,651
9400000,2915332,7717310,2.64715,77362,6942546,657
9450000,2921614,7749074,2.65233,77638,7028199,625
9500000,2927937,7780916,2.65747,77923,7110734,647
9550000,2933996,7812604,2.66279,78211,7194538,628
9600000,2940292,7844160,2.66782,78523,7281792,640
9650000,2946530,7875732,2.67288,78809,7365594,651
9700000,2952606,7907346,2.67809,79086,7450587,660
9750000,2958798,7938972,2.68317,79331,7535567,634
9800000,2964952,7970457,2.6882200000000003,79616,7621175,608
9850000,2971003,8001783,2.69329,79918,7708379,632
9900000,2976974,8032738,2.69829,80208,7797918,634
9950000,2983027,8063693,2.70319,80468,7892160,633
10000000,2989027,8094667,2.70813,80708,7979836,629
10050000,2994927,8125442,2.71307,80996,8068230,613
10100000,3000924,8156194,2.71789,81265,8160970,628
10150000,3006798,8186802,2.72276,81547,8249035,633
10200000,3012606,8217344,2.72765,81835,8339678,629
10250000,3018454,8247994,2.73252,82106,8434714,615
10300000,3024297,8278457,2.73732,82369,8527306,609
10350000,3030119,8308893,2.7421,82647,8618216,595
10400000,3035877,8339107,2.74685,82904,8715515,619
10450000,3041546,8369221,2.75163,83171,8808744,607
10500000,3047187,8399307,2.75641,83419,8902549,596
10550000,3052765,8429322,2.7612099999999997,83650,9009738,601
10600000,3058394,8459290,2.76593,83934,9106958,602
10650000,3063951,8489120,2.77064,84196,9201172,574
10700000,3069393,8518922,2.77544,84440,9295140,602
10750000,3074908,8548468,2.7800700000000003,84707,9388696,562
10800000,3080427,8577887,2.78464,84934,9487243,603
10850000,3085894,8607179,2.7892,85217,9577554,589
10900000,3091286,8636381,2.79378,85470,9670545,595
10950000,3096656,8665732,2.79842,85707,9763496,567
11000000,3102018,8694753,2.80293,85948,9857260,597
11050000,3107310,8723720,2.80748,86195,9952649,578
11100000,3112714,8752735,2.81193,86452,10046739,591
11150000,3117991,8781544,2.81641,86693,10149748,581
11200000,3123223,8810225,2.82088,86934,10247066,582
11250000,3128413,8838751,2.82531,87188,10344142,552
11300000,3133506,8867126,2.82978,87435,10440885,579
11350000,3138716,8895656,2.83417,87669,10538997,575
11400000,3143805,8924060,2.83862,87948,10645578,553
11450000,3148823,8952374,2.84309,88156,10748331,577
11500000,3153798,8980517,2.8475200000000003,88379,10847094,573
11550000,3158835,9008554,2.85186,88604,10952280,564
11600000,3163844,9036433,2.85616,88855,11046826,581
11650000,3168849,9064329,2.86045,89101,11152313,575
11700000,3173668,9091937,2.8648,89353,11249822,565
11750000,3178669,9119714,2.86904,89590,11351485,544
11800000,3183488,9147229,2.8733400000000002,89804,11449446,552
11850000,3188381,9174979,2.87763,90035,11547881,539
11900000,3193071,9202209,2.88193,90254,11643732,525
11950000,3197997,9229528,2.88603,90487,11745815,565
12000000,3202787,9256857,2.89025,90718,11851992,526
12050000,3207469,9283956,2.8944799999999997,90930,11964561,542
12100000,3212064,9310851,2.89871,91168,12070934,528
12150000,3216769,9337686,2.90282,91404,12169474,553
12200000,3221456,9364478,2.90691,91624,12271878,550
