timestep,num_nodes,num_edges,average_degree,max_degree,num_triangles,new_edges
0,1866,1000,0.535906,9,0,1000
50000,73808,50956,0.6903859999999999,516,2,1000
100000,133977,100815,0.75248,1021,16,998
150000,188259,150592,0.7999189999999999,1534,59,996
200000,238521,200244,0.8395239999999999,2084,140,993
250000,285759,249774,0.874072,2668,273,989
300000,330667,299244,0.9049709999999999,3201,448,984
350000,373285,348602,0.933876,3686,670,991
400000,414157,397873,0.9606819999999999,4240,963,987
450000,453325,447056,0.9861709999999999,4807,1350,983
500000,491184,496138,1.01009,5360,1858,980
550000,527801,545197,1.03296,5866,2526,980
600000,562918,594088,1.0553700000000001,6401,3300,974
650000,597070,642828,1.07664,6876,4166,979
700000,630210,691543,1.09732,7387,5147,969
750000,662562,740185,1.11716,7899,6506,973
800000,693987,788700,1.13648,8399,7889,970
850000,724787,837144,1.1550200000000002,8916,9380,965
900000,754583,885445,1.1734200000000001,9421,11130,963
950000,783770,933710,1.19131,9934,13137,967
1000000,812023,981851,1.2091399999999999,10439,15314,961
1050000,839787,1029912,1.2264,10933,17547,964
1100000,866986,1077779,1.2431299999999998,11396,20064,955
1150000,893621,1125680,1.25968,11877,22685,964
1200000,920024,1173455,1.27546,12362,25420,952
1250000,945934,1221152,1.29095,12900,28945,960
1300000,971294,1268692,1.30619,13440,32426,961
1350000,996217,1316244,1.32124,13965,35834,951
1400000,1020474,1363522,1.33617,14445,39712,952
1450000,1044522,1410859,1.3507200000000001,14971,43926,947
1500000,1068146,1457980,1.36496,15448,48647,954
1550000,1091262,1504970,1.37911,15985,53731,954
1600000,1114006,1552019,1.39319,16484,58866,939
1650000,1136495,1598935,1.4069,16975,64239,937
1700000,1158437,1645747,1.42066,17455,70058,937
1750000,1179996,1692441,1.43428,17909,76461,930
1800000,1201375,1739023,1.44753,18395,83018,921
1850000,1222603,1785608,1.4605,18883,89809,930
1900000,1243531,1832155,1.47335,19422,96926,929
1950000,1264137,1878455,1.48596,19880,104737,927
2000000,1284669,1924734,1.49823,20369,112725,931
2050000,1304703,1970856,1.51058,20851,120874,907
2100000,1324399,2016927,1.5229,21313,129286,924
2150000,1343924,2062840,1.53494,21779,138052,916
2200000,1363264,2108759,1.54685,22222,147233,914
2250000,1382051,2154505,1.55892,22696,157004,913
2300000,1400857,2200200,1.57061,23172,166941,918
2350000,1419512,2245764,1.58207,23640,177701,901
2400000,1437546,2291214,1.59384,24121,188984,919
2450000,1455569,2336640,1.60531,24594,201941,898
2500000,1473433,2382097,1.6167,25075,213844,900
2550000,1491052,2427244,1.6278700000000002,25565,225692,895
2600000,1508391,2472382,1.6390900000000002,26016,238963,907
2650000,1525473,2517385,1.6502299999999999,26476,251597,899
2700000,1542544,2562236,1.66105,26924,264936,897
2750000,1559329,2607031,1.67189,27402,278134,900
2800000,1575957,2651663,1.6825700000000001,27866,292910,888
2850000,1592500,2696249,1.6930900000000002,28320,309285,901
2900000,1608933,2740781,1.7034799999999999,28763,324404,877
2950000,1624992,2785127,1.71393,29252,340999,886
3000000,1641003,2829492,1.72425,29713,357351,899
3050000,1656817,2873746,1.7345,30156,376635,882
3100000,1672606,2917853,1.7445,30609,394045,888
3150000,1687886,2962007,1.7548599999999999,31081,412546,902
3200000,1703240,3006001,1.7648700000000002,31525,431974,888
3250000,1718580,3049863,1.7746400000000002,31951,451083,886
3300000,1733386,3093640,1.7847400000000002,32426,472471,873
3350000,1748275,3137375,1.79455,32858,491987,874
3400000,1762952,3181009,1.80437,33302,512064,872
3450000,1777431,3224506,1.81414,33750,532501,881
3500000,1791718,3267880,1.82388,34189,553359,863
3550000,1805975,3311208,1.8334700000000002,34602,574028,865
3600000,1820206,3354483,1.8429099999999998,35058,597049,846
3650000,1834092,3397529,1.85243,35474,620742,872
3700000,1847921,3440715,1.8619400000000002,35876,644743,879
3750000,1861726,3483749,1.87125,36338,668440,854
3800000,1875398,3526612,1.8804599999999998,36782,692647,866
3850000,1889011,3569345,1.88953,37229,717609,848
3900000,1902631,3611941,1.8983900000000002,37627,742637,858
3950000,1915757,3654459,1.9075799999999998,38017,769066,851
4000000,1928875,3696743,1.9165299999999998,38473,796010,845
4050000,1941899,3739003,1.92544,38896,822242,844
4100000,1954911,3781306,1.9342599999999999,39312,849612,850
4150000,1967890,3823468,1.9429299999999998,39752,879669,828
4200000,1980607,3865461,1.95165,40167,908359,830
4250000,1993404,3907529,1.96023,40571,937007,864
4300000,2005728,3949366,1.9690400000000001,40995,967845,838
4350000,2018137,3991181,1.9776599999999998,41401,997929,843
4400000,2030550,4033030,1.9861799999999998,41834,1028499,837
4450000,2042835,4074694,1.99463,42270,1061208,815
4500000,2054894,4116202,2.00312,42681,1092650,841
4550000,2066990,4157556,2.0114099999999997,43087,1122670,849
4600000,2078835,4198701,2.01974,43481,1153488,826
4650000,2090724,4239892,2.02795,43886,1185700,818
4700000,2102428,4281023,2.0362299999999998,44308,1218334,817
4750000,2114057,4322181,2.0445,44713,1256854,782
4800000,2125762,4362984,2.0524299999999998,45127,1291321,829
4850000,2137280,4403790,2.06046,45531,1328082,829
4900000,2148758,4444522,2.0684099999999996,45932,1363508,805
4950000,2159961,4485108,2.07648,46336,1400004,823
5000000,2171123,4525789,2.08454,46721,1438193,798
5050000,2182093,4566186,2.0925700000000003,47124,1475201,802
5100000,2193211,4606454,2.10032,47526,1515158,801
5150000,2204302,4646686,2.1080099999999997,47927,1552611,785
5200000,2215259,4686811,2.1156900000000003,48308,1594869,800
5250000,2226086,4726871,2.1234,48705,1635316,806
5300000,2236916,4766808,2.13097,49136,1675535,803
5350000,2247582,4806611,2.13857,49542,1719528,768
5400000,2258274,4846349,2.14604,49939,1764064,792
5450000,2268634,4885942,2.15369,50342,1808798,793
5500000,2279124,4925439,2.16111,50720,1855995,794
5550000,2289521,4964780,2.1684799999999997,51098,1899553,786
5600000,2299721,5004311,2.17605,51498,1944450,768
5650000,2309884,5043701,2.1835299999999997,51916,1990434,799
5700000,2320017,5082737,2.19082,52288,2035970,781
5750000,2329925,5121790,2.19826,52684,2083867,779
5800000,2339877,5160781,2.20558,53027,2130713,778
5850000,2349745,5199735,2.2128900000000002,53457,2177529,808
5900000,2359694,5238424,2.21996,53838,2228516,767
5950000,2369425,5276979,2.2271099999999997,54196,2274293,758
6000000,2379290,5315627,2.23412,54583,2320222,807
6050000,2388929,5354157,2.2412400000000003,54949,2368131,790
6100000,2398516,5392588,2.2483,55345,2420489,770
6150000,2408163,5430861,2.2551900000000002,55734,2470716,756
6200000,2417614,5469182,2.26222,56059,2522588,781
6250000,2427135,5507184,2.2690099999999997,56445,2573993,761
6300000,2436471,5545335,2.27597,56827,2625349,747
6350000,2445691,5583227,2.28288,57201,2680477,750
6400000,2454790,5621037,2.28982,57547,2734502,729
6450000,2464018,5658855,2.2966,57918,2790767,769
6500000,2473055,5696581,2.30346,58290,2845824,731
6550000,2482125,5734080,2.31015,58641,2899829,763
6600000,2491060,5771642,2.31694,59010,2957107,752
6650000,2500002,5809033,2.32361,59370,3013160,730
6700000,2508855,5846221,2.33023,59723,3068470,734
6750000,2517661,5883533,2.3369,60072,3128778,733
6800000,2526379,5920630,2.3435200000000003,60438,3186057,732
6850000,2535164,5957635,2.35,60778,3243666,742
6900000,2543768,5994487,2.3565400000000003,61130,3303467,735
6950000,2552242,6031090,2.36306,61518,3360059,746
7000000,2560793,6067718,2.36947,61875,3419712,725
7050000,2569137,6104290,2.37601,62238,3479647,727
7100000,2577689,6140817,2.3823,62587,3540571,736
7150000,2586123,6177308,2.38864,62957,3602109,723
7200000,2594434,6213532,2.39495,63280,3661610,708
7250000,2602626,6249794,2.4013400000000003,63641,3723727,724
7300000,2610818,6286034,2.40769,63992,3786778,746
7350000,2619059,6322099,2.41388,64329,3852786,740
7400000,2627183,6358204,2.4201599999999996,64679,3918245,724
7450000,2635267,6394015,2.42633,65064,3982789,718
7500000,2643253,6429815,2.43254,65406,4048893,717
7550000,2651129,6465552,2.43879,65741,4111773,709
7600000,2659123,6501055,2.44481,66082,4178868,710
7650000,2666931,6536396,2.45091,66429,4250280,718
7700000,2674777,6571716,2.45692,66768,4317557,704
7750000,2682690,6607091,2.46286,67116,4386169,720
7800000,2690486,6642279,2.4688,67463,4453884,665
7850000,2698183,6677145,2.4746799999999998,67814,4526310,666
7900000,2705707,6712210,2.48076,68127,4596591,674
7950000,2713324,6747032,2.48663,68451,4665968,695
8000000,2720737,6781736,2.49261,68770,4737167,710
8050000,2728319,6816534,2.49844,69111,4805888,701
8100000,2735762,6851219,2.50432,69440,4876256,672
8150000,2743253,6885732,2.5100599999999997,69777,4948705,684
8200000,2750580,6920160,2.51589,70094,5024355,677
8250000,2758034,6954541,2.52156,70432,5093895,697
8300000,2765236,6988923,2.52742,70729,5169868,707
8350000,2772384,7022925,2.53317,71052,5242073,676
8400000,2779711,7056966,2.53874,71354,5318311,662
8450000,2786952,7090917,2.54433,71677,5391682,677
8500000,2793916,7124741,2.55009,72012,5467550,706
8550000,2800841,7158452,2.55582,72331,5546021,662
8600000,2807892,7192012,2.5613599999999996,72647,5618812,684
8650000,2814887,7225584,2.56692,72959,5698031,679
8700000,2821917,7259094,2.5724,73264,5775490,686
8750000,2828832,7292634,2.57797,73571,5856679,662
8800000,2835611,7325940,2.58355,73860,5932749,663
8850000,2842512,7358983,2.5889,74178,6017087,678
8900000,2849245,7392064,2.59439,74464,6093809,638
8950000,2855983,7425181,2.59987,74797,6175913,638
9000000,2862672,7458070,2.60528,75112,6258734,639
9050000,2869246,7490693,2.61068,75413,6346003,637
9100000,2875902,7523558,2.61607,75728,6427178,645
9150000,2882496,7556144,2.6213900000000003,76046,6508488,648
9200000,2889115,7588827,2.6267,76313,6590917,652
9250000,2895691,7621170,2.6319,76636,6676942,644
9300000,2902195,7653425,2.63712,76914,6759893,654
9350000,2908677,7685492,2.64226,77197,6843896,634
9400000,2914966,7717697,2.64761,77459,6931982,648
9450000,2921402,7749814,2.6527700000000003,77746,7020243,631
9500000,2927803,7781709,2.65787,78066,7107016,632
9550000,2934132,7813556,2.66299,78345,7196983,634
9600000,2940366,7845156,2.6680900000000003,78622,7284051,624
9650000,2946572,7876924,2.67325,78891,7370242,617
9700000,2952753,7908455,2.67833,79156,7470233,620
9750000,2958941,7940076,2.68342,79432,7562174,642
9800000,2965005,7971547,2.68854,79720,7649574,632
9850000,2971117,8002846,2.69355,80017,7737685,603
9900000,2977248,8034039,2.69848,80298,7827890,617
9950000,2983263,8064938,2.70339,80559,7921134,612
10000000,2989146,8095793,2.7084,80841,8015820,610
10050000,2994990,8126628,2.7134099999999997,81088,8103077,600
10100000,3000870,8157466,2.71837,81357,8191211,604
10150000,3006685,8188023,2.72327,81623,8283366,581
10200000,3012485,8218563,2.72817,81886,8370358,615
10250000,3018315,8249115,2.7330200000000002,82164,8458549,595
10300000,3024063,8279510,2.73788,82429,8549520,634
10350000,3029824,8309915,2.7427099999999998,82697,8638210,608
10400000,3035536,8340226,2.74753,82957,8731363,591
10450000,3041282,8370331,2.75224,83241,8826231,605
10500000,3046792,8400222,2.75707,83510,8927954,598
10550000,3052362,8430188,2.76186,83763,9020523,562
10600000,3057842,8459874,2.76662,84025,9116643,578
10650000,3063472,8489724,2.77128,84297,9219551,581
10700000,3069020,8519389,2.77593,84572,9313258,597
10750000,3074441,8548896,2.78063,84803,9405641,592
10800000,3079882,8578376,2.7852900000000003,85067,9499109,596
10850000,3085372,8607587,2.7898099999999997,85319,9591702,567
10900000,3091029,8637048,2.7942299999999998,85574,9684598,595
10950000,3096337,8666266,2.79888,85835,9781284,581
11000000,3101530,8695096,2.80349,86059,9874824,564
11050000,3106816,8724072,2.80804,86318,9969228,569
11100000,3112185,8752932,2.8124700000000002,86552,10064002,589
11150000,3117488,8781757,2.8169299999999997,86799,10162559,584
11200000,3122625,8810355,2.8214599999999996,87056,10263281,592
11250000,3127789,8838849,2.82591,87290,10360382,552
11300000,3133051,8867470,2.8303,87549,10458135,569
11350000,3138227,8895810,2.83466,87777,10557017,559
11400000,3143451,8924079,2.83894,88016,10652978,554
11450000,3148463,8952335,2.8434,88249,10749963,563
11500000,3153502,8980332,2.84773,88494,10855165,561
11550000,3158471,9008290,2.8521,88739,10959161,567
11600000,3163450,9036060,2.85639,88964,11056299,556
11650000,3168386,9063935,2.8607400000000003,89201,11155741,557
11700000,3173330,9091545,2.86499,89420,11255143,561
11750000,3178320,9119282,2.86921,89644,11354422,553
11800000,3183252,9146865,2.87343,89864,11457568,544
11850000,3188183,9174239,2.87758,90109,11563894,562
11900000,3192937,9201651,2.8818799999999998,90330,11666805,566
11950000,3197708,9229127,2.88617,90570,11766240,542
12000000,3202618,9256520,2.8903,90777,11864513,555
12050000,3207333,9283639,2.8945,91006,11967820,510
12100000,3212177,9310582,2.89853,91219,12071737,540
12150000,3216905,9337441,2.90262,91433,12171258,515
12200000,3221512,9364398,2.90683,91660,12279744,549
