timestep,num_nodes,num_edges,average_degree,max_degree,num_triangles,new_edges
0,1861,1000,0.537346,11,0,1000
50000,73602,50958,0.692345,542,2,997
100000,133874,100814,0.753051,1075,21,992
150000,188177,150589,0.8002520000000001,1629,62,992
200000,238291,200217,0.8402209999999999,2184,146,990
250000,285413,249783,0.8751629999999999,2715,275,992
300000,330051,299233,0.9066270000000001,3228,446,987
350000,372892,348621,0.934911,3792,734,979
400000,413673,397885,0.961835,4315,1083,985
450000,452950,447012,0.9868899999999999,4799,1493,984
500000,490657,496068,1.0110299999999999,5332,2016,980
550000,527068,545010,1.03404,5873,2685,976
600000,562604,593916,1.05566,6406,3424,977
650000,596969,642724,1.07665,6932,4338,977
700000,630199,691450,1.0971899999999999,7455,5374,973
750000,662414,740060,1.11722,7942,6660,953
800000,693768,788525,1.13658,8442,8017,976
850000,724668,836991,1.155,8926,9521,966
900000,754616,885358,1.17326,9432,11140,973
950000,783782,933599,1.19115,9905,13196,967
1000000,812158,981721,1.20878,10397,15490,949
1050000,840233,1029772,1.22558,10896,17781,958
1100000,867635,1077738,1.24216,11389,20336,956
1150000,894396,1125610,1.25851,11880,23088,952
1200000,920720,1173341,1.27437,12380,26258,936
1250000,946460,1221051,1.2901200000000002,12877,29561,951
1300000,971535,1268644,1.3058100000000001,13401,33299,954
1350000,996305,1316084,1.3209600000000001,13911,37287,943
1400000,1020598,1363515,1.3359999999999999,14406,41355,949
1450000,1044936,1410895,1.35022,14911,45857,949
1500000,1068505,1458036,1.36456,15393,50378,938
1550000,1091660,1505023,1.37866,15875,55378,938
1600000,1114128,1551967,1.39299,16369,60960,934
1650000,1136747,1598765,1.40644,16855,66449,928
1700000,1158731,1645608,1.42018,17323,72235,935
1750000,1180538,1692414,1.4336,17790,78421,935
1800000,1201999,1739028,1.44678,18276,84878,937
1850000,1223364,1785544,1.45954,18764,91459,926
1900000,1244250,1831930,1.47232,19234,98326,940
1950000,1264723,1878209,1.48508,19709,106278,931
2000000,1284900,1924395,1.4977,20198,113999,927
2050000,1304882,1970552,1.51014,20675,122658,922
2100000,1324820,2016617,1.5221799999999999,21148,131252,926
2150000,1344096,2062506,1.53449,21654,139836,910
2200000,1363211,2108378,1.54663,22117,149284,908
2250000,1382162,2154125,1.5585200000000001,22594,159027,917
2300000,1401019,2199758,1.5701100000000001,23047,170077,910
2350000,1419653,2245313,1.58159,23521,180420,900
2400000,1438208,2290795,1.59281,23937,192032,891
2450000,1456098,2336013,1.6043,24421,203722,884
2500000,1473864,2381229,1.61564,24884,215561,913
2550000,1491521,2426425,1.62681,25379,227104,906
2600000,1508851,2471517,1.63801,25826,239635,919
2650000,1525934,2516461,1.64913,26288,252392,901
2700000,1542943,2561350,1.6600400000000002,26760,266546,887
2750000,1559555,2606078,1.67104,27216,280787,891
2800000,1576309,2650925,1.68173,27670,295116,890
2850000,1592614,2695656,1.6926,28128,310119,878
2900000,1609103,2740252,1.70297,28581,324866,887
2950000,1625216,2784795,1.7134900000000002,29042,341040,889
3000000,1641263,2829121,1.72375,29508,357548,892
3050000,1656799,2873200,1.7341900000000001,29994,374387,885
3100000,1672013,2917346,1.7448099999999998,30434,392772,885
3150000,1687452,2961388,1.75495,30903,409925,873
3200000,1702782,3005414,1.765,31389,427803,883
3250000,1718047,3049316,1.7748700000000002,31835,446919,882
3300000,1733054,3093116,1.78478,32266,466399,862
3350000,1747866,3136714,1.7946,32694,486319,867
3400000,1762515,3180270,1.8043900000000002,33140,506299,882
3450000,1777237,3223744,1.81391,33581,526754,885
3500000,1791592,3267174,1.82361,34044,547258,856
3550000,1805948,3310471,1.83309,34483,567927,866
3600000,1820276,3353726,1.84243,34944,590712,879
3650000,1834405,3396764,1.8517,35428,613905,868
3700000,1848186,3439815,1.8611799999999998,35890,639188,852
3750000,1861984,3482761,1.8704599999999998,36346,662567,865
3800000,1875749,3525461,1.8795,36775,687957,866
3850000,1889222,3568271,1.88875,37193,715654,832
3900000,1902484,3610944,1.89802,37646,743966,853
3950000,1916008,3653481,1.9068200000000002,38048,770461,849
4000000,1929246,3695959,1.91575,38474,795417,853
4050000,1942305,3738251,1.92465,38878,822857,868
4100000,1955179,3780486,1.9335799999999999,39306,851775,845
4150000,1968045,3822614,1.9423400000000002,39737,880171,842
4200000,1980615,3864559,1.9511900000000002,40164,909025,848
4250000,1993355,3906503,1.95976,40616,938177,854
4300000,2005947,3948316,1.9683099999999998,41044,969327,827
4350000,2018413,3990212,1.97691,41479,999354,810
4400000,2030819,4031935,1.98537,41863,1030160,826
4450000,2042847,4073478,1.9940200000000001,42266,1061965,851
4500000,2054964,4114978,2.0024599999999997,42677,1095949,824
4550000,2066867,4156391,2.01096,43094,1132548,833
4600000,2078803,4197618,2.01925,43498,1166407,819
4650000,2090687,4238801,2.02747,43917,1199933,839
4700000,2102460,4279975,2.0357,44338,1234547,819
4750000,2114066,4320958,2.04391,44726,1269409,810
4800000,2125584,4361813,2.05205,45180,1304438,838
4850000,2136970,4402527,2.0601700000000003,45543,1338131,802
4900000,2148409,4443229,2.06815,45967,1374917,805
4950000,2159956,4483901,2.07592,46383,1410505,825
5000000,2171219,4524298,2.08376,46802,1446735,815
5050000,2182269,4564593,2.09167,47204,1486092,800
5100000,2193409,4604941,2.09944,47594,1525274,819
5150000,2204471,4645139,2.1071400000000002,48016,1564769,799
5200000,2215398,4685585,2.11501,48403,1604931,799
5250000,2226221,4725802,2.12279,48800,1644967,809
5300000,2236938,4765767,2.13049,49176,1684213,809
5350000,2247540,4805618,2.13817,49560,1725520,823
5400000,2257975,4845399,2.1459,49959,1770328,812
5450000,2268394,4885058,2.15353,50339,1813005,794
5500000,2278897,4924639,2.1609700000000003,50746,1856788,787
5550000,2289207,4964017,2.1684400000000004,51163,1900748,800
5600000,2299377,5003403,2.17598,51593,1946984,796
5650000,2309587,5042741,2.1834,51989,1992817,789
5700000,2320007,5081909,2.19047,52396,2037620,776
5750000,2330049,5120821,2.19773,52762,2084794,783
5800000,2339990,5159724,2.20502,53141,2130650,790
5850000,2350059,5198725,2.21217,53497,2176336,787
5900000,2360013,5237454,2.21925,53857,2224594,769
5950000,2369964,5276261,2.2263,54226,2274222,773
6000000,2379675,5314850,2.2334400000000003,54579,2321611,768
6050000,2389464,5353311,2.24038,54944,2372261,773
6100000,2399216,5391851,2.2473400000000003,55328,2421270,758
6150000,2408839,5430268,2.25431,55680,2472497,765
6200000,2418205,5468644,2.26145,56029,2526730,771
6250000,2427692,5506803,2.2683299999999997,56416,2582091,731
6300000,2437066,5544775,2.2751799999999998,56770,2634246,759
6350000,2446195,5582666,2.28218,57128,2689114,761
6400000,2455404,5620518,2.28904,57518,2742939,768
6450000,2464514,5658168,2.29586,57860,2800499,738
6500000,2473475,5695817,2.3027599999999997,58219,2854418,756
6550000,2482513,5733436,2.30953,58621,2909743,742
6600000,2491518,5770954,2.31624,58973,2961762,751
6650000,2500464,5808464,2.32295,59337,3017232,774
6700000,2509469,5845853,2.32952,59695,3075211,740
6750000,2518238,5882953,2.3361400000000003,60090,3131214,745
6800000,2526855,5919939,2.34281,60423,3187552,740
6850000,2535571,5957017,2.34938,60782,3245780,756
6900000,2544266,5993944,2.35586,61120,3304747,742
6950000,2552850,6030853,2.3624,61455,3363675,724
7000000,2561271,6067468,2.3689299999999998,61814,3426490,741
7050000,2569644,6104151,2.37549,62158,3486265,743
7100000,2578097,6140794,2.38191,62483,3549401,746
7150000,2586399,6177268,2.38837,62884,3608012,706
7200000,2594888,6213622,2.39456,63214,3672922,734
7250000,2602980,6249676,2.40097,63534,3736994,701
7300000,2611256,6285746,2.4071700000000003,63908,3799794,714
7350000,2619280,6321666,2.41351,64292,3863435,714
7400000,2627281,6357453,2.41978,64672,3926562,711
7450000,2635343,6393360,2.4260099999999998,65002,3993471,696
7500000,2643513,6429365,2.43213,65347,4058112,733
7550000,2651415,6465023,2.43833,65689,4122713,725
7600000,2659291,6500482,2.44444,65981,4187535,739
7650000,2667099,6535891,2.45056,66325,4257023,708
7700000,2674832,6571199,2.45668,66651,4323548,697
7750000,2682612,6606382,2.46267,66971,4388279,693
7800000,2690261,6641457,2.4687,67345,4455041,709
7850000,2697872,6676576,2.47476,67693,4523290,706
7900000,2705406,6711504,2.4807799999999998,68029,4592345,678
7950000,2713102,6746326,2.48657,68360,4663552,684
8000000,2720683,6781188,2.49246,68679,4733835,677
8050000,2728189,6815620,2.49822,68991,4803590,675
8100000,2735645,6850496,2.5041599999999997,69326,4880787,699
8150000,2742964,6884920,2.51003,69656,4950001,682
8200000,2750389,6919380,2.51578,69975,5018830,688
8250000,2757687,6953657,2.52155,70270,5089117,685
8300000,2765137,6987829,2.52712,70570,5163242,678
8350000,2772441,7022148,2.53284,70904,5236162,682
8400000,2779575,7056273,2.53862,71224,5313927,665
8450000,2786694,7090075,2.54426,71532,5389743,688
8500000,2793767,7123896,2.54992,71861,5461738,674
8550000,2800877,7157657,2.55551,72175,5540654,690
8600000,2807920,7191348,2.56109,72474,5615785,669
8650000,2814876,7224867,2.5666700000000002,72795,5693799,703
8700000,2821750,7258316,2.57227,73101,5770788,685
8750000,2828578,7291802,2.5779,73392,5850780,675
8800000,2835535,7325364,2.5834200000000003,73714,5929688,678
8850000,2842292,7358622,2.58897,73995,6007201,671
8900000,2849099,7391788,2.59443,74289,6092615,661
8950000,2855964,7424822,2.59976,74607,6171966,665
9000000,2862777,7457861,2.60511,74911,6254026,638
9050000,2869535,7490785,2.61045,75224,6335382,663
9100000,2876087,7523536,2.6158900000000003,75528,6419733,648
9150000,2882596,7555938,2.6212299999999997,75814,6511967,630
9200000,2889194,7588473,2.6265,76108,6594822,643
9250000,2895759,7620879,2.63174,76404,6676496,652
9300000,2902181,7653203,2.63705,76679,6761473,626
9350000,2908568,7685461,2.64235,76996,6849070,651
9400000,2914965,7717636,2.64759,77266,6933070,636
9450000,2921220,7749719,2.6529,77553,7025236,663
9500000,2927552,7781646,2.65807,77817,7109534,649
9550000,2933974,7813585,2.6631400000000003,78105,7200032,646
9600000,2940166,7845252,2.6683,78407,7285604,613
9650000,2946369,7876842,2.67341,78715,7368001,628
9700000,2952515,7908566,2.6785900000000002,78982,7457773,637
9750000,2958619,7939978,2.68368,79238,7546342,640
9800000,2964758,7971342,2.6887,79530,7650053,666
9850000,2970728,8002491,2.69378,79811,7743149,604
9900000,2976806,8033789,2.6987900000000002,80089,7829968,612
9950000,2982861,8064773,2.7037,80387,7915644,617
10000000,2988855,8095702,2.70863,80681,8000023,622
10050000,2994776,8126678,2.71362,80934,8091173,595
10100000,3000739,8157466,2.71849,81216,8180188,608
10150000,3006476,8187894,2.72342,81498,8267447,604
10200000,3012401,8218490,2.72822,81771,8350509,605
10250000,3018206,8248820,2.7330200000000002,82058,8441974,601
10300000,3023934,8279210,2.73789,82321,8535126,612
10350000,3029669,8309607,2.74274,82580,8628701,605
10400000,3035430,8339809,2.74749,82833,8720480,584
10450000,3041221,8370116,2.75222,83071,8810098,601
10500000,3046891,8400091,2.75694,83341,8901966,601
10550000,3052408,8430002,2.76175,83601,8990762,600
10600000,3058013,8459874,2.76646,83875,9084615,619
10650000,3063657,8489655,2.77109,84126,9181354,606
10700000,3069179,8519334,2.77577,84383,9272771,590
10750000,3074654,8549009,2.78048,84668,9369235,598
10800000,3080151,8578533,2.7851,84928,9461525,577
10850000,3085541,8607881,2.78975,85197,9557027,558
10900000,3090874,8637185,2.79442,85449,9654485,588
10950000,3096214,8666173,2.7989599999999997,85716,9754264,594
11000000,3101562,8695133,2.80347,85954,9846379,583
11050000,3106874,8724240,2.80804,86202,9941070,567
11100000,3112202,8752928,2.81245,86452,10037741,563
11150000,3117445,8781648,2.81694,86700,10138428,607
11200000,3122762,8810444,2.82136,86928,10244037,575
11250000,3127963,8838862,2.82576,87179,10342240,555
11300000,3133086,8867326,2.83022,87420,10448093,590
11350000,3138290,8895804,2.8346,87660,10547644,560
11400000,3143356,8924146,2.83905,87886,10656389,580
11450000,3148551,8952484,2.84337,88107,10755913,550
11500000,3153699,8980702,2.84767,88336,10853547,569
11550000,3158689,9008745,2.85205,88598,10958488,550
11600000,3163703,9036609,2.8563400000000003,88828,11062240,579
11650000,3168585,9064487,2.8607400000000003,89070,11162052,571
11700000,3173426,9092034,2.86505,89307,11258809,553
11750000,3178358,9119622,2.8692900000000003,89536,11357809,570
11800000,3183335,9147336,2.87351,89777,11458350,585
11850000,3188246,9174875,2.87772,90038,11566510,544
11900000,3193085,9202145,2.8819,90268,11664332,564
11950000,3197850,9229463,2.88615,90514,11767118,538
12000000,3202628,9256754,2.89036,90730,11869429,524
12050000,3207442,9283947,2.8945,90957,11973112,557
12100000,3212084,9310975,2.89873,91196,12072644,544
12150000,3216864,9337752,2.90275,91421,12172564,541
12200000,3221489,9364549,2.9069,91650,12276930,537
