timestep,num_nodes,num_edges,average_degree,max_degree,num_triangles,new_edges
0,1867,1000,0.535619,11,0,1000
50000,73647,50950,0.691814,558,3,997
100000,133820,100803,0.753273,1058,15,995
150000,188163,150577,0.800248,1557,53,997
200000,238200,200225,0.840575,2071,127,993
250000,285391,249808,0.875318,2586,258,989
300000,330235,299321,0.906388,3131,434,992
350000,372657,348679,0.935657,3625,713,990
400000,413221,397927,0.962988,4170,1017,985
450000,452422,447185,0.988425,4674,1406,981
500000,490067,496311,1.01274,5184,1946,979
550000,526562,545336,1.03565,5735,2564,963
600000,562010,594237,1.05734,6252,3359,979
650000,596153,643047,1.07866,6768,4250,971
700000,629500,691821,1.099,7299,5275,977
750000,661625,740455,1.11915,7828,6463,965
800000,692996,789063,1.13863,8314,7803,971
850000,723811,837499,1.15707,8809,9297,963
900000,753673,885819,1.17534,9296,11000,968
950000,782986,934082,1.19297,9813,12921,963
1000000,811391,982222,1.21054,10318,14994,949
1050000,839428,1030285,1.22737,10860,17289,962
1100000,866814,1078190,1.24385,11363,19808,946
1150000,893413,1126041,1.2603799999999998,11900,22864,957
1200000,919733,1173775,1.27621,12405,25839,957
1250000,945618,1221455,1.2917,12935,29045,947
1300000,971106,1269075,1.30683,13400,32486,955
1350000,995926,1316591,1.32198,13910,36138,961
1400000,1020328,1364035,1.33686,14425,40284,946
1450000,1044369,1411331,1.3513700000000002,14932,44327,944
1500000,1068098,1458425,1.36544,15467,48889,947
1550000,1091463,1505518,1.3793600000000001,15958,53686,942
1600000,1114228,1552550,1.39339,16466,58666,923
1650000,1136781,1599452,1.4069999999999998,16939,64121,942
1700000,1158678,1646291,1.4208399999999999,17430,69634,933
1750000,1180584,1692942,1.4339899999999999,17908,75759,932
1800000,1202084,1739470,1.44705,18342,81809,922
1850000,1223045,1785975,1.4602700000000002,18819,88671,918
1900000,1243874,1832405,1.47314,19326,95408,937
1950000,1264246,1878647,1.4859799999999999,19817,103173,939
2000000,1284562,1924930,1.49851,20271,110489,926
2050000,1304447,1971063,1.5110299999999999,20724,118844,941
2100000,1324210,2017207,1.5233299999999999,21223,127251,922
2150000,1343657,2063168,1.53549,21688,136137,899
2200000,1362761,2109046,1.5476299999999998,22126,145510,918
2250000,1381717,2154817,1.55952,22617,154985,918
2300000,1400580,2200449,1.5711,23098,165518,917
2350000,1418759,2245817,1.58294,23567,175242,913
2400000,1436890,2291301,1.59463,24034,186190,906
2450000,1455020,2336665,1.6059299999999999,24505,197285,909
2500000,1472981,2381910,1.61707,24966,209117,902
2550000,1490674,2427051,1.62816,25446,221163,905
2600000,1508120,2472174,1.6392400000000003,25901,233019,914
2650000,1525563,2517146,1.64998,26363,245482,886
2700000,1542558,2561990,1.66087,26804,258544,902
2750000,1559413,2606829,1.67167,27263,272688,880
2800000,1576179,2651557,1.6822700000000002,27772,287310,907
2850000,1592659,2696138,1.69285,28262,302629,877
2900000,1609044,2740682,1.7033,28690,317910,876
2950000,1625323,2785187,1.7136200000000001,29130,333337,890
3000000,1641128,2829551,1.72415,29593,349985,893
3050000,1656993,2873779,1.73433,30060,365974,896
3100000,1672685,2917830,1.7444,30557,382290,889
3150000,1688017,2961882,1.75465,31003,400515,858
3200000,1703306,3005759,1.76466,31443,418282,885
3250000,1718493,3049532,1.7745400000000002,31862,437207,877
3300000,1733441,3093239,1.78445,32295,456682,866
3350000,1748294,3136792,1.7942,32747,476487,879
3400000,1762862,3180298,1.80405,33187,496651,878
3450000,1777547,3223812,1.8136299999999999,33575,517536,860
3500000,1791850,3267260,1.8234,34005,539482,873
3550000,1806177,3310487,1.83287,34434,561988,868
3600000,1820309,3353647,1.84235,34894,583400,859
3650000,1834210,3396802,1.85192,35307,605821,863
3700000,1848372,3439809,1.8609900000000001,35702,628771,868
3750000,1862184,3482623,1.87018,36129,652057,881
3800000,1875652,3525426,1.87957,36552,675992,860
3850000,1889174,3568018,1.88867,36953,700869,861
3900000,1902633,3610554,1.89766,37370,725106,866
3950000,1915941,3653059,1.90667,37793,750020,838
4000000,1929017,3695466,1.91572,38242,774769,851
4050000,1942131,3737755,1.9245599999999998,38705,801238,837
4100000,1955240,3779937,1.93323,39122,827720,830
4150000,1968057,3822074,1.94205,39586,855618,840
4200000,1980946,3864301,1.9507400000000001,40024,884077,831
4250000,1993526,3906275,1.9594799999999999,40439,913596,838
4300000,2006030,3948140,1.9681400000000002,40855,942824,846
4350000,2018550,3989849,1.97659,41226,974189,858
4400000,2030916,4031523,1.98508,41618,1005406,823
4450000,2043070,4072967,1.99355,42050,1035622,826
4500000,2055175,4114343,2.0019400000000003,42483,1066662,823
4550000,2067355,4155822,2.01021,42874,1100725,825
4600000,2079264,4197045,2.01852,43279,1132945,801
4650000,2091108,4238142,2.02674,43702,1166029,807
4700000,2102759,4279359,2.03512,44143,1199641,841
4750000,2114512,4320479,2.04325,44540,1233994,831
4800000,2126068,4361420,2.0514,44907,1269620,818
4850000,2137818,4402155,2.05918,45308,1305136,819
4900000,2149162,4442884,2.0672599999999997,45722,1340761,817
4950000,2160567,4483556,2.07518,46122,1376971,813
5000000,2171852,4524053,2.08304,46540,1413823,788
5050000,2183039,4564451,2.0908700000000002,46920,1453438,808
5100000,2194128,4604867,2.09872,47326,1495432,807
5150000,2205146,4645279,2.10656,47686,1535184,819
5200000,2215981,4685458,2.11439,48053,1574313,783
5250000,2226725,4725605,2.12222,48439,1615087,787
5300000,2237462,4765561,2.1299,48865,1657507,807
5350000,2247893,4805351,2.1377099999999998,49262,1700753,803
5400000,2258441,4845029,2.1453,49694,1741421,776
5450000,2269044,4884796,2.1528,50096,1786861,766
5500000,2279575,4924326,2.16019,50459,1829582,774
5550000,2289825,4963758,2.16775,50837,1873350,796
5600000,2300112,5003207,2.1752,51225,1916994,782
5650000,2310245,5042451,2.18265,51610,1962405,774
5700000,2320290,5081845,2.19018,51996,2008597,755
5750000,2330387,5120884,2.1974400000000003,52374,2055636,778
5800000,2340351,5159781,2.2047,52755,2103459,793
5850000,2350304,5198709,2.2119299999999997,53169,2148094,768
5900000,2360195,5237526,2.2191099999999997,53569,2194354,779
5950000,2369913,5276259,2.22635,53928,2241049,766
6000000,2379487,5314672,2.23354,54319,2293332,760
6050000,2389043,5353208,2.24073,54675,2340410,771
6100000,2398733,5391789,2.24777,55014,2390344,763
6150000,2408357,5430133,2.2547,55394,2439496,765
6200000,2417796,5468349,2.26171,55782,2497372,759
6250000,2427189,5506430,2.26864,56144,2551536,759
6300000,2436434,5544387,2.27562,56538,2601449,752
6350000,2445648,5582254,2.28253,56929,2653692,747
6400000,2454938,5620115,2.28931,57272,2706837,756
6450000,2464086,5657997,2.29618,57650,2761054,772
6500000,2473126,5695793,2.30307,57979,2816794,752
6550000,2482356,5733504,2.3097,58324,2868559,738
6600000,2491349,5771116,2.3164599999999997,58656,2924904,750
6650000,2500316,5808460,2.32309,59021,2980761,738
6700000,2509241,5845773,2.3297,59413,3036450,755
6750000,2518077,5882957,2.33629,59751,3092446,756
6800000,2526807,5920103,2.34292,60147,3148379,742
6850000,2535491,5957016,2.34945,60480,3206765,752
6900000,2544132,5993822,2.3559400000000004,60837,3263969,717
6950000,2552623,6030671,2.36254,61169,3325024,740
7000000,2561117,6067290,2.369,61546,3394239,714
7050000,2569597,6104055,2.37549,61932,3454229,739
7100000,2578018,6140632,2.38192,62266,3511563,735
7150000,2586270,6176960,2.38837,62622,3577226,727
7200000,2594523,6213181,2.39473,62942,3636685,737
7250000,2602819,6249297,2.40097,63270,3698654,708
7300000,2610942,6285366,2.40732,63634,3760426,703
7350000,2619031,6321396,2.41364,63976,3824302,728
7400000,2627058,6357393,2.41997,64328,3890224,746
7450000,2635232,6393155,2.42603,64692,3957751,700
7500000,2643265,6428879,2.43217,65043,4020649,728
7550000,2651150,6464469,2.43836,65364,4085709,724
7600000,2658970,6499994,2.44455,65713,4152728,712
7650000,2666811,6535344,2.4506200000000002,66063,4221846,723
7700000,2674590,6570696,2.4567099999999997,66399,4292451,700
7750000,2682274,6605929,2.4628099999999997,66713,4363565,697
7800000,2689988,6640953,2.46877,67077,4429529,692
7850000,2697559,6676169,2.4748900000000003,67434,4501029,706
7900000,2705149,6711268,2.4809200000000002,67799,4566704,703
7950000,2712936,6746163,2.48667,68102,4634018,715
8000000,2720402,6781009,2.49265,68419,4706778,702
8050000,2727907,6815610,2.49848,68765,4781059,697
8100000,2735318,6850330,2.5044,69064,4853207,694
8150000,2742636,6884693,2.51025,69376,4928321,668
8200000,2750056,6919083,2.51598,69684,5000453,668
8250000,2757509,6953462,2.52165,70027,5071329,680
8300000,2764864,6987718,2.52733,70383,5143264,680
8350000,2772095,7021939,2.53308,70688,5215311,679
8400000,2779270,7055747,2.53871,71000,5286889,686
8450000,2786461,7089558,2.54429,71355,5363229,665
8500000,2793463,7123441,2.55004,71649,5436895,684
8550000,2800368,7157143,2.55579,71978,5512329,674
8600000,2807545,7190914,2.56128,72321,5590624,667
8650000,2814505,7224445,2.5668599999999997,72673,5669244,665
8700000,2821649,7257993,2.57225,72967,5745065,661
8750000,2828504,7291375,2.57782,73256,5826629,690
8800000,2835470,7324732,2.58325,73562,5904062,686
8850000,2842247,7357999,2.5888,73875,5983879,666
8900000,2849097,7391359,2.59428,74196,6063156,653
8950000,2855852,7424248,2.5996599999999996,74509,6143844,648
9000000,2862506,7457120,2.6051,74796,6231372,671
9050000,2869261,7489962,2.61042,75100,6318652,653
9100000,2875962,7522761,2.61574,75387,6405564,666
9150000,2882512,7555332,2.62109,75686,6488787,643
9200000,2889064,7587767,2.6263799999999997,75982,6571558,651
9250000,2895714,7619970,2.6314599999999997,76274,6657578,627
9300000,2902115,7652474,2.63686,76571,6742915,647
9350000,2908487,7684619,2.64214,76877,6822875,638
9400000,2914820,7716715,2.64741,77185,6910726,622
9450000,2921190,7748768,2.6526099999999997,77500,6990264,646
9500000,2927329,7780759,2.65797,77784,7085255,618
9550000,2933695,7812498,2.66302,78077,7170964,657
9600000,2939900,7844242,2.6682,78346,7255458,634
9650000,2946131,7875982,2.67333,78644,7340780,624
9700000,2952350,7907645,2.67842,78893,7434076,621
9750000,2958527,7939017,2.68344,79169,7518702,622
9800000,2964598,7970338,2.68851,79466,7608971,644
9850000,2970644,8001611,2.6935599999999997,79738,7694552,610
9900000,2976624,8032713,2.6986,80042,7789953,619
9950000,2982743,8063731,2.7034599999999998,80291,7877794,596
10000000,2988695,8094917,2.70851,80570,7968649,614
10050000,2994686,8125698,2.7133700000000003,80835,8055226,630
10100000,3000568,8156565,2.71834,81134,8142676,612
10150000,3006502,8187292,2.7232,81412,8233994,628
10200000,3012545,8217964,2.72791,81682,8324376,603
10250000,3018349,8248312,2.73272,81964,8421862,602
10300000,3024100,8278750,2.73759,82243,8515617,594
10350000,3029841,8309049,2.7424,82516,8609746,591
10400000,3035605,8339355,2.7471799999999997,82786,8702161,639
10450000,3041148,8369460,2.7520700000000002,83050,8794246,590
10500000,3046788,8399477,2.75683,83317,8886635,595
10550000,3052417,8429399,2.76155,83589,8974943,581
10600000,3057890,8459127,2.76633,83854,9067981,588
10650000,3063503,8488715,2.7709200000000003,84147,9163709,595
10700000,3068947,8518230,2.77562,84395,9264312,579
10750000,3074505,8547808,2.78022,84661,9357218,621
10800000,3080015,8577353,2.78484,84910,9454605,563
10850000,3085538,8606897,2.78943,85173,9558935,601
10900000,3090826,8636214,2.79414,85424,9655201,606
10950000,3096283,8665423,2.79865,85706,9751546,585
11000000,3101620,8694595,2.80324,85995,9845824,576
11050000,3106931,8723632,2.8078,86241,9940339,582
11100000,3112207,8752433,2.81229,86502,10035105,555
11150000,3117470,8781188,2.81677,86748,10133472,588
11200000,3122657,8809870,2.82127,86981,10231738,573
11250000,3127811,8838406,2.82575,87229,10330390,586
11300000,3133141,8867021,2.83007,87477,10431358,564
11350000,3138271,8895486,2.83452,87716,10528975,563
11400000,3143363,8924022,2.839,87970,10626054,561
11450000,3148472,8952314,2.84338,88214,10730040,516
11500000,3153486,8980552,2.84782,88472,10828634,558
11550000,3158695,9008709,2.85204,88720,10932170,584
11600000,3163691,9036904,2.85644,88968,11037500,560
11650000,3168651,9064538,2.86069,89188,11155023,550
11700000,3173625,9092315,2.86496,89398,11252218,538
11750000,3178540,9120010,2.86924,89635,11350734,561
11800000,3183372,9147493,2.87352,89835,11452221,544
11850000,3188324,9175097,2.87772,90061,11558304,545
11900000,3193172,9202273,2.8818599999999996,90321,11657217,523
11950000,3197861,9229521,2.88615,90545,11764752,536
12000000,3202626,9256572,2.89031,90766,11864356,524
12050000,3207309,9283757,2.89456,90990,11966656,534
12100000,3212043,9310806,2.89872,91201,12067328,553
12150000,3216742,9337611,2.90282,91432,12165684,545
12200000,3221425,9364459,2.90693,91665,12278786,554
