timestep,num_nodes,num_edges,average_degree,max_degree,num_triangles,new_edges
0,1854,1000,0.539374,15,0,1000
50000,73543,50944,0.69271,585,0,998
100000,133925,100804,0.75269,1067,9,993
150000,188199,150579,0.8001050000000001,1579,46,995
200000,238508,200230,0.839511,2103,118,991
250000,285839,249761,0.873782,2642,244,983
300000,330668,299231,0.9049290000000001,3147,447,981
350000,373374,348578,0.9335889999999999,3656,706,985
400000,414275,397876,0.960415,4196,1051,985
450000,453477,447048,0.985823,4736,1465,982
500000,491115,496129,1.01021,5255,2043,983
550000,527606,545112,1.03318,5767,2699,977
600000,562886,593996,1.0552700000000002,6236,3413,978
650000,597103,642757,1.07646,6738,4237,977
700000,630346,691494,1.09701,7288,5209,978
750000,662855,740135,1.11659,7793,6281,976
800000,694147,788628,1.13611,8290,7618,963
850000,724915,837064,1.1547100000000001,8796,9104,964
900000,754852,885427,1.17298,9334,10648,955
950000,784159,933713,1.19072,9812,12467,964
1000000,812878,981872,1.2079,10350,14376,956
1050000,841107,1029901,1.22446,10866,16681,957
1100000,868617,1077903,1.24094,11343,19399,956
1150000,895437,1125749,1.25721,11857,22105,949
1200000,921796,1173577,1.27314,12358,24903,959
1250000,947518,1221188,1.28883,12857,27899,949
1300000,972621,1268720,1.30443,13351,31272,941
1350000,997356,1316152,1.31964,13804,34857,960
1400000,1021831,1363623,1.33449,14287,38822,949
1450000,1045750,1410777,1.34906,14766,42945,943
1500000,1069519,1457950,1.3631799999999998,15280,48030,943
1550000,1092735,1505112,1.3773799999999998,15730,52913,949
1600000,1115497,1552121,1.39142,16193,58194,945
1650000,1137694,1599074,1.40554,16711,63599,933
1700000,1159685,1645839,1.41921,17201,68982,927
1750000,1181256,1692523,1.43282,17713,74930,929
1800000,1202687,1739210,1.4461,18234,81431,909
1850000,1223673,1785745,1.45933,18733,88181,930
1900000,1244691,1832197,1.47201,19241,95377,925
1950000,1265251,1878523,1.4847,19698,102924,922
2000000,1285424,1924741,1.49736,20199,110603,935
2050000,1305375,1970760,1.50973,20702,119236,921
2100000,1324967,2016822,1.52217,21167,128324,903
2150000,1344656,2062798,1.53407,21644,137026,915
2200000,1363842,2108681,1.54613,22116,146439,921
2250000,1382763,2154465,1.55809,22595,156404,920
2300000,1401502,2200180,1.56987,23074,166416,916
2350000,1420046,2245706,1.58143,23543,176665,919
2400000,1438348,2291192,1.59293,23972,187853,915
2450000,1456286,2336549,1.60446,24448,199147,894
2500000,1474003,2381748,1.61584,24890,210489,897
2550000,1491450,2426762,1.6271200000000001,25368,222194,903
2600000,1508747,2471874,1.63836,25818,235041,898
2650000,1525995,2516869,1.64933,26308,248860,895
2700000,1542742,2561671,1.6604700000000001,26797,262826,890
2750000,1559669,2606596,1.67125,27275,276424,909
2800000,1576209,2651227,1.68203,27735,290476,874
2850000,1592532,2695795,1.69277,28165,305259,871
2900000,1609016,2740415,1.7031599999999998,28623,319834,889
2950000,1625160,2784950,1.71365,29095,335499,883
3000000,1641105,2829379,1.72407,29557,351103,886
3050000,1656972,2873532,1.7342099999999998,30037,366764,878
3100000,1672568,2917677,1.74443,30483,383608,873
3150000,1688115,2961778,1.75449,30977,401532,881
3200000,1703448,3005699,1.7644799999999998,31408,418897,890
3250000,1718552,3049640,1.7745400000000002,31864,437381,889
3300000,1733482,3093451,1.78453,32307,455770,877
3350000,1748194,3137124,1.7944900000000001,32764,474766,883
3400000,1762725,3180598,1.80436,33244,494770,868
3450000,1777365,3223938,1.8138900000000002,33693,515138,866
3500000,1791805,3267330,1.82349,34145,536802,857
3550000,1805894,3310634,1.8332400000000002,34612,557949,866
3600000,1820211,3353938,1.8426099999999999,35040,580439,847
3650000,1834135,3396966,1.85208,35462,602467,849
3700000,1848076,3440006,1.8614,35919,627237,857
3750000,1861853,3482974,1.8707,36367,651013,872
3800000,1875664,3525657,1.87968,36829,677616,858
3850000,1889147,3568405,1.8889,37292,702344,855
3900000,1902557,3611025,1.89799,37689,726594,843
3950000,1915897,3653553,1.90697,38122,752521,877
4000000,1929062,3695943,1.91593,38536,778368,850
4050000,1942164,3738212,1.92477,38947,805125,842
4100000,1955104,3780345,1.9335799999999999,39372,834476,826
4150000,1968126,3822512,1.9422099999999998,39795,864584,835
4200000,1980826,3864538,1.95097,40218,893066,836
4250000,1993378,3906451,1.9597099999999998,40660,922203,828
4300000,2005883,3948225,1.96832,41056,952693,831
4350000,2018385,3989985,1.97682,41513,981225,831
4400000,2030821,4031689,1.98525,41918,1013443,821
4450000,2043017,4073299,1.99377,42321,1045887,824
4500000,2055279,4114888,2.00211,42742,1076973,825
4550000,2067464,4156344,2.01036,43132,1108402,833
4600000,2079190,4197697,2.01891,43559,1139589,794
4650000,2091033,4238935,2.0272,44005,1175248,800
4700000,2102490,4279940,2.03565,44396,1209609,841
4750000,2114181,4320857,2.04375,44823,1246264,791
4800000,2125742,4361764,2.05188,45208,1282142,823
4850000,2137230,4402606,2.05996,45631,1316204,822
4900000,2148611,4443387,2.06803,46081,1353069,803
4950000,2159932,4483882,2.07594,46492,1388884,821
5000000,2171188,4524424,2.08385,46913,1426761,803
5050000,2182402,4564769,2.09163,47320,1468261,808
5100000,2193403,4604939,2.09945,47671,1506093,814
5150000,2204087,4645226,2.10755,48054,1544112,784
5200000,2215005,4685471,2.1153299999999997,48444,1587436,803
5250000,2225774,4725584,2.12312,48855,1628500,785
5300000,2236511,4765514,2.13078,49257,1670652,793
5350000,2247362,4805303,2.1382,49634,1712367,797
5400000,2257844,4845018,2.14586,50027,1756577,797
5450000,2268219,4884785,2.15358,50435,1800528,815
5500000,2278650,4924353,2.16108,50860,1843030,811
5550000,2289002,4963836,2.16856,51266,1884764,813
5600000,2299380,5003229,2.1759,51656,1927217,783
5650000,2309573,5042601,2.18335,52037,1973122,798
5700000,2319616,5081856,2.19082,52440,2020714,794
5750000,2329526,5120866,2.19824,52782,2070581,772
5800000,2339509,5159873,2.20554,53174,2119762,801
5850000,2349453,5198718,2.21274,53588,2164703,789
5900000,2359210,5237389,2.21998,53930,2210375,748
5950000,2368944,5276149,2.22722,54309,2257788,783
6000000,2378728,5314779,2.23429,54672,2307435,789
6050000,2388436,5353267,2.24133,55018,2356476,781
6100000,2398176,5391818,2.2483,55395,2407097,798
6150000,2407568,5430232,2.25548,55772,2460598,761
6200000,2417048,5468557,2.26249,56165,2513950,767
6250000,2426579,5506586,2.2692799999999997,56537,2563503,754
6300000,2435857,5544598,2.27624,56911,2616052,742
6350000,2445129,5582666,2.2831799999999998,57294,2670707,775
6400000,2454374,5620635,2.29005,57642,2727852,774
6450000,2463543,5658339,2.29683,58004,2783895,748
6500000,2472520,5696010,2.30373,58361,2837920,742
6550000,2481423,5733782,2.31068,58753,2894439,738
6600000,2490426,5771235,2.31737,59156,2948634,754
6650000,2499233,5808489,2.3241099999999997,59502,3006733,730
6700000,2508212,5845823,2.33067,59853,3066396,728
6750000,2516991,5883154,2.33738,60211,3126378,747
6800000,2525775,5920227,2.3439200000000002,60569,3181898,753
6850000,2534604,5957368,2.3504099999999997,60903,3239102,732
6900000,2543266,5994366,2.35696,61274,3297360,744
6950000,2551915,6031117,2.36337,61615,3355085,747
7000000,2560363,6067648,2.36984,62020,3416603,713
7050000,2568904,6104207,2.3761900000000002,62373,3476017,756
7100000,2577297,6140717,2.38262,62731,3538934,711
7150000,2585594,6177148,2.3890599999999997,63096,3601415,712
7200000,2593915,6213494,2.39541,63409,3662587,724
7250000,2602189,6249611,2.40167,63749,3724218,699
7300000,2610381,6285655,2.40795,64115,3791327,766
7350000,2618571,6321623,2.41415,64469,3856147,711
7400000,2626716,6357348,2.42026,64819,3922072,691
7450000,2634743,6393077,2.42645,65176,3985094,706
7500000,2642869,6428984,2.4325799999999997,65516,4049054,685
7550000,2650904,6464743,2.4386900000000002,65856,4115333,745
7600000,2658810,6500236,2.4447900000000002,66151,4182895,707
7650000,2666594,6535680,2.45095,66500,4251059,691
7700000,2674396,6570937,2.4569799999999997,66806,4322594,714
7750000,2682137,6606275,2.46306,67144,4388870,716
7800000,2689813,6641485,2.46913,67473,4457241,705
7850000,2697349,6676520,2.47522,67795,4532120,704
7900000,2705025,6711495,2.48112,68129,4599958,706
7950000,2712751,6746461,2.48694,68457,4667196,681
8000000,2720273,6781279,2.49287,68788,4734922,706
8050000,2727721,6815897,2.49875,69136,4808078,695
8100000,2735302,6850483,2.50447,69436,4880267,669
8150000,2742771,6885360,2.51037,69767,4953716,683
8200000,2750167,6919812,2.51614,70082,5025807,683
8250000,2757734,6954168,2.5217,70377,5102285,705
8300000,2765060,6988352,2.52738,70667,5175608,699
8350000,2772366,7022606,2.53307,70990,5250142,681
8400000,2779574,7056824,2.53881,71297,5327018,675
8450000,2786594,7090822,2.54462,71594,5405484,678
8500000,2793756,7124552,2.55017,71876,5480096,665
8550000,2800858,7158232,2.55573,72205,5560511,658
8600000,2807833,7191859,2.5613599999999996,72504,5641911,694
8650000,2814928,7225407,2.56682,72790,5718013,693
8700000,2821974,7258820,2.57225,73114,5794847,680
8750000,2828890,7292185,2.57775,73411,5874363,659
8800000,2835765,7325408,2.5832200000000003,73732,5952584,641
8850000,2842580,7358697,2.58874,74034,6031252,653
8900000,2849322,7391671,2.59419,74355,6115021,657
8950000,2856105,7424762,2.5996099999999998,74676,6195614,657
9000000,2862777,7457697,2.60506,74994,6277219,637
9050000,2869533,7490588,2.61039,75283,6357136,625
9100000,2876275,7523299,2.61564,75591,6441647,644
9150000,2882874,7555988,2.62099,75896,6523362,663
9200000,2889385,7588354,2.62629,76207,6608220,682
9250000,2896103,7620809,2.6314,76487,6690087,650
9300000,2902639,7653119,2.6366099999999997,76749,6773860,634
9350000,2909168,7685324,2.6417599999999997,77036,6857866,648
9400000,2915765,7717539,2.64683,77333,6951719,635
9450000,2922189,7749707,2.6520200000000003,77610,7033323,635
9500000,2928588,7781870,2.65721,77873,7124120,642
9550000,2934895,7813814,2.6623799999999997,78156,7206839,634
9600000,2941080,7845544,2.66757,78424,7293699,626
9650000,2947300,7877353,2.67274,78723,7378154,667
9700000,2953474,7909046,2.67788,79017,7468563,621
9750000,2959690,7940405,2.68285,79260,7555812,611
9800000,2965847,7971942,2.68791,79601,7643588,643
9850000,2971867,8002919,2.6928900000000002,79876,7730429,657
9900000,2977893,8034124,2.69792,80182,7817230,637
9950000,2983841,8065236,2.70297,80467,7908412,595
10000000,2989839,8096108,2.70787,80766,7997439,617
10050000,2995712,8126919,2.71285,81046,8084741,630
10100000,3001637,8157576,2.71771,81308,8169248,590
10150000,3007540,8188450,2.72264,81561,8267528,609
10200000,3013306,8219026,2.72758,81836,8358391,600
10250000,3018925,8249491,2.73259,82122,8445215,605
10300000,3024692,8279814,2.7374099999999997,82398,8535565,593
10350000,3030348,8310089,2.74229,82673,8626788,618
10400000,3035997,8340148,2.74709,82910,8716148,601
10450000,3041613,8370096,2.7518599999999998,83180,8811456,547
10500000,3047299,8399990,2.75654,83436,8903600,609
10550000,3052965,8430077,2.7612799999999997,83677,9004886,616
10600000,3058462,8459672,2.76599,83925,9098110,593
10650000,3063991,8489316,2.77067,84175,9197259,601
10700000,3069405,8518963,2.77544,84412,9287921,574
10750000,3074774,8548538,2.78022,84694,9387196,571
10800000,3080219,8578102,2.7849,84929,9482710,594
10850000,3085570,8607427,2.78957,85200,9583514,589
10900000,3091028,8636841,2.7941599999999998,85463,9676711,584
10950000,3096405,8666056,2.79875,85728,9772389,549
11000000,3101658,8695241,2.80342,85976,9870056,599
11050000,3106958,8724341,2.8080000000000003,86210,9967164,582
11100000,3112231,8753382,2.81257,86454,10069553,580
11150000,3117524,8782194,2.81704,86681,10172637,600
11200000,3122839,8811114,2.82151,86949,10267315,581
11250000,3128045,8839714,2.82595,87187,10365607,580
11300000,3133247,8868216,2.8303599999999998,87432,10467411,546
11350000,3138369,8896485,2.83475,87695,10564159,564
11400000,3143384,8924688,2.8392,87942,10659222,553
11450000,3148571,8952903,2.84348,88198,10755546,555
11500000,3153626,8980920,2.84781,88408,10861140,564
11550000,3158633,9008953,2.85217,88649,10963983,560
11600000,3163706,9036899,2.85643,88903,11065848,531
11650000,3168704,9064658,2.86068,89137,11167713,539
11700000,3173585,9092315,2.865,89378,11264050,558
11750000,3178470,9119902,2.86927,89597,11365397,579
11800000,3183345,9147337,2.8735,89821,11461544,538
11850000,3188181,9174698,2.87772,90047,11562500,568
11900000,3193004,9202051,2.88194,90271,11661456,547
11950000,3197871,9229407,2.88611,90509,11765192,557
12000000,3202710,9256725,2.8902799999999997,90738,11872004,549
12050000,3207394,9283609,2.8944400000000003,90983,11969859,557
12100000,3212151,9310714,2.89859,91200,12071882,515
12150000,3216878,9337593,2.90269,91447,12170523,533
12200000,3221545,9364323,2.90678,91641,12272345,524
