timestep,num_nodes,num_edges,average_degree,max_degree,num_triangles,new_edges
0,1855,1000,0.539084,11,0,1000
50000,73572,50942,0.6924100000000001,536,5,997
100000,133614,100810,0.754487,1048,15,999
150000,187935,150600,0.801341,1551,56,997
200000,238398,200301,0.8401959999999999,2092,135,994
250000,285740,249891,0.87454,2576,278,994
300000,330626,299352,0.90541,3142,457,987
350000,372851,348764,0.935398,3705,700,989
400000,413583,398014,0.962356,4251,1052,982
450000,452675,447174,0.987848,4751,1437,975
500000,490555,496272,1.01165,5270,1987,984
550000,526904,545211,1.03474,5799,2619,980
600000,562076,594096,1.05697,6352,3314,974
650000,596207,642934,1.07837,6856,4245,976
700000,629251,691604,1.09909,7396,5293,972
750000,661607,740148,1.11871,7888,6545,971
800000,693083,788709,1.1379700000000001,8384,7860,967
850000,724133,837128,1.15604,8866,9312,970
900000,754109,885462,1.17418,9386,11016,962
950000,783119,933677,1.19225,9881,13040,971
1000000,811864,981854,1.20938,10366,15182,952
1050000,839938,1030014,1.2263,10844,17585,960
1100000,867041,1077965,1.24327,11362,20155,953
1150000,893981,1125822,1.25934,11858,22799,941
1200000,920434,1173565,1.27501,12372,25822,950
1250000,946287,1221249,1.29057,12894,29122,952
1300000,971399,1268804,1.30616,13404,32781,949
1350000,996082,1316241,1.32142,13897,36866,949
1400000,1020473,1363559,1.3362,14443,40897,947
1450000,1044384,1410826,1.35087,14960,45098,944
1500000,1067854,1457955,1.36531,15479,49729,942
1550000,1091202,1505042,1.37925,15949,54572,942
1600000,1113904,1552115,1.3934,16479,60140,939
1650000,1136299,1599012,1.40721,16960,65671,944
1700000,1158264,1645770,1.42089,17425,71565,931
1750000,1180041,1692414,1.4342,17944,77933,940
1800000,1201442,1739022,1.44745,18427,84518,947
1850000,1222464,1785433,1.46052,18891,91638,925
1900000,1243289,1831925,1.47345,19371,98668,924
1950000,1263942,1878250,1.48603,19809,106321,929
2000000,1284225,1924575,1.49863,20296,114144,905
2050000,1303995,1970609,1.51121,20765,123387,917
2100000,1323765,2016551,1.52335,21227,131853,901
2150000,1343293,2062498,1.5354,21676,140938,925
2200000,1362569,2108463,1.54742,22171,150781,912
2250000,1381615,2154243,1.55922,22649,160400,920
2300000,1400393,2199819,1.5708600000000001,23098,170238,935
2350000,1418810,2245393,1.58259,23579,180413,924
2400000,1436884,2290778,1.59427,24019,191540,889
2450000,1454963,2336070,1.60559,24533,202909,909
2500000,1472886,2381354,1.61679,25012,214329,926
2550000,1490512,2426506,1.6279700000000001,25424,226344,894
2600000,1507897,2471660,1.63914,25931,239870,912
2650000,1525230,2516677,1.6500299999999999,26376,252598,915
2700000,1542334,2561635,1.66088,26814,266024,895
2750000,1559146,2606408,1.6716900000000001,27283,279881,901
2800000,1575652,2651055,1.68251,27736,293727,877
2850000,1592157,2695672,1.6930900000000002,28179,309008,892
2900000,1608432,2740167,1.70363,28597,323560,877
2950000,1624638,2784621,1.7139900000000001,29091,339633,885
3000000,1640558,2828906,1.72436,29548,354861,871
3050000,1656282,2873122,1.73468,29991,371603,891
3100000,1671894,2917218,1.7448599999999999,30444,388622,882
3150000,1687205,2961163,1.7550700000000001,30929,405526,880
3200000,1702634,3004992,1.7649099999999998,31359,423651,859
3250000,1717765,3048864,1.7749,31805,441905,892
3300000,1733007,3092593,1.78452,32248,459822,859
3350000,1747768,3136288,1.79445,32666,483089,877
3400000,1762526,3179869,1.80415,33145,503702,861
3450000,1777080,3223308,1.81382,33593,524677,860
3500000,1791509,3266820,1.8235,34003,545022,872
3550000,1805843,3310032,1.83296,34436,566638,881
3600000,1820017,3353119,1.8423599999999998,34847,590089,864
3650000,1834187,3396152,1.85158,35268,612864,854
3700000,1848142,3439270,1.86093,35725,636946,858
3750000,1862086,3482298,1.87011,36143,660727,861
3800000,1875522,3524908,1.87943,36583,684849,841
3850000,1888937,3567642,1.8887,37032,709616,853
3900000,1902510,3610462,1.8977400000000002,37482,734633,863
3950000,1915798,3652911,1.90673,37919,760240,870
4000000,1929046,3695250,1.9155799999999998,38337,787146,847
4050000,1942125,3737556,1.9244700000000001,38777,814541,850
4100000,1955176,3779835,1.93325,39188,840964,848
4150000,1968088,3821979,1.9419799999999998,39600,869198,844
4200000,1980854,3864024,1.95069,40012,897083,837
4250000,1993504,3905911,1.9593200000000002,40493,926907,837
4300000,2005980,3947733,1.9679799999999998,40898,956518,829
4350000,2018315,3989384,1.97659,41290,987535,829
4400000,2030519,4031121,1.98527,41728,1020039,835
4450000,2042678,4072773,1.99384,42142,1051285,842
4500000,2054752,4114273,2.00232,42546,1082077,820
4550000,2066832,4155627,2.01063,42971,1114531,819
4600000,2078618,4197016,2.01914,43419,1149050,842
4650000,2090351,4238268,2.02754,43861,1182081,815
4700000,2102246,4279302,2.03559,44256,1216065,831
4750000,2113894,4320266,2.04375,44643,1250867,822
4800000,2125402,4361220,2.05195,45054,1285951,837
4850000,2136824,4401884,2.0600099999999997,45455,1320694,804
4900000,2148285,4442731,2.0680400000000003,45884,1356954,802
4950000,2159722,4483461,2.07594,46290,1394325,819
5000000,2170869,4524019,2.08397,46692,1433034,815
5050000,2181929,4564542,2.09198,47141,1471246,819
5100000,2192930,4604889,2.0998799999999997,47504,1510296,785
5150000,2203896,4645198,2.10772,47893,1549440,815
5200000,2214742,4685358,2.11553,48311,1590336,826
5250000,2225632,4725507,2.12322,48698,1631547,787
5300000,2236366,4765498,2.1309099999999996,49152,1673458,786
5350000,2247073,4805412,2.13852,49559,1715239,782
5400000,2257656,4845248,2.14614,49987,1757487,784
5450000,2268116,4884882,2.15372,50356,1799062,800
5500000,2278339,4924277,2.16135,50721,1843802,775
5550000,2288540,4963704,2.16894,51085,1889425,779
5600000,2298858,5003104,2.17634,51459,1933207,801
5650000,2309148,5042402,2.1836599999999997,51839,1976630,790
5700000,2319242,5081657,2.19109,52248,2023782,814
5750000,2329456,5120800,2.19828,52636,2072273,770
5800000,2339490,5159790,2.20552,53011,2116320,776
5850000,2349430,5198540,2.2126799999999998,53417,2165316,776
5900000,2359312,5237269,2.21983,53778,2212543,760
5950000,2369042,5275938,2.22703,54159,2260973,743
6000000,2378816,5314515,2.2341,54517,2308080,764
6050000,2388406,5353004,2.24125,54889,2356744,762
6100000,2397954,5391395,2.2483299999999997,55288,2406267,767
6150000,2407538,5429665,2.25528,55683,2460020,771
6200000,2417030,5467813,2.2622,56066,2508711,760
6250000,2426178,5506006,2.26942,56460,2559386,767
6300000,2435424,5543964,2.27639,56819,2610415,757
6350000,2444643,5581927,2.28333,57191,2661699,734
6400000,2453866,5619684,2.29013,57549,2712142,753
6450000,2462998,5657476,2.29699,57914,2766098,747
6500000,2472141,5695042,2.30369,58285,2820858,759
6550000,2481256,5732685,2.3104,58606,2874207,756
6600000,2490233,5770183,2.31713,58938,2926770,734
6650000,2499142,5807613,2.32384,59306,2983196,765
6700000,2507998,5844910,2.33051,59662,3037911,710
6750000,2516860,5882205,2.33712,60043,3092452,755
6800000,2525595,5919337,2.34374,60435,3151941,745
6850000,2534327,5956333,2.35026,60803,3209318,734
6900000,2542943,5993161,2.35678,61131,3272267,748
6950000,2551455,6029831,2.36329,61474,3331089,727
7000000,2559929,6066504,2.36979,61820,3389204,728
7050000,2568502,6103137,2.37615,62158,3446652,726
7100000,2577155,6139651,2.38234,62541,3505740,744
7150000,2585535,6176095,2.3887099999999997,62915,3571171,736
7200000,2593877,6212289,2.39498,63262,3633072,705
7250000,2602120,6248370,2.4012599999999997,63596,3693860,704
7300000,2610442,6284517,2.40745,63938,3753414,687
7350000,2618517,6320580,2.4138,64270,3816779,724
7400000,2626654,6356447,2.41998,64616,3881972,727
7450000,2634669,6392504,2.4263,64958,3953149,716
7500000,2642715,6428422,2.4325099999999997,65308,4021365,696
7550000,2650687,6464077,2.4386400000000004,65668,4090016,713
7600000,2658664,6499500,2.44465,65994,4158955,734
7650000,2666604,6535181,2.45075,66335,4226665,720
7700000,2674462,6570631,2.4568,66671,4296660,740
7750000,2682250,6605998,2.46286,67022,4366949,709
7800000,2690058,6641109,2.46876,67366,4434287,723
7850000,2697725,6676151,2.47473,67686,4501940,697
7900000,2705312,6711210,2.48075,68041,4571693,707
7950000,2712870,6746210,2.48674,68379,4640954,686
8000000,2720411,6781024,2.49265,68703,4711141,701
8050000,2727861,6815702,2.49855,69014,4781830,714
8100000,2735178,6850317,2.50452,69310,4850463,691
8150000,2742646,6884916,2.51032,69634,4926568,663
8200000,2750067,6919352,2.51607,69950,4999484,682
8250000,2757349,6953694,2.52188,70231,5072720,675
8300000,2764635,6987909,2.5276099999999997,70570,5151143,703
8350000,2771913,7022065,2.53329,70893,5223674,669
8400000,2779172,7056135,2.53893,71199,5297030,686
8450000,2786252,7090070,2.54466,71530,5368105,717
8500000,2793422,7123918,2.55025,71868,5446607,680
8550000,2800520,7157649,2.55583,72178,5526591,650
8600000,2807627,7191422,2.5613900000000003,72497,5608793,656
8650000,2814737,7224906,2.56681,72821,5686145,680
8700000,2821517,7258317,2.57249,73115,5760367,667
8750000,2828424,7291630,2.5779799999999997,73423,5837096,670
8800000,2835151,7324854,2.58359,73726,5915298,667
8850000,2841880,7358102,2.58917,74028,5995830,638
8900000,2848455,7391044,2.59476,74337,6073662,665
8950000,2855336,7424027,2.60005,74625,6151109,656
9000000,2862109,7456901,2.6053900000000003,74919,6230007,654
9050000,2868956,7489593,2.61056,75239,6309825,660
9100000,2875530,7522241,2.61595,75523,6388994,621
9150000,2882079,7554951,2.62135,75800,6472886,654
9200000,2888584,7587346,2.6266700000000003,76108,6550386,672
9250000,2895140,7619800,2.63193,76424,6632535,633
9300000,2901558,7652179,2.63727,76708,6718565,649
9350000,2907994,7684356,2.64249,77007,6802301,628
9400000,2914491,7716246,2.6475400000000002,77295,6888855,639
9450000,2920837,7748211,2.65274,77614,6970057,642
9500000,2927082,7780197,2.658,77892,7060787,639
9550000,2933357,7812025,2.66317,78151,7141196,627
9600000,2939575,7843827,2.66835,78455,7225330,661
9650000,2945657,7875602,2.6736299999999997,78716,7308643,612
9700000,2951807,7907174,2.67876,79033,7397062,621
9750000,2957964,7938562,2.68379,79290,7479250,607
9800000,2963983,7969961,2.68894,79559,7571810,627
9850000,2970092,8001356,2.69398,79811,7663034,633
9900000,2976132,8032653,2.69902,80092,7748552,627
9950000,2982126,8063675,2.7039999999999997,80354,7842395,670
10000000,2988163,8094700,2.70892,80660,7930648,609
10050000,2994026,8125522,2.71391,80948,8021618,622
10100000,2999999,8156380,2.7187900000000003,81212,8113618,604
10150000,3005847,8186979,2.72368,81467,8203871,591
10200000,3011610,8217628,2.72865,81725,8297819,609
10250000,3017395,8248188,2.73355,82025,8389765,618
10300000,3023231,8278822,2.7384,82292,8480240,650
10350000,3029012,8309145,2.7431900000000002,82569,8569845,572
10400000,3034849,8339504,2.74791,82843,8677469,590
10450000,3040582,8369672,2.75265,83101,8778229,604
10500000,3046286,8399404,2.75726,83379,8870343,601
10550000,3051795,8429504,2.76215,83650,8961353,616
10600000,3057547,8459296,2.76669,83921,9054818,606
10650000,3063274,8489077,2.77124,84168,9146698,580
10700000,3068713,8518774,2.77601,84438,9246131,609
10750000,3074225,8548496,2.7807,84713,9346859,591
10800000,3079692,8577977,2.78534,84957,9442783,618
10850000,3085014,8607212,2.7900099999999997,85185,9549188,560
10900000,3090511,8636590,2.79455,85445,9642526,570
10950000,3095981,8665831,2.79906,85708,9740165,551
11000000,3101322,8695004,2.80364,86012,9834089,579
11050000,3106628,8723955,2.80817,86273,9940762,580
11100000,3111983,8753038,2.8126900000000004,86501,10035958,564
11150000,3117213,8781711,2.81717,86760,10129827,586
11200000,3122434,8810696,2.82174,86986,10224835,600
11250000,3127552,8839225,2.8262400000000003,87244,10322224,567
11300000,3132817,8867848,2.8306299999999998,87506,10422330,570
11350000,3138003,8896376,2.8350400000000002,87737,10521442,569
11400000,3143202,8924648,2.83935,87983,10620576,568
11450000,3148327,8952759,2.84366,88189,10721400,548
11500000,3153357,8980859,2.84803,88423,10824032,576
11550000,3158364,9009003,2.85243,88659,10932339,560
11600000,3163394,9037031,2.85675,88885,11029548,547
11650000,3168279,9064928,2.86115,89128,11133088,543
11700000,3173142,9092468,2.86545,89360,11230645,537
11750000,3178036,9119945,2.86968,89591,11328996,543
11800000,3183148,9147683,2.87379,89816,11448733,534
11850000,3188157,9175185,2.8779,90061,11548068,559
11900000,3192997,9202362,2.88205,90292,11655365,542
11950000,3197769,9229563,2.88625,90550,11759795,531
12000000,3202585,9256802,2.89042,90756,11863240,537
12050000,3207340,9283827,2.89456,90988,11965007,557
12100000,3212158,9310916,2.89865,91200,12071348,545
12150000,3216778,9337808,2.90285,91435,12172081,540
12200000,3221441,9364501,2.90693,91658,12277032,554
