timestep,num_nodes,num_edges,average_degree,max_degree,num_triangles,new_edges
0,1095,1000,0.913242,180,9,1000
50000,51173,51000,0.996619,1116,686,1000
100000,88794,101000,1.1374600000000001,1859,4096,1000
150000,119682,151000,1.26168,1859,11901,1000
200000,149203,201000,1.3471600000000001,1859,20552,1000
250000,174375,251000,1.43943,1957,29398,1000
300000,197078,301000,1.52731,1957,47931,1000
350000,220273,351000,1.59348,1957,67797,1000
400000,237962,401000,1.68514,1957,91132,1000
450000,254293,451000,1.7735400000000001,2048,123862,1000
500000,280458,501000,1.78636,2594,141392,1000
550000,300560,551000,1.8332400000000002,2594,158707,1000
600000,322087,601000,1.8659599999999998,4614,181075,1000
650000,339800,651000,1.91583,4614,206531,1000
700000,362627,701000,1.9331200000000002,11200,226403,1000
750000,382673,751000,1.9625099999999998,11200,254946,1000
800000,402984,801000,1.98767,11200,281063,1000
850000,413472,851000,2.05818,11200,355625,1000
900000,422251,901000,2.1338,11200,417535,1000
950000,439068,951000,2.16595,11200,477474,1000
1000000,472351,1001000,2.11919,11200,485487,1000
1050000,506890,1051000,2.07343,11200,493725,1000
1100000,533608,1101000,2.06331,11200,505667,1000
1150000,560510,1151000,2.05349,11200,519771,1000
1200000,606349,1201000,1.9807099999999997,11200,533702,1000
1250000,654529,1251000,1.9113,11200,539604,1000
1300000,695770,1301000,1.8698700000000001,11200,548803,1000
1350000,728951,1351000,1.85335,11200,558328,1000
1400000,763593,1401000,1.83475,11200,571128,1000
1450000,773492,1451000,1.8759099999999997,11200,613556,1000
1500000,784554,1501000,1.9131900000000002,11200,658902,1000
1550000,798777,1551000,1.9417200000000001,11200,696910,1000
1600000,813134,1601000,1.9689299999999998,11200,726135,1000
1650000,829631,1651000,1.9900400000000003,11200,752540,1000
1700000,845797,1701000,2.01112,11200,773781,1000
1750000,861993,1751000,2.03134,11200,804971,1000
1800000,873578,1801000,2.06164,11200,851854,1000
1850000,888376,1851000,2.08358,11200,879689,1000
1900000,900823,1901000,2.11029,11200,945661,1000
1950000,913504,1951000,2.13573,16431,991780,1000
2000000,920930,2001000,2.1728,28619,1084358,1000
2050000,928452,2051000,2.20905,28619,1161132,1000
2100000,936255,2101000,2.24405,28619,1246584,1000
2150000,943958,2151000,2.2787,28619,1318511,1000
2200000,948507,2201000,2.32049,28619,1456353,1000
2250000,953677,2251000,2.3603400000000003,28619,1583821,1000
2300000,960016,2301000,2.39684,28619,1732132,1000
2350000,967787,2351000,2.42925,28619,1850095,1000
2400000,974940,2401000,2.46272,28619,1927313,1000
2450000,982301,2451000,2.49516,28619,2027194,1000
2500000,988509,2501000,2.5300700000000003,28619,2154380,1000
2550000,994270,2551000,2.5657,28619,2353391,1000
2600000,999963,2601000,2.6011,28619,2520993,1000
2650000,1006447,2650145,2.6331700000000002,28619,2717920,786
2700000,1023642,2691176,2.62902,28718,2756250,832
2750000,1040121,2732380,2.62698,28723,2796784,836
2800000,1056666,2772425,2.62375,28723,2835773,776
2850000,1071808,2813610,2.62511,28731,2881310,843
2900000,1087312,2854357,2.62515,28734,2920948,808
2950000,1103355,2895775,2.62452,28740,2959044,844
3000000,1118012,2937736,2.62764,28747,3003331,826
3050000,1133522,2976928,2.62626,28754,3042973,799
3100000,1157891,3009450,2.59908,28754,3061610,489
3150000,1181257,3034881,2.5692,28754,3073209,734
3200000,1207557,3061289,2.53511,28754,3084989,459
3250000,1233143,3090918,2.50654,28754,3094749,611
3300000,1257229,3119993,2.48164,28754,3104300,460
3350000,1278027,3147494,2.46278,28754,3115933,565
3400000,1289900,3166725,2.45502,28754,3122616,276
3450000,1298317,3182503,2.45125,28754,3127845,394
3500000,1306041,3198672,2.4491400000000003,28754,3133357,341
3550000,1313850,3214679,2.44676,28754,3140392,358
3600000,1322434,3230765,2.4430400000000003,28754,3146742,383
3650000,1330296,3246770,2.44064,28754,3153096,414
3700000,1338384,3264341,2.43902,28754,3162154,350
3750000,1345349,3280464,2.43837,28754,3169642,336
3800000,1353430,3299064,2.43756,28754,3177728,646
3850000,1361334,3318815,2.43791,28754,3188108,330
3900000,1369660,3336852,2.43626,28756,3196157,383
3950000,1377698,3353294,2.43398,28758,3202213,388
4000000,1383994,3370103,2.43506,28759,3210353,379
4050000,1388859,3385043,2.43728,28831,3223669,209
4100000,1391278,3395575,2.44062,28831,3238634,291
4150000,1393405,3406073,2.44442,28831,3255601,213
4200000,1395246,3417084,2.44909,28831,3275101,306
4250000,1397341,3427777,2.45307,28831,3291869,284
4300000,1399683,3437345,2.4558,28831,3305471,234
4350000,1401917,3447098,2.45885,28831,3319623,250
4400000,1404587,3457884,2.46185,28831,3340005,199
4450000,1412038,3479438,2.46412,28834,3365328,861
4500000,1430691,3522541,2.4621299999999997,28847,3400098,855
4550000,1448559,3563845,2.46027,28860,3439969,928
4600000,1466966,3607098,2.4588799999999997,28862,3479445,814
4650000,1482661,3645689,2.4588799999999997,28873,3515864,751
4700000,1500970,3685981,2.45573,28910,3550316,809
4750000,1519187,3729591,2.45499,28944,3594869,870
4800000,1538304,3773314,2.4529099999999997,28962,3635918,812
4850000,1556236,3817230,2.45286,28983,3681505,866
4900000,1575018,3861374,2.4516400000000003,28988,3721732,881
4950000,1593750,3905163,2.4503,28999,3760682,851
5000000,1612887,3948672,2.4482,29006,3796630,872
5050000,1631002,3992333,2.44778,29012,3832245,837
5100000,1650070,4035706,2.44578,29028,3866026,854
5150000,1667002,4078706,2.44673,29089,3902546,805
5200000,1686740,4122215,2.44389,29143,3937149,891
5250000,1703474,4164754,2.44486,29205,3974040,887
5300000,1720698,4207310,2.44512,29267,4013491,695
5350000,1739841,4249530,2.4424799999999998,29375,4049530,917
5400000,1757818,4292410,2.4419,29478,4088665,898
5450000,1775070,4335100,2.4422099999999998,30407,4128971,879
5500000,1792794,4377577,2.44176,31507,4169922,854
5550000,1808871,4420361,2.44371,32829,4212817,862
5600000,1825070,4462107,2.4449,33815,4250390,849
5650000,1841568,4503915,2.4457,34448,4286167,782
5700000,1858252,4545979,2.44637,35318,4319092,849
5750000,1872323,4586346,2.44955,35849,4363247,743
5800000,1886576,4626398,2.45227,36485,4411518,788
5850000,1902057,4666087,2.45318,37586,4452048,752
5900000,1916566,4705471,2.45516,38342,4494168,769
5950000,1931938,4744287,2.45571,38709,4534803,774
6000000,1947471,4787290,2.45821,39400,4582749,852
6050000,1963342,4829656,2.45992,40058,4622094,779
6100000,1979635,4872780,2.46145,40907,4670928,840
6150000,1993877,4915769,2.46543,41892,4716450,856
6200000,2010372,4958502,2.4664599999999997,42593,4759684,825
6250000,2025337,5001862,2.46964,43265,4804883,873
6300000,2040900,5044439,2.47167,43716,4842345,913
6350000,2052280,5083996,2.47724,44392,4880517,795
6400000,2064671,5124651,2.48207,44779,4923365,703
6450000,2078537,5163660,2.48428,45287,4962592,866
6500000,2093992,5206958,2.4866200000000003,45698,5019218,868
6550000,2110649,5249835,2.48731,46075,5067733,889
6600000,2124198,5292713,2.49163,46605,5119366,821
6650000,2140209,5336121,2.49327,47056,5170815,859
6700000,2153504,5377090,2.4969,47640,5219051,879
6750000,2169562,5419243,2.49785,48871,5263246,866
6800000,2183293,5462017,2.50173,49736,5310714,890
6850000,2196298,5504312,2.50618,50890,5361251,695
6900000,2211578,5541961,2.50589,51154,5405122,836
6950000,2224784,5582345,2.50916,52180,5452114,741
7000000,2238283,5622793,2.5121,53382,5492841,881
7050000,2245299,5658700,2.5202400000000003,53382,5550155,725
7100000,2261343,5697629,2.51958,54459,5592891,743
7150000,2272937,5734119,2.52278,55011,5634943,731
7200000,2284357,5770441,2.5260700000000003,55737,5679608,731
7250000,2296447,5808804,2.52947,56538,5731785,760
7300000,2309380,5847596,2.53211,56684,5781523,855
7350000,2318770,5882431,2.53688,57194,5828698,747
7400000,2330876,5921474,2.54045,57943,5884858,712
7450000,2341622,5956532,2.54376,58441,5934207,749
7500000,2353739,5993623,2.54643,58909,5995279,732
7550000,2364214,6029473,2.5503099999999996,59517,6050204,735
7600000,2374570,6065860,2.55451,59830,6099470,715
7650000,2387340,6101968,2.55597,60168,6141770,622
7700000,2394574,6136008,2.5624599999999997,60431,6194517,708
7750000,2405343,6172919,2.5663400000000003,60839,6244884,739
7800000,2416047,6209412,2.57007,61419,6312555,726
7850000,2427686,6245503,2.57262,61659,6369165,743
7900000,2436548,6279741,2.5773099999999998,62378,6426107,729
7950000,2446860,6317746,2.5819799999999997,62378,6477707,742
8000000,2460049,6355652,2.58355,63132,6521588,616
8050000,2468911,6388709,2.58766,63305,6561117,694
8100000,2479719,6424463,2.5908,63894,6609327,695
8150000,2489703,6460839,2.59502,64219,6657171,828
8200000,2501110,6498308,2.59817,64654,6712518,754
8250000,2513301,6535844,2.6005,65003,6768428,729
8300000,2524739,6572841,2.60337,65562,6819940,772
8350000,2532599,6609885,2.6099200000000002,65586,6884469,767
8400000,2546020,6649504,2.61172,66269,6938357,753
8450000,2552574,6686505,2.61951,67280,7001031,709
8500000,2561616,6721293,2.62385,67532,7056170,694
8550000,2572764,6755851,2.6259099999999997,67532,7104680,705
8600000,2580343,6790699,2.6317,68571,7182707,723
8650000,2592755,6828029,2.6335,69246,7250779,740
8700000,2601572,6863682,2.63828,69578,7311045,817
8750000,2611040,6901351,2.6431400000000003,70007,7368033,769
8800000,2624306,6939373,2.64427,70531,7445736,693
8850000,2631639,6975413,2.6506,71528,7505372,679
8900000,2637429,7010841,2.65821,72073,7568298,728
8950000,2644915,7043561,2.6630599999999998,72489,7622857,684
9000000,2657810,7080244,2.66394,72489,7674924,756
9050000,2668867,7114835,2.66586,73404,7731451,672
9100000,2677629,7149505,2.67009,73788,7801522,784
9150000,2689338,7187622,2.6726400000000003,74840,7861429,829
9200000,2696284,7225336,2.6797400000000002,75051,7966437,763
9250000,2708811,7261523,2.6807,75469,8022696,706
9300000,2714832,7295782,2.68738,76027,8090129,613
9350000,2723670,7330415,2.69137,76169,8160645,664
9400000,2732450,7367192,2.69619,76314,8248225,723
9450000,2744568,7405274,2.6981599999999997,76704,8325360,719
9500000,2752082,7440443,2.70357,76965,8392478,646
9550000,2761166,7474985,2.70718,77199,8447736,782
9600000,2769385,7509177,2.7115,77878,8509190,667
9650000,2779750,7545100,2.71431,77878,8577718,665
9700000,2792869,7582609,2.7149900000000002,77878,8627617,701
9750000,2797836,7618406,2.72296,78460,8693991,758
9800000,2814791,7656715,2.72017,79535,8734476,783
9850000,2821471,7692876,2.72655,79535,8793256,708
9900000,2827753,7727050,2.73258,79535,8858371,703
9950000,2837935,7762306,2.7352,79535,8904447,655
10000000,2852825,7798512,2.7336099999999997,80199,8954218,703
10050000,2859809,7832876,2.73895,81035,9016888,665
10100000,2867138,7868741,2.7444599999999997,81396,9082452,758
10150000,2877148,7907978,2.74855,81578,9152436,808
10200000,2886167,7945193,2.75285,82177,9228132,766
10250000,2896779,7982940,2.7558,82177,9300636,757
10300000,2906436,8019312,2.75916,82582,9377840,672
10350000,2913255,8055034,2.76496,82604,9450645,758
10400000,2921205,8092339,2.77021,82976,9534073,727
10450000,2932589,8129946,2.77228,83687,9617183,653
10500000,2941582,8165493,2.77588,83726,9683397,738
10550000,2949172,8199853,2.78039,84348,9756432,644
10600000,2959858,8233530,2.78173,84394,9815236,709
10650000,2966634,8266913,2.7866299999999997,84394,9895495,688
10700000,2974522,8301746,2.79095,84765,9964703,608
10750000,2982687,8337197,2.7952,84775,10036963,705
10800000,2991732,8373820,2.7989900000000003,85028,10113587,780
10850000,3000801,8409441,2.8024,85560,10180783,684
10900000,3008861,8445836,2.8069900000000003,85578,10253105,746
10950000,3019282,8482829,2.80955,86098,10314639,728
11000000,3027113,8519508,2.8144,86403,10384640,731
11050000,3038405,8555635,2.81583,86510,10447922,643
11100000,3043807,8587697,2.82137,86775,10527580,800
11150000,3052095,8623053,2.8252900000000003,87310,10594089,722
11200000,3061310,8660980,2.82917,87310,10670547,816
11250000,3068874,8699079,2.83462,87602,10769460,710
11300000,3078094,8730333,2.83628,87749,10844371,562
11350000,3083270,8761356,2.84158,87749,10910800,672
11400000,3097002,8799672,2.84135,87749,10962389,723
11450000,3100755,8836557,2.8498099999999997,88497,11054838,772
11500000,3106803,8870997,2.85535,88497,11135859,643
11550000,3115579,8905770,2.85846,88857,11208768,749
11600000,3125175,8941104,2.86099,89228,11285697,659
11650000,3132559,8975820,2.8653299999999997,89358,11355531,642
11700000,3139956,9011163,2.86984,89358,11447950,712
11750000,3147429,9045522,2.87394,89358,11526892,708
11800000,3157950,9081324,2.8757,89721,11608966,879
11850000,3170186,9118704,2.8763900000000002,89863,11676765,745
11900000,3174888,9154487,2.8834,90337,11760945,712
11950000,3180251,9189979,2.8897,90337,11874907,715
12000000,3190344,9223068,2.89093,90770,11958920,604
12050000,3200851,9258236,2.89243,90854,12033755,695
12100000,3206231,9289745,2.8974,91314,12107247,551
12150000,3215687,9323973,2.89953,91327,12184360,1000
12200000,3221470,9360221,2.90557,91694,12277860,735
