timestep,num_nodes,num_edges,average_degree,max_degree,num_triangles,new_edges
0,1862,1000,0.537057,12,0,1000
50000,73645,50970,0.6921039999999999,539,5,999
100000,133754,100838,0.7539060000000001,1142,17,999
150000,187868,150592,0.801584,1645,52,994
200000,238272,200281,0.840556,2167,129,993
250000,285395,249839,0.8754149999999999,2732,237,988
300000,329867,299304,0.9073479999999999,3235,421,989
350000,372198,348639,0.9367030000000001,3710,696,985
400000,413017,397946,0.9635100000000001,4241,1048,989
450000,452079,447117,0.989024,4778,1478,984
500000,489878,496267,1.01304,5257,1987,981
550000,526385,545250,1.0358399999999999,5749,2627,983
600000,561900,594147,1.05739,6255,3380,979
650000,596046,642945,1.0786799999999999,6808,4308,981
700000,629212,691650,1.09923,7320,5381,968
750000,661586,740289,1.11896,7828,6655,968
800000,693102,788800,1.1380700000000001,8321,8049,964
850000,723553,837222,1.1571,8846,9597,972
900000,753429,885607,1.17544,9350,11217,969
950000,782841,933850,1.1929,9849,13046,965
1000000,811800,981981,1.20963,10346,15057,962
1050000,839761,1030054,1.2266,10832,17366,960
1100000,866752,1077993,1.2437200000000002,11318,20203,955
1150000,893679,1125804,1.2597399999999999,11847,22996,955
1200000,920187,1173578,1.2753700000000001,12339,25958,952
1250000,945893,1221128,1.29098,12831,29265,943
1300000,971044,1268772,1.30661,13305,32886,951
1350000,995692,1316262,1.32196,13828,36528,946
1400000,1020166,1363674,1.3367200000000001,14317,40631,945
1450000,1044473,1410978,1.3509,14813,44819,945
1500000,1068386,1458204,1.36487,15297,49358,948
1550000,1091561,1505318,1.37905,15804,54226,947
1600000,1114512,1552247,1.39276,16273,58958,933
1650000,1136920,1599183,1.40659,16777,64495,933
1700000,1158932,1645961,1.42024,17225,70123,930
1750000,1180581,1692670,1.4337600000000001,17718,75839,920
1800000,1202067,1739285,1.4469100000000001,18185,82537,933
1850000,1223330,1785797,1.4597799999999999,18661,89292,925
1900000,1244209,1832192,1.47258,19106,96486,925
1950000,1264910,1878580,1.48515,19592,103838,921
2000000,1285033,1924855,1.4979,20080,112006,921
2050000,1304958,1971071,1.51045,20511,119919,941
2100000,1324706,2017081,1.5226600000000001,20988,128126,916
2150000,1344314,2063020,1.53463,21452,136882,919
2200000,1363470,2108850,1.5466799999999998,21940,146174,931
2250000,1382381,2154572,1.55859,22430,156976,914
2300000,1400899,2200224,1.5705799999999999,22968,166804,908
2350000,1419432,2245770,1.58216,23429,177490,928
2400000,1437588,2291221,1.5938,23939,188813,922
2450000,1455765,2336553,1.60503,24357,199811,893
2500000,1473414,2381884,1.61657,24825,211716,904
2550000,1490979,2427070,1.62784,25265,223776,916
2600000,1508386,2472147,1.63894,25750,236052,883
2650000,1525378,2517129,1.6501700000000001,26175,248539,889
2700000,1542489,2561954,1.6609200000000002,26649,261865,899
2750000,1559289,2606699,1.67172,27117,275339,897
2800000,1575724,2651441,1.68268,27585,290079,891
2850000,1592149,2696002,1.6933099999999999,28058,305115,899
2900000,1608366,2740558,1.7039400000000002,28537,321361,879
2950000,1624493,2784892,1.7143099999999998,28995,337070,898
3000000,1640605,2829128,1.7244400000000002,29460,352499,892
3050000,1656168,2873333,1.7349299999999999,29918,369224,884
3100000,1671798,2917437,1.7450900000000003,30386,386033,875
3150000,1687253,2961448,1.7551900000000002,30846,402671,890
3200000,1702521,3005338,1.7652299999999999,31346,421394,862
3250000,1717551,3049228,1.7753299999999999,31790,440371,869
3300000,1732493,3092971,1.7852700000000001,32255,459741,875
3350000,1747435,3136721,1.7950400000000002,32667,479403,878
3400000,1762293,3180151,1.80455,33116,499185,873
3450000,1776987,3223647,1.81411,33549,520010,883
3500000,1791490,3267093,1.8236700000000001,34007,540622,859
3550000,1805916,3310379,1.83307,34441,560695,872
3600000,1820032,3353589,1.8426,34868,582959,886
3650000,1833911,3396632,1.85212,35328,606041,876
3700000,1847943,3439622,1.86132,35737,631852,851
3750000,1861743,3482559,1.8705900000000002,36178,654897,875
3800000,1875481,3525262,1.8796599999999999,36608,678791,844
3850000,1889276,3568272,1.8887,37028,703676,872
3900000,1902676,3610939,1.89782,37459,728658,830
3950000,1916002,3653312,1.90674,37899,755327,847
4000000,1929056,3695717,1.91582,38324,783711,868
4050000,1942444,3738117,1.9244400000000002,38776,812064,831
4100000,1955554,3780405,1.9331599999999998,39224,840748,863
4150000,1968457,3822645,1.94195,39634,868851,831
4200000,1981144,3864676,1.9507299999999999,40067,897590,853
4250000,1993773,3906724,1.9594599999999998,40495,926398,852
4300000,2006200,3948536,1.96817,40925,955273,838
4350000,2018740,3990191,1.9765700000000002,41344,985461,833
4400000,2031198,4031822,1.98495,41768,1017589,821
4450000,2043394,4073396,1.99345,42173,1047931,826
4500000,2055680,4114852,2.0017,42588,1078509,839
4550000,2067660,4156353,2.01017,42990,1112470,841
4600000,2079641,4197674,2.0184599999999997,43402,1145823,826
4650000,2091554,4238798,2.02663,43814,1178846,806
4700000,2103425,4279839,2.0347,44216,1211761,824
4750000,2115246,4320911,2.04275,44616,1247761,816
4800000,2126651,4361808,2.0510200000000003,45036,1282613,830
4850000,2137970,4402459,2.05918,45438,1317160,821
4900000,2149302,4443162,2.0672599999999997,45847,1353606,804
4950000,2160432,4483905,2.07547,46246,1390740,810
5000000,2171779,4524366,2.08325,46636,1426730,836
5050000,2182963,4564708,2.0910599999999997,47028,1466921,795
5100000,2194095,4605106,2.0988599999999997,47450,1504841,791
5150000,2205112,4645341,2.10662,47872,1545165,798
5200000,2215960,4685318,2.11435,48213,1584625,818
5250000,2226791,4725288,2.12202,48615,1623589,809
5300000,2237510,4765233,2.1297,48994,1663741,770
5350000,2248256,4804968,2.1372,49401,1706158,782
5400000,2258862,4844612,2.14471,49769,1747623,785
5450000,2269434,4884364,2.15224,50171,1789351,774
5500000,2280081,4923996,2.15957,50585,1830734,787
5550000,2290461,4963538,2.16705,50980,1873071,779
5600000,2300695,5003068,2.1745900000000002,51363,1918351,773
5650000,2310878,5042218,2.18195,51728,1966338,781
5700000,2320994,5081415,2.18933,52141,2013495,788
5750000,2331117,5120515,2.19659,52524,2057183,769
5800000,2341177,5159483,2.2038,52873,2102272,772
5850000,2351137,5198435,2.21103,53234,2146953,784
5900000,2360998,5237109,2.21818,53602,2194831,765
5950000,2370729,5275808,2.22539,53979,2244032,773
6000000,2380447,5314366,2.23251,54352,2291544,792
6050000,2390013,5352937,2.2397099999999996,54726,2339883,782
6100000,2399651,5391339,2.2467200000000003,55114,2389850,783
6150000,2409192,5429608,2.2537,55482,2438826,748
6200000,2418692,5467808,2.26065,55874,2492994,774
6250000,2427995,5505925,2.26768,56224,2545717,759
6300000,2437216,5543987,2.27472,56569,2598345,760
6350000,2446463,5582114,2.28171,56928,2650951,754
6400000,2455651,5619942,2.28858,57303,2705849,751
6450000,2464813,5657643,2.29536,57646,2757929,763
6500000,2474016,5695241,2.30202,58008,2813250,752
6550000,2483235,5732859,2.30863,58363,2867413,761
6600000,2492217,5770258,2.3153099999999998,58734,2921556,742
6650000,2501194,5807431,2.32186,59092,2979282,764
6700000,2510107,5844724,2.32848,59462,3035427,732
6750000,2518826,5881853,2.3351599999999997,59820,3090471,731
6800000,2527587,5918911,2.34172,60182,3148446,751
6850000,2536246,5955891,2.3483099999999997,60545,3206209,738
6900000,2544826,5992806,2.3549,60929,3267406,734
6950000,2553467,6029550,2.36132,61277,3324463,733
7000000,2561852,6066491,2.36801,61647,3384339,733
7050000,2570312,6103098,2.37446,62000,3447374,743
7100000,2578660,6139454,2.3808700000000003,62338,3507959,731
7150000,2586860,6175816,2.38738,62702,3568476,732
7200000,2595012,6212078,2.39385,63030,3631131,737
7250000,2603168,6248330,2.40028,63407,3697528,736
7300000,2611372,6284552,2.4066099999999997,63755,3765141,702
7350000,2619481,6320750,2.41298,64093,3827541,723
7400000,2627427,6356652,2.41934,64424,3895663,717
7450000,2635568,6392584,2.42551,64799,3962858,699
7500000,2643550,6428444,2.43175,65132,4025967,749
7550000,2651453,6464134,2.43796,65440,4091179,720
7600000,2659419,6499368,2.44391,65752,4154560,707
7650000,2667234,6534701,2.44999,66105,4222116,696
7700000,2674995,6570201,2.45615,66450,4288815,731
7750000,2682677,6605499,2.46228,66769,4356174,685
7800000,2690343,6640507,2.46828,67149,4432134,713
7850000,2698162,6675650,2.47415,67479,4504348,708
7900000,2705762,6710608,2.48012,67833,4578238,705
7950000,2713456,6745500,2.4859400000000003,68170,4650735,704
8000000,2720993,6780445,2.4919,68478,4730351,691
8050000,2728407,6815126,2.49784,68812,4801089,715
8100000,2735857,6849656,2.50366,69117,4871597,700
8150000,2743236,6884305,2.50956,69465,4941643,681
8200000,2750550,6918656,2.51537,69779,5014667,682
8250000,2757846,6952976,2.52116,70122,5089177,692
8300000,2765055,6987278,2.52699,70474,5161167,682
8350000,2772214,7021425,2.5327900000000003,70840,5243360,658
8400000,2779362,7055351,2.53848,71141,5319239,681
8450000,2786493,7089360,2.54419,71475,5399310,672
8500000,2793446,7123156,2.54995,71776,5476485,679
8550000,2800506,7156951,2.55559,72072,5552730,658
8600000,2807452,7190356,2.56117,72355,5625045,663
8650000,2814369,7223839,2.56677,72662,5704475,670
8700000,2821298,7257500,2.5724,72986,5781677,685
8750000,2828228,7290823,2.57788,73297,5860854,672
8800000,2834961,7324049,2.58347,73616,5937312,662
8850000,2841972,7357559,2.58889,73904,6017288,670
8900000,2848784,7390782,2.59436,74238,6093852,672
8950000,2855479,7423793,2.59984,74544,6170075,647
9000000,2862210,7456767,2.60525,74830,6253976,674
9050000,2869050,7489734,2.61053,75132,6336909,673
9100000,2875664,7522426,2.6158900000000003,75468,6417578,642
9150000,2882212,7555043,2.62127,75762,6496495,629
9200000,2888781,7587451,2.62652,76046,6579265,654
9250000,2895317,7619851,2.63178,76329,6659907,631
9300000,2901793,7652210,2.63706,76603,6742107,639
9350000,2908241,7684228,2.64223,76885,6826555,659
9400000,2914607,7716282,2.64745,77170,6918822,626
9450000,2920936,7748284,2.65267,77457,7001247,647
9500000,2927319,7780265,2.65781,77767,7085292,642
9550000,2933704,7812333,2.66296,78072,7175377,645
9600000,2939939,7843997,2.66808,78357,7259960,639
9650000,2946028,7875701,2.67333,78648,7345281,627
9700000,2952243,7907268,2.6783900000000003,78935,7432069,650
9750000,2958321,7938894,2.68358,79203,7520675,616
9800000,2964383,7970188,2.68865,79469,7624829,648
9850000,2970596,8001314,2.6935,79734,7719831,614
9900000,2976610,8032482,2.69853,80003,7805461,611
9950000,2982631,8063642,2.7035299999999998,80267,7900911,636
10000000,2988633,8094592,2.7084599999999996,80562,7989821,599
10050000,2994634,8125523,2.7133599999999998,80859,8078172,602
10100000,3000531,8156263,2.71827,81143,8170245,634
10150000,3006342,8186872,2.7232,81419,8268332,616
10200000,3012088,8217396,2.7281400000000002,81660,8361145,625
10250000,3017928,8247899,2.73297,81913,8450619,599
10300000,3023607,8278396,2.73792,82189,8539949,620
10350000,3029371,8308583,2.74268,82453,8628188,590
10400000,3035051,8338841,2.7475099999999997,82713,8719969,610
10450000,3040670,8368982,2.75235,82975,8810755,606
10500000,3046328,8399032,2.7571,83247,8907722,584
10550000,3052095,8429052,2.76173,83529,9001184,600
10600000,3057551,8458899,2.7665599999999997,83827,9093025,603
10650000,3063214,8488691,2.77117,84084,9187923,589
10700000,3068797,8518270,2.77577,84386,9280358,594
10750000,3074205,8547741,2.78047,84652,9374501,555
10800000,3079694,8577144,2.7850599999999996,84905,9465245,590
10850000,3085199,8606626,2.78965,85183,9555553,585
10900000,3090595,8635838,2.7942299999999998,85454,9645160,539
10950000,3095896,8664942,2.79885,85713,9736332,548
11000000,3101175,8693890,2.80342,85975,9829605,588
11050000,3106635,8722834,2.80781,86245,9939561,586
11100000,3111855,8751714,2.81238,86484,10040801,592
11150000,3117088,8780637,2.81694,86720,10137002,557
11200000,3122196,8809305,2.82151,86961,10233671,581
11250000,3127491,8838137,2.82595,87190,10332960,589
11300000,3132544,8866511,2.83045,87451,10435360,565
11350000,3137608,8894975,2.83495,87691,10542661,575
11400000,3142778,8923259,2.83929,87921,10639480,572
11450000,3147871,8951800,2.84376,88150,10741314,551
11500000,3152940,8980019,2.8481400000000003,88385,10843029,556
11550000,3158072,9008095,2.8524,88634,10951855,540
11600000,3163062,9035887,2.85669,88897,11050147,539
11650000,3168090,9063910,2.861,89121,11153006,539
11700000,3173107,9091986,2.8653299999999997,89362,11256571,536
11750000,3178020,9119529,2.86956,89586,11355250,538
11800000,3182884,9147041,2.8738200000000003,89813,11459756,558
11850000,3187755,9174469,2.87803,90060,11564921,537
11900000,3192630,9201912,2.8822400000000004,90300,11667693,532
11950000,3197476,9229176,2.88639,90550,11772883,531
12000000,3202300,9256253,2.8905,90779,11872457,533
12050000,3207069,9283484,2.89469,90998,11970115,568
12100000,3211791,9310420,2.89882,91231,12073075,550
12150000,3216633,9337342,2.90283,91462,12173074,540
12200000,3221387,9364428,2.9069599999999998,91657,12278936,541
