timestep,num_nodes,num_edges,average_degree,max_degree,num_triangles,new_edges
0,1988,1000,0.5030180000000001,6,0,1000
50000,91234,51000,0.559002,104,0,1000
100000,171257,101000,0.589757,196,0,1000
150000,245780,151000,0.614371,293,0,1000
200000,316476,201000,0.635119,382,0,1000
250000,384110,251000,0.653459,501,0,1000
300000,449292,301000,0.6699430000000001,609,0,1000
350000,512520,351000,0.684851,715,0,1000
400000,573759,401000,0.6989,803,0,1000
450000,633377,451000,0.712056,904,0,1000
500000,691626,501000,0.72438,1013,0,1000
550000,748552,551000,0.736088,1100,0,1000
600000,804236,601000,0.747293,1197,0,1000
650000,859017,651000,0.757843,1288,0,1000
700000,912681,701000,0.768067,1368,0,1000
750000,965261,751000,0.7780279999999999,1468,0,1000
800000,1017278,801000,0.787395,1588,0,1000
850000,1068196,851000,0.79667,1670,0,1000
900000,1118719,901000,0.805385,1748,0,1000
950000,1168069,951000,0.814164,1846,0,1000
1000000,1216386,1001000,0.8229299999999999,1942,0,1000
1050000,1264362,1051000,0.831249,2043,0,1000
1100000,1311942,1101000,0.8392139999999999,2151,0,1000
1150000,1358640,1151000,0.8471709999999999,2262,0,1000
1200000,1404882,1201000,0.854876,2351,0,1000
1250000,1450439,1251000,0.862497,2444,0,1000
1300000,1495392,1301000,0.870006,2538,0,1000
1350000,1539674,1351000,0.877458,2629,0,1000
1400000,1583487,1401000,0.884756,2743,0,1000
1450000,1626926,1451000,0.8918659999999999,2842,0,1000
1500000,1669821,1501000,0.898899,2927,0,1000
1550000,1712384,1551000,0.905755,3009,0,1000
1600000,1754252,1601000,0.91264,3080,0,1000
1650000,1796223,1651000,0.919151,3183,0,1000
1700000,1837760,1701000,0.925583,3267,0,1000
1750000,1878811,1751000,0.9319719999999999,3348,0,1000
1800000,1919419,1801000,0.938305,3426,0,1000
1850000,1959898,1851000,0.9444370000000001,3518,0,1000
1900000,1999998,1901000,0.950501,3625,0,1000
1950000,2039758,1951000,0.9564860000000001,3722,0,1000
2000000,2079042,2001000,0.962463,3811,0,1000
2050000,2117852,2051000,0.968434,3909,0,1000
2100000,2156445,2101000,0.974289,3999,0,1000
2150000,2194675,2151000,0.9801,4085,0,1000
2200000,2232665,2201000,0.985817,4203,0,1000
2250000,2270313,2251000,0.9914930000000001,4308,0,1000
2300000,2307841,2301000,0.997036,4412,0,1000
2350000,2344798,2351000,1.00265,4513,0,1000
2400000,2381515,2401000,1.0081799999999999,4604,0,1000
2450000,2418313,2451000,1.01352,4698,0,1000
2500000,2454827,2501000,1.01881,4807,0,1000
2550000,2490779,2551000,1.0241799999999999,4908,0,1000
2600000,2526602,2601000,1.02945,5007,0,1000
2650000,2562111,2651000,1.0346899999999999,5098,0,1000
2700000,2597364,2701000,1.0399,5189,0,1000
2750000,2632377,2751000,1.04506,5281,0,1000
2800000,2667151,2801000,1.05018,5360,0,1000
2850000,2701870,2851000,1.0552,5460,0,1000
2900000,2735890,2901000,1.06035,5579,0,1000
2950000,2769765,2951000,1.0654299999999999,5687,0,1000
3000000,2803752,3001000,1.07035,5795,0,1000
3050000,2837741,3051000,1.07515,5891,0,1000
3100000,2871335,3101000,1.07999,5980,0,1000
3150000,2904757,3151000,1.08477,6083,0,1000
3200000,2937762,3201000,1.0896,6183,0,1000
3250000,2970794,3251000,1.0943200000000002,6264,0,1000
3300000,3003227,3301000,1.09915,6358,0,1000
3350000,3035541,3351000,1.10392,6448,0,1000
3400000,3067975,3401000,1.10855,6548,0,1000
3450000,3100222,3451000,1.11315,6649,0,1000
3500000,3132272,3501000,1.11772,6753,0,1000
3550000,3164106,3551000,1.12228,6850,0,1000
3600000,3195568,3601000,1.12687,6942,0,1000
3650000,3227149,3651000,1.13134,7032,0,1000
3700000,3258496,3701000,1.1358,7120,0,1000
3750000,3289427,3751000,1.14032,7209,0,1000
3800000,3320297,3801000,1.14478,7310,0,1000
3850000,3350997,3851000,1.14921,7406,0,1000
3900000,3381560,3901000,1.15361,7494,0,1000
3950000,3412088,3951000,1.15794,7606,0,1000
4000000,3442418,4001000,1.16226,7713,0,1000
4050000,3472650,4051000,1.16654,7805,0,1000
4100000,3502657,4101000,1.17083,7899,0,1000
4150000,3532513,4151000,1.17508,7977,0,1000
4200000,3562378,4201000,1.17927,8086,0,1000
4250000,3592060,4251000,1.18344,8188,0,1000
4300000,3621570,4301000,1.18761,8295,0,1000
4350000,3650894,4351000,1.19176,8390,0,1000
4400000,3679852,4401000,1.19597,8476,0,1000
4450000,3708806,4451000,1.20012,8575,0,1000
4500000,3738022,4501000,1.20411,8676,0,1000
4550000,3766811,4551000,1.20818,8781,0,1000
4600000,3795512,4601000,1.21222,8878,0,1000
4650000,3824439,4651000,1.21613,8969,0,1000
4700000,3852777,4701000,1.2201600000000001,9056,0,1000
4750000,3881280,4751000,1.2240799999999998,9155,0,1000
4800000,3909518,4801000,1.22803,9244,0,1000
4850000,3937374,4851000,1.23204,9351,0,1000
4900000,3965403,4901000,1.23594,9442,0,1000
4950000,3993442,4951000,1.2397799999999999,9533,0,1000
5000000,4021106,5001000,1.24369,9626,0,1000
5050000,4048691,5051000,1.24756,9729,0,1000
5100000,4076276,5101000,1.25139,9830,0,1000
5150000,4103613,5151000,1.25524,9939,0,1000
5200000,4130897,5201000,1.25905,10028,0,1000
5250000,4158053,5251000,1.26285,10148,0,1000
5300000,4185272,5301000,1.2665799999999998,10245,0,1000
5350000,4212297,5351000,1.27033,10354,0,1000
5400000,4239136,5401000,1.2740799999999999,10454,0,1000
5450000,4265866,5451000,1.2778200000000002,10548,0,1000
5500000,4292379,5501000,1.28157,10654,0,1000
5550000,4319103,5551000,1.28522,10756,0,1000
5600000,4345396,5601000,1.28895,10851,0,1000
5650000,4371799,5651000,1.2926,10943,0,1000
5700000,4397899,5701000,1.2963,11052,0,1000
5750000,4423920,5751000,1.29998,11149,0,1000
5800000,4449947,5801000,1.30361,11240,0,1000
5850000,4475745,5851000,1.3072700000000002,11332,0,1000
5900000,4501284,5901000,1.3109600000000001,11440,0,1000
5950000,4526812,5951000,1.31461,11543,0,1000
6000000,4552360,6001000,1.3182200000000002,11634,0,1000
6050000,4577731,6051000,1.3218299999999998,11717,0,1000
6100000,4603020,6101000,1.3254299999999999,11803,0,1000
6150000,4628363,6151000,1.3289799999999998,11894,0,1000
6200000,4653479,6201000,1.33255,11988,0,1000
6250000,4678525,6251000,1.3361,12069,0,1000
6300000,4703414,6301000,1.3396700000000001,12158,0,1000
6350000,4728426,6351000,1.34315,12230,0,1000
6400000,4753531,6401000,1.3465799999999999,12328,0,1000
6450000,4778309,6451000,1.35006,12414,0,1000
6500000,4803051,6501000,1.35351,12515,0,1000
6550000,4827845,6551000,1.3569200000000001,12607,0,1000
6600000,4852446,6601000,1.3603399999999999,12705,0,1000
6650000,4876683,6651000,1.36384,12812,0,1000
6700000,4901118,6701000,1.36724,12893,0,1000
6750000,4925399,6751000,1.37065,12989,0,1000
6800000,4949775,6801000,1.374,13074,0,1000
6850000,4973832,6851000,1.37741,13176,0,1000
6900000,4997873,6901000,1.38079,13279,0,1000
6950000,5021827,6951000,1.38416,13390,0,1000
7000000,5045697,7001000,1.38752,13482,0,1000
7050000,5069447,7051000,1.39088,13584,0,1000
7100000,5093294,7101000,1.39419,13681,0,1000
7150000,5116913,7151000,1.39752,13784,0,1000
7200000,5140478,7201000,1.4008399999999999,13865,0,1000
7250000,5163934,7251000,1.40416,13964,0,1000
7300000,5187303,7301000,1.4074799999999998,14057,0,1000
7350000,5210503,7351000,1.4108,14148,0,1000
7400000,5233810,7401000,1.41408,14246,0,1000
7450000,5257088,7451000,1.4173200000000001,14344,0,1000
7500000,5280257,7501000,1.42057,14459,0,1000
7550000,5303160,7551000,1.42387,14540,0,1000
7600000,5326107,7601000,1.4271200000000002,14641,0,1000
7650000,5348722,7651000,1.43044,14739,0,1000
7700000,5371634,7701000,1.43364,14825,0,1000
7750000,5394328,7751000,1.43688,14913,0,1000
7800000,5417011,7801000,1.4400899999999999,15008,0,1000
7850000,5439553,7851000,1.4433200000000002,15104,0,1000
7900000,5462238,7901000,1.44648,15219,0,1000
7950000,5484745,7951000,1.44966,15316,0,1000
8000000,5506991,8001000,1.45288,15415,0,1000
8050000,5529385,8051000,1.45604,15494,0,1000
8100000,5551721,8101000,1.45919,15579,0,1000
8150000,5573812,8151000,1.4623700000000002,15676,0,1000
8200000,5596209,8201000,1.46546,15778,0,1000
8250000,5618340,8251000,1.46858,15862,0,1000
8300000,5640331,8301000,1.4717200000000001,15953,0,1000
8350000,5662378,8351000,1.47482,16037,0,1000
8400000,5684321,8401000,1.4779200000000001,16133,0,1000
8450000,5706114,8451000,1.48104,16242,0,1000
8500000,5727886,8501000,1.48414,16346,0,1000
8550000,5749639,8551000,1.48722,16457,0,1000
8600000,5771330,8601000,1.4903,16561,0,1000
8650000,5793037,8651000,1.49334,16645,0,1000
8700000,5814511,8701000,1.49643,16735,0,1000
8750000,5835944,8751000,1.4995,16827,0,1000
8800000,5857384,8801000,1.50255,16920,0,1000
8850000,5878724,8851000,1.5056,17020,0,1000
8900000,5900030,8901000,1.50864,17135,0,1000
8950000,5921324,8951000,1.51166,17227,0,1000
9000000,5942442,9001000,1.5147,17314,0,1000
9050000,5963611,9051000,1.5177,17401,0,1000
9100000,5984646,9101000,1.52072,17488,0,1000
9150000,6005469,9151000,1.52378,17584,0,1000
9200000,6026241,9201000,1.52682,17673,0,1000
9250000,6047166,9251000,1.5298100000000001,17782,0,1000
9300000,6068044,9301000,1.53278,17858,0,1000
9350000,6088787,9351000,1.53577,17958,0,1000
9400000,6109522,9401000,1.53875,18053,0,1000
9450000,6130249,9451000,1.5417,18152,0,1000
9500000,6150913,9501000,1.54465,18247,0,1000
9550000,6171600,9551000,1.5475700000000001,18338,0,1000
9600000,6192145,9601000,1.55051,18441,0,1000
9650000,6212638,9651000,1.55345,18542,0,1000
9700000,6233117,9701000,1.55636,18641,0,1000
9750000,6253581,9751000,1.5592700000000002,18732,0,1000
9800000,6274058,9801000,1.56215,18838,0,1000
9850000,6294229,9851000,1.56508,18928,0,1000
9900000,6314422,9901000,1.568,19024,0,1000
9950000,6334764,9951000,1.5708600000000001,19128,0,1000
10000000,6354910,10001000,1.57374,19227,0,1000
10050000,6374962,10051000,1.57664,19314,0,1000
10100000,6394955,10101000,1.5795299999999999,19401,0,1000
10150000,6415022,10151000,1.58238,19489,0,1000
10200000,6434989,10201000,1.58524,19575,0,1000
10250000,6454987,10251000,1.58807,19683,0,1000
10300000,6474790,10301000,1.59094,19798,0,1000
10350000,6494597,10351000,1.59379,19889,0,1000
10400000,6514189,10401000,1.59667,19983,0,1000
10450000,6533929,10451000,1.5995,20087,0,1000
10500000,6553474,10501000,1.60236,20178,0,1000
10550000,6573109,10551000,1.6051799999999998,20262,0,1000
10600000,6592526,10601000,1.6080299999999998,20380,0,1000
10650000,6611896,10651000,1.6108799999999999,20487,0,1000
10700000,6631323,10701000,1.61371,20577,0,1000
10750000,6650811,10751000,1.61649,20666,0,1000
10800000,6670315,10801000,1.6192600000000001,20755,0,1000
10850000,6689810,10851000,1.62202,20835,0,1000
10900000,6709114,10901000,1.6248,20936,0,1000
10950000,6728454,10951000,1.6275700000000002,21034,0,1000
11000000,6747649,11001000,1.63035,21126,0,1000
11050000,6766698,11051000,1.63315,21221,0,1000
11100000,6785916,11101000,1.63589,21322,0,1000
11150000,6804871,11151000,1.63868,21412,0,1000
11200000,6824118,11201000,1.6413799999999998,21518,0,1000
11250000,6843173,11251000,1.64412,21629,0,1000
11300000,6862103,11301000,1.64687,21713,0,1000
11350000,6881164,11351000,1.6495799999999998,21802,0,1000
11400000,6900216,11401000,1.6522700000000001,21892,0,1000
11450000,6919086,11451000,1.6549900000000002,21989,0,1000
11500000,6937963,11501000,1.65769,22066,0,1000
11550000,6956654,11551000,1.66042,22158,0,1000
11600000,6975444,11601000,1.6631200000000002,22239,0,1000
11650000,6994086,11651000,1.6658400000000002,22344,0,1000
11700000,7012987,11701000,1.66848,22448,0,1000
11750000,7031556,11751000,1.6711799999999999,22543,0,1000
11800000,7050401,11801000,1.6738099999999998,22655,0,1000
11850000,7068917,11851000,1.67649,22758,0,1000
11900000,7087633,11901000,1.6791200000000002,22850,0,1000
11950000,7106048,11951000,1.6818099999999998,22933,0,1000
12000000,7124363,12001000,1.6845,23036,0,1000
12050000,7142725,12051000,1.68717,23146,0,1000
12100000,7161063,12101000,1.68983,23237,0,1000
12150000,7179392,12151000,1.69248,23335,0,1000
12200000,7197679,12201000,1.69513,23436,0,1000
12250000,7215872,12251000,1.6977900000000001,23529,0,1000
12300000,7233757,12301000,1.7005,23615,0,1000
12350000,7251677,12351000,1.7031900000000002,23710,0,1000
12400000,7269880,12401000,1.7058099999999998,23806,0,1000
12450000,7287970,12451000,1.70843,23896,0,1000
12500000,7305917,12501000,1.71108,24009,0,1000
12550000,7323976,12551000,1.7136900000000002,24121,0,1000
12600000,7342081,12601000,1.71627,24221,0,1000
12650000,7360075,12651000,1.7188700000000001,24307,0,1000
12700000,7377914,12701000,1.7214900000000002,24400,0,1000
12750000,7395851,12751000,1.72407,24492,0,1000
12800000,7413497,12801000,1.72672,24603,0,1000
12850000,7431324,12851000,1.7293,24705,0,1000
12900000,7448919,12901000,1.73193,24793,0,1000
12950000,7466800,12951000,1.73448,24888,0,1000
13000000,7484332,13001000,1.7371,25003,0,1000
13050000,7501844,13051000,1.7397099999999999,25087,0,1000
13100000,7519423,13101000,1.7422900000000001,25207,0,1000
13150000,7537100,13151000,1.7448400000000002,25293,0,1000
13200000,7554403,13201000,1.7474599999999998,25410,0,1000
13250000,7571897,13251000,1.7500200000000001,25508,0,1000
13300000,7589286,13301000,1.7526,25608,0,1000
13350000,7606647,13351000,1.75518,25701,0,1000
13400000,7624221,13401000,1.7576900000000002,25796,0,1000
13450000,7641608,13451000,1.76023,25889,0,1000
13500000,7658879,13501000,1.76279,26003,0,1000
13550000,7676096,13551000,1.76535,26106,0,1000
13600000,7693242,13601000,1.7679200000000002,26207,0,1000
13650000,7710581,13651000,1.77042,26300,0,1000
13700000,7727839,13701000,1.7729400000000002,26391,0,1000
13750000,7744924,13751000,1.7754900000000002,26479,0,1000
13800000,7761978,13801000,1.77803,26591,0,1000
13850000,7778964,13851000,1.78057,26688,0,1000
13900000,7796098,13901000,1.7830700000000002,26786,0,1000
13950000,7813087,13951000,1.7855900000000002,26902,0,1000
14000000,7830181,14001000,1.78808,26974,0,1000
14050000,7847365,14051000,1.7905400000000002,27076,0,1000
14100000,7864340,14101000,1.79303,27171,0,1000
14150000,7881410,14151000,1.7954900000000003,27274,0,1000
14200000,7898254,14201000,1.7979900000000002,27373,0,1000
14250000,7914991,14251000,1.8005099999999998,27479,0,1000
14300000,7932009,14301000,1.80295,27558,0,1000
14350000,7948523,14351000,1.80549,27670,0,1000
14400000,7965255,14401000,1.80798,27772,0,1000
14450000,7982209,14451000,1.8104,27872,0,1000
14500000,7998836,14501000,1.8128900000000001,27954,0,1000
14550000,8015458,14551000,1.8153700000000002,28040,0,1000
14600000,8031882,14601000,1.81788,28129,0,1000
14650000,8048442,14651000,1.82035,28233,0,1000
14700000,8064979,14701000,1.82282,28316,0,1000
14750000,8081641,14751000,1.82525,28416,0,1000
14800000,8098247,14801000,1.82768,28521,0,1000
14850000,8114600,14851000,1.8301599999999998,28618,0,1000
14900000,8131068,14901000,1.8326,28715,0,1000
14950000,8147390,14951000,1.83507,28806,0,1000
15000000,8163933,15001000,1.8374700000000002,28894,0,1000
15050000,8180264,15051000,1.83992,28985,0,1000
15100000,8196562,15101000,1.8423599999999998,29077,0,1000
15150000,8212882,15151000,1.8447799999999999,29165,0,1000
15200000,8229086,15201000,1.84723,29250,0,1000
15250000,8245234,15251000,1.8496700000000001,29341,0,1000
15300000,8261622,15301000,1.8520599999999998,29434,0,1000
15350000,8277929,15351000,1.85445,29547,0,1000
15400000,8294044,15401000,1.85687,29648,0,1000
15450000,8310071,15451000,1.8593099999999998,29749,0,1000
15500000,8326299,15501000,1.86169,29840,0,1000
15550000,8342380,15551000,1.8641,29921,0,1000
15600000,8358426,15601000,1.8665,30010,0,1000
15650000,8374497,15651000,1.8688900000000002,30089,0,1000
15700000,8390556,15701000,1.87127,30189,0,1000
15750000,8406423,15751000,1.87369,30293,0,1000
15800000,8422204,15801000,1.87611,30385,0,1000
15850000,8438218,15851000,1.87848,30487,0,1000
15900000,8454142,15901000,1.88085,30587,0,1000
15950000,8469927,15951000,1.88325,30675,0,1000
16000000,8485893,16001000,1.8856,30764,0,1000
16050000,8501724,16051000,1.8879700000000001,30861,0,1000
16100000,8517612,16101000,1.89032,30966,0,1000
16150000,8533361,16151000,1.8926900000000002,31053,0,1000
16200000,8548901,16201000,1.8951,31137,0,1000
16250000,8564409,16251000,1.8975,31244,0,1000
16300000,8580056,16301000,1.8998700000000002,31335,0,1000
16350000,8595829,16351000,1.9022,31436,0,1000
16400000,8611483,16401000,1.90455,31531,0,1000
16450000,8627070,16451000,1.9069,31631,0,1000
16500000,8642764,16501000,1.90923,31712,0,1000
16550000,8658447,16551000,1.9115400000000002,31805,0,1000
16600000,8673800,16601000,1.91392,31887,0,1000
16650000,8689376,16651000,1.91625,31964,0,1000
16700000,8704623,16701000,1.9186400000000001,32069,0,1000
16750000,8720313,16751000,1.9209200000000002,32170,0,1000
16800000,8735859,16801000,1.9232200000000002,32281,0,1000
16850000,8751384,16851000,1.9255200000000001,32368,0,1000
16900000,8766737,16901000,1.92786,32462,0,1000
16950000,8782020,16951000,1.93019,32549,0,1000
17000000,8797379,17001000,1.93251,32651,0,1000
17050000,8812809,17051000,1.9348,32743,0,1000
17100000,8827986,17101000,1.93713,32850,0,1000
17150000,8843098,17151000,1.9394799999999999,32947,0,1000
17200000,8858331,17201000,1.9417900000000001,33062,0,1000
17250000,8873524,17251000,1.9441,33158,0,1000
17300000,8888822,17301000,1.94638,33245,0,1000
17350000,8903985,17351000,1.94868,33350,0,1000
17400000,8919269,17401000,1.9509400000000001,33431,0,1000
17450000,8934581,17451000,1.9532,33517,0,1000
17500000,8949539,17501000,1.9555200000000001,33620,0,1000
17550000,8964556,17551000,1.9578200000000001,33707,0,1000
17600000,8979560,17601000,1.96012,33804,0,1000
17650000,8994460,17651000,1.96243,33885,0,1000
17700000,9009391,17701000,1.9647299999999999,33976,0,1000
17750000,9024628,17751000,1.96695,34071,0,1000
17800000,9039459,17801000,1.9692599999999998,34169,0,1000
17850000,9054515,17851000,1.9715,34270,0,1000
17900000,9069425,17901000,1.97377,34384,0,1000
17950000,9084206,17951000,1.97607,34475,0,1000
18000000,9099169,18001000,1.9783099999999998,34549,0,1000
18050000,9114183,18051000,1.9805400000000002,34651,0,1000
18100000,9129155,18101000,1.9827700000000001,34759,0,1000
18150000,9143714,18151000,1.98508,34830,0,1000
18200000,9158357,18201000,1.98737,34931,0,1000
18250000,9173153,18251000,1.9896099999999999,35042,0,1000
18300000,9187866,18301000,1.99187,35127,0,1000
18350000,9202557,18351000,1.9941200000000001,35219,0,1000
18400000,9217095,18401000,1.9964,35323,0,1000
18450000,9231845,18451000,1.99863,35422,0,1000
18500000,9246534,18501000,2.00086,35507,0,1000
18550000,9261187,18551000,2.0030900000000003,35610,0,1000
18600000,9275849,18601000,2.00532,35703,0,1000
18650000,9290512,18651000,2.00753,35807,0,1000
18700000,9305177,18701000,2.0097400000000003,35915,0,1000
18750000,9319671,18751000,2.01198,36007,0,1000
18800000,9334403,18801000,2.01416,36098,0,1000
18850000,9348909,18851000,2.0163900000000003,36180,0,1000
18900000,9363543,18901000,2.01857,36271,0,1000
18950000,9378011,18951000,2.0207900000000003,36363,0,1000
19000000,9392368,19001000,2.02303,36473,0,1000
19050000,9406741,19051000,2.02525,36579,0,1000
19100000,9421143,19101000,2.02746,36688,0,1000
19150000,9435492,19151000,2.02968,36780,0,1000
19200000,9450033,19201000,2.0318400000000003,36871,0,1000
19250000,9464297,19251000,2.0340700000000003,36963,0,1000
19300000,9478685,19301000,2.03625,37063,0,1000
19350000,9492934,19351000,2.0384599999999997,37153,0,1000
19400000,9507331,19401000,2.0406400000000002,37251,0,1000
19450000,9521610,19451000,2.04283,37339,0,1000
19500000,9535960,19501000,2.045,37434,0,1000
19550000,9550285,19551000,2.04716,37527,0,1000
19600000,9564606,19601000,2.04933,37617,0,1000
19650000,9578633,19651000,2.05155,37727,0,1000
19700000,9593030,19701000,2.05368,37820,0,1000
19750000,9607116,19751000,2.05587,37906,0,1000
19800000,9621154,19801000,2.0580700000000003,37997,0,1000
19850000,9635314,19851000,2.06023,38087,0,1000
19900000,9649236,19901000,2.06244,38177,0,1000
19950000,9663383,19951000,2.0646,38263,0,1000
20000000,9677363,20001000,2.06678,38348,0,1000
20050000,9691245,20051000,2.06898,38451,0,1000
20100000,9705326,20101000,2.07113,38569,0,1000
20150000,9719338,20151000,2.07329,38658,0,1000
20200000,9733293,20201000,2.07545,38747,0,1000
20250000,9747386,20251000,2.0775799999999998,38845,0,1000
20300000,9761406,20301000,2.07972,38949,0,1000
20350000,9775380,20351000,2.08186,39054,0,1000
20400000,9789278,20401000,2.0840099999999997,39144,0,1000
20450000,9803072,20451000,2.08618,39238,0,1000
20500000,9816801,20501000,2.0883599999999998,39341,0,1000
20550000,9830501,20551000,2.0905299999999998,39430,0,1000
20600000,9844255,20601000,2.09269,39524,0,1000
20650000,9857911,20651000,2.0948700000000002,39612,0,1000
20700000,9871893,20701000,2.0969599999999997,39713,0,1000
20750000,9885647,20751000,2.0991,39815,0,1000
20800000,9899353,20801000,2.10125,39912,0,1000
20850000,9913085,20851000,2.10338,40001,0,1000
20900000,9926557,20901000,2.1055599999999997,40077,0,1000
20950000,9940223,20951000,2.1077,40175,0,1000
21000000,9953799,21001000,2.10985,40281,0,1000
21050000,9967550,21051000,2.11195,40377,0,1000
21100000,9981158,21101000,2.11408,40466,0,1000
21150000,9994680,21151000,2.11623,40548,0,1000
21200000,10008253,21201000,2.11835,40637,0,1000
21250000,10021864,21251000,2.12046,40741,0,1000
21300000,10035466,21301000,2.12257,40842,0,1000
21350000,10049047,21351000,2.12468,40953,0,1000
21400000,10062462,21401000,2.12682,41038,0,1000
21450000,10075994,21451000,2.12892,41129,0,1000
21500000,10089466,21501000,2.13103,41220,0,1000
21550000,10102797,21551000,2.1331700000000002,41329,0,1000
21600000,10116333,21601000,2.1352599999999997,41431,0,1000
21650000,10129648,21651000,2.1373900000000003,41529,0,1000
21700000,10143101,21701000,2.13948,41629,0,1000
21750000,10156621,21751000,2.1415599999999997,41702,0,1000
21800000,10169854,21801000,2.1436900000000003,41815,0,1000
21850000,10183259,21851000,2.14578,41908,0,1000
21900000,10196626,21901000,2.14787,41999,0,1000
21950000,10209611,21951000,2.15003,42112,0,1000
22000000,10222787,22001000,2.15215,42213,0,1000
22050000,10236049,22051000,2.15425,42304,0,1000
22100000,10249304,22101000,2.15634,42393,0,1000
22150000,10262527,22151000,2.15844,42496,0,1000
22200000,10275662,22201000,2.16054,42588,0,1000
22250000,10288846,22251000,2.16263,42697,0,1000
22300000,10302197,22301000,2.1646799999999997,42793,0,1000
22350000,10315465,22351000,2.16675,42899,0,1000
22400000,10328651,22401000,2.16882,42986,0,1000
22450000,10341705,22451000,2.17092,43082,0,1000
22500000,10354773,22501000,2.1730099999999997,43193,0,1000
