timestep,num_nodes,num_edges,average_degree,max_degree,num_triangles,new_edges
0,1988,1000,0.5030180000000001,2,0,1000
50000,91203,51000,0.559192,85,0,1000
100000,170834,101000,0.591217,173,0,1000
150000,245267,151000,0.6156560000000001,289,0,1000
200000,315739,201000,0.636602,377,0,1000
250000,383536,251000,0.6544369999999999,461,0,1000
300000,448840,301000,0.670618,560,0,1000
350000,511997,351000,0.685551,660,0,1000
400000,573530,401000,0.699179,760,0,1000
450000,633541,451000,0.7118720000000001,873,0,1000
500000,691913,501000,0.724079,976,0,1000
550000,748898,551000,0.735748,1083,0,1000
600000,804686,601000,0.746875,1176,0,1000
650000,859424,651000,0.757484,1257,0,1000
700000,913057,701000,0.7677510000000001,1348,0,1000
750000,965889,751000,0.777522,1456,0,1000
800000,1017448,801000,0.7872640000000001,1548,0,1000
850000,1068365,851000,0.7965439999999999,1658,0,1000
900000,1118341,901000,0.805658,1741,0,1000
950000,1167822,951000,0.814336,1844,0,1000
1000000,1216494,1001000,0.822857,1951,0,1000
1050000,1264707,1051000,0.831023,2029,0,1000
1100000,1312032,1101000,0.8391559999999999,2112,0,1000
1150000,1358683,1151000,0.847144,2216,0,1000
1200000,1404901,1201000,0.854865,2314,0,1000
1250000,1450505,1251000,0.862458,2428,0,1000
1300000,1495374,1301000,0.870016,2526,0,1000
1350000,1539916,1351000,0.8773209999999999,2616,0,1000
1400000,1584246,1401000,0.884332,2708,0,1000
1450000,1627842,1451000,0.8913639999999999,2800,0,1000
1500000,1671061,1501000,0.8982319999999999,2906,0,1000
1550000,1713987,1551000,0.904908,2987,0,1000
1600000,1756013,1601000,0.911724,3090,0,1000
1650000,1797758,1651000,0.918366,3172,0,1000
1700000,1839255,1701000,0.924831,3273,0,1000
1750000,1880347,1751000,0.931211,3365,0,1000
1800000,1920836,1801000,0.9376129999999999,3446,0,1000
1850000,1961217,1851000,0.943802,3549,0,1000
1900000,2001309,1901000,0.9498780000000001,3650,0,1000
1950000,2040765,1951000,0.9560139999999999,3741,0,1000
2000000,2080052,2001000,0.961995,3830,0,1000
2050000,2118747,2051000,0.968025,3916,0,1000
2100000,2157246,2101000,0.9739270000000001,4007,0,1000
2150000,2195544,2151000,0.979712,4118,0,1000
2200000,2233305,2201000,0.985535,4227,0,1000
2250000,2271165,2251000,0.9911209999999999,4338,0,1000
2300000,2308470,2301000,0.996764,4441,0,1000
2350000,2345485,2351000,1.00235,4550,0,1000
2400000,2382363,2401000,1.0078200000000002,4661,0,1000
2450000,2418986,2451000,1.0132299999999999,4751,0,1000
2500000,2455257,2501000,1.01863,4852,0,1000
2550000,2490976,2551000,1.0241,4947,0,1000
2600000,2526768,2601000,1.02938,5037,0,1000
2650000,2562210,2651000,1.03465,5152,0,1000
2700000,2597523,2701000,1.0398399999999999,5237,0,1000
2750000,2632502,2751000,1.04501,5330,0,1000
2800000,2667374,2801000,1.0501,5417,0,1000
2850000,2702063,2851000,1.05512,5501,0,1000
2900000,2736508,2901000,1.06011,5605,0,1000
2950000,2770886,2951000,1.065,5694,0,1000
3000000,2804856,3001000,1.0699299999999998,5792,0,1000
3050000,2838793,3051000,1.07475,5903,0,1000
3100000,2872323,3101000,1.07961,6004,0,1000
3150000,2905917,3151000,1.0843399999999999,6085,0,1000
3200000,2938791,3201000,1.08922,6187,0,1000
3250000,2971998,3251000,1.09388,6295,0,1000
3300000,3004780,3301000,1.09858,6389,0,1000
3350000,3037331,3351000,1.10327,6475,0,1000
3400000,3069922,3401000,1.10785,6574,0,1000
3450000,3101924,3451000,1.1125399999999999,6667,0,1000
3500000,3133845,3501000,1.11716,6753,0,1000
3550000,3165616,3551000,1.12174,6856,0,1000
3600000,3197339,3601000,1.12625,6940,0,1000
3650000,3228929,3651000,1.1307200000000002,7045,0,1000
3700000,3260151,3701000,1.1352200000000001,7132,0,1000
3750000,3291509,3751000,1.1396,7217,0,1000
3800000,3322720,3801000,1.14394,7306,0,1000
3850000,3353465,3851000,1.14836,7407,0,1000
3900000,3383939,3901000,1.1528,7495,0,1000
3950000,3414314,3951000,1.15719,7583,0,1000
4000000,3444756,4001000,1.1614799999999998,7696,0,1000
4050000,3474942,4051000,1.16577,7808,0,1000
4100000,3505113,4101000,1.17001,7904,0,1000
4150000,3535008,4151000,1.17425,7995,0,1000
4200000,3564709,4201000,1.1785,8089,0,1000
4250000,3594402,4251000,1.18267,8192,0,1000
4300000,3624146,4301000,1.18676,8298,0,1000
4350000,3653221,4351000,1.1909999999999998,8400,0,1000
4400000,3682309,4401000,1.19517,8513,0,1000
4450000,3711495,4451000,1.19925,8601,0,1000
4500000,3740472,4501000,1.2033200000000002,8708,0,1000
4550000,3769184,4551000,1.2074200000000002,8818,0,1000
4600000,3797871,4601000,1.21147,8913,0,1000
4650000,3826447,4651000,1.21549,9024,0,1000
4700000,3854979,4701000,1.21946,9109,0,1000
4750000,3883338,4751000,1.22343,9220,0,1000
4800000,3911454,4801000,1.2274200000000002,9314,0,1000
4850000,3939443,4851000,1.23139,9408,0,1000
4900000,3967202,4901000,1.23538,9513,0,1000
4950000,3995200,4951000,1.23924,9609,0,1000
5000000,4022790,5001000,1.24317,9708,0,1000
5050000,4050579,5051000,1.24698,9815,0,1000
5100000,4078046,5101000,1.25084,9902,0,1000
5150000,4105346,5151000,1.25471,9995,0,1000
5200000,4132719,5201000,1.2584899999999999,10087,0,1000
5250000,4159651,5251000,1.26237,10189,0,1000
5300000,4186609,5301000,1.2661799999999999,10269,0,1000
5350000,4213561,5351000,1.26995,10372,0,1000
5400000,4240244,5401000,1.27375,10466,0,1000
5450000,4267130,5451000,1.27744,10547,0,1000
5500000,4293505,5501000,1.28124,10647,0,1000
5550000,4320173,5551000,1.2849,10764,0,1000
5600000,4346516,5601000,1.28862,10865,0,1000
5650000,4372758,5651000,1.2923200000000001,10962,0,1000
5700000,4399236,5701000,1.2959100000000001,11069,0,1000
5750000,4425261,5751000,1.29958,11159,0,1000
5800000,4451209,5801000,1.30324,11241,0,1000
5850000,4477177,5851000,1.30685,11356,0,1000
5900000,4503053,5901000,1.31044,11467,0,1000
5950000,4528877,5951000,1.3140100000000001,11582,0,1000
6000000,4554538,6001000,1.31759,11670,0,1000
6050000,4579821,6051000,1.32123,11760,0,1000
6100000,4605384,6101000,1.32475,11855,0,1000
6150000,4630446,6151000,1.32838,11958,0,1000
6200000,4655723,6201000,1.33191,12059,0,1000
6250000,4680936,6251000,1.33542,12166,0,1000
6300000,4705754,6301000,1.339,12264,0,1000
6350000,4730491,6351000,1.34257,12346,0,1000
6400000,4755354,6401000,1.34606,12453,0,1000
6450000,4779915,6451000,1.34961,12530,0,1000
6500000,4804321,6501000,1.3531600000000001,12633,0,1000
6550000,4829093,6551000,1.35657,12730,0,1000
6600000,4853532,6601000,1.36004,12829,0,1000
6650000,4878014,6651000,1.3634600000000001,12930,0,1000
6700000,4902301,6701000,1.36691,13028,0,1000
6750000,4926841,6751000,1.37025,13115,0,1000
6800000,4951076,6801000,1.37364,13211,0,1000
6850000,4975123,6851000,1.37705,13303,0,1000
6900000,4999307,6901000,1.38039,13382,0,1000
6950000,5023235,6951000,1.3837700000000002,13480,0,1000
7000000,5047004,7001000,1.38716,13560,0,1000
7050000,5070753,7051000,1.39052,13629,0,1000
7100000,5094419,7101000,1.39388,13713,0,1000
7150000,5118003,7151000,1.3972200000000001,13803,0,1000
7200000,5141613,7201000,1.4005299999999998,13906,0,1000
7250000,5165197,7251000,1.40382,13999,0,1000
7300000,5188622,7301000,1.4071200000000001,14098,0,1000
7350000,5211940,7351000,1.41042,14178,0,1000
7400000,5235212,7401000,1.4137,14262,0,1000
7450000,5258291,7451000,1.4169999999999998,14363,0,1000
7500000,5281566,7501000,1.42022,14457,0,1000
7550000,5304661,7551000,1.42347,14561,0,1000
7600000,5327821,7601000,1.42666,14647,0,1000
7650000,5350722,7651000,1.4299,14729,0,1000
7700000,5373524,7701000,1.4331399999999999,14813,0,1000
7750000,5396500,7751000,1.4363,14912,0,1000
7800000,5419094,7801000,1.43954,15003,0,1000
7850000,5441938,7851000,1.44268,15109,0,1000
7900000,5464566,7901000,1.4458600000000001,15201,0,1000
7950000,5487201,7951000,1.4490100000000001,15312,0,1000
8000000,5509475,8001000,1.45223,15418,0,1000
8050000,5531842,8051000,1.45539,15509,0,1000
8100000,5554185,8101000,1.45854,15596,0,1000
8150000,5576428,8151000,1.46169,15696,0,1000
8200000,5598396,8201000,1.46488,15794,0,1000
8250000,5620362,8251000,1.46805,15892,0,1000
8300000,5642399,8301000,1.47118,15982,0,1000
8350000,5664340,8351000,1.47431,16066,0,1000
8400000,5686109,8401000,1.47746,16166,0,1000
8450000,5707987,8451000,1.48056,16258,0,1000
8500000,5729706,8501000,1.48367,16358,0,1000
8550000,5751338,8551000,1.48678,16465,0,1000
8600000,5773323,8601000,1.4897799999999999,16568,0,1000
8650000,5795006,8651000,1.49284,16675,0,1000
8700000,5816616,8701000,1.49589,16771,0,1000
8750000,5838060,8751000,1.49896,16866,0,1000
8800000,5859362,8801000,1.50204,16958,0,1000
8850000,5880928,8851000,1.5050299999999999,17052,0,1000
8900000,5902361,8901000,1.50804,17150,0,1000
8950000,5923635,8951000,1.5110700000000001,17260,0,1000
9000000,5944990,9001000,1.51405,17348,0,1000
9050000,5966116,9051000,1.5170700000000001,17444,0,1000
9100000,5987266,9101000,1.52006,17573,0,1000
9150000,6008265,9151000,1.5230700000000001,17663,0,1000
9200000,6029201,9201000,1.52607,17760,0,1000
9250000,6050168,9251000,1.52905,17852,0,1000
9300000,6071071,9301000,1.5320200000000002,17929,0,1000
9350000,6091835,9351000,1.53501,18015,0,1000
9400000,6112591,9401000,1.53797,18123,0,1000
9450000,6133272,9451000,1.54094,18213,0,1000
9500000,6153695,9501000,1.54395,18303,0,1000
9550000,6174374,9551000,1.54688,18390,0,1000
9600000,6194800,9601000,1.54985,18499,0,1000
9650000,6215300,9651000,1.5527799999999998,18608,0,1000
9700000,6235888,9701000,1.55567,18700,0,1000
9750000,6256632,9751000,1.55851,18797,0,1000
9800000,6276921,9801000,1.5614299999999999,18884,0,1000
9850000,6297387,9851000,1.5643,18978,0,1000
9900000,6317666,9901000,1.5671899999999999,19072,0,1000
9950000,6337840,9951000,1.57009,19173,0,1000
10000000,6357938,10001000,1.5729899999999999,19281,0,1000
10050000,6377877,10051000,1.57592,19379,0,1000
10100000,6398086,10101000,1.57875,19462,0,1000
10150000,6417984,10151000,1.58165,19556,0,1000
10200000,6438082,10201000,1.5844799999999999,19637,0,1000
10250000,6458102,10251000,1.58731,19732,0,1000
10300000,6477879,10301000,1.59018,19831,0,1000
10350000,6497814,10351000,1.5930000000000002,19919,0,1000
10400000,6517623,10401000,1.5958299999999999,20027,0,1000
10450000,6537350,10451000,1.59866,20125,0,1000
10500000,6556981,10501000,1.6015,20220,0,1000
10550000,6576613,10551000,1.60432,20316,0,1000
10600000,6596350,10601000,1.6071,20424,0,1000
10650000,6615801,10651000,1.6099299999999999,20513,0,1000
10700000,6635193,10701000,1.61276,20586,0,1000
10750000,6654559,10751000,1.61558,20692,0,1000
10800000,6674083,10801000,1.61835,20792,0,1000
10850000,6693387,10851000,1.62115,20891,0,1000
10900000,6712575,10901000,1.6239700000000001,20982,0,1000
10950000,6731843,10951000,1.62675,21069,0,1000
11000000,6751155,11001000,1.6295,21169,0,1000
11050000,6770570,11051000,1.63221,21266,0,1000
11100000,6789644,11101000,1.63499,21352,0,1000
11150000,6808816,11151000,1.63773,21458,0,1000
11200000,6827773,11201000,1.64051,21559,0,1000
11250000,6846854,11251000,1.6432400000000003,21652,0,1000
11300000,6865679,11301000,1.6460099999999998,21763,0,1000
11350000,6884632,11351000,1.64874,21880,0,1000
11400000,6903149,11401000,1.65157,21973,0,1000
11450000,6922269,11451000,1.6542299999999999,22060,0,1000
11500000,6941024,11501000,1.6569599999999998,22170,0,1000
11550000,6959799,11551000,1.65967,22261,0,1000
11600000,6978607,11601000,1.6623700000000001,22365,0,1000
11650000,6997368,11651000,1.66505,22477,0,1000
11700000,7015950,11701000,1.66777,22569,0,1000
11750000,7034593,11751000,1.6704599999999998,22659,0,1000
11800000,7053047,11801000,1.67318,22755,0,1000
11850000,7071574,11851000,1.67586,22845,0,1000
11900000,7089987,11901000,1.6785599999999998,22947,0,1000
11950000,7108396,11951000,1.68125,23044,0,1000
12000000,7126456,12001000,1.6840099999999998,23139,0,1000
12050000,7144658,12051000,1.68671,23224,0,1000
12100000,7162995,12101000,1.6893799999999999,23315,0,1000
12150000,7181153,12151000,1.69207,23403,0,1000
12200000,7199147,12201000,1.69478,23500,0,1000
12250000,7217288,12251000,1.69745,23595,0,1000
12300000,7235372,12301000,1.70012,23694,0,1000
12350000,7253681,12351000,1.70272,23781,0,1000
12400000,7271826,12401000,1.70535,23881,0,1000
12450000,7289782,12451000,1.7080099999999998,23958,0,1000
12500000,7307965,12501000,1.7106,24060,0,1000
12550000,7325913,12551000,1.71323,24142,0,1000
12600000,7343814,12601000,1.71587,24239,0,1000
12650000,7361793,12651000,1.7184700000000002,24320,0,1000
12700000,7379689,12701000,1.72108,24407,0,1000
12750000,7397590,12751000,1.72367,24511,0,1000
12800000,7415453,12801000,1.72626,24609,0,1000
12850000,7433373,12851000,1.72882,24706,0,1000
12900000,7451282,12901000,1.73138,24808,0,1000
12950000,7468907,12951000,1.7339900000000001,24911,0,1000
13000000,7486571,13001000,1.73658,25014,0,1000
13050000,7504374,13051000,1.73912,25115,0,1000
13100000,7522119,13101000,1.7416599999999998,25204,0,1000
13150000,7539693,13151000,1.7442400000000002,25291,0,1000
13200000,7557269,13201000,1.7468,25379,0,1000
13250000,7574631,13251000,1.7493900000000002,25481,0,1000
13300000,7592027,13301000,1.75197,25579,0,1000
13350000,7609616,13351000,1.75449,25674,0,1000
13400000,7626897,13401000,1.7570700000000001,25786,0,1000
13450000,7644244,13451000,1.75962,25885,0,1000
13500000,7661469,13501000,1.7621900000000001,25966,0,1000
13550000,7678830,13551000,1.76472,26049,0,1000
13600000,7695951,13601000,1.7672900000000002,26127,0,1000
13650000,7713232,13651000,1.7698200000000002,26226,0,1000
13700000,7730460,13701000,1.7723400000000002,26337,0,1000
13750000,7747450,13751000,1.7749099999999998,26443,0,1000
13800000,7764594,13801000,1.7774299999999998,26566,0,1000
13850000,7781602,13851000,1.77997,26668,0,1000
13900000,7798669,13901000,1.7824799999999998,26758,0,1000
13950000,7815650,13951000,1.7850099999999998,26864,0,1000
14000000,7832650,14001000,1.78752,26958,0,1000
14050000,7849702,14051000,1.79,27056,0,1000
14100000,7866537,14101000,1.79253,27145,0,1000
14150000,7883555,14151000,1.795,27242,0,1000
14200000,7900361,14201000,1.79751,27340,0,1000
14250000,7917464,14251000,1.79995,27411,0,1000
14300000,7934346,14301000,1.8024200000000001,27502,0,1000
14350000,7951091,14351000,1.8049099999999998,27607,0,1000
14400000,7967666,14401000,1.8074299999999999,27704,0,1000
14450000,7984490,14451000,1.80988,27802,0,1000
14500000,8001126,14501000,1.81237,27898,0,1000
14550000,8017743,14551000,1.81485,27985,0,1000
14600000,8034480,14601000,1.81729,28087,0,1000
14650000,8050956,14651000,1.81978,28181,0,1000
14700000,8067588,14701000,1.82223,28263,0,1000
14750000,8084166,14751000,1.8246799999999999,28357,0,1000
14800000,8100584,14801000,1.82715,28447,0,1000
14850000,8117147,14851000,1.82958,28535,0,1000
14900000,8133664,14901000,1.83202,28634,0,1000
14950000,8150067,14951000,1.8344599999999998,28718,0,1000
15000000,8166567,15001000,1.8368799999999998,28811,0,1000
15050000,8182801,15051000,1.83935,28918,0,1000
15100000,8199104,15101000,1.84179,29016,0,1000
15150000,8215512,15151000,1.8441900000000002,29113,0,1000
15200000,8231772,15201000,1.84663,29224,0,1000
15250000,8248198,15251000,1.8490099999999998,29309,0,1000
15300000,8264290,15301000,1.8514599999999999,29414,0,1000
15350000,8280609,15351000,1.85385,29493,0,1000
15400000,8296942,15401000,1.8562299999999998,29579,0,1000
15450000,8313000,15451000,1.8586599999999998,29686,0,1000
15500000,8329267,15501000,1.86103,29791,0,1000
15550000,8345172,15551000,1.8634700000000002,29875,0,1000
15600000,8361021,15601000,1.86592,29991,0,1000
15650000,8376853,15651000,1.8683599999999998,30098,0,1000
15700000,8392785,15701000,1.87077,30190,0,1000
15750000,8408694,15751000,1.8731799999999998,30278,0,1000
15800000,8424458,15801000,1.8756099999999998,30376,0,1000
15850000,8440305,15851000,1.87801,30476,0,1000
15900000,8456214,15901000,1.8803900000000002,30584,0,1000
15950000,8472044,15951000,1.88278,30674,0,1000
16000000,8487913,16001000,1.88515,30787,0,1000
16050000,8503673,16051000,1.8875400000000002,30873,0,1000
16100000,8519431,16101000,1.8899099999999998,30965,0,1000
16150000,8535147,16151000,1.8922900000000002,31074,0,1000
16200000,8550826,16201000,1.89467,31162,0,1000
16250000,8566577,16251000,1.8970200000000002,31259,0,1000
16300000,8582205,16301000,1.8994,31369,0,1000
16350000,8597926,16351000,1.9017400000000002,31463,0,1000
16400000,8613308,16401000,1.90415,31553,0,1000
16450000,8628983,16451000,1.90648,31651,0,1000
16500000,8644609,16501000,1.9088200000000002,31741,0,1000
16550000,8660227,16551000,1.91115,31852,0,1000
16600000,8675735,16601000,1.9135,31958,0,1000
16650000,8691290,16651000,1.91583,32058,0,1000
16700000,8706853,16701000,1.9181400000000002,32168,0,1000
16750000,8722291,16751000,1.92048,32269,0,1000
16800000,8737774,16801000,1.9228,32369,0,1000
16850000,8753172,16851000,1.92513,32461,0,1000
16900000,8768550,16901000,1.92746,32550,0,1000
16950000,8784040,16951000,1.92975,32642,0,1000
17000000,8799315,17001000,1.93208,32749,0,1000
17050000,8814536,17051000,1.93442,32842,0,1000
17100000,8829881,17101000,1.93672,32930,0,1000
17150000,8845252,17151000,1.93901,33014,0,1000
17200000,8860324,17201000,1.94135,33102,0,1000
17250000,8875551,17251000,1.94365,33211,0,1000
17300000,8890744,17301000,1.94596,33325,0,1000
17350000,8905700,17351000,1.9483,33424,0,1000
17400000,8920620,17401000,1.95065,33511,0,1000
17450000,8935818,17451000,1.9529299999999998,33598,0,1000
17500000,8950924,17501000,1.9552200000000002,33720,0,1000
17550000,8966015,17551000,1.9575,33816,0,1000
17600000,8980991,17601000,1.9598099999999998,33925,0,1000
17650000,8995939,17651000,1.9621099999999998,34033,0,1000
17700000,9010818,17701000,1.96442,34124,0,1000
17750000,9025658,17751000,1.9667299999999999,34221,0,1000
17800000,9040626,17801000,1.969,34310,0,1000
17850000,9055607,17851000,1.9712599999999998,34414,0,1000
17900000,9070433,17901000,1.9735599999999998,34509,0,1000
17950000,9085189,17951000,1.97585,34607,0,1000
18000000,9100113,18001000,1.9781099999999998,34685,0,1000
18050000,9114903,18051000,1.98038,34801,0,1000
18100000,9129518,18101000,1.98269,34901,0,1000
18150000,9144271,18151000,1.9849599999999998,34986,0,1000
18200000,9159079,18201000,1.98721,35085,0,1000
18250000,9173890,18251000,1.98945,35168,0,1000
18300000,9188641,18301000,1.9917,35266,0,1000
18350000,9203293,18351000,1.99396,35363,0,1000
18400000,9217906,18401000,1.99622,35452,0,1000
18450000,9232492,18451000,1.99849,35534,0,1000
18500000,9247007,18501000,2.0007599999999996,35625,0,1000
18550000,9261613,18551000,2.003,35726,0,1000
18600000,9276105,18601000,2.00526,35834,0,1000
18650000,9290581,18651000,2.00752,35917,0,1000
18700000,9305213,18701000,2.00973,35990,0,1000
18750000,9319770,18751000,2.0119599999999997,36079,0,1000
18800000,9334444,18801000,2.01415,36166,0,1000
18850000,9349151,18851000,2.01633,36256,0,1000
18900000,9363738,18901000,2.0185299999999997,36348,0,1000
18950000,9378122,18951000,2.02077,36440,0,1000
19000000,9392493,19001000,2.023,36526,0,1000
19050000,9406971,19051000,2.0252,36626,0,1000
19100000,9421542,19101000,2.02738,36718,0,1000
19150000,9435814,19151000,2.02961,36812,0,1000
19200000,9450258,19201000,2.0318,36914,0,1000
19250000,9464589,19251000,2.0340000000000003,36985,0,1000
19300000,9478910,19301000,2.0362,37072,0,1000
19350000,9493169,19351000,2.03841,37169,0,1000
19400000,9507419,19401000,2.04062,37270,0,1000
19450000,9521589,19451000,2.04283,37363,0,1000
19500000,9535756,19501000,2.04504,37448,0,1000
19550000,9549885,19551000,2.04725,37554,0,1000
19600000,9563939,19601000,2.04947,37654,0,1000
19650000,9578129,19651000,2.05165,37753,0,1000
19700000,9592231,19701000,2.05385,37865,0,1000
19750000,9606386,19751000,2.05603,37963,0,1000
19800000,9620558,19801000,2.0582,38076,0,1000
19850000,9634762,19851000,2.06035,38157,0,1000
19900000,9648973,19901000,2.0625,38251,0,1000
19950000,9663059,19951000,2.06467,38339,0,1000
20000000,9677175,20001000,2.06682,38416,0,1000
20050000,9691346,20051000,2.0689599999999997,38503,0,1000
20100000,9705341,20101000,2.07113,38606,0,1000
20150000,9719343,20151000,2.07329,38704,0,1000
20200000,9733251,20201000,2.0754599999999996,38801,0,1000
20250000,9747214,20251000,2.07762,38903,0,1000
20300000,9761098,20301000,2.07979,39008,0,1000
20350000,9774957,20351000,2.08195,39093,0,1000
20400000,9788809,20401000,2.08411,39201,0,1000
20450000,9802584,20451000,2.08629,39300,0,1000
20500000,9816303,20501000,2.08846,39392,0,1000
20550000,9830135,20551000,2.09061,39484,0,1000
20600000,9843963,20601000,2.09275,39597,0,1000
20650000,9857762,20651000,2.0949,39693,0,1000
20700000,9871423,20701000,2.09706,39771,0,1000
20750000,9885202,20751000,2.0992,39868,0,1000
20800000,9898974,20801000,2.10133,39954,0,1000
20850000,9912732,20851000,2.1034599999999997,40048,0,1000
20900000,9926158,20901000,2.10565,40151,0,1000
20950000,9940012,20951000,2.10774,40233,0,1000
21000000,9953581,21001000,2.10989,40329,0,1000
21050000,9967250,21051000,2.1120200000000002,40423,0,1000
21100000,9980927,21101000,2.11413,40512,0,1000
21150000,9994340,21151000,2.1163,40603,0,1000
21200000,10007991,21201000,2.11841,40691,0,1000
21250000,10021558,21251000,2.12053,40789,0,1000
21300000,10035054,21301000,2.1226599999999998,40883,0,1000
21350000,10048454,21351000,2.1248,40978,0,1000
21400000,10061909,21401000,2.1269299999999998,41055,0,1000
21450000,10075446,21451000,2.1290400000000003,41157,0,1000
21500000,10088890,21501000,2.13116,41259,0,1000
21550000,10102217,21551000,2.13329,41356,0,1000
21600000,10115678,21601000,2.1354,41449,0,1000
21650000,10129031,21651000,2.13752,41533,0,1000
21700000,10142580,21701000,2.13959,41632,0,1000
21750000,10156040,21751000,2.14168,41724,0,1000
21800000,10169457,21801000,2.14377,41826,0,1000
21850000,10182721,21851000,2.14589,41917,0,1000
21900000,10196072,21901000,2.14798,42008,0,1000
21950000,10209558,21951000,2.15004,42103,0,1000
22000000,10222905,22001000,2.15213,42212,0,1000
22050000,10236204,22051000,2.15422,42302,0,1000
22100000,10249407,22101000,2.15632,42397,0,1000
22150000,10262601,22151000,2.15842,42491,0,1000
22200000,10275693,22201000,2.16054,42591,0,1000
22250000,10288953,22251000,2.16261,42679,0,1000
22300000,10302269,22301000,2.16467,42761,0,1000
22350000,10315497,22351000,2.1667400000000003,42876,0,1000
22400000,10328544,22401000,2.1688400000000003,42970,0,1000
22450000,10341744,22451000,2.1709099999999997,43066,0,1000
22500000,10354742,22501000,2.1730099999999997,43183,0,1000
