timestep,num_nodes,num_edges,average_degree,max_degree,num_triangles,new_edges
0,1985,1000,0.503778,3,0,1000
50000,91021,51000,0.5603100000000001,96,0,1000
100000,170766,101000,0.591453,190,0,1000
150000,245124,151000,0.616015,289,0,1000
200000,316081,201000,0.6359130000000001,380,0,1000
250000,383896,251000,0.6538229999999999,472,0,1000
300000,448829,301000,0.6706340000000001,563,0,1000
350000,511955,351000,0.685607,663,0,1000
400000,573341,401000,0.6994090000000001,749,0,1000
450000,633188,451000,0.7122689999999999,852,0,1000
500000,691405,501000,0.724611,960,0,1000
550000,748273,551000,0.736362,1059,0,1000
600000,803874,601000,0.74763,1150,0,1000
650000,858465,651000,0.7583300000000001,1250,0,1000
700000,911968,701000,0.768667,1334,0,1000
750000,964196,751000,0.778887,1423,0,1000
800000,1015611,801000,0.7886880000000001,1505,0,1000
850000,1066676,851000,0.797806,1613,0,1000
900000,1116726,901000,0.806823,1720,0,1000
950000,1165978,951000,0.815624,1829,0,1000
1000000,1214572,1001000,0.824159,1917,0,1000
1050000,1262491,1051000,0.8324809999999999,2020,0,1000
1100000,1309954,1101000,0.8404879999999999,2121,0,1000
1150000,1356665,1151000,0.848404,2207,0,1000
1200000,1403005,1201000,0.8560200000000001,2291,0,1000
1250000,1448666,1251000,0.863553,2390,0,1000
1300000,1493646,1301000,0.871023,2492,0,1000
1350000,1538165,1351000,0.8783190000000001,2589,0,1000
1400000,1582211,1401000,0.8854700000000001,2681,0,1000
1450000,1625649,1451000,0.892567,2787,0,1000
1500000,1668463,1501000,0.8996299999999999,2895,0,1000
1550000,1711094,1551000,0.906438,3011,0,1000
1600000,1753338,1601000,0.913115,3111,0,1000
1650000,1795426,1651000,0.919559,3199,0,1000
1700000,1836629,1701000,0.9261530000000001,3268,0,1000
1750000,1877722,1751000,0.9325129999999999,3359,0,1000
1800000,1918188,1801000,0.9389069999999999,3450,0,1000
1850000,1958472,1851000,0.945125,3561,0,1000
1900000,1998345,1901000,0.9512870000000001,3654,0,1000
1950000,2038014,1951000,0.957305,3742,0,1000
2000000,2077193,2001000,0.963319,3844,0,1000
2050000,2116400,2051000,0.9690979999999999,3945,0,1000
2100000,2155170,2101000,0.974865,4055,0,1000
2150000,2193608,2151000,0.980576,4163,0,1000
2200000,2231708,2201000,0.98624,4270,0,1000
2250000,2269252,2251000,0.991957,4378,0,1000
2300000,2306804,2301000,0.997484,4448,0,1000
2350000,2344006,2351000,1.00298,4536,0,1000
2400000,2380852,2401000,1.0084600000000001,4631,0,1000
2450000,2417342,2451000,1.0139200000000002,4729,0,1000
2500000,2453647,2501000,1.0193,4827,0,1000
2550000,2489619,2551000,1.02465,4927,0,1000
2600000,2525254,2601000,1.03,5020,0,1000
2650000,2560641,2651000,1.03529,5121,0,1000
2700000,2595865,2701000,1.0405,5219,0,1000
2750000,2631121,2751000,1.04556,5302,0,1000
2800000,2666007,2801000,1.05063,5400,0,1000
2850000,2700563,2851000,1.05571,5509,0,1000
2900000,2734905,2901000,1.06073,5617,0,1000
2950000,2769239,2951000,1.06564,5714,0,1000
3000000,2803362,3001000,1.0705,5809,0,1000
3050000,2837067,3051000,1.07541,5906,0,1000
3100000,2870638,3101000,1.08025,5994,0,1000
3150000,2903945,3151000,1.0850799999999998,6095,0,1000
3200000,2937114,3201000,1.08985,6203,0,1000
3250000,2970161,3251000,1.09455,6281,0,1000
3300000,3003031,3301000,1.09922,6383,0,1000
3350000,3035637,3351000,1.10389,6477,0,1000
3400000,3067949,3401000,1.10856,6560,0,1000
3450000,3100378,3451000,1.11309,6649,0,1000
3500000,3132286,3501000,1.11771,6757,0,1000
3550000,3164122,3551000,1.12227,6859,0,1000
3600000,3195886,3601000,1.12676,6952,0,1000
3650000,3227251,3651000,1.1313,7047,0,1000
3700000,3258644,3701000,1.13575,7129,0,1000
3750000,3289744,3751000,1.14021,7230,0,1000
3800000,3321001,3801000,1.1445299999999998,7327,0,1000
3850000,3351839,3851000,1.1489200000000002,7427,0,1000
3900000,3382745,3901000,1.15321,7530,0,1000
3950000,3413406,3951000,1.15749,7631,0,1000
4000000,3443786,4001000,1.1618,7737,0,1000
4050000,3474039,4051000,1.16608,7844,0,1000
4100000,3504119,4101000,1.17034,7928,0,1000
4150000,3534091,4151000,1.17456,8028,0,1000
4200000,3563840,4201000,1.17878,8129,0,1000
4250000,3593593,4251000,1.1829399999999999,8224,0,1000
4300000,3623118,4301000,1.1871,8312,0,1000
4350000,3652329,4351000,1.19129,8409,0,1000
4400000,3681445,4401000,1.19545,8509,0,1000
4450000,3710552,4451000,1.19955,8618,0,1000
4500000,3739448,4501000,1.20365,8717,0,1000
4550000,3768374,4551000,1.2076799999999999,8819,0,1000
4600000,3796955,4601000,1.21176,8914,0,1000
4650000,3825746,4651000,1.21571,8995,0,1000
4700000,3853977,4701000,1.2197799999999999,9092,0,1000
4750000,3882305,4751000,1.22376,9179,0,1000
4800000,3910333,4801000,1.22777,9284,0,1000
4850000,3938285,4851000,1.23175,9367,0,1000
4900000,3966373,4901000,1.23564,9476,0,1000
4950000,3993984,4951000,1.23961,9570,0,1000
5000000,4021948,5001000,1.24343,9683,0,1000
5050000,4049499,5051000,1.2473100000000001,9769,0,1000
5100000,4076862,5101000,1.25121,9865,0,1000
5150000,4104034,5151000,1.25511,9974,0,1000
5200000,4131261,5201000,1.25894,10093,0,1000
5250000,4158366,5251000,1.26276,10191,0,1000
5300000,4185517,5301000,1.26651,10286,0,1000
5350000,4212305,5351000,1.27033,10384,0,1000
5400000,4239174,5401000,1.27407,10472,0,1000
5450000,4265853,5451000,1.2778200000000002,10561,0,1000
5500000,4292319,5501000,1.28159,10660,0,1000
5550000,4318859,5551000,1.28529,10739,0,1000
5600000,4345320,5601000,1.2889700000000002,10831,0,1000
5650000,4371483,5651000,1.2927,10933,0,1000
5700000,4397701,5701000,1.29636,11037,0,1000
5750000,4423943,5751000,1.29997,11129,0,1000
5800000,4449930,5801000,1.30362,11233,0,1000
5850000,4476011,5851000,1.30719,11328,0,1000
5900000,4501817,5901000,1.3108,11442,0,1000
5950000,4527358,5951000,1.31445,11546,0,1000
6000000,4553139,6001000,1.31799,11643,0,1000
6050000,4578606,6051000,1.32158,11749,0,1000
6100000,4603843,6101000,1.3252,11849,0,1000
6150000,4629472,6151000,1.32866,11934,0,1000
6200000,4654859,6201000,1.33216,12039,0,1000
6250000,4680124,6251000,1.33565,12134,0,1000
6300000,4705317,6301000,1.33912,12220,0,1000
6350000,4730396,6351000,1.34259,12316,0,1000
6400000,4755380,6401000,1.34605,12408,0,1000
6450000,4780074,6451000,1.34956,12502,0,1000
6500000,4804815,6501000,1.3530200000000001,12587,0,1000
6550000,4829489,6551000,1.35646,12681,0,1000
6600000,4853772,6601000,1.3599700000000001,12763,0,1000
6650000,4877964,6651000,1.36348,12841,0,1000
6700000,4902235,6701000,1.36693,12933,0,1000
6750000,4926364,6751000,1.37038,13030,0,1000
6800000,4950631,6801000,1.37376,13122,0,1000
6850000,4974791,6851000,1.37714,13219,0,1000
6900000,4998883,6901000,1.3805100000000001,13303,0,1000
6950000,5022736,6951000,1.38391,13400,0,1000
7000000,5046766,7001000,1.38723,13490,0,1000
7050000,5070701,7051000,1.3905399999999999,13587,0,1000
7100000,5094265,7101000,1.39392,13692,0,1000
7150000,5117977,7151000,1.39723,13801,0,1000
7200000,5141521,7201000,1.40056,13912,0,1000
7250000,5164906,7251000,1.4039,14006,0,1000
7300000,5188436,7301000,1.40717,14113,0,1000
7350000,5211765,7351000,1.41046,14201,0,1000
7400000,5234938,7401000,1.41377,14314,0,1000
7450000,5258306,7451000,1.4169999999999998,14405,0,1000
7500000,5281362,7501000,1.42028,14486,0,1000
7550000,5304452,7551000,1.4235200000000001,14583,0,1000
7600000,5327475,7601000,1.42675,14672,0,1000
7650000,5350483,7651000,1.4299600000000001,14751,0,1000
7700000,5373131,7701000,1.43324,14841,0,1000
7750000,5395726,7751000,1.43651,14936,0,1000
7800000,5418422,7801000,1.43972,15018,0,1000
7850000,5440990,7851000,1.44294,15114,0,1000
7900000,5463359,7901000,1.44618,15204,0,1000
7950000,5486025,7951000,1.4493200000000002,15295,0,1000
8000000,5508530,8001000,1.4524700000000001,15405,0,1000
8050000,5530783,8051000,1.45567,15518,0,1000
8100000,5553036,8101000,1.45884,15605,0,1000
8150000,5575302,8151000,1.4619799999999998,15712,0,1000
8200000,5597559,8201000,1.4651,15827,0,1000
8250000,5619628,8251000,1.46825,15931,0,1000
8300000,5641668,8301000,1.47137,16047,0,1000
8350000,5663501,8351000,1.47453,16162,0,1000
8400000,5685625,8401000,1.47759,16252,0,1000
8450000,5707500,8451000,1.48068,16359,0,1000
8500000,5729287,8501000,1.4837799999999999,16451,0,1000
8550000,5750942,8551000,1.48689,16542,0,1000
8600000,5772550,8601000,1.4899799999999999,16632,0,1000
8650000,5794341,8651000,1.49301,16723,0,1000
8700000,5816130,8701000,1.49601,16827,0,1000
8750000,5837656,8751000,1.49906,16923,0,1000
8800000,5859285,8801000,1.50206,17004,0,1000
8850000,5880738,8851000,1.50508,17086,0,1000
8900000,5902153,8901000,1.50809,17200,0,1000
8950000,5923441,8951000,1.51111,17300,0,1000
9000000,5944709,9001000,1.5141200000000001,17397,0,1000
9050000,5965912,9051000,1.51712,17491,0,1000
9100000,5986999,9101000,1.52013,17592,0,1000
9150000,6008244,9151000,1.5230700000000001,17699,0,1000
9200000,6029419,9201000,1.5260200000000002,17781,0,1000
9250000,6050661,9251000,1.52892,17855,0,1000
9300000,6071629,9301000,1.53188,17970,0,1000
9350000,6092613,9351000,1.53481,18070,0,1000
9400000,6113392,9401000,1.53777,18179,0,1000
9450000,6134148,9451000,1.54072,18280,0,1000
9500000,6154949,9501000,1.54364,18377,0,1000
9550000,6175376,9551000,1.54663,18472,0,1000
9600000,6195917,9601000,1.5495700000000001,18562,0,1000
9650000,6216401,9651000,1.55251,18667,0,1000
9700000,6236923,9701000,1.55541,18767,0,1000
9750000,6257512,9751000,1.55829,18854,0,1000
9800000,6277934,9801000,1.56118,18950,0,1000
9850000,6298208,9851000,1.5641,19038,0,1000
9900000,6318661,9901000,1.56695,19124,0,1000
9950000,6338795,9951000,1.56986,19229,0,1000
10000000,6358884,10001000,1.57276,19320,0,1000
10050000,6379178,10051000,1.57559,19432,0,1000
10100000,6399103,10101000,1.5785,19500,0,1000
10150000,6419101,10151000,1.5813700000000002,19594,0,1000
10200000,6438930,10201000,1.58427,19688,0,1000
10250000,6458743,10251000,1.58715,19794,0,1000
10300000,6478704,10301000,1.58998,19908,0,1000
10350000,6498540,10351000,1.5928200000000001,20003,0,1000
10400000,6518094,10401000,1.59571,20108,0,1000
10450000,6537753,10451000,1.59856,20213,0,1000
10500000,6557592,10501000,1.60135,20313,0,1000
10550000,6577146,10551000,1.60419,20407,0,1000
10600000,6596755,10601000,1.607,20501,0,1000
10650000,6616331,10651000,1.6098,20583,0,1000
10700000,6635641,10701000,1.61266,20671,0,1000
10750000,6655214,10751000,1.61543,20756,0,1000
10800000,6674734,10801000,1.61819,20858,0,1000
10850000,6694037,10851000,1.62099,20954,0,1000
10900000,6713434,10901000,1.62376,21046,0,1000
10950000,6732692,10951000,1.6265399999999999,21159,0,1000
11000000,6751770,11001000,1.62935,21258,0,1000
11050000,6770901,11051000,1.6321299999999999,21339,0,1000
11100000,6790010,11101000,1.6349,21449,0,1000
11150000,6809071,11151000,1.6376700000000002,21547,0,1000
11200000,6828024,11201000,1.64045,21645,0,1000
11250000,6847094,11251000,1.6431799999999999,21747,0,1000
11300000,6866023,11301000,1.64593,21850,0,1000
11350000,6884934,11351000,1.64867,21953,0,1000
11400000,6903971,11401000,1.65137,22057,0,1000
11450000,6922751,11451000,1.6541099999999997,22158,0,1000
11500000,6941521,11501000,1.65684,22253,0,1000
11550000,6960506,11551000,1.6595099999999998,22342,0,1000
11600000,6979305,11601000,1.6622,22439,0,1000
11650000,6997908,11651000,1.66493,22539,0,1000
11700000,7016482,11701000,1.6676400000000002,22653,0,1000
11750000,7035111,11751000,1.6703400000000002,22729,0,1000
11800000,7053509,11801000,1.67307,22835,0,1000
11850000,7071856,11851000,1.6758,22946,0,1000
11900000,7090238,11901000,1.67851,23029,0,1000
11950000,7108467,11951000,1.68123,23101,0,1000
12000000,7126849,12001000,1.6839099999999998,23190,0,1000
12050000,7145320,12051000,1.6865599999999998,23276,0,1000
12100000,7163513,12101000,1.68925,23370,0,1000
12150000,7181934,12151000,1.6918799999999998,23456,0,1000
12200000,7200060,12201000,1.6945700000000001,23544,0,1000
12250000,7218217,12251000,1.69723,23634,0,1000
12300000,7236398,12301000,1.6998799999999998,23742,0,1000
12350000,7254520,12351000,1.70252,23830,0,1000
12400000,7272856,12401000,1.70511,23928,0,1000
12450000,7290827,12451000,1.70776,24032,0,1000
12500000,7308818,12501000,1.7104,24123,0,1000
12550000,7326904,12551000,1.713,24233,0,1000
12600000,7344848,12601000,1.7156200000000001,24333,0,1000
12650000,7362680,12651000,1.71826,24424,0,1000
12700000,7380672,12701000,1.72085,24520,0,1000
12750000,7398620,12751000,1.72343,24615,0,1000
12800000,7416376,12801000,1.72605,24720,0,1000
12850000,7434255,12851000,1.72862,24803,0,1000
12900000,7452140,12901000,1.73118,24897,0,1000
12950000,7469851,12951000,1.73377,25006,0,1000
13000000,7487387,13001000,1.73639,25100,0,1000
13050000,7504874,13051000,1.739,25185,0,1000
13100000,7522561,13101000,1.7415599999999998,25282,0,1000
13150000,7539891,13151000,1.7441900000000001,25361,0,1000
13200000,7557184,13201000,1.7468099999999998,25455,0,1000
13250000,7574703,13251000,1.74938,25565,0,1000
13300000,7592248,13301000,1.7519200000000001,25663,0,1000
13350000,7609561,13351000,1.7545,25769,0,1000
13400000,7626870,13401000,1.75708,25871,0,1000
13450000,7644059,13451000,1.75967,25960,0,1000
13500000,7661518,13501000,1.7621799999999999,26050,0,1000
13550000,7678979,13551000,1.76469,26135,0,1000
13600000,7696274,13601000,1.76722,26238,0,1000
13650000,7713674,13651000,1.76971,26345,0,1000
13700000,7730651,13701000,1.7723,26446,0,1000
13750000,7747687,13751000,1.77485,26522,0,1000
13800000,7764799,13801000,1.77738,26618,0,1000
13850000,7781899,13851000,1.7799,26722,0,1000
13900000,7798956,13901000,1.7824200000000001,26813,0,1000
13950000,7815931,13951000,1.7849400000000002,26903,0,1000
14000000,7832861,14001000,1.7874700000000001,27024,0,1000
14050000,7849818,14051000,1.78998,27116,0,1000
14100000,7866732,14101000,1.7924900000000001,27214,0,1000
14150000,7883656,14151000,1.79498,27294,0,1000
14200000,7900513,14201000,1.79748,27401,0,1000
14250000,7917357,14251000,1.79997,27481,0,1000
14300000,7934078,14301000,1.8024799999999999,27562,0,1000
14350000,7950832,14351000,1.80497,27659,0,1000
14400000,7967493,14401000,1.8074700000000001,27755,0,1000
14450000,7984322,14451000,1.80992,27839,0,1000
14500000,8001203,14501000,1.81235,27950,0,1000
14550000,8017805,14551000,1.8148400000000002,28037,0,1000
14600000,8034338,14601000,1.81732,28129,0,1000
14650000,8051220,14651000,1.81972,28231,0,1000
14700000,8067613,14701000,1.8222200000000002,28325,0,1000
14750000,8084285,14751000,1.82465,28411,0,1000
14800000,8100782,14801000,1.8271099999999998,28496,0,1000
14850000,8117507,14851000,1.8295,28598,0,1000
14900000,8133829,14901000,1.83198,28709,0,1000
14950000,8150161,14951000,1.83444,28802,0,1000
15000000,8166532,15001000,1.8368900000000001,28890,0,1000
15050000,8182933,15051000,1.83932,28996,0,1000
15100000,8199275,15101000,1.84175,29085,0,1000
15150000,8215559,15151000,1.84418,29193,0,1000
15200000,8231698,15201000,1.84664,29281,0,1000
15250000,8248005,15251000,1.84905,29389,0,1000
15300000,8264186,15301000,1.85148,29493,0,1000
15350000,8280383,15351000,1.8539,29587,0,1000
15400000,8296634,15401000,1.8562900000000002,29686,0,1000
15450000,8312741,15451000,1.8587099999999999,29761,0,1000
15500000,8328738,15501000,1.86115,29853,0,1000
15550000,8344765,15551000,1.8635599999999999,29946,0,1000
15600000,8360950,15601000,1.8659400000000002,30050,0,1000
15650000,8377061,15651000,1.86832,30163,0,1000
15700000,8392935,15701000,1.87074,30251,0,1000
15750000,8408805,15751000,1.87316,30347,0,1000
15800000,8424675,15801000,1.87556,30422,0,1000
15850000,8440596,15851000,1.87795,30509,0,1000
15900000,8456333,15901000,1.88037,30607,0,1000
15950000,8472230,15951000,1.88274,30706,0,1000
16000000,8487979,16001000,1.88514,30796,0,1000
16050000,8503909,16051000,1.8874799999999998,30879,0,1000
16100000,8519753,16101000,1.8898400000000002,30962,0,1000
16150000,8535471,16151000,1.89222,31061,0,1000
16200000,8551047,16201000,1.89462,31144,0,1000
16250000,8566718,16251000,1.8969900000000002,31261,0,1000
16300000,8582412,16301000,1.89935,31361,0,1000
16350000,8598209,16351000,1.90168,31457,0,1000
16400000,8613747,16401000,1.90405,31554,0,1000
16450000,8629142,16451000,1.90645,31657,0,1000
16500000,8644781,16501000,1.90878,31753,0,1000
16550000,8660254,16551000,1.91114,31862,0,1000
16600000,8675902,16601000,1.91346,31945,0,1000
16650000,8691449,16651000,1.91579,32030,0,1000
16700000,8706860,16701000,1.9181400000000002,32121,0,1000
16750000,8722292,16751000,1.92048,32229,0,1000
16800000,8737615,16801000,1.92284,32324,0,1000
16850000,8752822,16851000,1.9252099999999999,32422,0,1000
16900000,8768465,16901000,1.9274799999999999,32515,0,1000
16950000,8783802,16951000,1.9298,32604,0,1000
17000000,8799263,17001000,1.93209,32709,0,1000
17050000,8814466,17051000,1.9344299999999999,32786,0,1000
17100000,8829721,17101000,1.93675,32892,0,1000
17150000,8844894,17151000,1.93908,32985,0,1000
17200000,8860095,17201000,1.9414,33091,0,1000
17250000,8875323,17251000,1.9437,33178,0,1000
17300000,8890600,17301000,1.94599,33270,0,1000
17350000,8905762,17351000,1.94829,33359,0,1000
17400000,8920981,17401000,1.9505700000000001,33461,0,1000
17450000,8936076,17451000,1.95287,33556,0,1000
17500000,8951163,17501000,1.9551599999999998,33644,0,1000
17550000,8966118,17551000,1.9574799999999999,33730,0,1000
17600000,8981239,17601000,1.95975,33816,0,1000
17650000,8996298,17651000,1.96203,33899,0,1000
17700000,9011389,17701000,1.96429,33984,0,1000
17750000,9026177,17751000,1.9666099999999997,34082,0,1000
17800000,9041252,17801000,1.9688599999999998,34182,0,1000
17850000,9056208,17851000,1.9711299999999998,34286,0,1000
17900000,9071321,17901000,1.9733599999999998,34400,0,1000
17950000,9086251,17951000,1.9756200000000002,34493,0,1000
18000000,9100977,18001000,1.9779200000000001,34585,0,1000
18050000,9115681,18051000,1.9802099999999998,34672,0,1000
18100000,9130437,18101000,1.98249,34764,0,1000
18150000,9145258,18151000,1.9847400000000002,34835,0,1000
18200000,9160020,18201000,1.9869999999999999,34922,0,1000
18250000,9174613,18251000,1.9892900000000002,35012,0,1000
18300000,9189293,18301000,1.9915599999999998,35095,0,1000
18350000,9204092,18351000,1.9937900000000002,35190,0,1000
18400000,9218603,18401000,1.99607,35271,0,1000
18450000,9233018,18451000,1.99837,35362,0,1000
18500000,9247568,18501000,2.00063,35453,0,1000
18550000,9262117,18551000,2.0028900000000003,35557,0,1000
18600000,9276788,18601000,2.0051099999999997,35656,0,1000
18650000,9291493,18651000,2.00732,35748,0,1000
18700000,9306153,18701000,2.00953,35852,0,1000
18750000,9320814,18751000,2.01173,35947,0,1000
18800000,9335335,18801000,2.01396,36051,0,1000
18850000,9349727,18851000,2.01621,36134,0,1000
18900000,9364289,18901000,2.01841,36243,0,1000
18950000,9378798,18951000,2.02062,36348,0,1000
19000000,9393297,19001000,2.02283,36441,0,1000
19050000,9407835,19051000,2.02501,36533,0,1000
19100000,9422162,19101000,2.02724,36649,0,1000
19150000,9436635,19151000,2.02943,36747,0,1000
19200000,9451013,19201000,2.03163,36843,0,1000
19250000,9465280,19251000,2.03385,36935,0,1000
19300000,9479848,19301000,2.036,37030,0,1000
19350000,9494277,19351000,2.03818,37115,0,1000
19400000,9508484,19401000,2.04039,37210,0,1000
19450000,9522789,19451000,2.04257,37294,0,1000
19500000,9536876,19501000,2.0448,37400,0,1000
19550000,9551011,19551000,2.0470099999999998,37482,0,1000
19600000,9565090,19601000,2.04922,37569,0,1000
19650000,9579127,19651000,2.05144,37675,0,1000
19700000,9593209,19701000,2.05364,37773,0,1000
19750000,9607311,19751000,2.05583,37895,0,1000
19800000,9621469,19801000,2.0580000000000003,37995,0,1000
19850000,9635534,19851000,2.06019,38085,0,1000
19900000,9649663,19901000,2.06235,38198,0,1000
19950000,9663625,19951000,2.06455,38291,0,1000
20000000,9677529,20001000,2.06675,38385,0,1000
20050000,9691647,20051000,2.06889,38478,0,1000
20100000,9705684,20101000,2.07105,38573,0,1000
20150000,9719754,20151000,2.0732,38659,0,1000
20200000,9733651,20201000,2.07538,38750,0,1000
20250000,9747509,20251000,2.07756,38836,0,1000
20300000,9761368,20301000,2.07973,38919,0,1000
20350000,9775131,20351000,2.08192,39022,0,1000
20400000,9788967,20401000,2.0840799999999997,39127,0,1000
20450000,9802803,20451000,2.08624,39223,0,1000
20500000,9816610,20501000,2.0884,39336,0,1000
20550000,9830536,20551000,2.0905299999999998,39435,0,1000
20600000,9844400,20601000,2.09266,39525,0,1000
20650000,9858102,20651000,2.09483,39628,0,1000
20700000,9871776,20701000,2.0969900000000004,39744,0,1000
20750000,9885475,20751000,2.0991400000000002,39844,0,1000
20800000,9899322,20801000,2.10126,39931,0,1000
20850000,9912989,20851000,2.1034,40019,0,1000
20900000,9926489,20901000,2.10558,40110,0,1000
20950000,9940042,20951000,2.10774,40217,0,1000
21000000,9953631,21001000,2.10988,40302,0,1000
21050000,9967256,21051000,2.1120200000000002,40404,0,1000
21100000,9980970,21101000,2.11412,40495,0,1000
21150000,9994626,21151000,2.1162400000000003,40591,0,1000
21200000,10008114,21201000,2.1183799999999997,40674,0,1000
21250000,10021781,21251000,2.12048,40770,0,1000
21300000,10035230,21301000,2.12262,40865,0,1000
21350000,10048763,21351000,2.12474,40953,0,1000
21400000,10062245,21401000,2.1268599999999998,41057,0,1000
21450000,10075775,21451000,2.1289700000000003,41148,0,1000
21500000,10089302,21501000,2.1310700000000002,41256,0,1000
21550000,10102762,21551000,2.13318,41358,0,1000
21600000,10116121,21601000,2.1353,41469,0,1000
21650000,10129573,21651000,2.13741,41556,0,1000
21700000,10142870,21701000,2.1395299999999997,41660,0,1000
21750000,10156130,21751000,2.14166,41736,0,1000
21800000,10169472,21801000,2.14377,41828,0,1000
21850000,10182742,21851000,2.14589,41930,0,1000
21900000,10196169,21901000,2.14796,42027,0,1000
21950000,10209264,21951000,2.1501099999999997,42134,0,1000
22000000,10222702,22001000,2.15217,42228,0,1000
22050000,10236024,22051000,2.15425,42310,0,1000
22100000,10249314,22101000,2.15634,42413,0,1000
22150000,10262498,22151000,2.15844,42493,0,1000
22200000,10275771,22201000,2.16052,42602,0,1000
22250000,10288912,22251000,2.16262,42707,0,1000
22300000,10301943,22301000,2.16474,42801,0,1000
22350000,10315283,22351000,2.1667799999999997,42901,0,1000
22400000,10328481,22401000,2.16886,42994,0,1000
22450000,10341538,22451000,2.17095,43092,0,1000
22500000,10354755,22501000,2.1730099999999997,43190,0,1000
