timestep,num_nodes,num_edges,average_degree,max_degree,num_triangles,new_edges
0,1986,1000,0.503525,2,0,1000
50000,91087,51000,0.559904,110,0,1000
100000,170939,101000,0.590854,192,0,1000
150000,245417,151000,0.615279,288,0,1000
200000,316071,201000,0.635933,385,0,1000
250000,383610,251000,0.6543100000000001,471,0,1000
300000,448945,301000,0.670461,572,0,1000
350000,512059,351000,0.6854680000000001,678,0,1000
400000,573448,401000,0.699279,766,0,1000
450000,633263,451000,0.712184,863,0,1000
500000,691370,501000,0.724648,969,0,1000
550000,748137,551000,0.736496,1062,0,1000
600000,804228,601000,0.747301,1163,0,1000
650000,858793,651000,0.758041,1257,0,1000
700000,912158,701000,0.7685069999999999,1361,0,1000
750000,964834,751000,0.7783720000000001,1467,0,1000
800000,1016692,801000,0.787849,1553,0,1000
850000,1067439,851000,0.797235,1652,0,1000
900000,1117521,901000,0.806249,1756,0,1000
950000,1166794,951000,0.815054,1851,0,1000
1000000,1215520,1001000,0.823516,1954,0,1000
1050000,1263851,1051000,0.831585,2062,0,1000
1100000,1311015,1101000,0.839807,2161,0,1000
1150000,1357874,1151000,0.847649,2246,0,1000
1200000,1404036,1201000,0.855391,2340,0,1000
1250000,1449672,1251000,0.8629540000000001,2450,0,1000
1300000,1494951,1301000,0.8702629999999999,2539,0,1000
1350000,1539451,1351000,0.8775860000000001,2645,0,1000
1400000,1583424,1401000,0.884791,2754,0,1000
1450000,1626930,1451000,0.891864,2838,0,1000
1500000,1669792,1501000,0.898914,2936,0,1000
1550000,1712545,1551000,0.9056700000000001,3042,0,1000
1600000,1754623,1601000,0.9124469999999999,3137,0,1000
1650000,1796418,1651000,0.9190510000000001,3210,0,1000
1700000,1837730,1701000,0.9255979999999999,3310,0,1000
1750000,1878805,1751000,0.931975,3410,0,1000
1800000,1919297,1801000,0.938364,3505,0,1000
1850000,1959307,1851000,0.944722,3607,0,1000
1900000,1998918,1901000,0.9510139999999999,3701,0,1000
1950000,2038473,1951000,0.957089,3785,0,1000
2000000,2077669,2001000,0.9630989999999999,3875,0,1000
2050000,2116836,2051000,0.968899,3978,0,1000
2100000,2155408,2101000,0.974757,4084,0,1000
2150000,2193741,2151000,0.980517,4198,0,1000
2200000,2231527,2201000,0.9863200000000001,4288,0,1000
2250000,2269188,2251000,0.991985,4395,0,1000
2300000,2306600,2301000,0.9975719999999999,4500,0,1000
2350000,2343553,2351000,1.00318,4619,0,1000
2400000,2380716,2401000,1.00852,4710,0,1000
2450000,2417030,2451000,1.01405,4802,0,1000
2500000,2453534,2501000,1.01935,4885,0,1000
2550000,2489661,2551000,1.02464,4972,0,1000
2600000,2525380,2601000,1.0299399999999999,5060,0,1000
2650000,2560958,2651000,1.03516,5170,0,1000
2700000,2596068,2701000,1.0404200000000001,5271,0,1000
2750000,2631074,2751000,1.04558,5366,0,1000
2800000,2665939,2801000,1.05066,5468,0,1000
2850000,2700602,2851000,1.05569,5580,0,1000
2900000,2735099,2901000,1.06066,5685,0,1000
2950000,2769147,2951000,1.0656700000000001,5771,0,1000
3000000,2802981,3001000,1.07065,5858,0,1000
3050000,2837023,3051000,1.07542,5957,0,1000
3100000,2870410,3101000,1.08033,6050,0,1000
3150000,2903759,3151000,1.08515,6111,0,1000
3200000,2936743,3201000,1.08998,6210,0,1000
3250000,2969799,3251000,1.09469,6304,0,1000
3300000,3002702,3301000,1.09934,6386,0,1000
3350000,3035307,3351000,1.10401,6480,0,1000
3400000,3067553,3401000,1.1087,6569,0,1000
3450000,3099912,3451000,1.1132600000000001,6668,0,1000
3500000,3131745,3501000,1.11791,6772,0,1000
3550000,3163347,3551000,1.12255,6881,0,1000
3600000,3195073,3601000,1.12705,6970,0,1000
3650000,3226698,3651000,1.1315,7086,0,1000
3700000,3258173,3701000,1.13591,7180,0,1000
3750000,3289531,3751000,1.14028,7274,0,1000
3800000,3320719,3801000,1.14463,7381,0,1000
3850000,3351590,3851000,1.14901,7473,0,1000
3900000,3381934,3901000,1.1534799999999998,7582,0,1000
3950000,3412519,3951000,1.1578,7693,0,1000
4000000,3443104,4001000,1.16203,7788,0,1000
4050000,3473166,4051000,1.1663700000000001,7872,0,1000
4100000,3503444,4101000,1.17056,7971,0,1000
4150000,3533434,4151000,1.17478,8050,0,1000
4200000,3563131,4201000,1.1790200000000002,8130,0,1000
4250000,3592896,4251000,1.18317,8221,0,1000
4300000,3622300,4301000,1.18737,8331,0,1000
4350000,3651674,4351000,1.19151,8413,0,1000
4400000,3680866,4401000,1.19564,8531,0,1000
4450000,3710077,4451000,1.19971,8617,0,1000
4500000,3739120,4501000,1.20376,8714,0,1000
4550000,3768056,4551000,1.2077799999999999,8803,0,1000
4600000,3796803,4601000,1.21181,8905,0,1000
4650000,3825387,4651000,1.2158200000000001,9009,0,1000
4700000,3853882,4701000,1.21981,9116,0,1000
4750000,3882200,4751000,1.22379,9211,0,1000
4800000,3910338,4801000,1.22777,9304,0,1000
4850000,3938235,4851000,1.23177,9402,0,1000
4900000,3966233,4901000,1.23568,9502,0,1000
4950000,3994099,4951000,1.23958,9590,0,1000
5000000,4021791,5001000,1.24348,9703,0,1000
5050000,4049534,5051000,1.2473,9808,0,1000
5100000,4077081,5101000,1.25114,9903,0,1000
5150000,4104591,5151000,1.25494,10005,0,1000
5200000,4131669,5201000,1.25881,10098,0,1000
5250000,4158602,5251000,1.26268,10192,0,1000
5300000,4185459,5301000,1.26653,10290,0,1000
5350000,4212264,5351000,1.27034,10379,0,1000
5400000,4239094,5401000,1.27409,10472,0,1000
5450000,4265809,5451000,1.27783,10563,0,1000
5500000,4292407,5501000,1.28157,10651,0,1000
5550000,4319084,5551000,1.2852299999999999,10761,0,1000
5600000,4345324,5601000,1.2889700000000002,10848,0,1000
5650000,4371606,5651000,1.2926600000000001,10938,0,1000
5700000,4397864,5701000,1.29631,11045,0,1000
5750000,4424100,5751000,1.29993,11150,0,1000
5800000,4450438,5801000,1.3034700000000001,11246,0,1000
5850000,4476440,5851000,1.3070700000000002,11344,0,1000
5900000,4502276,5901000,1.31067,11456,0,1000
5950000,4527824,5951000,1.3143200000000002,11558,0,1000
6000000,4553335,6001000,1.31794,11674,0,1000
6050000,4578952,6051000,1.32148,11764,0,1000
6100000,4604301,6101000,1.32507,11850,0,1000
6150000,4629772,6151000,1.3285799999999999,11952,0,1000
6200000,4654928,6201000,1.3321399999999999,12050,0,1000
6250000,4680229,6251000,1.33562,12138,0,1000
6300000,4705205,6301000,1.3391600000000001,12227,0,1000
6350000,4730206,6351000,1.34265,12319,0,1000
6400000,4755175,6401000,1.3461100000000001,12413,0,1000
6450000,4779924,6451000,1.3496,12520,0,1000
6500000,4804521,6501000,1.3531,12623,0,1000
6550000,4829201,6551000,1.3565399999999999,12727,0,1000
6600000,4853805,6601000,1.35996,12815,0,1000
6650000,4878414,6651000,1.36335,12934,0,1000
6700000,4902870,6701000,1.36675,13029,0,1000
6750000,4927070,6751000,1.37019,13139,0,1000
6800000,4951211,6801000,1.3736,13238,0,1000
6850000,4975493,6851000,1.37695,13335,0,1000
6900000,4999347,6901000,1.38038,13419,0,1000
6950000,5023252,6951000,1.38376,13519,0,1000
7000000,5047168,7001000,1.38711,13623,0,1000
7050000,5070995,7051000,1.39046,13721,0,1000
7100000,5094863,7101000,1.39376,13809,0,1000
7150000,5118326,7151000,1.39714,13917,0,1000
7200000,5141648,7201000,1.40052,14019,0,1000
7250000,5165107,7251000,1.40384,14133,0,1000
7300000,5188480,7301000,1.40716,14237,0,1000
7350000,5211913,7351000,1.41042,14332,0,1000
7400000,5235407,7401000,1.41364,14413,0,1000
7450000,5258534,7451000,1.41693,14495,0,1000
7500000,5281837,7501000,1.42015,14601,0,1000
7550000,5304784,7551000,1.42343,14711,0,1000
7600000,5327740,7601000,1.42668,14797,0,1000
7650000,5350567,7651000,1.42994,14889,0,1000
7700000,5373031,7701000,1.43327,14992,0,1000
7750000,5395699,7751000,1.43651,15095,0,1000
7800000,5418471,7801000,1.43971,15197,0,1000
7850000,5441153,7851000,1.44289,15287,0,1000
7900000,5463887,7901000,1.44604,15383,0,1000
7950000,5486430,7951000,1.44921,15496,0,1000
8000000,5508970,8001000,1.45236,15600,0,1000
8050000,5531429,8051000,1.4555,15700,0,1000
8100000,5553755,8101000,1.45865,15796,0,1000
8150000,5575944,8151000,1.4618200000000001,15869,0,1000
8200000,5598218,8201000,1.4649299999999998,15960,0,1000
8250000,5620216,8251000,1.46809,16079,0,1000
8300000,5642368,8301000,1.47119,16164,0,1000
8350000,5664123,8351000,1.4743700000000002,16264,0,1000
8400000,5686169,8401000,1.4774399999999999,16356,0,1000
8450000,5707960,8451000,1.48056,16466,0,1000
8500000,5729694,8501000,1.48367,16563,0,1000
8550000,5751257,8551000,1.48681,16649,0,1000
8600000,5772989,8601000,1.48987,16737,0,1000
8650000,5794728,8651000,1.49291,16848,0,1000
8700000,5816193,8701000,1.496,16954,0,1000
8750000,5837686,8751000,1.49905,17036,0,1000
8800000,5859346,8801000,1.50204,17146,0,1000
8850000,5880409,8851000,1.5051700000000001,17242,0,1000
8900000,5901468,8901000,1.50827,17339,0,1000
8950000,5922750,8951000,1.51129,17442,0,1000
9000000,5944013,9001000,1.5143,17534,0,1000
9050000,5965210,9051000,1.5173,17611,0,1000
9100000,5986557,9101000,1.52024,17711,0,1000
9150000,6007829,9151000,1.52318,17816,0,1000
9200000,6028674,9201000,1.52621,17899,0,1000
9250000,6049707,9251000,1.52916,17988,0,1000
9300000,6070665,9301000,1.5321200000000001,18089,0,1000
9350000,6091607,9351000,1.53506,18200,0,1000
9400000,6112358,9401000,1.53803,18298,0,1000
9450000,6133275,9451000,1.54094,18368,0,1000
9500000,6153951,9501000,1.54389,18459,0,1000
9550000,6174586,9551000,1.54682,18547,0,1000
9600000,6195064,9601000,1.54978,18649,0,1000
9650000,6215771,9651000,1.55266,18750,0,1000
9700000,6236152,9701000,1.55561,18854,0,1000
9750000,6256590,9751000,1.5585200000000001,18941,0,1000
9800000,6276823,9801000,1.56146,19040,0,1000
9850000,6297244,9851000,1.56434,19149,0,1000
9900000,6317555,9901000,1.56722,19244,0,1000
9950000,6337585,9951000,1.57016,19327,0,1000
10000000,6357928,10001000,1.5730000000000002,19427,0,1000
10050000,6378066,10051000,1.57587,19513,0,1000
10100000,6397919,10101000,1.57879,19607,0,1000
10150000,6418202,10151000,1.5816,19710,0,1000
10200000,6438038,10201000,1.58449,19816,0,1000
10250000,6457839,10251000,1.5873700000000002,19912,0,1000
10300000,6477921,10301000,1.59017,19982,0,1000
10350000,6497727,10351000,1.59302,20076,0,1000
10400000,6517285,10401000,1.59591,20159,0,1000
10450000,6536975,10451000,1.59875,20252,0,1000
10500000,6556926,10501000,1.60151,20344,0,1000
10550000,6576502,10551000,1.60435,20429,0,1000
10600000,6596285,10601000,1.60712,20514,0,1000
10650000,6616022,10651000,1.60988,20617,0,1000
10700000,6635583,10701000,1.61267,20721,0,1000
10750000,6655089,10751000,1.6154600000000001,20848,0,1000
10800000,6674613,10801000,1.61822,20937,0,1000
10850000,6693970,10851000,1.62101,21037,0,1000
10900000,6713175,10901000,1.62382,21136,0,1000
10950000,6732474,10951000,1.62659,21213,0,1000
11000000,6751330,11001000,1.6294600000000001,21322,0,1000
11050000,6770499,11051000,1.6322299999999998,21441,0,1000
11100000,6789691,11101000,1.6349799999999999,21550,0,1000
11150000,6809025,11151000,1.63768,21652,0,1000
11200000,6828248,11201000,1.6403900000000002,21753,0,1000
11250000,6847214,11251000,1.64315,21839,0,1000
11300000,6866138,11301000,1.6459,21932,0,1000
11350000,6884916,11351000,1.64868,22031,0,1000
11400000,6903891,11401000,1.6513900000000001,22123,0,1000
11450000,6922740,11451000,1.6541099999999997,22226,0,1000
11500000,6941515,11501000,1.65684,22318,0,1000
11550000,6960272,11551000,1.65956,22418,0,1000
11600000,6978884,11601000,1.6623,22496,0,1000
11650000,6997364,11651000,1.6650599999999998,22608,0,1000
11700000,7015917,11701000,1.6677799999999998,22708,0,1000
11750000,7034404,11751000,1.6705,22803,0,1000
11800000,7052891,11801000,1.6732099999999999,22891,0,1000
11850000,7071412,11851000,1.6759,22989,0,1000
11900000,7090013,11901000,1.6785599999999998,23085,0,1000
11950000,7108258,11951000,1.6812799999999999,23181,0,1000
12000000,7126771,12001000,1.68393,23280,0,1000
12050000,7145205,12051000,1.6865900000000003,23368,0,1000
12100000,7163535,12101000,1.68925,23452,0,1000
12150000,7181657,12151000,1.69195,23537,0,1000
12200000,7200050,12201000,1.6945700000000001,23628,0,1000
12250000,7218247,12251000,1.69723,23728,0,1000
12300000,7236528,12301000,1.69985,23824,0,1000
12350000,7254427,12351000,1.70255,23918,0,1000
12400000,7272610,12401000,1.7051599999999998,24007,0,1000
12450000,7290697,12451000,1.7077900000000001,24112,0,1000
12500000,7308801,12501000,1.7104,24203,0,1000
12550000,7326725,12551000,1.7130400000000001,24301,0,1000
12600000,7344602,12601000,1.7156799999999999,24426,0,1000
12650000,7362468,12651000,1.7183099999999998,24513,0,1000
12700000,7380086,12701000,1.72098,24616,0,1000
12750000,7397882,12751000,1.7236,24719,0,1000
12800000,7415594,12801000,1.72623,24811,0,1000
12850000,7433298,12851000,1.7288400000000002,24911,0,1000
12900000,7451123,12901000,1.7314200000000002,24995,0,1000
12950000,7468938,12951000,1.7339799999999999,25094,0,1000
13000000,7486681,13001000,1.73655,25182,0,1000
13050000,7504121,13051000,1.73918,25288,0,1000
13100000,7521746,13101000,1.74175,25389,0,1000
13150000,7539419,13151000,1.7443,25498,0,1000
13200000,7556731,13201000,1.74692,25619,0,1000
13250000,7574211,13251000,1.7494900000000002,25698,0,1000
13300000,7591737,13301000,1.75204,25815,0,1000
13350000,7608958,13351000,1.7546400000000002,25908,0,1000
13400000,7626283,13401000,1.75721,25998,0,1000
13450000,7643770,13451000,1.75973,26094,0,1000
13500000,7660994,13501000,1.7623,26185,0,1000
13550000,7678301,13551000,1.7648400000000002,26273,0,1000
13600000,7695562,13601000,1.76738,26388,0,1000
13650000,7712834,13651000,1.7699099999999999,26499,0,1000
13700000,7729996,13701000,1.77245,26600,0,1000
13750000,7747055,13751000,1.775,26680,0,1000
13800000,7764268,13801000,1.7775,26785,0,1000
13850000,7781288,13851000,1.78004,26872,0,1000
13900000,7798276,13901000,1.78257,26966,0,1000
13950000,7815303,13951000,1.78509,27049,0,1000
14000000,7832427,14001000,1.78757,27147,0,1000
14050000,7849471,14051000,1.7900599999999998,27242,0,1000
14100000,7866370,14101000,1.79257,27357,0,1000
14150000,7883483,14151000,1.79502,27431,0,1000
14200000,7900493,14201000,1.79748,27510,0,1000
14250000,7917481,14251000,1.79994,27592,0,1000
14300000,7934272,14301000,1.80243,27683,0,1000
14350000,7951156,14351000,1.80489,27776,0,1000
14400000,7967979,14401000,1.8073599999999999,27863,0,1000
14450000,7984823,14451000,1.80981,27968,0,1000
14500000,8001419,14501000,1.8123,28070,0,1000
14550000,8018066,14551000,1.8147799999999998,28164,0,1000
14600000,8034688,14601000,1.81725,28259,0,1000
14650000,8051374,14651000,1.8196900000000003,28358,0,1000
14700000,8067776,14701000,1.8221900000000002,28453,0,1000
14750000,8084425,14751000,1.8246200000000001,28560,0,1000
14800000,8100670,14801000,1.82713,28653,0,1000
14850000,8117224,14851000,1.8295700000000001,28760,0,1000
14900000,8133715,14901000,1.8319999999999999,28861,0,1000
14950000,8150166,14951000,1.83444,28981,0,1000
15000000,8166494,15001000,1.8369,29072,0,1000
15050000,8182843,15051000,1.8393400000000002,29143,0,1000
15100000,8199155,15101000,1.84178,29225,0,1000
15150000,8215350,15151000,1.84423,29309,0,1000
15200000,8231813,15201000,1.8466200000000002,29394,0,1000
15250000,8247882,15251000,1.8490799999999998,29499,0,1000
15300000,8264185,15301000,1.85148,29585,0,1000
15350000,8280264,15351000,1.8539299999999999,29684,0,1000
15400000,8296367,15401000,1.85635,29775,0,1000
15450000,8312398,15451000,1.8587900000000002,29864,0,1000
15500000,8328384,15501000,1.86123,29965,0,1000
15550000,8344438,15551000,1.8636400000000002,30054,0,1000
15600000,8360401,15601000,1.8660599999999998,30141,0,1000
15650000,8376371,15651000,1.86847,30234,0,1000
15700000,8392380,15701000,1.8708599999999997,30315,0,1000
15750000,8408265,15751000,1.8732799999999998,30394,0,1000
15800000,8424133,15801000,1.87568,30481,0,1000
15850000,8440127,15851000,1.87805,30587,0,1000
15900000,8456005,15901000,1.8804400000000001,30676,0,1000
15950000,8471928,15951000,1.8828099999999999,30793,0,1000
16000000,8487725,16001000,1.8851900000000001,30904,0,1000
16050000,8503444,16051000,1.88759,30995,0,1000
16100000,8519527,16101000,1.88989,31083,0,1000
16150000,8535223,16151000,1.89228,31179,0,1000
16200000,8550909,16201000,1.89465,31277,0,1000
16250000,8566595,16251000,1.8970200000000002,31346,0,1000
16300000,8582447,16301000,1.8993400000000003,31462,0,1000
16350000,8598080,16351000,1.9017,31562,0,1000
16400000,8613614,16401000,1.90408,31649,0,1000
16450000,8629075,16451000,1.9064599999999998,31740,0,1000
16500000,8644775,16501000,1.90878,31827,0,1000
16550000,8660300,16551000,1.91113,31921,0,1000
16600000,8675818,16601000,1.9134799999999998,32007,0,1000
16650000,8691244,16651000,1.9158400000000002,32115,0,1000
16700000,8706707,16701000,1.91818,32201,0,1000
16750000,8722149,16751000,1.92051,32306,0,1000
16800000,8737571,16801000,1.92285,32413,0,1000
16850000,8752917,16851000,1.9251900000000002,32503,0,1000
16900000,8768369,16901000,1.9275,32593,0,1000
16950000,8783750,16951000,1.9298099999999998,32698,0,1000
17000000,8799154,17001000,1.93212,32777,0,1000
17050000,8814530,17051000,1.93442,32871,0,1000
17100000,8829760,17101000,1.93675,32967,0,1000
17150000,8845036,17151000,1.93905,33081,0,1000
17200000,8860272,17201000,1.9413599999999998,33188,0,1000
17250000,8875540,17251000,1.94366,33296,0,1000
17300000,8890776,17301000,1.94595,33391,0,1000
17350000,8905938,17351000,1.94825,33494,0,1000
17400000,8921113,17401000,1.9505400000000002,33575,0,1000
17450000,8936019,17451000,1.95288,33651,0,1000
17500000,8951110,17501000,1.95518,33744,0,1000
17550000,8966134,17551000,1.9574799999999999,33847,0,1000
17600000,8981147,17601000,1.95977,33953,0,1000
17650000,8996150,17651000,1.96206,34056,0,1000
17700000,9011065,17701000,1.9643599999999999,34173,0,1000
17750000,9026079,17751000,1.9666299999999999,34267,0,1000
17800000,9041206,17801000,1.9688700000000001,34367,0,1000
17850000,9056152,17851000,1.97115,34469,0,1000
17900000,9071127,17901000,1.9734,34561,0,1000
17950000,9085980,17951000,1.9756799999999999,34661,0,1000
18000000,9100834,18001000,1.97795,34744,0,1000
18050000,9115615,18051000,1.98023,34830,0,1000
18100000,9130315,18101000,1.98252,34930,0,1000
18150000,9145082,18151000,1.98478,35021,0,1000
18200000,9159828,18201000,1.98705,35104,0,1000
18250000,9174415,18251000,1.98934,35193,0,1000
18300000,9189053,18301000,1.9916099999999999,35302,0,1000
18350000,9203580,18351000,1.9939,35389,0,1000
18400000,9218215,18401000,1.99616,35491,0,1000
18450000,9232910,18451000,1.99839,35593,0,1000
18500000,9247456,18501000,2.00066,35674,0,1000
18550000,9262237,18551000,2.0028599999999996,35755,0,1000
18600000,9276899,18601000,2.00509,35857,0,1000
18650000,9291610,18651000,2.0072900000000002,35942,0,1000
18700000,9306123,18701000,2.0095400000000003,36043,0,1000
18750000,9320558,18751000,2.01179,36155,0,1000
18800000,9335187,18801000,2.01399,36237,0,1000
18850000,9349682,18851000,2.01622,36328,0,1000
18900000,9364363,18901000,2.0184,36419,0,1000
18950000,9378866,18951000,2.02061,36506,0,1000
19000000,9393554,19001000,2.02277,36606,0,1000
19050000,9408103,19051000,2.0249599999999996,36703,0,1000
19100000,9422363,19101000,2.0272,36805,0,1000
19150000,9436829,19151000,2.0293900000000002,36911,0,1000
19200000,9451138,19201000,2.0316099999999997,37018,0,1000
19250000,9465432,19251000,2.03382,37102,0,1000
19300000,9479674,19301000,2.0360400000000003,37204,0,1000
19350000,9493956,19351000,2.03824,37301,0,1000
19400000,9508234,19401000,2.0404400000000003,37390,0,1000
19450000,9522490,19451000,2.04264,37486,0,1000
19500000,9536685,19501000,2.04484,37570,0,1000
19550000,9550990,19551000,2.0470099999999998,37682,0,1000
19600000,9565256,19601000,2.0491900000000003,37783,0,1000
19650000,9579345,19651000,2.05139,37880,0,1000
19700000,9593423,19701000,2.0535900000000002,37974,0,1000
19750000,9607625,19751000,2.05576,38058,0,1000
19800000,9621721,19801000,2.05795,38150,0,1000
19850000,9635907,19851000,2.06011,38242,0,1000
19900000,9649972,19901000,2.06229,38328,0,1000
19950000,9664035,19951000,2.06446,38422,0,1000
20000000,9678131,20001000,2.06662,38523,0,1000
20050000,9692127,20051000,2.0687900000000004,38622,0,1000
20100000,9706135,20101000,2.07096,38706,0,1000
20150000,9719990,20151000,2.07315,38822,0,1000
20200000,9733809,20201000,2.07534,38915,0,1000
20250000,9747768,20251000,2.0775,38997,0,1000
20300000,9761824,20301000,2.07963,39080,0,1000
20350000,9775716,20351000,2.0817900000000003,39179,0,1000
20400000,9789635,20401000,2.08394,39277,0,1000
20450000,9803427,20451000,2.0861099999999997,39375,0,1000
20500000,9817202,20501000,2.08827,39458,0,1000
20550000,9830983,20551000,2.09043,39544,0,1000
20600000,9844837,20601000,2.0925700000000003,39642,0,1000
20650000,9858510,20651000,2.0947400000000003,39743,0,1000
20700000,9872106,20701000,2.09692,39835,0,1000
20750000,9885771,20751000,2.09908,39932,0,1000
20800000,9899500,20801000,2.10122,40024,0,1000
20850000,9913112,20851000,2.10338,40120,0,1000
20900000,9926849,20901000,2.1055,40230,0,1000
20950000,9940549,20951000,2.10763,40331,0,1000
21000000,9954102,21001000,2.1097799999999998,40417,0,1000
21050000,9967669,21051000,2.11193,40506,0,1000
21100000,9981126,21101000,2.11409,40591,0,1000
21150000,9994488,21151000,2.11627,40709,0,1000
21200000,10008062,21201000,2.11839,40802,0,1000
21250000,10021569,21251000,2.12053,40878,0,1000
21300000,10035053,21301000,2.1226599999999998,40960,0,1000
21350000,10048599,21351000,2.1247700000000003,41051,0,1000
21400000,10061907,21401000,2.1269299999999998,41138,0,1000
21450000,10075462,21451000,2.1290299999999998,41227,0,1000
21500000,10088727,21501000,2.13119,41324,0,1000
21550000,10102271,21551000,2.13328,41422,0,1000
21600000,10115820,21601000,2.13537,41517,0,1000
21650000,10129307,21651000,2.13746,41599,0,1000
21700000,10142721,21701000,2.13956,41685,0,1000
21750000,10156058,21751000,2.14168,41791,0,1000
21800000,10169431,21801000,2.14378,41895,0,1000
21850000,10182841,21851000,2.14586,41994,0,1000
21900000,10196238,21901000,2.14795,42075,0,1000
21950000,10209623,21951000,2.15003,42170,0,1000
22000000,10222897,22001000,2.15213,42280,0,1000
22050000,10236117,22051000,2.15423,42384,0,1000
22100000,10249202,22101000,2.15636,42484,0,1000
22150000,10262392,22151000,2.15846,42573,0,1000
22200000,10275526,22201000,2.16057,42653,0,1000
22250000,10288770,22251000,2.16265,42749,0,1000
22300000,10302214,22301000,2.1646799999999997,42852,0,1000
22350000,10315285,22351000,2.1667799999999997,42935,0,1000
22400000,10328504,22401000,2.16885,43007,0,1000
22450000,10341742,22451000,2.1709099999999997,43103,0,1000
22500000,10354870,22501000,2.17299,43190,0,1000
