timestep,num_nodes,num_edges,average_degree,max_degree,num_triangles,new_edges
0,1983,1000,0.504286,2,0,1000
50000,91190,51000,0.559272,89,0,1000
100000,170803,101000,0.591325,182,0,1000
150000,245331,151000,0.615495,287,0,1000
200000,315953,201000,0.636171,365,0,1000
250000,383604,251000,0.654321,465,0,1000
300000,448734,301000,0.670776,567,0,1000
350000,511764,351000,0.685863,650,0,1000
400000,572913,401000,0.699932,727,0,1000
450000,632569,451000,0.712966,809,0,1000
500000,690940,501000,0.7250989999999999,910,0,1000
550000,747720,551000,0.736907,1012,0,1000
600000,803202,601000,0.748255,1128,0,1000
650000,857869,651000,0.758857,1241,0,1000
700000,911538,701000,0.76903,1336,0,1000
750000,964149,751000,0.778925,1427,0,1000
800000,1015780,801000,0.788557,1514,0,1000
850000,1066551,851000,0.797899,1620,0,1000
900000,1116730,901000,0.80682,1708,0,1000
950000,1165934,951000,0.815655,1824,0,1000
1000000,1214670,1001000,0.824092,1917,0,1000
1050000,1262656,1051000,0.8323719999999999,2028,0,1000
1100000,1310061,1101000,0.840419,2125,0,1000
1150000,1357085,1151000,0.848141,2231,0,1000
1200000,1403194,1201000,0.8559040000000001,2318,0,1000
1250000,1448885,1251000,0.8634229999999999,2418,0,1000
1300000,1494128,1301000,0.870742,2520,0,1000
1350000,1538674,1351000,0.8780290000000001,2620,0,1000
1400000,1582741,1401000,0.885173,2740,0,1000
1450000,1626275,1451000,0.892223,2839,0,1000
1500000,1669376,1501000,0.8991379999999999,2939,0,1000
1550000,1712175,1551000,0.9058649999999999,3031,0,1000
1600000,1754624,1601000,0.9124459999999999,3121,0,1000
1650000,1796335,1651000,0.9190940000000001,3220,0,1000
1700000,1837727,1701000,0.9256,3299,0,1000
1750000,1878599,1751000,0.9320780000000001,3392,0,1000
1800000,1919317,1801000,0.9383549999999999,3487,0,1000
1850000,1959455,1851000,0.94465,3568,0,1000
1900000,1999288,1901000,0.950838,3668,0,1000
1950000,2038796,1951000,0.956937,3776,0,1000
2000000,2077990,2001000,0.96295,3887,0,1000
2050000,2117088,2051000,0.968784,3975,0,1000
2100000,2155657,2101000,0.9746450000000001,4079,0,1000
2150000,2194202,2151000,0.980311,4168,0,1000
2200000,2231991,2201000,0.986115,4267,0,1000
2250000,2269860,2251000,0.991691,4386,0,1000
2300000,2307436,2301000,0.9972110000000001,4486,0,1000
2350000,2344669,2351000,1.0027,4566,0,1000
2400000,2381536,2401000,1.00817,4670,0,1000
2450000,2418252,2451000,1.0135399999999999,4743,0,1000
2500000,2454380,2501000,1.01899,4850,0,1000
2550000,2490294,2551000,1.0243799999999998,4934,0,1000
2600000,2526093,2601000,1.02965,5055,0,1000
2650000,2561790,2651000,1.03482,5157,0,1000
2700000,2597270,2701000,1.0399399999999999,5258,0,1000
2750000,2632256,2751000,1.04511,5344,0,1000
2800000,2666925,2801000,1.05027,5445,0,1000
2850000,2701713,2851000,1.05526,5550,0,1000
2900000,2736256,2901000,1.06021,5650,0,1000
2950000,2770492,2951000,1.06515,5758,0,1000
3000000,2804048,3001000,1.0702399999999999,5857,0,1000
3050000,2838097,3051000,1.07502,5959,0,1000
3100000,2871703,3101000,1.07985,6035,0,1000
3150000,2905106,3151000,1.08464,6131,0,1000
3200000,2938325,3201000,1.0894,6219,0,1000
3250000,2971273,3251000,1.09414,6314,0,1000
3300000,3004338,3301000,1.09874,6390,0,1000
3350000,3037065,3351000,1.10337,6479,0,1000
3400000,3069223,3401000,1.1081,6568,0,1000
3450000,3101499,3451000,1.11269,6677,0,1000
3500000,3133451,3501000,1.1173,6788,0,1000
3550000,3165209,3551000,1.12188,6870,0,1000
3600000,3196977,3601000,1.12638,6956,0,1000
3650000,3228405,3651000,1.1309,7044,0,1000
3700000,3259755,3701000,1.1353600000000001,7133,0,1000
3750000,3290868,3751000,1.13982,7263,0,1000
3800000,3321922,3801000,1.14422,7347,0,1000
3850000,3353125,3851000,1.14848,7423,0,1000
3900000,3383251,3901000,1.15303,7527,0,1000
3950000,3414014,3951000,1.15729,7649,0,1000
4000000,3444323,4001000,1.16162,7739,0,1000
4050000,3474447,4051000,1.16594,7839,0,1000
4100000,3504367,4101000,1.17025,7940,0,1000
4150000,3534128,4151000,1.17455,8041,0,1000
4200000,3563921,4201000,1.17876,8127,0,1000
4250000,3593591,4251000,1.1829399999999999,8224,0,1000
4300000,3623142,4301000,1.18709,8310,0,1000
4350000,3652483,4351000,1.1912399999999999,8415,0,1000
4400000,3681599,4401000,1.1954,8497,0,1000
4450000,3710458,4451000,1.1995799999999999,8585,0,1000
4500000,3739371,4501000,1.2036799999999999,8673,0,1000
4550000,3768079,4551000,1.2077799999999999,8768,0,1000
4600000,3796779,4601000,1.2118200000000001,8861,0,1000
4650000,3825515,4651000,1.2157799999999999,8949,0,1000
4700000,3853961,4701000,1.2197799999999999,9055,0,1000
4750000,3882191,4751000,1.22379,9165,0,1000
4800000,3910602,4801000,1.22769,9271,0,1000
4850000,3938736,4851000,1.23161,9370,0,1000
4900000,3966589,4901000,1.23557,9467,0,1000
4950000,3994323,4951000,1.2395100000000001,9573,0,1000
5000000,4022050,5001000,1.2434,9693,0,1000
5050000,4049345,5051000,1.24736,9802,0,1000
5100000,4076611,5101000,1.25128,9891,0,1000
5150000,4103975,5151000,1.25512,10008,0,1000
5200000,4131323,5201000,1.25892,10085,0,1000
5250000,4158605,5251000,1.26268,10187,0,1000
5300000,4185653,5301000,1.26647,10267,0,1000
5350000,4212542,5351000,1.27025,10372,0,1000
5400000,4239234,5401000,1.27405,10471,0,1000
5450000,4265991,5451000,1.27778,10552,0,1000
5500000,4292664,5501000,1.28149,10640,0,1000
5550000,4319242,5551000,1.28518,10727,0,1000
5600000,4345874,5601000,1.28881,10812,0,1000
5650000,4372205,5651000,1.2924799999999999,10903,0,1000
5700000,4398533,5701000,1.29611,10985,0,1000
5750000,4424501,5751000,1.2998100000000001,11064,0,1000
5800000,4450516,5801000,1.30344,11169,0,1000
5850000,4476574,5851000,1.30703,11279,0,1000
5900000,4502357,5901000,1.31065,11374,0,1000
5950000,4528016,5951000,1.31426,11468,0,1000
6000000,4553638,6001000,1.31785,11554,0,1000
6050000,4579148,6051000,1.32142,11645,0,1000
6100000,4604784,6101000,1.32493,11734,0,1000
6150000,4630322,6151000,1.3284200000000002,11836,0,1000
6200000,4655567,6201000,1.33195,11933,0,1000
6250000,4680593,6251000,1.33551,12026,0,1000
6300000,4705674,6301000,1.33902,12113,0,1000
6350000,4730642,6351000,1.3425200000000002,12204,0,1000
6400000,4755705,6401000,1.34596,12289,0,1000
6450000,4780395,6451000,1.3494700000000002,12373,0,1000
6500000,4805247,6501000,1.3529,12457,0,1000
6550000,4829926,6551000,1.3563399999999999,12563,0,1000
6600000,4854507,6601000,1.3597700000000001,12675,0,1000
6650000,4878727,6651000,1.36327,12773,0,1000
6700000,4903131,6701000,1.36668,12874,0,1000
6750000,4927537,6751000,1.37006,12963,0,1000
6800000,4951400,6801000,1.37355,13042,0,1000
6850000,4975668,6851000,1.3769,13147,0,1000
6900000,4999646,6901000,1.3803,13252,0,1000
6950000,5023621,6951000,1.3836600000000001,13354,0,1000
7000000,5047283,7001000,1.3870799999999999,13441,0,1000
7050000,5071017,7051000,1.39045,13526,0,1000
7100000,5094497,7101000,1.39386,13630,0,1000
7150000,5118049,7151000,1.39721,13716,0,1000
7200000,5141665,7201000,1.40052,13809,0,1000
7250000,5165119,7251000,1.40384,13919,0,1000
7300000,5188503,7301000,1.40715,14040,0,1000
7350000,5211790,7351000,1.41046,14137,0,1000
7400000,5235158,7401000,1.41371,14224,0,1000
7450000,5258560,7451000,1.41693,14317,0,1000
7500000,5281602,7501000,1.42021,14424,0,1000
7550000,5304587,7551000,1.4234799999999999,14501,0,1000
7600000,5327381,7601000,1.42678,14592,0,1000
7650000,5350252,7651000,1.43003,14677,0,1000
7700000,5373096,7701000,1.43325,14770,0,1000
7750000,5395992,7751000,1.43644,14851,0,1000
7800000,5418851,7801000,1.4396,14956,0,1000
7850000,5441643,7851000,1.44276,15051,0,1000
7900000,5464093,7901000,1.4459899999999999,15136,0,1000
7950000,5486651,7951000,1.44915,15224,0,1000
8000000,5508727,8001000,1.45242,15313,0,1000
8050000,5531142,8051000,1.4555799999999999,15410,0,1000
8100000,5553403,8101000,1.45875,15512,0,1000
8150000,5575772,8151000,1.46186,15605,0,1000
8200000,5597947,8201000,1.465,15720,0,1000
8250000,5619829,8251000,1.4681899999999999,15817,0,1000
8300000,5641903,8301000,1.4713100000000001,15894,0,1000
8350000,5663701,8351000,1.47448,15990,0,1000
8400000,5685936,8401000,1.47751,16077,0,1000
8450000,5707930,8451000,1.4805700000000002,16178,0,1000
8500000,5729611,8501000,1.4837,16280,0,1000
8550000,5751288,8551000,1.4868,16363,0,1000
8600000,5772951,8601000,1.4898799999999999,16470,0,1000
8650000,5794694,8651000,1.49292,16560,0,1000
8700000,5816115,8701000,1.4960200000000001,16648,0,1000
8750000,5837775,8751000,1.4990299999999999,16742,0,1000
8800000,5859410,8801000,1.50203,16839,0,1000
8850000,5880842,8851000,1.50506,16938,0,1000
8900000,5902049,8901000,1.5081200000000001,17017,0,1000
8950000,5923542,8951000,1.51109,17106,0,1000
9000000,5944776,9001000,1.5141,17216,0,1000
9050000,5966054,9051000,1.51708,17303,0,1000
9100000,5987202,9101000,1.5200799999999999,17401,0,1000
9150000,6008271,9151000,1.5230700000000001,17516,0,1000
9200000,6029171,9201000,1.5260799999999999,17617,0,1000
9250000,6050040,9251000,1.52908,17713,0,1000
9300000,6071100,9301000,1.53201,17798,0,1000
9350000,6091846,9351000,1.535,17894,0,1000
9400000,6112586,9401000,1.53797,17999,0,1000
9450000,6133214,9451000,1.54095,18067,0,1000
9500000,6154074,9501000,1.54386,18156,0,1000
9550000,6174531,9551000,1.54684,18241,0,1000
9600000,6195206,9601000,1.54975,18337,0,1000
9650000,6215816,9651000,1.55265,18437,0,1000
9700000,6236325,9701000,1.55556,18543,0,1000
9750000,6256737,9751000,1.5584799999999999,18609,0,1000
9800000,6277174,9801000,1.5613700000000001,18719,0,1000
9850000,6297738,9851000,1.56421,18820,0,1000
9900000,6317904,9901000,1.56713,18925,0,1000
9950000,6337952,9951000,1.57007,19021,0,1000
10000000,6358252,10001000,1.57292,19130,0,1000
10050000,6378409,10051000,1.57578,19214,0,1000
10100000,6398487,10101000,1.57865,19309,0,1000
10150000,6418589,10151000,1.5815,19399,0,1000
10200000,6438649,10201000,1.5843399999999999,19490,0,1000
10250000,6458492,10251000,1.58721,19592,0,1000
10300000,6478114,10301000,1.59012,19678,0,1000
10350000,6498182,10351000,1.59291,19764,0,1000
10400000,6518205,10401000,1.59568,19860,0,1000
10450000,6538011,10451000,1.5985,19982,0,1000
10500000,6557635,10501000,1.60134,20073,0,1000
10550000,6577152,10551000,1.60419,20172,0,1000
10600000,6596544,10601000,1.60705,20270,0,1000
10650000,6616120,10651000,1.60986,20362,0,1000
10700000,6635651,10701000,1.61265,20474,0,1000
10750000,6655083,10751000,1.6154600000000001,20567,0,1000
10800000,6674481,10801000,1.61825,20662,0,1000
10850000,6693871,10851000,1.62104,20759,0,1000
10900000,6713229,10901000,1.62381,20857,0,1000
10950000,6732464,10951000,1.6266,20940,0,1000
11000000,6751731,11001000,1.6293600000000001,21042,0,1000
11050000,6770789,11051000,1.63216,21159,0,1000
11100000,6790031,11101000,1.6349,21246,0,1000
11150000,6808943,11151000,1.6377,21339,0,1000
11200000,6827687,11201000,1.6405299999999998,21448,0,1000
11250000,6846650,11251000,1.6432900000000001,21544,0,1000
11300000,6865329,11301000,1.6461,21646,0,1000
11350000,6884387,11351000,1.6488,21747,0,1000
11400000,6903330,11401000,1.65152,21856,0,1000
11450000,6922400,11451000,1.6542,21949,0,1000
11500000,6941213,11501000,1.6569200000000002,22049,0,1000
11550000,6959932,11551000,1.6596400000000002,22143,0,1000
11600000,6978848,11601000,1.66231,22231,0,1000
11650000,6997413,11651000,1.66504,22334,0,1000
11700000,7016007,11701000,1.66776,22421,0,1000
11750000,7034688,11751000,1.6704400000000001,22499,0,1000
11800000,7053191,11801000,1.67314,22622,0,1000
11850000,7071767,11851000,1.67582,22712,0,1000
11900000,7090346,11901000,1.67848,22802,0,1000
11950000,7108969,11951000,1.6811200000000002,22892,0,1000
12000000,7127388,12001000,1.6837900000000001,22992,0,1000
12050000,7145636,12051000,1.68648,23083,0,1000
12100000,7164025,12101000,1.68913,23191,0,1000
12150000,7182295,12151000,1.6918,23269,0,1000
12200000,7200516,12201000,1.6944599999999999,23376,0,1000
12250000,7218585,12251000,1.69715,23490,0,1000
12300000,7236930,12301000,1.69975,23585,0,1000
12350000,7254964,12351000,1.70242,23682,0,1000
12400000,7273217,12401000,1.70502,23794,0,1000
12450000,7291414,12451000,1.7076200000000001,23869,0,1000
12500000,7309410,12501000,1.71026,23956,0,1000
12550000,7327416,12551000,1.71288,24041,0,1000
12600000,7345298,12601000,1.7155200000000002,24144,0,1000
12650000,7363086,12651000,1.71817,24234,0,1000
12700000,7380874,12701000,1.7208,24317,0,1000
12750000,7398746,12751000,1.7234,24409,0,1000
12800000,7416459,12801000,1.72603,24496,0,1000
12850000,7434226,12851000,1.7286299999999999,24582,0,1000
12900000,7451916,12901000,1.7312299999999998,24676,0,1000
12950000,7469519,12951000,1.73385,24773,0,1000
13000000,7487058,13001000,1.73646,24863,0,1000
13050000,7504582,13051000,1.7390700000000001,24971,0,1000
13100000,7522365,13101000,1.7416099999999999,25068,0,1000
13150000,7540022,13151000,1.74416,25178,0,1000
13200000,7557465,13201000,1.74675,25287,0,1000
13250000,7574800,13251000,1.74935,25380,0,1000
13300000,7591975,13301000,1.7519799999999999,25472,0,1000
13350000,7609364,13351000,1.75455,25562,0,1000
13400000,7626810,13401000,1.75709,25651,0,1000
13450000,7644156,13451000,1.75964,25758,0,1000
13500000,7661478,13501000,1.7621900000000001,25842,0,1000
13550000,7678750,13551000,1.7647400000000002,25944,0,1000
13600000,7695907,13601000,1.7673,26031,0,1000
13650000,7712995,13651000,1.76987,26132,0,1000
13700000,7730215,13701000,1.7724,26212,0,1000
13750000,7747496,13751000,1.7749,26316,0,1000
13800000,7764674,13801000,1.77741,26420,0,1000
13850000,7781847,13851000,1.7799099999999999,26508,0,1000
13900000,7799044,13901000,1.7824,26588,0,1000
13950000,7816032,13951000,1.78492,26702,0,1000
14000000,7833051,14001000,1.7874299999999999,26792,0,1000
14050000,7850081,14051000,1.7899200000000002,26896,0,1000
14100000,7866919,14101000,1.7924400000000003,26981,0,1000
14150000,7883772,14151000,1.79495,27065,0,1000
14200000,7900659,14201000,1.7974400000000001,27165,0,1000
14250000,7917440,14251000,1.79995,27270,0,1000
14300000,7934209,14301000,1.80245,27367,0,1000
14350000,7951067,14351000,1.8049099999999998,27465,0,1000
14400000,7967841,14401000,1.80739,27551,0,1000
14450000,7984520,14451000,1.80988,27655,0,1000
14500000,8001482,14501000,1.8122900000000002,27758,0,1000
14550000,8018031,14551000,1.8147799999999998,27846,0,1000
14600000,8034690,14601000,1.8172400000000002,27947,0,1000
14650000,8051181,14651000,1.8197299999999998,28042,0,1000
14700000,8067750,14701000,1.8221900000000002,28136,0,1000
14750000,8084427,14751000,1.8246200000000001,28225,0,1000
14800000,8101019,14801000,1.82705,28309,0,1000
14850000,8117464,14851000,1.8295099999999997,28395,0,1000
14900000,8133974,14901000,1.83195,28476,0,1000
14950000,8150409,14951000,1.8343900000000002,28573,0,1000
15000000,8166833,15001000,1.8368200000000001,28667,0,1000
15050000,8183208,15051000,1.83925,28764,0,1000
15100000,8199333,15101000,1.8417400000000002,28871,0,1000
15150000,8215594,15151000,1.84418,28969,0,1000
15200000,8231802,15201000,1.8466200000000002,29057,0,1000
15250000,8248074,15251000,1.8490400000000002,29151,0,1000
15300000,8264271,15301000,1.8514599999999999,29252,0,1000
15350000,8280587,15351000,1.85385,29352,0,1000
15400000,8296742,15401000,1.85627,29435,0,1000
15450000,8312856,15451000,1.8586900000000002,29530,0,1000
15500000,8328926,15501000,1.8611,29629,0,1000
15550000,8344919,15551000,1.86353,29718,0,1000
15600000,8360914,15601000,1.8659400000000002,29827,0,1000
15650000,8377073,15651000,1.86831,29932,0,1000
15700000,8392767,15701000,1.8707799999999999,30040,0,1000
15750000,8408801,15751000,1.87316,30153,0,1000
15800000,8424659,15801000,1.8755700000000002,30251,0,1000
15850000,8440495,15851000,1.8779700000000001,30362,0,1000
15900000,8456534,15901000,1.88032,30456,0,1000
15950000,8472418,15951000,1.8827,30558,0,1000
16000000,8488237,16001000,1.8850799999999999,30644,0,1000
16050000,8503842,16051000,1.8875,30758,0,1000
16100000,8519528,16101000,1.88989,30881,0,1000
16150000,8535318,16151000,1.8922599999999998,30980,0,1000
16200000,8550902,16201000,1.89465,31082,0,1000
16250000,8566766,16251000,1.8969799999999999,31170,0,1000
16300000,8582304,16301000,1.89937,31263,0,1000
16350000,8598069,16351000,1.9017099999999998,31358,0,1000
16400000,8613578,16401000,1.90409,31455,0,1000
16450000,8629310,16451000,1.90641,31561,0,1000
16500000,8644980,16501000,1.90874,31652,0,1000
16550000,8660520,16551000,1.9110900000000002,31747,0,1000
16600000,8676243,16601000,1.9133900000000001,31832,0,1000
16650000,8691788,16651000,1.91572,31940,0,1000
16700000,8707205,16701000,1.9180700000000002,32037,0,1000
16750000,8722638,16751000,1.92041,32132,0,1000
16800000,8738138,16801000,1.92272,32216,0,1000
16850000,8753496,16851000,1.9250599999999998,32316,0,1000
16900000,8768972,16901000,1.92736,32412,0,1000
16950000,8784294,16951000,1.9296900000000001,32501,0,1000
17000000,8799458,17001000,1.93205,32594,0,1000
17050000,8814737,17051000,1.9343700000000001,32699,0,1000
17100000,8830039,17101000,1.93668,32811,0,1000
17150000,8845225,17151000,1.93901,32930,0,1000
17200000,8860283,17201000,1.9413599999999998,33036,0,1000
17250000,8875454,17251000,1.9436799999999999,33127,0,1000
17300000,8890445,17301000,1.94602,33222,0,1000
17350000,8905558,17351000,1.94833,33319,0,1000
17400000,8920495,17401000,1.95068,33409,0,1000
17450000,8935539,17451000,1.9529900000000002,33522,0,1000
17500000,8950576,17501000,1.9552900000000002,33631,0,1000
17550000,8965558,17551000,1.9576,33748,0,1000
17600000,8980578,17601000,1.9599,33849,0,1000
17650000,8995579,17651000,1.96219,33938,0,1000
17700000,9010663,17701000,1.96445,34029,0,1000
17750000,9025652,17751000,1.9667299999999999,34135,0,1000
17800000,9040576,17801000,1.96901,34225,0,1000
17850000,9055278,17851000,1.97134,34321,0,1000
17900000,9070270,17901000,1.9735900000000002,34421,0,1000
17950000,9085271,17951000,1.97584,34519,0,1000
18000000,9100147,18001000,1.9781,34595,0,1000
18050000,9114933,18051000,1.98038,34687,0,1000
18100000,9129741,18101000,1.9826400000000002,34793,0,1000
18150000,9144544,18151000,1.9849,34893,0,1000
18200000,9159332,18201000,1.98715,35004,0,1000
18250000,9174060,18251000,1.98941,35119,0,1000
18300000,9189003,18301000,1.9916200000000002,35198,0,1000
18350000,9203586,18351000,1.9939,35296,0,1000
18400000,9217976,18401000,1.9962099999999998,35398,0,1000
18450000,9232917,18451000,1.99839,35502,0,1000
18500000,9247782,18501000,2.0005900000000003,35585,0,1000
18550000,9262408,18551000,2.00283,35673,0,1000
18600000,9276917,18601000,2.00508,35765,0,1000
18650000,9291199,18651000,2.00738,35876,0,1000
18700000,9305690,18701000,2.00963,35962,0,1000
18750000,9320296,18751000,2.01185,36065,0,1000
18800000,9334974,18801000,2.01404,36150,0,1000
18850000,9349541,18851000,2.01625,36232,0,1000
18900000,9363841,18901000,2.01851,36329,0,1000
18950000,9378288,18951000,2.02073,36413,0,1000
19000000,9392805,19001000,2.02293,36516,0,1000
19050000,9407424,19051000,2.0251,36620,0,1000
19100000,9421792,19101000,2.02732,36701,0,1000
19150000,9436379,19151000,2.02949,36796,0,1000
19200000,9450703,19201000,2.0317,36906,0,1000
19250000,9465111,19251000,2.03389,37000,0,1000
19300000,9479359,19301000,2.03611,37101,0,1000
19350000,9493698,19351000,2.0383,37211,0,1000
19400000,9507887,19401000,2.04052,37302,0,1000
19450000,9522170,19451000,2.04271,37388,0,1000
19500000,9536341,19501000,2.04491,37466,0,1000
19550000,9550559,19551000,2.04711,37553,0,1000
19600000,9564616,19601000,2.0493200000000003,37645,0,1000
19650000,9578870,19651000,2.0514900000000003,37755,0,1000
19700000,9592895,19701000,2.0537099999999997,37862,0,1000
19750000,9606930,19751000,2.05591,37960,0,1000
19800000,9621085,19801000,2.05808,38076,0,1000
19850000,9635175,19851000,2.06026,38168,0,1000
19900000,9649228,19901000,2.06244,38257,0,1000
19950000,9663185,19951000,2.0646400000000003,38349,0,1000
20000000,9677222,20001000,2.06681,38436,0,1000
20050000,9691157,20051000,2.069,38535,0,1000
20100000,9705262,20101000,2.07114,38635,0,1000
20150000,9719302,20151000,2.0733,38728,0,1000
20200000,9733098,20201000,2.0755,38849,0,1000
20250000,9747117,20251000,2.07764,38955,0,1000
20300000,9761089,20301000,2.07979,39040,0,1000
20350000,9774896,20351000,2.08197,39121,0,1000
20400000,9788862,20401000,2.0841,39207,0,1000
20450000,9802810,20451000,2.08624,39324,0,1000
20500000,9816788,20501000,2.0883599999999998,39424,0,1000
20550000,9830351,20551000,2.09057,39529,0,1000
20600000,9844173,20601000,2.09271,39636,0,1000
20650000,9858131,20651000,2.09482,39719,0,1000
20700000,9872063,20701000,2.09693,39811,0,1000
20750000,9885865,20751000,2.0990599999999997,39912,0,1000
20800000,9899557,20801000,2.10121,39999,0,1000
20850000,9913162,20851000,2.10337,40086,0,1000
20900000,9926797,20901000,2.1055099999999998,40183,0,1000
20950000,9940397,20951000,2.1076599999999996,40263,0,1000
21000000,9953937,21001000,2.10982,40365,0,1000
21050000,9967515,21051000,2.11196,40459,0,1000
21100000,9980972,21101000,2.11412,40542,0,1000
21150000,9994697,21151000,2.11622,40636,0,1000
21200000,10008154,21201000,2.11837,40728,0,1000
21250000,10021764,21251000,2.12048,40820,0,1000
21300000,10035126,21301000,2.12264,40914,0,1000
21350000,10048644,21351000,2.1247599999999998,40999,0,1000
21400000,10062079,21401000,2.1269,41090,0,1000
21450000,10075691,21451000,2.12899,41183,0,1000
21500000,10089213,21501000,2.13109,41273,0,1000
21550000,10102780,21551000,2.13318,41359,0,1000
21600000,10116166,21601000,2.1353,41468,0,1000
21650000,10129540,21651000,2.13741,41554,0,1000
21700000,10142908,21701000,2.13952,41632,0,1000
21750000,10156138,21751000,2.14166,41715,0,1000
21800000,10169495,21801000,2.14376,41818,0,1000
21850000,10182804,21851000,2.14587,41916,0,1000
21900000,10196121,21901000,2.14797,42017,0,1000
21950000,10209496,21951000,2.15006,42114,0,1000
22000000,10222755,22001000,2.15216,42225,0,1000
22050000,10235988,22051000,2.15426,42337,0,1000
22100000,10249156,22101000,2.15637,42444,0,1000
22150000,10262526,22151000,2.15844,42530,0,1000
22200000,10275788,22201000,2.16052,42614,0,1000
22250000,10288919,22251000,2.16262,42704,0,1000
22300000,10302143,22301000,2.1647,42817,0,1000
22350000,10315272,22351000,2.16679,42898,0,1000
22400000,10328522,22401000,2.16885,42997,0,1000
22450000,10341625,22451000,2.1709400000000003,43096,0,1000
22500000,10354765,22501000,2.1730099999999997,43191,0,1000
