timestep,num_nodes,num_edges,average_degree,max_degree,num_triangles,new_edges
0,1657,1000,0.6035,29,0,1000
50000,64004,51000,0.796825,170,0,1000
100000,119573,101000,0.844672,190,0,1000
150000,172279,151000,0.8764850000000001,255,0,1000
200000,220782,201000,0.9104,255,0,1000
250000,268711,251000,0.934089,441,0,1000
300000,314193,301000,0.95801,941,0,1000
350000,355009,351000,0.988707,1384,0,1000
400000,391576,401000,1.02407,1630,0,1000
450000,429918,451000,1.04904,1860,0,1000
500000,466284,501000,1.07445,1957,0,1000
550000,501569,551000,1.09855,2803,0,1000
600000,536418,601000,1.12039,3213,0,1000
650000,569125,651000,1.14386,3715,0,1000
700000,600581,701000,1.1672,3966,0,1000
750000,633531,751000,1.1854200000000001,4457,0,1000
800000,666148,801000,1.20244,4905,0,1000
850000,698052,851000,1.2191100000000001,5117,0,1000
900000,729136,901000,1.23571,5757,0,1000
950000,757733,951000,1.25506,6393,0,1000
1000000,786101,1001000,1.2733700000000001,6864,0,1000
1050000,817693,1051000,1.28532,7349,0,1000
1100000,848482,1101000,1.29761,7839,0,1000
1150000,878903,1151000,1.30959,8265,0,1000
1200000,908620,1201000,1.32178,8784,0,1000
1250000,937183,1251000,1.33485,9369,0,1000
1300000,967786,1301000,1.3443100000000001,9802,0,1000
1350000,999611,1351000,1.35153,10316,0,1000
1400000,1030006,1401000,1.36019,10715,0,1000
1450000,1060279,1451000,1.3685100000000001,11125,0,1000
1500000,1090455,1501000,1.37649,11592,0,1000
1550000,1119217,1551000,1.3857899999999999,11875,0,1000
1600000,1149789,1601000,1.3924299999999998,12293,0,1000
1650000,1180498,1651000,1.39856,12801,0,1000
1700000,1211377,1701000,1.40419,13054,0,1000
1750000,1241741,1751000,1.41012,13529,0,1000
1800000,1271647,1801000,1.4162700000000001,13752,0,1000
1850000,1300788,1851000,1.42298,14121,0,1000
1900000,1329540,1901000,1.42982,14358,0,1000
1950000,1360741,1951000,1.4337799999999998,14551,0,1000
2000000,1393436,2001000,1.43602,14824,0,1000
2050000,1428011,2051000,1.43626,15115,0,1000
2100000,1460809,2101000,1.43824,15335,0,1000
2150000,1490617,2151000,1.44303,15802,0,1000
2200000,1519011,2201000,1.44897,16153,0,1000
2250000,1548999,2251000,1.4532,16370,0,1000
2300000,1583133,2301000,1.45345,16640,0,1000
2350000,1615379,2351000,1.45539,17013,0,1000
2400000,1643923,2401000,1.4605299999999999,17335,0,1000
2450000,1671725,2451000,1.46615,17886,0,1000
2500000,1701414,2501000,1.46995,18182,0,1000
2550000,1731322,2551000,1.4734399999999999,18570,0,1000
2600000,1758695,2601000,1.47894,18937,0,1000
2650000,1787211,2651000,1.48332,19906,0,1000
2700000,1816270,2701000,1.48711,20467,0,1000
2750000,1847074,2751000,1.48938,20813,0,1000
2800000,1881374,2801000,1.48881,20813,0,1000
2850000,1910877,2851000,1.49199,21218,0,1000
2900000,1940900,2901000,1.4946700000000002,21619,0,1000
2950000,1968913,2951000,1.4988,21923,0,1000
3000000,1998116,3001000,1.50191,22223,0,1000
3050000,2027030,3051000,1.50516,22665,0,1000
3100000,2054658,3101000,1.50925,23073,0,1000
3150000,2082959,3151000,1.51275,23276,0,1000
3200000,2111292,3201000,1.51613,23512,0,1000
3250000,2139930,3251000,1.51921,23951,0,1000
3300000,2169691,3301000,1.52141,24269,0,1000
3350000,2199118,3351000,1.52379,24518,0,1000
3400000,2228268,3401000,1.5263,24828,0,1000
3450000,2257832,3451000,1.52846,25084,0,1000
3500000,2287335,3501000,1.5306,25181,0,1000
3550000,2316567,3551000,1.5328700000000002,25468,0,1000
3600000,2344988,3601000,1.53562,25685,0,1000
3650000,2373763,3651000,1.53806,25933,0,1000
3700000,2401705,3701000,1.5409899999999999,26247,0,1000
3750000,2429296,3751000,1.54407,26443,0,1000
3800000,2456341,3801000,1.54742,26888,0,1000
3850000,2482782,3851000,1.55108,27346,0,1000
3900000,2509265,3901000,1.55464,27451,0,1000
3950000,2536303,3951000,1.55778,27756,0,1000
4000000,2564427,4001000,1.56019,28274,0,1000
4050000,2592508,4051000,1.5625799999999999,28680,0,1000
4100000,2619809,4101000,1.56538,28904,0,1000
4150000,2647057,4151000,1.56816,29140,0,1000
4200000,2674948,4201000,1.5705,29550,0,1000
4250000,2702900,4251000,1.57276,29711,0,1000
4300000,2730911,4301000,1.57493,29916,0,1000
4350000,2759888,4351000,1.57651,30367,0,1000
4400000,2787769,4401000,1.5786799999999999,30478,0,1000
4450000,2815372,4451000,1.5809600000000001,30758,0,1000
4500000,2843406,4501000,1.5829600000000001,31116,0,1000
4550000,2871548,4551000,1.58486,31226,0,1000
4600000,2898904,4601000,1.58715,31562,0,1000
4650000,2926185,4651000,1.58944,31788,0,1000
4700000,2952930,4701000,1.59198,32018,0,1000
4750000,2978764,4751000,1.59496,32554,0,1000
4800000,3003716,4801000,1.59835,32682,0,1000
4850000,3030486,4851000,1.60073,32975,0,1000
4900000,3058887,4901000,1.60222,33318,0,1000
4950000,3086977,4951000,1.6038299999999999,33521,0,1000
5000000,3114188,5001000,1.60588,34184,0,1000
5050000,3141499,5051000,1.6078299999999999,34251,0,1000
5100000,3168297,5101000,1.61001,34815,0,1000
5150000,3195765,5151000,1.61182,35197,0,1000
5200000,3221943,5201000,1.61424,35408,0,1000
5250000,3248017,5251000,1.61668,35949,0,1000
5300000,3276149,5301000,1.61806,35972,0,1000
5350000,3305397,5351000,1.61887,36346,0,1000
5400000,3332280,5401000,1.62081,36528,0,1000
5450000,3357935,5451000,1.62332,36933,0,1000
5500000,3384126,5501000,1.62553,36973,0,1000
5550000,3409786,5551000,1.62796,37427,0,1000
5600000,3435092,5601000,1.63052,37660,0,1000
5650000,3459469,5651000,1.6334899999999999,37964,0,1000
5700000,3484046,5701000,1.63632,38415,0,1000
5750000,3510106,5751000,1.63841,38478,0,1000
5800000,3535675,5801000,1.64071,39018,0,1000
5850000,3561985,5851000,1.64262,39181,0,1000
5900000,3588551,5901000,1.6444,39515,0,1000
5950000,3614930,5951000,1.6462299999999999,39610,0,1000
6000000,3643299,6001000,1.64713,40044,0,1000
6050000,3671837,6051000,1.64795,40201,0,1000
6100000,3699432,6101000,1.64917,40662,0,1000
6150000,3726825,6151000,1.65047,40805,0,1000
6200000,3753916,6201000,1.65188,41294,0,1000
6250000,3781117,6251000,1.6532200000000001,41603,0,1000
6300000,3808063,6301000,1.65465,41953,0,1000
6350000,3835692,6351000,1.65576,41966,0,1000
6400000,3863748,6401000,1.65668,42398,0,1000
6450000,3890686,6451000,1.6580599999999999,42644,0,1000
6500000,3918224,6501000,1.65917,42776,0,1000
6550000,3944962,6551000,1.6606,43199,0,1000
6600000,3971757,6601000,1.66198,43200,0,1000
6650000,3997836,6651000,1.66365,43200,0,1000
6700000,4023937,6701000,1.6652799999999999,43200,0,1000
6750000,4049685,6751000,1.66704,43200,0,1000
6800000,4075163,6801000,1.6688900000000002,43200,0,1000
6850000,4100778,6851000,1.6706599999999998,43200,0,1000
6900000,4125620,6901000,1.67272,43200,0,1000
6950000,4150242,6951000,1.67484,43200,0,1000
7000000,4174817,7001000,1.6769599999999998,43200,0,1000
7050000,4198989,7051000,1.6792099999999999,43200,0,1000
7100000,4223662,7101000,1.68124,43200,0,1000
7150000,4248114,7151000,1.68334,43200,0,1000
7200000,4272682,7201000,1.6853599999999997,43200,0,1000
7250000,4297684,7251000,1.6871900000000002,43200,0,1000
7300000,4323370,7301000,1.6887299999999998,43200,0,1000
7350000,4349062,7351000,1.69025,43201,0,1000
7400000,4375158,7401000,1.6916,43201,0,1000
7450000,4400545,7451000,1.6932,43201,0,1000
7500000,4426069,7501000,1.6947299999999998,43201,0,1000
7550000,4451034,7551000,1.6964599999999999,43201,0,1000
7600000,4476750,7601000,1.6978799999999998,43201,0,1000
7650000,4502075,7651000,1.69944,43201,0,1000
7700000,4527581,7701000,1.70091,43201,0,1000
7750000,4554078,7751000,1.7019900000000001,43201,0,1000
7800000,4580255,7801000,1.70318,43201,0,1000
7850000,4606044,7851000,1.7045,43201,0,1000
7900000,4632572,7901000,1.70553,43201,0,1000
7950000,4659519,7951000,1.7064,43201,0,1000
8000000,4685409,8001000,1.70764,43201,0,1000
8050000,4710894,8051000,1.70902,43201,0,1000
8100000,4736338,8101000,1.71039,43201,0,1000
8150000,4761452,8151000,1.71187,43201,0,1000
8200000,4786812,8201000,1.71325,43201,0,1000
8250000,4812212,8251000,1.7146,43201,0,1000
8300000,4838361,8301000,1.71566,43201,0,1000
8350000,4863367,8351000,1.71712,43201,0,1000
8400000,4888222,8401000,1.71862,43201,0,1000
8450000,4913613,8451000,1.7199200000000001,43201,0,1000
8500000,4938964,8501000,1.72121,43201,0,1000
8550000,4964427,8551000,1.72245,43201,0,1000
8600000,4989575,8601000,1.7237900000000002,43201,0,1000
8650000,5014423,8651000,1.72522,43201,0,1000
8700000,5038919,8701000,1.7267599999999999,43201,0,1000
8750000,5063531,8751000,1.7282400000000002,43201,0,1000
8800000,5088217,8801000,1.7296799999999999,43201,0,1000
8850000,5112680,8851000,1.7311900000000002,43201,0,1000
8900000,5136308,8901000,1.7329599999999998,43201,0,1000
8950000,5159929,8951000,1.7347099999999998,43201,0,1000
9000000,5184027,9001000,1.7362900000000001,43201,0,1000
9050000,5208080,9051000,1.7378799999999999,43201,0,1000
9100000,5232203,9101000,1.73942,43201,0,1000
9150000,5256093,9151000,1.7410299999999999,43201,0,1000
9200000,5280266,9201000,1.74253,43201,0,1000
9250000,5304480,9251000,1.744,43201,0,1000
9300000,5328299,9301000,1.7455900000000002,43201,0,1000
9350000,5354626,9351000,1.7463400000000002,43201,0,1000
9400000,5384358,9401000,1.7459799999999999,43201,0,1000
9450000,5410619,9451000,1.74675,43201,0,1000
9500000,5436634,9501000,1.7475900000000002,43201,0,1000
9550000,5462911,9551000,1.7483400000000002,43201,0,1000
9600000,5489141,9601000,1.7490900000000003,43201,0,1000
9650000,5515128,9651000,1.7499099999999999,43201,0,1000
9700000,5541294,9701000,1.7506700000000002,43201,0,1000
9750000,5567245,9751000,1.7514900000000002,43201,0,1000
9800000,5592742,9801000,1.75245,43201,0,1000
9850000,5618258,9851000,1.7533900000000002,43201,0,1000
9900000,5643889,9901000,1.7542900000000001,43201,0,1000
9950000,5668616,9951000,1.75545,43201,0,1000
10000000,5692988,10001000,1.75672,43201,0,1000
10050000,5718158,10051000,1.75773,43201,0,1000
10100000,5741433,10101000,1.75932,43201,0,1000
10150000,5763885,10151000,1.7611400000000001,43201,0,1000
10200000,5786838,10201000,1.76279,43201,0,1000
10250000,5810086,10251000,1.76435,43201,0,1000
10300000,5832629,10301000,1.7661,43201,0,1000
10350000,5854982,10351000,1.7679,43201,0,1000
10400000,5877979,10401000,1.7694900000000002,43201,0,1000
10450000,5901468,10451000,1.77092,43201,0,1000
10500000,5925511,10501000,1.77217,43201,0,1000
10550000,5947349,10551000,1.77407,43201,0,1000
10600000,5970017,10601000,1.77571,43201,0,1000
10650000,5997009,10651000,1.77605,43201,0,1000
10700000,6022720,10701000,1.7767700000000002,43201,0,1000
10750000,6048159,10751000,1.77757,43201,0,1000
10800000,6072620,10801000,1.7786400000000002,43201,0,1000
10850000,6096888,10851000,1.7797599999999998,43201,0,1000
10900000,6119930,10901000,1.7812299999999999,43201,0,1000
10950000,6143793,10951000,1.78245,43201,0,1000
11000000,6167650,11001000,1.7836599999999998,43201,0,1000
11050000,6191733,11051000,1.7848,43201,0,1000
11100000,6215825,11101000,1.78593,43201,0,1000
11150000,6239305,11151000,1.78722,43201,0,1000
11200000,6261544,11201000,1.78886,43201,0,1000
11250000,6284485,11251000,1.7902799999999999,43201,0,1000
11300000,6307515,11301000,1.79167,43201,0,1000
11350000,6329298,11351000,1.79341,43201,0,1000
11400000,6351269,11401000,1.7950700000000002,43201,0,1000
11450000,6373307,11451000,1.7967099999999998,43201,0,1000
11500000,6394844,11501000,1.7984799999999999,43201,0,1000
11550000,6416270,11551000,1.80027,43201,0,1000
11600000,6438283,11601000,1.80188,43201,0,1000
11650000,6459871,11651000,1.8036,43201,0,1000
11700000,6481977,11701000,1.8051599999999999,43201,0,1000
11750000,6503657,11751000,1.80683,43201,0,1000
11800000,6525031,11801000,1.80857,43201,0,1000
11850000,6545457,11851000,1.81057,43201,0,1000
11900000,6566676,11901000,1.81233,43201,0,1000
11950000,6587322,11951000,1.81424,43201,0,1000
12000000,6608439,12001000,1.81601,43201,0,1000
12050000,6629182,12051000,1.81787,43201,0,1000
12100000,6650051,12101000,1.8196900000000003,43201,0,1000
12150000,6670358,12151000,1.8216400000000001,43201,0,1000
12200000,6690317,12201000,1.82368,43201,0,1000
12250000,6711309,12251000,1.8254299999999999,43201,0,1000
12300000,6731365,12301000,1.82742,43201,0,1000
12350000,6751706,12351000,1.82932,43201,0,1000
12400000,6772206,12401000,1.83116,43201,0,1000
12450000,6791947,12451000,1.8332,43201,0,1000
12500000,6811242,12501000,1.83535,43201,0,1000
12550000,6830645,12551000,1.83745,43201,0,1000
12600000,6850562,12601000,1.8394099999999998,43201,0,1000
12650000,6870468,12651000,1.8413599999999999,43201,0,1000
12700000,6890019,12701000,1.84339,43201,0,1000
12750000,6908799,12751000,1.84562,43201,0,1000
12800000,6928054,12801000,1.8477,43201,0,1000
12850000,6947667,12851000,1.84969,43201,0,1000
12900000,6966319,12901000,1.85191,43201,0,1000
12950000,6986134,12951000,1.85381,43201,0,1000
13000000,7004682,13001000,1.8560400000000001,43201,0,1000
13050000,7024408,13051000,1.85795,43201,0,1000
13100000,7043318,13101000,1.8600599999999998,43201,0,1000
13150000,7062242,13151000,1.8621599999999998,43201,0,1000
13200000,7082137,13201000,1.86399,43201,0,1000
13250000,7101403,13251000,1.8659700000000001,43201,0,1000
13300000,7120235,13301000,1.8680599999999998,43201,0,1000
13350000,7140060,13351000,1.8698700000000001,43201,0,1000
13400000,7159020,13401000,1.8719,43201,0,1000
13450000,7178372,13451000,1.87382,43201,0,1000
13500000,7197451,13501000,1.8758,43201,0,1000
13550000,7216004,13551000,1.8779099999999997,43201,0,1000
13600000,7235555,13601000,1.87975,43201,0,1000
13650000,7254152,13651000,1.88182,43201,0,1000
13700000,7273284,13701000,1.8837400000000002,43201,0,1000
13750000,7292019,13751000,1.8857599999999999,43201,0,1000
13800000,7311151,13801000,1.88766,43201,0,1000
13850000,7330756,13851000,1.8894400000000002,43201,0,1000
13900000,7349645,13901000,1.8913799999999998,43201,0,1000
13950000,7368972,13951000,1.8932099999999998,43201,0,1000
14000000,7388141,14001000,1.8950599999999997,43201,0,1000
14050000,7407063,14051000,1.89697,43201,0,1000
14100000,7426074,14101000,1.89885,43201,0,1000
14150000,7444389,14151000,1.9008900000000002,43201,0,1000
14200000,7463020,14201000,1.90285,43201,0,1000
14250000,7481825,14251000,1.90475,43201,0,1000
14300000,7500347,14301000,1.90671,43201,0,1000
14350000,7519543,14351000,1.9084900000000002,43201,0,1000
14400000,7537506,14401000,1.91058,43201,0,1000
14450000,7556426,14451000,1.91241,43201,0,1000
14500000,7575045,14501000,1.91431,43201,0,1000
14550000,7593604,14551000,1.91622,43201,0,1000
14600000,7612144,14601000,1.91812,43201,0,1000
14650000,7630996,14651000,1.91993,43201,0,1000
14700000,7649182,14701000,1.9219,43201,0,1000
14750000,7667587,14751000,1.9238099999999998,43201,0,1000
14800000,7686028,14801000,1.9257,43201,0,1000
14850000,7704910,14851000,1.92747,43201,0,1000
14900000,7723353,14901000,1.92934,43201,0,1000
14950000,7741846,14951000,1.9311900000000002,43201,0,1000
15000000,7760189,15001000,1.93307,43201,0,1000
15050000,7778990,15051000,1.9348299999999998,43201,0,1000
15100000,7797138,15101000,1.9367400000000001,43201,0,1000
15150000,7815633,15151000,1.93855,43201,0,1000
15200000,7834197,15201000,1.9403400000000002,43201,0,1000
15250000,7853040,15251000,1.94205,43201,0,1000
15300000,7871685,15301000,1.9438,43201,0,1000
15350000,7890003,15351000,1.94563,43201,0,1000
15400000,7908518,15401000,1.9473900000000002,43201,0,1000
15450000,7927168,15451000,1.94912,43201,0,1000
15500000,7945810,15501000,1.9508400000000001,43201,0,1000
15550000,7964497,15551000,1.9525400000000002,43201,0,1000
15600000,7983011,15601000,1.95428,43201,0,1000
15650000,8001753,15651000,1.95595,43201,0,1000
15700000,8020833,15701000,1.95753,43201,0,1000
15750000,8039434,15751000,1.9592200000000002,43201,0,1000
15800000,8058587,15801000,1.9607700000000001,43201,0,1000
15850000,8077197,15851000,1.9624400000000002,43201,0,1000
15900000,8095921,15901000,1.9640799999999998,43201,0,1000
15950000,8114449,15951000,1.96575,43201,0,1000
16000000,8131679,16001000,1.96774,43201,0,1000
16050000,8150857,16051000,1.96924,43201,0,1000
16100000,8171148,16101000,1.9704700000000002,43201,0,1000
16150000,8189634,16151000,1.97213,43201,0,1000
16200000,8208069,16201000,1.9737900000000002,43201,0,1000
16250000,8226826,16251000,1.97537,43201,0,1000
16300000,8245059,16301000,1.9770599999999998,43201,0,1000
16350000,8263947,16351000,1.97859,43201,0,1000
16400000,8282192,16401000,1.98027,43201,0,1000
16450000,8301112,16451000,1.9817799999999999,43201,0,1000
16500000,8320004,16501000,1.9832900000000002,43201,0,1000
16550000,8338340,16551000,1.9849299999999999,43201,0,1000
16600000,8356296,16601000,1.98665,43201,0,1000
16650000,8374471,16651000,1.9883,43201,0,1000
16700000,8392667,16701000,1.98995,43201,0,1000
16750000,8410084,16751000,1.9917799999999999,43201,0,1000
16800000,8427149,16801000,1.99368,43201,0,1000
16850000,8444796,16851000,1.99543,43201,0,1000
16900000,8461411,16901000,1.99742,43201,0,1000
16950000,8478169,16951000,1.99937,43201,0,1000
17000000,8495090,17001000,2.00127,43201,0,1000
17050000,8511899,17051000,2.0032,43201,0,1000
17100000,8528897,17101000,2.00507,43201,0,1000
17150000,8545368,17151000,2.00705,43201,0,1000
17200000,8562991,17201000,2.0087599999999997,43201,0,1000
17250000,8579978,17251000,2.01061,43201,0,1000
17300000,8596542,17301000,2.01255,43201,0,1000
17350000,8614190,17351000,2.01423,43201,0,1000
17400000,8632231,17401000,2.01582,43201,0,1000
17450000,8650562,17451000,2.01733,43201,0,1000
17500000,8669068,17501000,2.01879,43201,0,1000
17550000,8686914,17551000,2.0204,43201,0,1000
17600000,8705998,17601000,2.0217099999999997,43201,0,1000
17650000,8725675,17651000,2.02288,43201,0,1000
17700000,8744164,17701000,2.02432,43201,0,1000
17750000,8762928,17751000,2.02569,43201,0,1000
17800000,8781907,17801000,2.0270099999999998,43201,0,1000
17850000,8800878,17851000,2.02832,43201,0,1000
17900000,8819298,17901000,2.02975,43201,0,1000
17950000,8839319,17951000,2.03081,43201,0,1000
18000000,8858740,18001000,2.032,43201,0,1000
18050000,8877643,18051000,2.0333099999999997,43201,0,1000
18100000,8896162,18101000,2.0347,43201,0,1000
18150000,8915259,18151000,2.03595,43201,0,1000
18200000,8934555,18201000,2.03715,43201,0,1000
18250000,8953633,18251000,2.03839,43201,0,1000
18300000,8972925,18301000,2.03958,43201,0,1000
18350000,8991799,18351000,2.04086,43201,0,1000
18400000,9010229,18401000,2.04223,43201,0,1000
18450000,9028282,18451000,2.0436900000000002,43201,0,1000
18500000,9047120,18501000,2.0449599999999997,43201,0,1000
18550000,9065564,18551000,2.04632,43201,0,1000
18600000,9083267,18601000,2.04783,43201,0,1000
18650000,9101529,18651000,2.04922,43201,0,1000
18700000,9119652,18701000,2.05063,43201,0,1000
18750000,9137643,18751000,2.05206,43201,0,1000
18800000,9155701,18801000,2.05347,43201,0,1000
18850000,9173679,18851000,2.0549,43201,0,1000
18900000,9191248,18901000,2.05641,43201,0,1000
18950000,9209099,18951000,2.05786,43201,0,1000
19000000,9227372,19001000,2.0592,43201,0,1000
19050000,9244486,19051000,2.0608,43201,0,1000
19100000,9261613,19101000,2.06238,43201,0,1000
19150000,9278992,19151000,2.06391,43201,0,1000
19200000,9296285,19201000,2.06545,43201,0,1000
19250000,9313608,19251000,2.06698,43201,0,1000
19300000,9330792,19301000,2.06853,43201,0,1000
19350000,9348336,19351000,2.06999,43201,0,1000
19400000,9365776,19401000,2.0714799999999998,43201,0,1000
19450000,9382837,19451000,2.07304,43201,0,1000
19500000,9400056,19501000,2.07456,43201,0,1000
19550000,9417362,19551000,2.07606,43201,0,1000
19600000,9434573,19601000,2.07757,43201,0,1000
19650000,9452050,19651000,2.07902,43201,0,1000
19700000,9469891,19701000,2.08038,43201,0,1000
19750000,9486831,19751000,2.0819400000000003,43201,0,1000
19800000,9504435,19801000,2.08334,43201,0,1000
19850000,9521283,19851000,2.08491,43201,0,1000
19900000,9536990,19901000,2.08672,43201,0,1000
19950000,9553083,19951000,2.0884400000000003,43201,0,1000
20000000,9570079,20001000,2.08995,43201,0,1000
20050000,9586673,20051000,2.09155,43201,0,1000
20100000,9602676,20101000,2.09327,43201,0,1000
20150000,9619095,20151000,2.0949,43201,0,1000
20200000,9635464,20201000,2.09653,43201,0,1000
20250000,9651077,20251000,2.09832,43201,0,1000
20300000,9667456,20301000,2.09993,43201,0,1000
20350000,9683883,20351000,2.10153,43201,0,1000
20400000,9700055,20401000,2.10318,43201,0,1000
20450000,9715878,20451000,2.1049,43201,0,1000
20500000,9732474,20501000,2.10645,43201,0,1000
20550000,9748444,20551000,2.10813,43201,0,1000
20600000,9764472,20601000,2.1097900000000003,43201,0,1000
20650000,9780306,20651000,2.1114900000000003,43201,0,1000
20700000,9796535,20701000,2.11309,43201,0,1000
20750000,9812367,20751000,2.11478,43201,0,1000
20800000,9828426,20801000,2.1164099999999997,43201,0,1000
20850000,9843853,20851000,2.11817,43201,0,1000
20900000,9859041,20901000,2.11998,43201,0,1000
20950000,9874683,20951000,2.12169,43201,0,1000
21000000,9890487,21001000,2.12335,43201,0,1000
21050000,9906068,21051000,2.12506,43201,0,1000
21100000,9921591,21101000,2.12678,43201,0,1000
21150000,9937343,21151000,2.1284400000000003,43201,0,1000
21200000,9952407,21201000,2.13024,43201,0,1000
21250000,9967310,21251000,2.13207,43201,0,1000
21300000,9982648,21301000,2.1338,43201,0,1000
21350000,9998525,21351000,2.13541,43201,0,1000
21400000,10013714,21401000,2.1371700000000002,43201,0,1000
21450000,10029553,21451000,2.13878,43201,0,1000
21500000,10045277,21501000,2.1404099999999997,43201,0,1000
21550000,10060633,21551000,2.1421099999999997,43201,0,1000
21600000,10076105,21601000,2.14378,43201,0,1000
21650000,10092018,21651000,2.1453599999999997,43201,0,1000
21700000,10107369,21701000,2.14705,43201,0,1000
21750000,10122213,21751000,2.1488400000000003,43201,0,1000
21800000,10137161,21801000,2.1506,43201,0,1000
21850000,10152726,21851000,2.15223,43201,0,1000
21900000,10167961,21901000,2.1539200000000003,43201,0,1000
21950000,10183142,21951000,2.15562,43201,0,1000
22000000,10198521,22001000,2.15727,43201,0,1000
22050000,10213719,22051000,2.15896,43201,0,1000
22100000,10229518,22101000,2.16051,43201,0,1000
22150000,10245351,22151000,2.16205,43201,0,1000
22200000,10261241,22201000,2.16358,43201,0,1000
22250000,10276734,22251000,2.16518,43201,0,1000
22300000,10293170,22301000,2.1665799999999997,43201,0,1000
22350000,10308960,22351000,2.16811,43201,0,1000
22400000,10325013,22401000,2.1695900000000004,43201,0,1000
22450000,10340914,22451000,2.17108,43201,0,1000
22500000,10354685,22501000,2.17303,43201,0,1000
