timestep,num_nodes,num_edges,average_degree,max_degree,num_triangles,new_edges
0,1988,1000,0.5030180000000001,2,0,1000
50000,91108,51000,0.559775,104,0,1000
100000,170979,101000,0.590716,212,0,1000
150000,245439,151000,0.615224,307,0,1000
200000,316090,201000,0.635895,420,0,1000
250000,383840,251000,0.653918,514,0,1000
300000,449170,301000,0.670125,609,0,1000
350000,512212,351000,0.685263,688,0,1000
400000,573520,401000,0.699191,792,0,1000
450000,633222,451000,0.71223,890,0,1000
500000,691223,501000,0.7248020000000001,988,0,1000
550000,747936,551000,0.736694,1078,0,1000
600000,803783,601000,0.747714,1178,0,1000
650000,858478,651000,0.758319,1264,0,1000
700000,912449,701000,0.768262,1363,0,1000
750000,965189,751000,0.7780859999999999,1433,0,1000
800000,1016876,801000,0.7877069999999999,1500,0,1000
850000,1067636,851000,0.797088,1598,0,1000
900000,1117779,901000,0.806063,1706,0,1000
950000,1166957,951000,0.81494,1796,0,1000
1000000,1215643,1001000,0.823433,1892,0,1000
1050000,1263675,1051000,0.831701,1989,0,1000
1100000,1310975,1101000,0.8398329999999999,2083,0,1000
1150000,1357766,1151000,0.847716,2184,0,1000
1200000,1404045,1201000,0.8553860000000001,2272,0,1000
1250000,1449489,1251000,0.8630629999999999,2360,0,1000
1300000,1494634,1301000,0.870447,2452,0,1000
1350000,1539211,1351000,0.8777219999999999,2537,0,1000
1400000,1583201,1401000,0.884916,2647,0,1000
1450000,1626535,1451000,0.8920799999999999,2752,0,1000
1500000,1669691,1501000,0.898969,2862,0,1000
1550000,1712216,1551000,0.9058440000000001,2968,0,1000
1600000,1754230,1601000,0.912651,3056,0,1000
1650000,1796038,1651000,0.9192459999999999,3161,0,1000
1700000,1837618,1701000,0.9256549999999999,3259,0,1000
1750000,1878549,1751000,0.9321020000000001,3355,0,1000
1800000,1919046,1801000,0.9384870000000001,3433,0,1000
1850000,1959277,1851000,0.944736,3530,0,1000
1900000,1999166,1901000,0.9508969999999999,3619,0,1000
1950000,2038946,1951000,0.956867,3745,0,1000
2000000,2078303,2001000,0.9628049999999999,3843,0,1000
2050000,2117329,2051000,0.968673,3945,0,1000
2100000,2155896,2101000,0.9745370000000001,4023,0,1000
2150000,2194158,2151000,0.9803299999999999,4121,0,1000
2200000,2232419,2201000,0.985926,4224,0,1000
2250000,2269749,2251000,0.99174,4324,0,1000
2300000,2306910,2301000,0.9974379999999999,4414,0,1000
2350000,2343899,2351000,1.0030299999999999,4508,0,1000
2400000,2380896,2401000,1.00844,4613,0,1000
2450000,2417360,2451000,1.0139200000000002,4713,0,1000
2500000,2453681,2501000,1.01928,4804,0,1000
2550000,2489815,2551000,1.02457,4911,0,1000
2600000,2525602,2601000,1.02985,5014,0,1000
2650000,2560839,2651000,1.03521,5121,0,1000
2700000,2596099,2701000,1.04041,5224,0,1000
2750000,2631329,2751000,1.04548,5314,0,1000
2800000,2666424,2801000,1.05047,5403,0,1000
2850000,2701125,2851000,1.05549,5495,0,1000
2900000,2735766,2901000,1.0604,5575,0,1000
2950000,2769954,2951000,1.06536,5671,0,1000
3000000,2803872,3001000,1.07031,5757,0,1000
3050000,2837727,3051000,1.0751600000000001,5855,0,1000
3100000,2871208,3101000,1.0800299999999998,5950,0,1000
3150000,2904582,3151000,1.08484,6033,0,1000
3200000,2937598,3201000,1.0896700000000001,6131,0,1000
3250000,2970592,3251000,1.09439,6241,0,1000
3300000,3003285,3301000,1.09913,6343,0,1000
3350000,3036013,3351000,1.10375,6449,0,1000
3400000,3068508,3401000,1.10836,6548,0,1000
3450000,3100592,3451000,1.11301,6628,0,1000
3500000,3132562,3501000,1.11762,6709,0,1000
3550000,3164416,3551000,1.1221700000000001,6808,0,1000
3600000,3196370,3601000,1.12659,6908,0,1000
3650000,3227964,3651000,1.13105,7012,0,1000
3700000,3259289,3701000,1.13552,7113,0,1000
3750000,3290739,3751000,1.1398700000000002,7216,0,1000
3800000,3321710,3801000,1.14429,7318,0,1000
3850000,3352478,3851000,1.1487,7409,0,1000
3900000,3383206,3901000,1.15305,7497,0,1000
3950000,3413776,3951000,1.15737,7589,0,1000
4000000,3443936,4001000,1.16175,7694,0,1000
4050000,3474418,4051000,1.16595,7794,0,1000
4100000,3504475,4101000,1.17022,7903,0,1000
4150000,3534417,4151000,1.17445,8010,0,1000
4200000,3564235,4201000,1.17865,8115,0,1000
4250000,3593907,4251000,1.18284,8200,0,1000
4300000,3623512,4301000,1.18697,8310,0,1000
4350000,3652835,4351000,1.19113,8398,0,1000
4400000,3681956,4401000,1.19529,8478,0,1000
4450000,3710985,4451000,1.19941,8578,0,1000
4500000,3739937,4501000,1.2035,8676,0,1000
4550000,3768545,4551000,1.20763,8777,0,1000
4600000,3797162,4601000,1.21169,8883,0,1000
4650000,3825649,4651000,1.21574,8994,0,1000
4700000,3853947,4701000,1.21979,9091,0,1000
4750000,3882181,4751000,1.2238,9181,0,1000
4800000,3910279,4801000,1.22779,9268,0,1000
4850000,3938328,4851000,1.23174,9366,0,1000
4900000,3966352,4901000,1.23564,9468,0,1000
4950000,3994120,4951000,1.23957,9568,0,1000
5000000,4021863,5001000,1.24345,9665,0,1000
5050000,4049379,5051000,1.24735,9745,0,1000
5100000,4076823,5101000,1.25122,9840,0,1000
5150000,4104146,5151000,1.2550700000000001,9929,0,1000
5200000,4131569,5201000,1.25884,10034,0,1000
5250000,4158749,5251000,1.26264,10122,0,1000
5300000,4185960,5301000,1.2663799999999998,10229,0,1000
5350000,4212955,5351000,1.27013,10306,0,1000
5400000,4239767,5401000,1.27389,10413,0,1000
5450000,4266473,5451000,1.2776399999999999,10505,0,1000
5500000,4293195,5501000,1.2813299999999999,10600,0,1000
5550000,4319761,5551000,1.28502,10688,0,1000
5600000,4346030,5601000,1.2887600000000001,10772,0,1000
5650000,4372091,5651000,1.2925200000000001,10862,0,1000
5700000,4398238,5701000,1.2962,10973,0,1000
5750000,4424540,5751000,1.2998,11086,0,1000
5800000,4450413,5801000,1.3034700000000001,11156,0,1000
5850000,4476149,5851000,1.30715,11233,0,1000
5900000,4501918,5901000,1.31077,11330,0,1000
5950000,4527752,5951000,1.31434,11430,0,1000
6000000,4553412,6001000,1.3179100000000001,11522,0,1000
6050000,4579110,6051000,1.32144,11622,0,1000
6100000,4604179,6101000,1.3251,11726,0,1000
6150000,4629493,6151000,1.32866,11833,0,1000
6200000,4654917,6201000,1.3321399999999999,11922,0,1000
6250000,4680066,6251000,1.33566,12015,0,1000
6300000,4705194,6301000,1.3391600000000001,12127,0,1000
6350000,4730025,6351000,1.3427,12217,0,1000
6400000,4754774,6401000,1.34623,12296,0,1000
6450000,4779467,6451000,1.3497299999999999,12384,0,1000
6500000,4804072,6501000,1.35323,12461,0,1000
6550000,4828790,6551000,1.35665,12571,0,1000
6600000,4853352,6601000,1.36009,12671,0,1000
6650000,4877653,6651000,1.3635700000000002,12775,0,1000
6700000,4902051,6701000,1.3669799999999999,12855,0,1000
6750000,4926207,6751000,1.37043,12947,0,1000
6800000,4950592,6801000,1.37378,13040,0,1000
6850000,4974814,6851000,1.37714,13132,0,1000
6900000,4998691,6901000,1.38056,13223,0,1000
6950000,5022600,6951000,1.38394,13324,0,1000
7000000,5046501,7001000,1.3873,13417,0,1000
7050000,5070455,7051000,1.3906,13514,0,1000
7100000,5094018,7101000,1.39399,13612,0,1000
7150000,5117766,7151000,1.39729,13703,0,1000
7200000,5141364,7201000,1.4006,13813,0,1000
7250000,5164635,7251000,1.4039700000000002,13906,0,1000
7300000,5188052,7301000,1.40727,13993,0,1000
7350000,5211509,7351000,1.4105299999999998,14086,0,1000
7400000,5234953,7401000,1.41377,14179,0,1000
7450000,5258385,7451000,1.41697,14275,0,1000
7500000,5281372,7501000,1.4202700000000001,14364,0,1000
7550000,5304269,7551000,1.42357,14454,0,1000
7600000,5327273,7601000,1.4268100000000001,14551,0,1000
7650000,5350249,7651000,1.43003,14651,0,1000
7700000,5373142,7701000,1.43324,14750,0,1000
7750000,5395726,7751000,1.43651,14838,0,1000
7800000,5418458,7801000,1.43971,14948,0,1000
7850000,5441179,7851000,1.44289,15039,0,1000
7900000,5463595,7901000,1.44612,15152,0,1000
7950000,5486285,7951000,1.44925,15245,0,1000
8000000,5508757,8001000,1.45241,15352,0,1000
8050000,5531198,8051000,1.45556,15437,0,1000
8100000,5553717,8101000,1.45866,15525,0,1000
8150000,5575926,8151000,1.4618200000000001,15606,0,1000
8200000,5598348,8201000,1.4649,15709,0,1000
8250000,5620477,8251000,1.46802,15812,0,1000
8300000,5642576,8301000,1.47114,15900,0,1000
8350000,5664714,8351000,1.47421,15985,0,1000
8400000,5686844,8401000,1.47727,16085,0,1000
8450000,5708587,8451000,1.4804,16184,0,1000
8500000,5730514,8501000,1.48346,16271,0,1000
8550000,5752125,8551000,1.48658,16361,0,1000
8600000,5773762,8601000,1.48967,16471,0,1000
8650000,5795530,8651000,1.4927,16571,0,1000
8700000,5817199,8701000,1.49574,16663,0,1000
8750000,5838673,8751000,1.4988,16763,0,1000
8800000,5860095,8801000,1.50185,16860,0,1000
8850000,5881495,8851000,1.50489,16950,0,1000
8900000,5902869,8901000,1.50791,17045,0,1000
8950000,5923991,8951000,1.5109700000000001,17143,0,1000
9000000,5945318,9001000,1.51396,17235,0,1000
9050000,5966498,9051000,1.5169700000000002,17329,0,1000
9100000,5987566,9101000,1.5199799999999999,17441,0,1000
9150000,6008502,9151000,1.52301,17537,0,1000
9200000,6029462,9201000,1.52601,17623,0,1000
9250000,6050457,9251000,1.52898,17722,0,1000
9300000,6071132,9301000,1.5319999999999998,17809,0,1000
9350000,6092129,9351000,1.53493,17909,0,1000
9400000,6112805,9401000,1.5379200000000002,18009,0,1000
9450000,6133468,9451000,1.5408899999999999,18102,0,1000
9500000,6153998,9501000,1.54387,18200,0,1000
9550000,6174713,9551000,1.5467899999999999,18291,0,1000
9600000,6195200,9601000,1.54975,18387,0,1000
9650000,6215624,9651000,1.5527,18475,0,1000
9700000,6236015,9701000,1.55564,18574,0,1000
9750000,6256160,9751000,1.5586200000000001,18673,0,1000
9800000,6276588,9801000,1.56152,18762,0,1000
9850000,6296936,9851000,1.56441,18853,0,1000
9900000,6317232,9901000,1.5673,18954,0,1000
9950000,6337385,9951000,1.57021,19040,0,1000
10000000,6357508,10001000,1.5731,19125,0,1000
10050000,6377500,10051000,1.5760100000000001,19228,0,1000
10100000,6397518,10101000,1.57889,19317,0,1000
10150000,6417510,10151000,1.5817700000000001,19423,0,1000
10200000,6437510,10201000,1.5846200000000001,19520,0,1000
10250000,6457449,10251000,1.5874700000000002,19618,0,1000
10300000,6477263,10301000,1.59033,19716,0,1000
10350000,6497100,10351000,1.59317,19796,0,1000
10400000,6516993,10401000,1.59598,19875,0,1000
10450000,6536657,10451000,1.59883,19968,0,1000
10500000,6556237,10501000,1.60168,20080,0,1000
10550000,6575952,10551000,1.60448,20191,0,1000
10600000,6595563,10601000,1.6072899999999999,20280,0,1000
10650000,6615097,10651000,1.6101,20367,0,1000
10700000,6634518,10701000,1.61293,20455,0,1000
10750000,6654073,10751000,1.6157,20558,0,1000
10800000,6673230,10801000,1.61856,20638,0,1000
10850000,6692389,10851000,1.6213899999999999,20739,0,1000
10900000,6711475,10901000,1.6242299999999998,20834,0,1000
10950000,6730694,10951000,1.6270200000000001,20936,0,1000
11000000,6749760,11001000,1.62984,21036,0,1000
11050000,6769110,11051000,1.63256,21139,0,1000
11100000,6788215,11101000,1.63533,21229,0,1000
11150000,6807365,11151000,1.63808,21315,0,1000
11200000,6826288,11201000,1.6408599999999998,21397,0,1000
11250000,6845284,11251000,1.6436099999999998,21506,0,1000
11300000,6864120,11301000,1.6463900000000002,21601,0,1000
11350000,6883014,11351000,1.64913,21698,0,1000
11400000,6901804,11401000,1.65189,21811,0,1000
11450000,6920716,11451000,1.6546,21897,0,1000
11500000,6939479,11501000,1.65733,21982,0,1000
11550000,6958317,11551000,1.66003,22067,0,1000
11600000,6976934,11601000,1.6627599999999998,22184,0,1000
11650000,6995573,11651000,1.6654799999999998,22285,0,1000
11700000,7014301,11701000,1.6681599999999999,22370,0,1000
11750000,7033069,11751000,1.67082,22486,0,1000
11800000,7051726,11801000,1.6734900000000001,22590,0,1000
11850000,7070211,11851000,1.67619,22694,0,1000
11900000,7088631,11901000,1.6788900000000002,22790,0,1000
11950000,7107192,11951000,1.68154,22889,0,1000
12000000,7125573,12001000,1.68422,22965,0,1000
12050000,7143935,12051000,1.6868900000000002,23049,0,1000
12100000,7162271,12101000,1.68955,23126,0,1000
12150000,7180503,12151000,1.69222,23228,0,1000
12200000,7198570,12201000,1.69492,23339,0,1000
12250000,7216690,12251000,1.6975900000000002,23430,0,1000
12300000,7234957,12301000,1.70022,23544,0,1000
12350000,7252908,12351000,1.7029,23636,0,1000
12400000,7271142,12401000,1.7055099999999999,23718,0,1000
12450000,7289215,12451000,1.7081400000000002,23811,0,1000
12500000,7307070,12501000,1.71081,23910,0,1000
12550000,7325033,12551000,1.71344,24018,0,1000
12600000,7342956,12601000,1.71607,24110,0,1000
12650000,7360859,12651000,1.71869,24199,0,1000
12700000,7378821,12701000,1.72128,24286,0,1000
12750000,7396658,12751000,1.7238900000000001,24392,0,1000
12800000,7414542,12801000,1.7264700000000002,24490,0,1000
12850000,7432355,12851000,1.7290599999999998,24588,0,1000
12900000,7449978,12901000,1.7316799999999999,24682,0,1000
12950000,7467837,12951000,1.7342400000000002,24772,0,1000
13000000,7485594,13001000,1.7368,24865,0,1000
13050000,7503300,13051000,1.73937,24990,0,1000
13100000,7521031,13101000,1.7419200000000001,25078,0,1000
13150000,7538744,13151000,1.74446,25165,0,1000
13200000,7556317,13201000,1.74702,25268,0,1000
13250000,7573841,13251000,1.74957,25366,0,1000
13300000,7591355,13301000,1.7521200000000001,25473,0,1000
13350000,7608852,13351000,1.7546700000000002,25552,0,1000
13400000,7626223,13401000,1.7572299999999998,25653,0,1000
13450000,7643525,13451000,1.7597900000000002,25759,0,1000
13500000,7660756,13501000,1.76236,25871,0,1000
13550000,7678207,13551000,1.7648700000000002,25981,0,1000
13600000,7695277,13601000,1.76745,26077,0,1000
13650000,7712478,13651000,1.7699900000000002,26175,0,1000
13700000,7729760,13701000,1.7725,26270,0,1000
13750000,7747146,13751000,1.77498,26356,0,1000
13800000,7764406,13801000,1.77747,26465,0,1000
13850000,7781529,13851000,1.77998,26556,0,1000
13900000,7798637,13901000,1.7824900000000001,26649,0,1000
13950000,7815620,13951000,1.78502,26754,0,1000
14000000,7832738,14001000,1.7875,26864,0,1000
14050000,7849822,14051000,1.78998,26963,0,1000
14100000,7866639,14101000,1.7925099999999998,27051,0,1000
14150000,7883577,14151000,1.795,27127,0,1000
14200000,7900398,14201000,1.7975,27230,0,1000
14250000,7917335,14251000,1.79997,27329,0,1000
14300000,7934003,14301000,1.8024900000000001,27421,0,1000
14350000,7950989,14351000,1.80493,27515,0,1000
14400000,7967712,14401000,1.80742,27603,0,1000
14450000,7984205,14451000,1.80995,27700,0,1000
14500000,8000953,14501000,1.8124099999999999,27799,0,1000
14550000,8017539,14551000,1.8149,27908,0,1000
14600000,8034056,14601000,1.81739,27997,0,1000
14650000,8050673,14651000,1.81985,28096,0,1000
14700000,8067441,14701000,1.8222599999999998,28198,0,1000
14750000,8084088,14751000,1.8247,28294,0,1000
14800000,8100656,14801000,1.8271400000000002,28393,0,1000
14850000,8117178,14851000,1.82958,28479,0,1000
14900000,8133623,14901000,1.83202,28589,0,1000
14950000,8150008,14951000,1.8344799999999999,28664,0,1000
15000000,8166406,15001000,1.83692,28746,0,1000
15050000,8182720,15051000,1.8393599999999999,28832,0,1000
15100000,8199202,15101000,1.8417599999999998,28933,0,1000
15150000,8215445,15151000,1.84421,29037,0,1000
15200000,8231796,15201000,1.8466200000000002,29135,0,1000
15250000,8248048,15251000,1.8490400000000002,29225,0,1000
15300000,8264182,15301000,1.85148,29321,0,1000
15350000,8280383,15351000,1.8539,29431,0,1000
15400000,8296500,15401000,1.85632,29518,0,1000
15450000,8312397,15451000,1.8587900000000002,29614,0,1000
15500000,8328449,15501000,1.8612099999999998,29707,0,1000
15550000,8344650,15551000,1.86359,29797,0,1000
15600000,8360788,15601000,1.8659700000000001,29914,0,1000
15650000,8376732,15651000,1.8683900000000002,30038,0,1000
15700000,8392795,15701000,1.87077,30128,0,1000
15750000,8408605,15751000,1.8732,30224,0,1000
15800000,8424349,15801000,1.87563,30327,0,1000
15850000,8440457,15851000,1.87798,30420,0,1000
15900000,8456224,15901000,1.8803900000000002,30509,0,1000
15950000,8472038,15951000,1.88278,30592,0,1000
16000000,8488068,16001000,1.8851200000000001,30689,0,1000
16050000,8503969,16051000,1.88747,30788,0,1000
16100000,8519698,16101000,1.8898599999999999,30885,0,1000
16150000,8535487,16151000,1.89222,30986,0,1000
16200000,8551228,16201000,1.89458,31082,0,1000
16250000,8566996,16251000,1.89693,31190,0,1000
16300000,8582702,16301000,1.8992900000000001,31266,0,1000
16350000,8598325,16351000,1.90165,31360,0,1000
16400000,8613913,16401000,1.9040099999999998,31449,0,1000
16450000,8629335,16451000,1.9064,31530,0,1000
16500000,8644825,16501000,1.90877,31637,0,1000
16550000,8660284,16551000,1.91114,31742,0,1000
16600000,8675876,16601000,1.91347,31839,0,1000
16650000,8691448,16651000,1.91579,31946,0,1000
16700000,8707015,16701000,1.9181099999999998,32034,0,1000
16750000,8722550,16751000,1.92042,32139,0,1000
16800000,8738022,16801000,1.92275,32235,0,1000
16850000,8753634,16851000,1.92503,32328,0,1000
16900000,8768973,16901000,1.92736,32429,0,1000
16950000,8784255,16951000,1.9297,32536,0,1000
17000000,8799483,17001000,1.93205,32648,0,1000
17050000,8814954,17051000,1.9343299999999999,32732,0,1000
17100000,8830257,17101000,1.9366400000000001,32828,0,1000
17150000,8845731,17151000,1.9389,32916,0,1000
17200000,8860765,17201000,1.94125,33010,0,1000
17250000,8875908,17251000,1.9435799999999999,33102,0,1000
17300000,8891083,17301000,1.9458799999999998,33209,0,1000
17350000,8905956,17351000,1.94825,33311,0,1000
17400000,8921148,17401000,1.9505299999999999,33415,0,1000
17450000,8936418,17451000,1.9528,33517,0,1000
17500000,8951623,17501000,1.9550599999999998,33623,0,1000
17550000,8966632,17551000,1.95737,33716,0,1000
17600000,8981854,17601000,1.9596200000000001,33818,0,1000
17650000,8996880,17651000,1.9619,33925,0,1000
17700000,9011823,17701000,1.9642,34018,0,1000
17750000,9026815,17751000,1.9664700000000002,34131,0,1000
17800000,9041775,17801000,1.96875,34228,0,1000
17850000,9056696,17851000,1.9710299999999998,34325,0,1000
17900000,9071606,17901000,1.9733,34418,0,1000
17950000,9086674,17951000,1.97553,34501,0,1000
18000000,9101374,18001000,1.97783,34595,0,1000
18050000,9116217,18051000,1.9801,34674,0,1000
18100000,9130975,18101000,1.98237,34778,0,1000
18150000,9145810,18151000,1.98462,34866,0,1000
18200000,9160594,18201000,1.98688,34976,0,1000
18250000,9175123,18251000,1.98918,35056,0,1000
18300000,9189717,18301000,1.99147,35137,0,1000
18350000,9204518,18351000,1.9936900000000002,35218,0,1000
18400000,9219218,18401000,1.99594,35323,0,1000
18450000,9233923,18451000,1.9981799999999998,35433,0,1000
18500000,9248492,18501000,2.0004299999999997,35520,0,1000
18550000,9263003,18551000,2.0027,35634,0,1000
18600000,9277662,18601000,2.0049200000000003,35713,0,1000
18650000,9292331,18651000,2.00714,35814,0,1000
18700000,9306923,18701000,2.00936,35902,0,1000
18750000,9321398,18751000,2.0116099999999997,35979,0,1000
18800000,9335821,18801000,2.0138599999999998,36089,0,1000
18850000,9350302,18851000,2.01608,36179,0,1000
18900000,9364734,18901000,2.01832,36263,0,1000
18950000,9379159,18951000,2.02054,36362,0,1000
19000000,9393341,19001000,2.0228200000000003,36461,0,1000
19050000,9407727,19051000,2.02504,36537,0,1000
19100000,9422200,19101000,2.02723,36630,0,1000
19150000,9436561,19151000,2.02945,36732,0,1000
19200000,9450808,19201000,2.0316799999999997,36822,0,1000
19250000,9465151,19251000,2.03388,36925,0,1000
19300000,9479566,19301000,2.03606,37014,0,1000
19350000,9493740,19351000,2.03829,37120,0,1000
19400000,9507849,19401000,2.04052,37221,0,1000
19450000,9521939,19451000,2.04276,37322,0,1000
19500000,9536222,19501000,2.04494,37409,0,1000
19550000,9550403,19551000,2.04714,37513,0,1000
19600000,9564493,19601000,2.04935,37609,0,1000
19650000,9578626,19651000,2.05155,37717,0,1000
19700000,9592863,19701000,2.0537099999999997,37820,0,1000
19750000,9606914,19751000,2.05592,37914,0,1000
19800000,9620973,19801000,2.0581099999999997,38029,0,1000
19850000,9634924,19851000,2.06032,38102,0,1000
19900000,9649006,19901000,2.06249,38201,0,1000
19950000,9663070,19951000,2.06466,38286,0,1000
20000000,9677073,20001000,2.06684,38374,0,1000
20050000,9690931,20051000,2.06905,38458,0,1000
20100000,9705118,20101000,2.07118,38545,0,1000
20150000,9719179,20151000,2.0733200000000003,38646,0,1000
20200000,9733265,20201000,2.0754599999999996,38739,0,1000
20250000,9747307,20251000,2.0776,38844,0,1000
20300000,9761270,20301000,2.07975,38940,0,1000
20350000,9775193,20351000,2.0819,39039,0,1000
20400000,9789237,20401000,2.08402,39135,0,1000
20450000,9803068,20451000,2.08618,39236,0,1000
20500000,9816970,20501000,2.08832,39326,0,1000
20550000,9830671,20551000,2.0905,39416,0,1000
20600000,9844430,20601000,2.09266,39522,0,1000
20650000,9858118,20651000,2.09482,39609,0,1000
20700000,9871843,20701000,2.0969700000000002,39697,0,1000
20750000,9885577,20751000,2.09912,39804,0,1000
20800000,9899340,20801000,2.10125,39898,0,1000
20850000,9912970,20851000,2.10341,40001,0,1000
20900000,9926570,20901000,2.1055599999999997,40098,0,1000
20950000,9940215,20951000,2.1077,40179,0,1000
21000000,9953909,21001000,2.10982,40267,0,1000
21050000,9967527,21051000,2.11196,40367,0,1000
21100000,9981003,21101000,2.11412,40454,0,1000
21150000,9994768,21151000,2.1162099999999997,40563,0,1000
21200000,10008315,21201000,2.1183400000000003,40663,0,1000
21250000,10021784,21251000,2.12048,40744,0,1000
21300000,10035449,21301000,2.12258,40845,0,1000
21350000,10048965,21351000,2.1247,40949,0,1000
21400000,10062530,21401000,2.1268,41046,0,1000
21450000,10075994,21451000,2.12892,41160,0,1000
21500000,10089510,21501000,2.13103,41274,0,1000
21550000,10102961,21551000,2.13314,41369,0,1000
21600000,10116396,21601000,2.13525,41449,0,1000
21650000,10129870,21651000,2.13734,41542,0,1000
21700000,10143261,21701000,2.13945,41662,0,1000
21750000,10156604,21751000,2.1415599999999997,41764,0,1000
21800000,10169903,21801000,2.14368,41852,0,1000
21850000,10183068,21851000,2.14582,41936,0,1000
21900000,10196254,21901000,2.14795,42032,0,1000
21950000,10209749,21951000,2.15,42126,0,1000
22000000,10223006,22001000,2.15211,42239,0,1000
22050000,10236194,22051000,2.15422,42335,0,1000
22100000,10249325,22101000,2.15634,42435,0,1000
22150000,10262697,22151000,2.1584,42541,0,1000
22200000,10275757,22201000,2.16052,42643,0,1000
22250000,10288936,22251000,2.16261,42737,0,1000
22300000,10302093,22301000,2.16471,42833,0,1000
22350000,10315279,22351000,2.16679,42914,0,1000
22400000,10328392,22401000,2.16888,43005,0,1000
22450000,10341445,22451000,2.17097,43093,0,1000
22500000,10354752,22501000,2.1730099999999997,43190,0,1000
