timestep,num_nodes,num_edges,average_degree,max_degree,num_triangles,new_edges
0,1985,1000,0.503778,5,0,1000
50000,91126,51000,0.559665,95,0,1000
100000,170981,101000,0.590709,195,0,1000
150000,245549,151000,0.614949,302,0,1000
200000,316399,201000,0.635274,394,0,1000
250000,384282,251000,0.653166,502,0,1000
300000,449405,301000,0.669774,608,0,1000
350000,512469,351000,0.684919,717,0,1000
400000,574052,401000,0.698543,811,0,1000
450000,633811,451000,0.711569,902,0,1000
500000,691895,501000,0.7240979999999999,1004,0,1000
550000,748591,551000,0.736049,1095,0,1000
600000,804457,601000,0.747088,1180,0,1000
650000,859169,651000,0.757709,1268,0,1000
700000,912712,701000,0.768041,1357,0,1000
750000,965292,751000,0.778003,1453,0,1000
800000,1016929,801000,0.787666,1538,0,1000
850000,1067890,851000,0.796899,1651,0,1000
900000,1118052,901000,0.805866,1739,0,1000
950000,1167499,951000,0.814562,1844,0,1000
1000000,1216086,1001000,0.823133,1930,0,1000
1050000,1264102,1051000,0.83142,2035,0,1000
1100000,1311434,1101000,0.8395389999999999,2149,0,1000
1150000,1358158,1151000,0.8474709999999999,2238,0,1000
1200000,1404361,1201000,0.855193,2333,0,1000
1250000,1450095,1251000,0.8627020000000001,2436,0,1000
1300000,1494985,1301000,0.870243,2532,0,1000
1350000,1539654,1351000,0.8774700000000001,2629,0,1000
1400000,1583522,1401000,0.8847370000000001,2737,0,1000
1450000,1626964,1451000,0.8918450000000001,2834,0,1000
1500000,1670195,1501000,0.898697,2950,0,1000
1550000,1712778,1551000,0.905546,3070,0,1000
1600000,1755181,1601000,0.912157,3173,0,1000
1650000,1797081,1651000,0.9187120000000001,3273,0,1000
1700000,1838227,1701000,0.925348,3380,0,1000
1750000,1879223,1751000,0.931768,3460,0,1000
1800000,1920079,1801000,0.937982,3566,0,1000
1850000,1960296,1851000,0.9442450000000001,3656,0,1000
1900000,2000263,1901000,0.950375,3751,0,1000
1950000,2039914,1951000,0.956413,3837,0,1000
2000000,2079059,2001000,0.962455,3948,0,1000
2050000,2117767,2051000,0.9684729999999999,4045,0,1000
2100000,2156456,2101000,0.974284,4135,0,1000
2150000,2194655,2151000,0.980108,4224,0,1000
2200000,2232707,2201000,0.985799,4317,0,1000
2250000,2270273,2251000,0.991511,4415,0,1000
2300000,2307331,2301000,0.9972559999999999,4512,0,1000
2350000,2344464,2351000,1.00279,4622,0,1000
2400000,2381413,2401000,1.0082200000000001,4707,0,1000
2450000,2417904,2451000,1.01369,4808,0,1000
2500000,2454101,2501000,1.01911,4912,0,1000
2550000,2489889,2551000,1.02454,5014,0,1000
2600000,2525587,2601000,1.02986,5109,0,1000
2650000,2561209,2651000,1.03506,5193,0,1000
2700000,2596473,2701000,1.04026,5299,0,1000
2750000,2631400,2751000,1.04545,5390,0,1000
2800000,2666314,2801000,1.05051,5469,0,1000
2850000,2701143,2851000,1.05548,5570,0,1000
2900000,2735422,2901000,1.06053,5658,0,1000
2950000,2769520,2951000,1.0655299999999999,5742,0,1000
3000000,2803380,3001000,1.07049,5837,0,1000
3050000,2837056,3051000,1.07541,5933,0,1000
3100000,2870808,3101000,1.08018,6029,0,1000
3150000,2904476,3151000,1.0848799999999998,6132,0,1000
3200000,2937501,3201000,1.0897,6228,0,1000
3250000,2970429,3251000,1.09445,6320,0,1000
3300000,3003158,3301000,1.0991799999999998,6411,0,1000
3350000,3035658,3351000,1.10388,6512,0,1000
3400000,3067843,3401000,1.1086,6594,0,1000
3450000,3099856,3451000,1.1132799999999998,6678,0,1000
3500000,3131959,3501000,1.1178299999999999,6771,0,1000
3550000,3163733,3551000,1.1224100000000001,6872,0,1000
3600000,3195450,3601000,1.12691,6970,0,1000
3650000,3227019,3651000,1.1313799999999998,7064,0,1000
3700000,3258468,3701000,1.13581,7153,0,1000
3750000,3289748,3751000,1.14021,7246,0,1000
3800000,3320771,3801000,1.1446100000000001,7337,0,1000
3850000,3351468,3851000,1.14905,7427,0,1000
3900000,3382184,3901000,1.1534,7530,0,1000
3950000,3412650,3951000,1.15775,7648,0,1000
4000000,3443297,4001000,1.1619700000000002,7745,0,1000
4050000,3473601,4051000,1.16622,7838,0,1000
4100000,3503698,4101000,1.17048,7938,0,1000
4150000,3533517,4151000,1.17475,8036,0,1000
4200000,3563208,4201000,1.17899,8121,0,1000
4250000,3592951,4251000,1.18315,8225,0,1000
4300000,3622446,4301000,1.1873200000000002,8332,0,1000
4350000,3651621,4351000,1.19153,8419,0,1000
4400000,3680985,4401000,1.1956,8508,0,1000
4450000,3710143,4451000,1.1996799999999999,8601,0,1000
4500000,3739125,4501000,1.20376,8690,0,1000
4550000,3767917,4551000,1.20783,8791,0,1000
4600000,3796701,4601000,1.21184,8878,0,1000
4650000,3825190,4651000,1.21589,8972,0,1000
4700000,3853714,4701000,1.21986,9067,0,1000
4750000,3882050,4751000,1.22384,9165,0,1000
4800000,3910272,4801000,1.22779,9252,0,1000
4850000,3938458,4851000,1.2317,9348,0,1000
4900000,3966389,4901000,1.23563,9428,0,1000
4950000,3994411,4951000,1.23948,9524,0,1000
5000000,4022110,5001000,1.24338,9637,0,1000
5050000,4049732,5051000,1.24724,9748,0,1000
5100000,4077224,5101000,1.2511,9836,0,1000
5150000,4104592,5151000,1.25494,9944,0,1000
5200000,4131914,5201000,1.25874,10023,0,1000
5250000,4158935,5251000,1.26258,10140,0,1000
5300000,4186115,5301000,1.26633,10247,0,1000
5350000,4212984,5351000,1.2701200000000001,10349,0,1000
5400000,4239738,5401000,1.2739,10448,0,1000
5450000,4266408,5451000,1.27766,10544,0,1000
5500000,4292991,5501000,1.28139,10636,0,1000
5550000,4319470,5551000,1.28511,10741,0,1000
5600000,4345980,5601000,1.28878,10834,0,1000
5650000,4372229,5651000,1.2924799999999999,10923,0,1000
5700000,4398402,5701000,1.29615,11014,0,1000
5750000,4424325,5751000,1.29986,11106,0,1000
5800000,4450242,5801000,1.30352,11199,0,1000
5850000,4475958,5851000,1.30721,11306,0,1000
5900000,4501632,5901000,1.3108600000000001,11409,0,1000
5950000,4527095,5951000,1.31453,11506,0,1000
6000000,4552864,6001000,1.31807,11605,0,1000
6050000,4578328,6051000,1.32166,11692,0,1000
6100000,4603803,6101000,1.32521,11792,0,1000
6150000,4629290,6151000,1.32871,11904,0,1000
6200000,4654683,6201000,1.3322100000000001,11988,0,1000
6250000,4679829,6251000,1.3357299999999999,12085,0,1000
6300000,4704899,6301000,1.33924,12189,0,1000
6350000,4729787,6351000,1.34277,12280,0,1000
6400000,4754669,6401000,1.34626,12384,0,1000
6450000,4779422,6451000,1.34974,12471,0,1000
6500000,4804269,6501000,1.35317,12557,0,1000
6550000,4828929,6551000,1.3566200000000002,12649,0,1000
6600000,4853565,6601000,1.3600299999999999,12730,0,1000
6650000,4878137,6651000,1.36343,12832,0,1000
6700000,4902554,6701000,1.36684,12928,0,1000
6750000,4926684,6751000,1.37029,13020,0,1000
6800000,4950988,6801000,1.3736700000000002,13118,0,1000
6850000,4975185,6851000,1.37703,13220,0,1000
6900000,4999217,6901000,1.38042,13312,0,1000
6950000,5023263,6951000,1.38376,13402,0,1000
7000000,5047214,7001000,1.3871,13498,0,1000
7050000,5070882,7051000,1.39049,13614,0,1000
7100000,5094757,7101000,1.3937899999999999,13712,0,1000
7150000,5118571,7151000,1.39707,13800,0,1000
7200000,5142009,7201000,1.4004299999999998,13889,0,1000
7250000,5165496,7251000,1.40374,13996,0,1000
7300000,5188860,7301000,1.40705,14085,0,1000
7350000,5212264,7351000,1.4103299999999999,14208,0,1000
7400000,5235684,7401000,1.41357,14307,0,1000
7450000,5259071,7451000,1.41679,14410,0,1000
7500000,5282021,7501000,1.4201,14514,0,1000
7550000,5305104,7551000,1.42335,14614,0,1000
7600000,5328159,7601000,1.4265700000000001,14717,0,1000
7650000,5351045,7651000,1.42981,14810,0,1000
7700000,5373901,7701000,1.4330399999999999,14909,0,1000
7750000,5396812,7751000,1.43622,15015,0,1000
7800000,5419502,7801000,1.43943,15113,0,1000
7850000,5442240,7851000,1.4426,15212,0,1000
7900000,5464911,7901000,1.44577,15307,0,1000
7950000,5487471,7951000,1.44894,15395,0,1000
8000000,5509889,8001000,1.45212,15501,0,1000
8050000,5532261,8051000,1.45528,15590,0,1000
8100000,5554755,8101000,1.4583899999999999,15691,0,1000
8150000,5576952,8151000,1.46155,15778,0,1000
8200000,5599221,8201000,1.4646700000000001,15887,0,1000
8250000,5621187,8251000,1.46784,15978,0,1000
8300000,5643232,8301000,1.47097,16068,0,1000
8350000,5665371,8351000,1.47404,16167,0,1000
8400000,5687236,8401000,1.47717,16272,0,1000
8450000,5708976,8451000,1.4803,16368,0,1000
8500000,5730792,8501000,1.48339,16454,0,1000
8550000,5752449,8551000,1.4865,16547,0,1000
8600000,5773872,8601000,1.4896399999999999,16640,0,1000
8650000,5795642,8651000,1.4926700000000002,16726,0,1000
8700000,5817122,8701000,1.49576,16810,0,1000
8750000,5838469,8751000,1.49885,16898,0,1000
8800000,5860102,8801000,1.50185,16988,0,1000
8850000,5881568,8851000,1.5048700000000002,17075,0,1000
8900000,5902913,8901000,1.5079,17161,0,1000
8950000,5924067,8951000,1.51096,17237,0,1000
9000000,5945306,9001000,1.51397,17328,0,1000
9050000,5966449,9051000,1.51698,17421,0,1000
9100000,5987463,9101000,1.52001,17515,0,1000
9150000,6008412,9151000,1.5230299999999999,17613,0,1000
9200000,6029406,9201000,1.5260200000000002,17705,0,1000
9250000,6050326,9251000,1.52901,17780,0,1000
9300000,6071456,9301000,1.5319200000000002,17869,0,1000
9350000,6092163,9351000,1.53492,17962,0,1000
9400000,6113104,9401000,1.5378399999999999,18077,0,1000
9450000,6133917,9451000,1.5407799999999998,18170,0,1000
9500000,6154589,9501000,1.5437299999999998,18284,0,1000
9550000,6175150,9551000,1.5466799999999998,18385,0,1000
9600000,6195731,9601000,1.54962,18474,0,1000
9650000,6216266,9651000,1.55254,18585,0,1000
9700000,6236932,9701000,1.55541,18681,0,1000
9750000,6257316,9751000,1.55834,18782,0,1000
9800000,6277835,9801000,1.56121,18890,0,1000
9850000,6298326,9851000,1.56407,18993,0,1000
9900000,6318730,9901000,1.56693,19093,0,1000
9950000,6338861,9951000,1.56984,19188,0,1000
10000000,6359072,10001000,1.57271,19288,0,1000
10050000,6379015,10051000,1.57564,19385,0,1000
10100000,6398938,10101000,1.57854,19481,0,1000
10150000,6418886,10151000,1.58143,19581,0,1000
10200000,6438866,10201000,1.58429,19682,0,1000
10250000,6458815,10251000,1.58713,19785,0,1000
10300000,6478835,10301000,1.58995,19884,0,1000
10350000,6498596,10351000,1.59281,19961,0,1000
10400000,6518137,10401000,1.5957,20067,0,1000
10450000,6537937,10451000,1.5985200000000002,20174,0,1000
10500000,6557519,10501000,1.6013700000000002,20294,0,1000
10550000,6577347,10551000,1.60414,20380,0,1000
10600000,6596770,10601000,1.607,20486,0,1000
10650000,6616176,10651000,1.60984,20591,0,1000
10700000,6635724,10701000,1.61263,20690,0,1000
10750000,6655137,10751000,1.61544,20784,0,1000
10800000,6674510,10801000,1.61825,20863,0,1000
10850000,6693541,10851000,1.6211200000000001,20962,0,1000
10900000,6712811,10901000,1.62391,21068,0,1000
10950000,6732008,10951000,1.62671,21151,0,1000
11000000,6751364,11001000,1.62945,21259,0,1000
11050000,6770684,11051000,1.63218,21355,0,1000
11100000,6789867,11101000,1.63494,21437,0,1000
11150000,6808904,11151000,1.63771,21532,0,1000
11200000,6827929,11201000,1.64047,21617,0,1000
11250000,6846916,11251000,1.6432200000000001,21711,0,1000
11300000,6865850,11301000,1.6459700000000002,21794,0,1000
11350000,6884870,11351000,1.6486900000000002,21896,0,1000
11400000,6903956,11401000,1.65137,22004,0,1000
11450000,6922648,11451000,1.6541400000000002,22096,0,1000
11500000,6941568,11501000,1.65683,22183,0,1000
11550000,6960318,11551000,1.65955,22273,0,1000
11600000,6979253,11601000,1.66221,22373,0,1000
11650000,6998167,11651000,1.6648599999999998,22471,0,1000
11700000,7016918,11701000,1.6675400000000002,22573,0,1000
11750000,7035598,11751000,1.67022,22664,0,1000
11800000,7054178,11801000,1.67291,22748,0,1000
11850000,7072654,11851000,1.6756099999999998,22835,0,1000
11900000,7090929,11901000,1.6783400000000002,22942,0,1000
11950000,7109334,11951000,1.68103,23043,0,1000
12000000,7127699,12001000,1.6837099999999998,23134,0,1000
12050000,7146173,12051000,1.6863599999999999,23221,0,1000
12100000,7164539,12101000,1.68901,23301,0,1000
12150000,7182835,12151000,1.69167,23373,0,1000
12200000,7201156,12201000,1.6943099999999998,23457,0,1000
12250000,7219444,12251000,1.69695,23564,0,1000
12300000,7237579,12301000,1.6996,23655,0,1000
12350000,7255703,12351000,1.70225,23752,0,1000
12400000,7273660,12401000,1.70492,23841,0,1000
12450000,7291823,12451000,1.70753,23931,0,1000
12500000,7309850,12501000,1.71016,24030,0,1000
12550000,7327658,12551000,1.7128299999999999,24126,0,1000
12600000,7345613,12601000,1.71545,24230,0,1000
12650000,7363559,12651000,1.71806,24340,0,1000
12700000,7381447,12701000,1.7206700000000001,24432,0,1000
12750000,7399354,12751000,1.7232599999999998,24531,0,1000
12800000,7417255,12801000,1.72584,24637,0,1000
12850000,7435126,12851000,1.72842,24719,0,1000
12900000,7452996,12901000,1.73098,24827,0,1000
12950000,7470621,12951000,1.7335900000000002,24930,0,1000
13000000,7488157,13001000,1.7362099999999998,25032,0,1000
13050000,7505898,13051000,1.7387700000000001,25138,0,1000
13100000,7523625,13101000,1.74131,25222,0,1000
13150000,7541112,13151000,1.7439099999999998,25319,0,1000
13200000,7558581,13201000,1.74649,25391,0,1000
13250000,7576051,13251000,1.7490599999999998,25483,0,1000
13300000,7593389,13301000,1.7516599999999998,25570,0,1000
13350000,7611081,13351000,1.75415,25677,0,1000
13400000,7628479,13401000,1.7567099999999998,25776,0,1000
13450000,7645799,13451000,1.7592700000000001,25885,0,1000
13500000,7663240,13501000,1.7617900000000002,25974,0,1000
13550000,7680558,13551000,1.76432,26073,0,1000
13600000,7697625,13601000,1.7669099999999998,26175,0,1000
13650000,7714885,13651000,1.7694400000000001,26257,0,1000
13700000,7732125,13701000,1.7719599999999998,26350,0,1000
13750000,7749194,13751000,1.7745099999999998,26452,0,1000
13800000,7766367,13801000,1.77702,26550,0,1000
13850000,7783436,13851000,1.77955,26635,0,1000
13900000,7800592,13901000,1.78204,26736,0,1000
13950000,7817526,13951000,1.7845799999999998,26844,0,1000
14000000,7834517,14001000,1.78709,26940,0,1000
14050000,7851415,14051000,1.78961,27013,0,1000
14100000,7868357,14101000,1.7921099999999999,27126,0,1000
14150000,7885104,14151000,1.79465,27223,0,1000
14200000,7902013,14201000,1.7971400000000002,27308,0,1000
14250000,7918747,14251000,1.79965,27413,0,1000
14300000,7935520,14301000,1.80215,27503,0,1000
14350000,7952404,14351000,1.8046099999999998,27600,0,1000
14400000,7969198,14401000,1.80708,27700,0,1000
14450000,7985881,14451000,1.8095700000000001,27796,0,1000
14500000,8002371,14501000,1.8120900000000002,27893,0,1000
14550000,8018905,14551000,1.8145900000000001,27981,0,1000
14600000,8035429,14601000,1.81708,28067,0,1000
14650000,8052154,14651000,1.81951,28181,0,1000
14700000,8068731,14701000,1.82197,28284,0,1000
14750000,8085386,14751000,1.8244,28389,0,1000
14800000,8101868,14801000,1.82686,28484,0,1000
14850000,8118204,14851000,1.82935,28588,0,1000
14900000,8134755,14901000,1.8317700000000001,28674,0,1000
14950000,8151380,14951000,1.83417,28761,0,1000
15000000,8167673,15001000,1.83663,28867,0,1000
15050000,8183934,15051000,1.8390900000000001,28954,0,1000
15100000,8200351,15101000,1.8415099999999998,29052,0,1000
15150000,8216462,15151000,1.84398,29147,0,1000
15200000,8232835,15201000,1.8463900000000002,29227,0,1000
15250000,8248839,15251000,1.84887,29308,0,1000
15300000,8264918,15301000,1.85132,29395,0,1000
15350000,8281135,15351000,1.8537299999999999,29503,0,1000
15400000,8297479,15401000,1.85611,29610,0,1000
15450000,8313734,15451000,1.8584900000000002,29709,0,1000
15500000,8329748,15501000,1.8609200000000001,29801,0,1000
15550000,8345663,15551000,1.86336,29904,0,1000
15600000,8361788,15601000,1.86575,30003,0,1000
15650000,8377799,15651000,1.86815,30095,0,1000
15700000,8393660,15701000,1.87058,30212,0,1000
15750000,8409531,15751000,1.8729900000000002,30294,0,1000
15800000,8425447,15801000,1.8753900000000001,30386,0,1000
15850000,8441546,15851000,1.8777400000000002,30474,0,1000
15900000,8457393,15901000,1.8801299999999999,30574,0,1000
15950000,8473305,15951000,1.8825,30667,0,1000
16000000,8489174,16001000,1.88487,30763,0,1000
16050000,8504894,16051000,1.88727,30852,0,1000
16100000,8520550,16101000,1.8896700000000002,30961,0,1000
16150000,8536242,16151000,1.89205,31042,0,1000
16200000,8551902,16201000,1.8944299999999998,31143,0,1000
16250000,8567639,16251000,1.8967900000000002,31244,0,1000
16300000,8583441,16301000,1.8991200000000001,31342,0,1000
16350000,8598942,16351000,1.9015099999999998,31443,0,1000
16400000,8614526,16401000,1.90388,31549,0,1000
16450000,8630133,16451000,1.9062299999999999,31648,0,1000
16500000,8645680,16501000,1.90858,31725,0,1000
16550000,8661108,16551000,1.9109599999999998,31818,0,1000
16600000,8676517,16601000,1.91333,31901,0,1000
16650000,8691942,16651000,1.9156799999999998,31988,0,1000
16700000,8707478,16701000,1.9180099999999998,32077,0,1000
16750000,8722860,16751000,1.9203599999999998,32171,0,1000
16800000,8738421,16801000,1.9226599999999998,32261,0,1000
16850000,8753863,16851000,1.92498,32354,0,1000
16900000,8769219,16901000,1.9273099999999999,32448,0,1000
16950000,8784431,16951000,1.92966,32537,0,1000
17000000,8799786,17001000,1.93198,32616,0,1000
17050000,8815121,17051000,1.93429,32703,0,1000
17100000,8830395,17101000,1.93661,32798,0,1000
17150000,8845565,17151000,1.93894,32913,0,1000
17200000,8860788,17201000,1.94125,33008,0,1000
17250000,8876053,17251000,1.94354,33115,0,1000
17300000,8891266,17301000,1.9458400000000002,33211,0,1000
17350000,8906392,17351000,1.94815,33313,0,1000
17400000,8921566,17401000,1.9504400000000002,33405,0,1000
17450000,8936621,17451000,1.95275,33492,0,1000
17500000,8951739,17501000,1.9550400000000001,33596,0,1000
17550000,8966803,17551000,1.95733,33703,0,1000
17600000,8981908,17601000,1.9596099999999999,33817,0,1000
17650000,8996920,17651000,1.9618900000000001,33904,0,1000
17700000,9011824,17701000,1.9642,33997,0,1000
17750000,9026719,17751000,1.9665,34103,0,1000
17800000,9041678,17801000,1.9687700000000001,34204,0,1000
17850000,9056622,17851000,1.9710400000000001,34301,0,1000
17900000,9071707,17901000,1.97328,34394,0,1000
17950000,9086628,17951000,1.97554,34479,0,1000
18000000,9101218,18001000,1.97787,34578,0,1000
18050000,9116195,18051000,1.9801,34675,0,1000
18100000,9130912,18101000,1.98239,34763,0,1000
18150000,9145654,18151000,1.9846599999999999,34862,0,1000
18200000,9160158,18201000,1.9869700000000001,34949,0,1000
18250000,9174689,18251000,1.98928,35046,0,1000
18300000,9189474,18301000,1.9915200000000002,35144,0,1000
18350000,9204272,18351000,1.99375,35229,0,1000
18400000,9218764,18401000,1.99604,35326,0,1000
18450000,9233242,18451000,1.99832,35414,0,1000
18500000,9247660,18501000,2.00061,35507,0,1000
18550000,9262385,18551000,2.00283,35609,0,1000
18600000,9276940,18601000,2.00508,35701,0,1000
18650000,9291492,18651000,2.00732,35796,0,1000
18700000,9305943,18701000,2.00958,35898,0,1000
18750000,9320559,18751000,2.01179,36002,0,1000
18800000,9335054,18801000,2.01402,36109,0,1000
18850000,9349404,18851000,2.01628,36214,0,1000
18900000,9363918,18901000,2.0184900000000003,36320,0,1000
18950000,9378202,18951000,2.02075,36440,0,1000
19000000,9392772,19001000,2.02294,36521,0,1000
19050000,9407275,19051000,2.02513,36632,0,1000
19100000,9421621,19101000,2.02736,36742,0,1000
19150000,9435981,19151000,2.02957,36843,0,1000
19200000,9450318,19201000,2.03178,36938,0,1000
19250000,9464469,19251000,2.03403,37028,0,1000
19300000,9478895,19301000,2.03621,37120,0,1000
19350000,9493186,19351000,2.03841,37198,0,1000
19400000,9507436,19401000,2.04061,37289,0,1000
19450000,9521739,19451000,2.0428,37381,0,1000
19500000,9535866,19501000,2.04502,37491,0,1000
19550000,9550009,19551000,2.0472200000000003,37597,0,1000
19600000,9564246,19601000,2.0494,37697,0,1000
19650000,9578500,19651000,2.05157,37797,0,1000
19700000,9592542,19701000,2.0537799999999997,37892,0,1000
19750000,9606776,19751000,2.05594,37974,0,1000
19800000,9621124,19801000,2.05808,38085,0,1000
19850000,9635263,19851000,2.0602400000000003,38185,0,1000
19900000,9649264,19901000,2.06244,38279,0,1000
19950000,9663265,19951000,2.06462,38371,0,1000
20000000,9677384,20001000,2.06678,38476,0,1000
20050000,9691276,20051000,2.06897,38568,0,1000
20100000,9705204,20101000,2.07116,38651,0,1000
20150000,9719088,20151000,2.07334,38734,0,1000
20200000,9732999,20201000,2.07552,38831,0,1000
20250000,9747022,20251000,2.07766,38927,0,1000
20300000,9760947,20301000,2.0798200000000002,39032,0,1000
20350000,9774810,20351000,2.0819799999999997,39141,0,1000
20400000,9788808,20401000,2.08411,39245,0,1000
20450000,9802845,20451000,2.08623,39341,0,1000
20500000,9816694,20501000,2.08838,39445,0,1000
20550000,9830515,20551000,2.0905299999999998,39531,0,1000
20600000,9844238,20601000,2.0927,39630,0,1000
20650000,9858059,20651000,2.09483,39724,0,1000
20700000,9871879,20701000,2.0969700000000002,39821,0,1000
20750000,9885390,20751000,2.09916,39912,0,1000
20800000,9898987,20801000,2.10133,40005,0,1000
20850000,9912727,20851000,2.1034599999999997,40102,0,1000
20900000,9926349,20901000,2.10561,40207,0,1000
20950000,9940138,20951000,2.10772,40307,0,1000
21000000,9953786,21001000,2.10985,40398,0,1000
21050000,9967461,21051000,2.11197,40487,0,1000
21100000,9980980,21101000,2.11412,40593,0,1000
21150000,9994503,21151000,2.11626,40690,0,1000
21200000,10007998,21201000,2.11841,40783,0,1000
21250000,10021589,21251000,2.12052,40879,0,1000
21300000,10035279,21301000,2.12261,40971,0,1000
21350000,10048778,21351000,2.12474,41056,0,1000
21400000,10062169,21401000,2.12688,41152,0,1000
21450000,10075712,21451000,2.12898,41255,0,1000
21500000,10089133,21501000,2.1311,41335,0,1000
21550000,10102539,21551000,2.1332299999999997,41435,0,1000
21600000,10116009,21601000,2.1353299999999997,41522,0,1000
21650000,10129274,21651000,2.13747,41611,0,1000
21700000,10142702,21701000,2.13957,41709,0,1000
21750000,10155951,21751000,2.1417,41807,0,1000
21800000,10169465,21801000,2.14377,41898,0,1000
21850000,10182848,21851000,2.14586,42000,0,1000
21900000,10196160,21901000,2.14797,42107,0,1000
21950000,10209700,21951000,2.15001,42180,0,1000
22000000,10222831,22001000,2.15214,42270,0,1000
22050000,10236180,22051000,2.15422,42354,0,1000
22100000,10249290,22101000,2.15634,42455,0,1000
22150000,10262569,22151000,2.15843,42543,0,1000
22200000,10275779,22201000,2.16052,42641,0,1000
22250000,10288940,22251000,2.16261,42725,0,1000
22300000,10302134,22301000,2.1647,42815,0,1000
22350000,10315390,22351000,2.16676,42919,0,1000
22400000,10328472,22401000,2.16886,43008,0,1000
22450000,10341538,22451000,2.17095,43094,0,1000
22500000,10354720,22501000,2.17302,43183,0,1000
