timestep,num_nodes,num_edges,average_degree,max_degree,num_triangles,new_edges
0,1983,1000,0.504286,3,0,1000
50000,91171,51000,0.559388,92,0,1000
100000,170887,101000,0.5910340000000001,196,0,1000
150000,245468,151000,0.615151,298,0,1000
200000,316300,201000,0.635473,386,0,1000
250000,383968,251000,0.6537,499,0,1000
300000,449327,301000,0.669891,584,0,1000
350000,512226,351000,0.685244,684,0,1000
400000,573621,401000,0.699068,787,0,1000
450000,633170,451000,0.7122890000000001,889,0,1000
500000,691438,501000,0.724577,976,0,1000
550000,748310,551000,0.736326,1065,0,1000
600000,804189,601000,0.747337,1163,0,1000
650000,858670,651000,0.758149,1260,0,1000
700000,912271,701000,0.768412,1350,0,1000
750000,964874,751000,0.7783399999999999,1463,0,1000
800000,1016504,801000,0.787995,1546,0,1000
850000,1067260,851000,0.797369,1634,0,1000
900000,1117517,901000,0.8062520000000001,1723,0,1000
950000,1166860,951000,0.815008,1823,0,1000
1000000,1215416,1001000,0.823586,1925,0,1000
1050000,1263165,1051000,0.832037,2041,0,1000
1100000,1310394,1101000,0.840205,2135,0,1000
1150000,1357022,1151000,0.848181,2234,0,1000
1200000,1403171,1201000,0.8559180000000001,2319,0,1000
1250000,1449009,1251000,0.863349,2410,0,1000
1300000,1494284,1301000,0.8706510000000001,2516,0,1000
1350000,1538993,1351000,0.8778469999999999,2600,0,1000
1400000,1583117,1401000,0.8849629999999999,2700,0,1000
1450000,1626668,1451000,0.892007,2809,0,1000
1500000,1669924,1501000,0.8988430000000001,2894,0,1000
1550000,1712569,1551000,0.9056569999999999,2986,0,1000
1600000,1754825,1601000,0.912342,3081,0,1000
1650000,1796578,1651000,0.918969,3182,0,1000
1700000,1838044,1701000,0.9254399999999999,3275,0,1000
1750000,1878859,1751000,0.931949,3364,0,1000
1800000,1919411,1801000,0.9383090000000001,3448,0,1000
1850000,1959609,1851000,0.944576,3553,0,1000
1900000,1999628,1901000,0.950677,3636,0,1000
1950000,2039125,1951000,0.9567829999999999,3741,0,1000
2000000,2078034,2001000,0.962929,3835,0,1000
2050000,2117280,2051000,0.9686959999999999,3935,0,1000
2100000,2155645,2101000,0.97465,4025,0,1000
2150000,2193763,2151000,0.980507,4129,0,1000
2200000,2231595,2201000,0.98629,4211,0,1000
2250000,2269151,2251000,0.992001,4311,0,1000
2300000,2306702,2301000,0.9975280000000001,4423,0,1000
2350000,2344136,2351000,1.0029299999999999,4529,0,1000
2400000,2380772,2401000,1.0085,4624,0,1000
2450000,2417193,2451000,1.01399,4723,0,1000
2500000,2453499,2501000,1.01936,4819,0,1000
2550000,2489617,2551000,1.0246600000000001,4912,0,1000
2600000,2525293,2601000,1.02998,5016,0,1000
2650000,2560626,2651000,1.03529,5098,0,1000
2700000,2596009,2701000,1.04044,5193,0,1000
2750000,2630978,2751000,1.04562,5275,0,1000
2800000,2665453,2801000,1.05085,5375,0,1000
2850000,2700119,2851000,1.05588,5456,0,1000
2900000,2734310,2901000,1.0609600000000001,5564,0,1000
2950000,2768606,2951000,1.06588,5654,0,1000
3000000,2802395,3001000,1.07087,5746,0,1000
3050000,2836306,3051000,1.07569,5856,0,1000
3100000,2869794,3101000,1.08057,5965,0,1000
3150000,2903488,3151000,1.08525,6068,0,1000
3200000,2936335,3201000,1.0901299999999998,6167,0,1000
3250000,2969343,3251000,1.09485,6268,0,1000
3300000,3002028,3301000,1.09959,6358,0,1000
3350000,3034697,3351000,1.1042299999999998,6460,0,1000
3400000,3067130,3401000,1.10885,6551,0,1000
3450000,3099386,3451000,1.11345,6646,0,1000
3500000,3131357,3501000,1.11805,6721,0,1000
3550000,3163169,3551000,1.12261,6823,0,1000
3600000,3194999,3601000,1.12707,6914,0,1000
3650000,3226585,3651000,1.13154,6986,0,1000
3700000,3258055,3701000,1.13595,7083,0,1000
3750000,3289345,3751000,1.14035,7199,0,1000
3800000,3320231,3801000,1.1448,7297,0,1000
3850000,3350947,3851000,1.14923,7395,0,1000
3900000,3381519,3901000,1.15362,7486,0,1000
3950000,3412123,3951000,1.15793,7576,0,1000
4000000,3442494,4001000,1.16224,7675,0,1000
4050000,3472652,4051000,1.16654,7776,0,1000
4100000,3502678,4101000,1.17082,7867,0,1000
4150000,3532372,4151000,1.17513,7966,0,1000
4200000,3562585,4201000,1.1792,8057,0,1000
4250000,3592003,4251000,1.18346,8146,0,1000
4300000,3621445,4301000,1.18765,8245,0,1000
4350000,3650865,4351000,1.19177,8328,0,1000
4400000,3679976,4401000,1.19593,8420,0,1000
4450000,3708894,4451000,1.2000899999999999,8523,0,1000
4500000,3738017,4501000,1.20411,8633,0,1000
4550000,3766763,4551000,1.2082,8738,0,1000
4600000,3795564,4601000,1.2122,8845,0,1000
4650000,3824247,4651000,1.2161899999999999,8945,0,1000
4700000,3852887,4701000,1.22012,9042,0,1000
4750000,3881195,4751000,1.22411,9136,0,1000
4800000,3909522,4801000,1.22803,9248,0,1000
4850000,3937565,4851000,1.2319799999999999,9339,0,1000
4900000,3965679,4901000,1.23585,9429,0,1000
4950000,3993545,4951000,1.23975,9526,0,1000
5000000,4021121,5001000,1.24368,9637,0,1000
5050000,4048754,5051000,1.2475399999999999,9739,0,1000
5100000,4076526,5101000,1.2513100000000001,9836,0,1000
5150000,4103937,5151000,1.25514,9934,0,1000
5200000,4131128,5201000,1.25898,10028,0,1000
5250000,4158339,5251000,1.26276,10111,0,1000
5300000,4185426,5301000,1.26654,10209,0,1000
5350000,4212445,5351000,1.2702799999999999,10296,0,1000
5400000,4239126,5401000,1.2740799999999999,10381,0,1000
5450000,4265854,5451000,1.2778200000000002,10463,0,1000
5500000,4292361,5501000,1.28158,10552,0,1000
5550000,4318883,5551000,1.28529,10645,0,1000
5600000,4345455,5601000,1.28893,10747,0,1000
5650000,4371775,5651000,1.29261,10836,0,1000
5700000,4397927,5701000,1.29629,10931,0,1000
5750000,4423822,5751000,1.30001,11039,0,1000
5800000,4449771,5801000,1.30366,11121,0,1000
5850000,4475614,5851000,1.30731,11213,0,1000
5900000,4501268,5901000,1.3109600000000001,11308,0,1000
5950000,4526985,5951000,1.31456,11402,0,1000
6000000,4552914,6001000,1.31806,11512,0,1000
6050000,4578414,6051000,1.32164,11613,0,1000
6100000,4603857,6101000,1.3251899999999999,11698,0,1000
6150000,4629021,6151000,1.32879,11802,0,1000
6200000,4654182,6201000,1.33235,11904,0,1000
6250000,4679171,6251000,1.33592,11998,0,1000
6300000,4704065,6301000,1.33948,12096,0,1000
6350000,4729158,6351000,1.34295,12182,0,1000
6400000,4753886,6401000,1.34648,12296,0,1000
6450000,4778576,6451000,1.34998,12394,0,1000
6500000,4803211,6501000,1.3534700000000002,12499,0,1000
6550000,4827778,6551000,1.35694,12585,0,1000
6600000,4852110,6601000,1.3604399999999999,12694,0,1000
6650000,4876622,6651000,1.36385,12798,0,1000
6700000,4900981,6701000,1.3672799999999998,12896,0,1000
6750000,4925407,6751000,1.37065,13004,0,1000
6800000,4949830,6801000,1.37399,13096,0,1000
6850000,4973837,6851000,1.37741,13184,0,1000
6900000,4997927,6901000,1.38077,13268,0,1000
6950000,5021910,6951000,1.3841299999999999,13354,0,1000
7000000,5045923,7001000,1.3874600000000001,13466,0,1000
7050000,5069683,7051000,1.3908200000000002,13561,0,1000
7100000,5093371,7101000,1.3941700000000001,13646,0,1000
7150000,5117147,7151000,1.3974600000000001,13724,0,1000
7200000,5140592,7201000,1.40081,13826,0,1000
7250000,5164227,7251000,1.40408,13904,0,1000
7300000,5187639,7301000,1.4073799999999999,14002,0,1000
7350000,5210851,7351000,1.4107100000000001,14100,0,1000
7400000,5234206,7401000,1.4139700000000002,14188,0,1000
7450000,5257423,7451000,1.41723,14286,0,1000
7500000,5280585,7501000,1.42049,14381,0,1000
7550000,5303929,7551000,1.42366,14479,0,1000
7600000,5327013,7601000,1.42688,14579,0,1000
7650000,5349918,7651000,1.43012,14660,0,1000
7700000,5372845,7701000,1.4333200000000001,14761,0,1000
7750000,5395669,7751000,1.43652,14869,0,1000
7800000,5418395,7801000,1.43973,14975,0,1000
7850000,5440954,7851000,1.44295,15063,0,1000
7900000,5463637,7901000,1.44611,15141,0,1000
7950000,5486156,7951000,1.44928,15231,0,1000
8000000,5508757,8001000,1.45241,15324,0,1000
8050000,5531071,8051000,1.4556,15412,0,1000
8100000,5553195,8101000,1.4588,15509,0,1000
8150000,5575488,8151000,1.46193,15607,0,1000
8200000,5597696,8201000,1.46507,15714,0,1000
8250000,5619889,8251000,1.4681799999999998,15804,0,1000
8300000,5641807,8301000,1.4713399999999999,15896,0,1000
8350000,5663843,8351000,1.47444,15976,0,1000
8400000,5685776,8401000,1.47755,16069,0,1000
8450000,5707763,8451000,1.48062,16159,0,1000
8500000,5729878,8501000,1.48363,16252,0,1000
8550000,5751730,8551000,1.48668,16387,0,1000
8600000,5773383,8601000,1.48977,16490,0,1000
8650000,5795119,8651000,1.49281,16590,0,1000
8700000,5816629,8701000,1.4958799999999999,16691,0,1000
8750000,5837972,8751000,1.49898,16794,0,1000
8800000,5859302,8801000,1.50206,16884,0,1000
8850000,5880766,8851000,1.50508,16972,0,1000
8900000,5902068,8901000,1.5081200000000001,17071,0,1000
8950000,5923248,8951000,1.51116,17170,0,1000
9000000,5944426,9001000,1.51419,17274,0,1000
9050000,5965592,9051000,1.5172,17362,0,1000
9100000,5986752,9101000,1.52019,17448,0,1000
9150000,6007875,9151000,1.5231700000000001,17554,0,1000
9200000,6028990,9201000,1.52613,17643,0,1000
9250000,6049965,9251000,1.5291,17746,0,1000
9300000,6071050,9301000,1.5320200000000002,17840,0,1000
9350000,6091755,9351000,1.53503,17927,0,1000
9400000,6112581,9401000,1.53798,18016,0,1000
9450000,6133343,9451000,1.54092,18111,0,1000
9500000,6154173,9501000,1.54383,18215,0,1000
9550000,6174814,9551000,1.54677,18315,0,1000
9600000,6195481,9601000,1.54968,18415,0,1000
9650000,6216044,9651000,1.5526,18495,0,1000
9700000,6236287,9701000,1.5555700000000001,18610,0,1000
9750000,6256783,9751000,1.55847,18705,0,1000
9800000,6277260,9801000,1.56135,18807,0,1000
9850000,6297645,9851000,1.5642399999999999,18914,0,1000
9900000,6317942,9901000,1.56712,19020,0,1000
9950000,6338030,9951000,1.57005,19117,0,1000
10000000,6358142,10001000,1.57294,19217,0,1000
10050000,6378101,10051000,1.57586,19314,0,1000
10100000,6398124,10101000,1.57874,19396,0,1000
10150000,6418296,10151000,1.5815700000000001,19497,0,1000
10200000,6438281,10201000,1.58443,19599,0,1000
10250000,6458102,10251000,1.58731,19694,0,1000
10300000,6478012,10301000,1.59015,19798,0,1000
10350000,6497889,10351000,1.5929799999999998,19906,0,1000
10400000,6517611,10401000,1.5958299999999999,20022,0,1000
10450000,6537195,10451000,1.5987,20109,0,1000
10500000,6556957,10501000,1.60151,20200,0,1000
10550000,6576700,10551000,1.6043,20303,0,1000
10600000,6596267,10601000,1.60712,20395,0,1000
10650000,6615739,10651000,1.60995,20495,0,1000
10700000,6634981,10701000,1.6128200000000001,20592,0,1000
10750000,6654456,10751000,1.61561,20702,0,1000
10800000,6673723,10801000,1.6184399999999999,20788,0,1000
10850000,6693232,10851000,1.62119,20875,0,1000
10900000,6712605,10901000,1.62396,20961,0,1000
10950000,6731936,10951000,1.6267200000000002,21076,0,1000
11000000,6751169,11001000,1.6295,21160,0,1000
11050000,6770141,11051000,1.63231,21258,0,1000
11100000,6789289,11101000,1.6350799999999999,21336,0,1000
11150000,6808564,11151000,1.6377899999999999,21449,0,1000
11200000,6827697,11201000,1.64052,21546,0,1000
11250000,6846904,11251000,1.6432200000000001,21652,0,1000
11300000,6865885,11301000,1.6459599999999999,21726,0,1000
11350000,6884701,11351000,1.64873,21820,0,1000
11400000,6903649,11401000,1.65145,21915,0,1000
11450000,6922336,11451000,1.65421,22013,0,1000
11500000,6941021,11501000,1.6569599999999998,22120,0,1000
11550000,6959734,11551000,1.65969,22209,0,1000
11600000,6978451,11601000,1.6624,22289,0,1000
11650000,6997193,11651000,1.6651,22410,0,1000
11700000,7015708,11701000,1.66783,22517,0,1000
11750000,7034390,11751000,1.67051,22605,0,1000
11800000,7052966,11801000,1.6732,22696,0,1000
11850000,7071469,11851000,1.67589,22802,0,1000
11900000,7089885,11901000,1.6785900000000002,22893,0,1000
11950000,7108489,11951000,1.68123,22988,0,1000
12000000,7126923,12001000,1.6839,23068,0,1000
12050000,7145239,12051000,1.68658,23166,0,1000
12100000,7163441,12101000,1.68927,23261,0,1000
12150000,7181772,12151000,1.69192,23342,0,1000
12200000,7200075,12201000,1.6945700000000001,23447,0,1000
12250000,7218257,12251000,1.6972200000000002,23536,0,1000
12300000,7236519,12301000,1.69985,23631,0,1000
12350000,7254623,12351000,1.7025,23739,0,1000
12400000,7272840,12401000,1.70511,23841,0,1000
12450000,7290830,12451000,1.70776,23934,0,1000
12500000,7308987,12501000,1.7103599999999999,24030,0,1000
12550000,7326776,12551000,1.7130299999999998,24119,0,1000
12600000,7344751,12601000,1.71565,24219,0,1000
12650000,7362625,12651000,1.71827,24312,0,1000
12700000,7380532,12701000,1.72088,24421,0,1000
12750000,7398376,12751000,1.7234900000000002,24506,0,1000
12800000,7416220,12801000,1.7260799999999998,24614,0,1000
12850000,7433913,12851000,1.7287,24701,0,1000
12900000,7451609,12901000,1.7313,24813,0,1000
12950000,7469447,12951000,1.73386,24908,0,1000
13000000,7487330,13001000,1.7364,25018,0,1000
13050000,7505065,13051000,1.7389599999999998,25112,0,1000
13100000,7522852,13101000,1.7414900000000002,25199,0,1000
13150000,7540446,13151000,1.74406,25284,0,1000
13200000,7558066,13201000,1.7466099999999998,25380,0,1000
13250000,7575553,13251000,1.74918,25464,0,1000
13300000,7592850,13301000,1.75178,25563,0,1000
13350000,7610305,13351000,1.75433,25668,0,1000
13400000,7627786,13401000,1.7568700000000002,25761,0,1000
13450000,7645344,13451000,1.75937,25851,0,1000
13500000,7662846,13501000,1.76188,25950,0,1000
13550000,7679888,13551000,1.7644799999999998,26039,0,1000
13600000,7697166,13601000,1.7670099999999997,26148,0,1000
13650000,7714183,13651000,1.7696,26240,0,1000
13700000,7731462,13701000,1.7721099999999999,26328,0,1000
13750000,7748520,13751000,1.77466,26421,0,1000
13800000,7765574,13801000,1.7772,26514,0,1000
13850000,7782681,13851000,1.77972,26605,0,1000
13900000,7799653,13901000,1.78226,26700,0,1000
13950000,7816557,13951000,1.7848,26789,0,1000
14000000,7833691,14001000,1.78728,26868,0,1000
14050000,7850761,14051000,1.7897599999999998,26981,0,1000
14100000,7867544,14101000,1.7923,27083,0,1000
14150000,7884221,14151000,1.79485,27159,0,1000
14200000,7900793,14201000,1.79741,27253,0,1000
14250000,7917725,14251000,1.7998900000000002,27345,0,1000
14300000,7934533,14301000,1.80237,27429,0,1000
14350000,7951209,14351000,1.8048799999999998,27511,0,1000
14400000,7967973,14401000,1.8073599999999999,27612,0,1000
14450000,7984955,14451000,1.80978,27696,0,1000
14500000,8001590,14501000,1.8122599999999998,27795,0,1000
14550000,8018294,14551000,1.81473,27880,0,1000
14600000,8034733,14601000,1.8172400000000002,27978,0,1000
14650000,8051335,14651000,1.8197,28074,0,1000
14700000,8067746,14701000,1.8221900000000002,28163,0,1000
14750000,8084317,14751000,1.82464,28245,0,1000
14800000,8100822,14801000,1.8271,28340,0,1000
14850000,8117308,14851000,1.82955,28447,0,1000
14900000,8133849,14901000,1.83197,28530,0,1000
14950000,8150322,14951000,1.8344099999999999,28634,0,1000
15000000,8166796,15001000,1.83683,28725,0,1000
15050000,8183037,15051000,1.83929,28828,0,1000
15100000,8199393,15101000,1.84172,28932,0,1000
15150000,8215590,15151000,1.84418,29025,0,1000
15200000,8231857,15201000,1.8466099999999999,29115,0,1000
15250000,8248134,15251000,1.84902,29203,0,1000
15300000,8264522,15301000,1.8514099999999998,29309,0,1000
15350000,8280884,15351000,1.85379,29427,0,1000
15400000,8296860,15401000,1.8562400000000001,29528,0,1000
15450000,8312959,15451000,1.8586599999999998,29636,0,1000
15500000,8329160,15501000,1.86105,29737,0,1000
15550000,8345127,15551000,1.86348,29826,0,1000
15600000,8361270,15601000,1.8658599999999999,29923,0,1000
15650000,8377267,15651000,1.86827,30024,0,1000
15700000,8393307,15701000,1.8706599999999998,30112,0,1000
15750000,8409388,15751000,1.87303,30207,0,1000
15800000,8425326,15801000,1.87542,30298,0,1000
15850000,8441265,15851000,1.8778,30410,0,1000
15900000,8457027,15901000,1.88021,30498,0,1000
15950000,8472820,15951000,1.88261,30603,0,1000
16000000,8488478,16001000,1.88503,30694,0,1000
16050000,8504088,16051000,1.88745,30778,0,1000
16100000,8519878,16101000,1.88982,30877,0,1000
16150000,8535692,16151000,1.8921700000000001,30963,0,1000
16200000,8551413,16201000,1.8945400000000001,31060,0,1000
16250000,8566990,16251000,1.89693,31166,0,1000
16300000,8582742,16301000,1.8992799999999999,31273,0,1000
16350000,8598464,16351000,1.90162,31366,0,1000
16400000,8613885,16401000,1.90402,31451,0,1000
16450000,8629436,16451000,1.90638,31550,0,1000
16500000,8644941,16501000,1.90875,31638,0,1000
16550000,8660350,16551000,1.9111200000000002,31737,0,1000
16600000,8675852,16601000,1.91347,31825,0,1000
16650000,8691349,16651000,1.9158099999999998,31930,0,1000
16700000,8706870,16701000,1.9181400000000002,32038,0,1000
16750000,8722153,16751000,1.92051,32136,0,1000
16800000,8737743,16801000,1.92281,32237,0,1000
16850000,8753108,16851000,1.92514,32335,0,1000
16900000,8768193,16901000,1.9275400000000003,32427,0,1000
16950000,8783600,16951000,1.92985,32513,0,1000
17000000,8798829,17001000,1.93219,32607,0,1000
17050000,8813921,17051000,1.93455,32707,0,1000
17100000,8829178,17101000,1.93687,32804,0,1000
17150000,8844508,17151000,1.93917,32907,0,1000
17200000,8859717,17201000,1.9414799999999999,33001,0,1000
17250000,8875024,17251000,1.94377,33094,0,1000
17300000,8890206,17301000,1.94607,33187,0,1000
17350000,8905626,17351000,1.94832,33289,0,1000
17400000,8920791,17401000,1.95061,33392,0,1000
17450000,8935850,17451000,1.95292,33471,0,1000
17500000,8950931,17501000,1.9552200000000002,33562,0,1000
17550000,8965921,17551000,1.9575200000000001,33633,0,1000
17600000,8980992,17601000,1.9598099999999998,33733,0,1000
17650000,8996175,17651000,1.96206,33851,0,1000
17700000,9011050,17701000,1.9643700000000002,33938,0,1000
17750000,9026042,17751000,1.9666400000000002,34028,0,1000
17800000,9041014,17801000,1.96892,34129,0,1000
17850000,9055947,17851000,1.9711900000000002,34205,0,1000
17900000,9070809,17901000,1.97347,34295,0,1000
17950000,9085923,17951000,1.9756900000000002,34391,0,1000
18000000,9100909,18001000,1.97793,34489,0,1000
18050000,9115657,18051000,1.98022,34585,0,1000
18100000,9130453,18101000,1.98249,34685,0,1000
18150000,9145207,18151000,1.9847599999999999,34789,0,1000
18200000,9159875,18201000,1.9870400000000001,34887,0,1000
18250000,9174572,18251000,1.9893,34969,0,1000
18300000,9189333,18301000,1.99155,35051,0,1000
18350000,9204099,18351000,1.9937900000000002,35141,0,1000
18400000,9218752,18401000,1.99604,35245,0,1000
18450000,9233340,18451000,1.9983,35357,0,1000
18500000,9247877,18501000,2.00057,35447,0,1000
18550000,9262631,18551000,2.00278,35541,0,1000
18600000,9277462,18601000,2.00497,35644,0,1000
18650000,9292053,18651000,2.0072,35767,0,1000
18700000,9306675,18701000,2.00942,35858,0,1000
18750000,9321219,18751000,2.01165,35957,0,1000
18800000,9335860,18801000,2.01385,36046,0,1000
18850000,9350239,18851000,2.0161,36143,0,1000
18900000,9364531,18901000,2.01836,36246,0,1000
18950000,9378980,18951000,2.02058,36360,0,1000
19000000,9393329,19001000,2.0228200000000003,36445,0,1000
19050000,9407780,19051000,2.02503,36544,0,1000
19100000,9422220,19101000,2.02723,36654,0,1000
19150000,9436710,19151000,2.02941,36754,0,1000
19200000,9450925,19201000,2.03165,36851,0,1000
19250000,9465193,19251000,2.0338700000000003,36943,0,1000
19300000,9479678,19301000,2.0360400000000003,37060,0,1000
19350000,9493844,19351000,2.0382700000000002,37152,0,1000
19400000,9508128,19401000,2.04046,37262,0,1000
19450000,9522317,19451000,2.04268,37359,0,1000
19500000,9536430,19501000,2.0449,37456,0,1000
19550000,9550440,19551000,2.04713,37557,0,1000
19600000,9564335,19601000,2.0493799999999998,37655,0,1000
19650000,9578410,19651000,2.05159,37742,0,1000
19700000,9592544,19701000,2.0537799999999997,37837,0,1000
19750000,9606677,19751000,2.05597,37938,0,1000
19800000,9620785,19801000,2.05815,38025,0,1000
19850000,9634863,19851000,2.06033,38108,0,1000
19900000,9649141,19901000,2.0624599999999997,38210,0,1000
19950000,9663073,19951000,2.06466,38310,0,1000
20000000,9676961,20001000,2.06687,38411,0,1000
20050000,9690807,20051000,2.06907,38511,0,1000
20100000,9704889,20101000,2.0712200000000003,38613,0,1000
20150000,9718926,20151000,2.07338,38697,0,1000
20200000,9732932,20201000,2.07553,38813,0,1000
20250000,9747003,20251000,2.07766,38903,0,1000
20300000,9761041,20301000,2.0798,38997,0,1000
20350000,9774807,20351000,2.0819799999999997,39110,0,1000
20400000,9788672,20401000,2.08414,39193,0,1000
20450000,9802462,20451000,2.0863099999999997,39273,0,1000
20500000,9816328,20501000,2.08846,39376,0,1000
20550000,9830210,20551000,2.0906,39476,0,1000
20600000,9844017,20601000,2.09274,39581,0,1000
20650000,9857854,20651000,2.09488,39680,0,1000
20700000,9871808,20701000,2.09698,39764,0,1000
20750000,9885534,20751000,2.0991299999999997,39839,0,1000
20800000,9899190,20801000,2.10128,39925,0,1000
20850000,9912857,20851000,2.10343,40031,0,1000
20900000,9926669,20901000,2.10554,40124,0,1000
20950000,9940378,20951000,2.10767,40215,0,1000
21000000,9954093,21001000,2.1097900000000003,40304,0,1000
21050000,9967825,21051000,2.1119,40411,0,1000
21100000,9981291,21101000,2.11406,40512,0,1000
21150000,9994890,21151000,2.11618,40601,0,1000
21200000,10008588,21201000,2.11828,40701,0,1000
21250000,10022188,21251000,2.1204,40798,0,1000
21300000,10035662,21301000,2.12253,40881,0,1000
21350000,10049008,21351000,2.12469,40964,0,1000
21400000,10062347,21401000,2.12684,41058,0,1000
21450000,10075843,21451000,2.12895,41150,0,1000
21500000,10089194,21501000,2.13109,41252,0,1000
21550000,10102550,21551000,2.13322,41343,0,1000
21600000,10115984,21601000,2.1353299999999997,41437,0,1000
21650000,10129352,21651000,2.13745,41519,0,1000
21700000,10142916,21701000,2.13952,41618,0,1000
21750000,10156320,21751000,2.14162,41706,0,1000
21800000,10169734,21801000,2.14371,41826,0,1000
21850000,10183076,21851000,2.14582,41911,0,1000
21900000,10196134,21901000,2.14797,42005,0,1000
21950000,10209334,21951000,2.15009,42112,0,1000
22000000,10222527,22001000,2.1522099999999997,42209,0,1000
22050000,10235785,22051000,2.1543,42298,0,1000
22100000,10249083,22101000,2.15639,42402,0,1000
22150000,10262401,22151000,2.15846,42498,0,1000
22200000,10275827,22201000,2.16051,42597,0,1000
22250000,10289152,22251000,2.16257,42695,0,1000
22300000,10302242,22301000,2.16467,42792,0,1000
22350000,10315448,22351000,2.16675,42889,0,1000
22400000,10328674,22401000,2.16882,42995,0,1000
22450000,10341886,22451000,2.17088,43092,0,1000
22500000,10354783,22501000,2.1730099999999997,43189,0,1000
