timestep,num_nodes,num_edges,average_degree,max_degree,num_triangles,new_edges
0,1995,1000,0.501253,2,0,1000
50000,91189,51000,0.5592779999999999,92,0,1000
100000,171066,101000,0.5904149999999999,178,0,1000
150000,245611,151000,0.614793,273,0,1000
200000,316240,201000,0.6355930000000001,374,0,1000
250000,383843,251000,0.653913,479,0,1000
300000,449153,301000,0.67015,575,0,1000
350000,512273,351000,0.685182,655,0,1000
400000,573829,401000,0.698814,760,0,1000
450000,633434,451000,0.711992,859,0,1000
500000,691471,501000,0.724542,954,0,1000
550000,748230,551000,0.736405,1049,0,1000
600000,804167,601000,0.7473569999999999,1153,0,1000
650000,858862,651000,0.75798,1243,0,1000
700000,912668,701000,0.7680779999999999,1320,0,1000
750000,965287,751000,0.778007,1411,0,1000
800000,1017213,801000,0.787446,1497,0,1000
850000,1068308,851000,0.7965869999999999,1593,0,1000
900000,1118549,901000,0.805508,1705,0,1000
950000,1167983,951000,0.814224,1804,0,1000
1000000,1216663,1001000,0.822742,1918,0,1000
1050000,1264595,1051000,0.831096,2010,0,1000
1100000,1312031,1101000,0.8391569999999999,2107,0,1000
1150000,1358670,1151000,0.847152,2223,0,1000
1200000,1404856,1201000,0.854892,2319,0,1000
1250000,1450244,1251000,0.862613,2421,0,1000
1300000,1495663,1301000,0.869848,2506,0,1000
1350000,1540404,1351000,0.877043,2606,0,1000
1400000,1584633,1401000,0.884116,2703,0,1000
1450000,1628219,1451000,0.891158,2781,0,1000
1500000,1671109,1501000,0.898206,2876,0,1000
1550000,1713789,1551000,0.905012,2958,0,1000
1600000,1755651,1601000,0.9119120000000001,3045,0,1000
1650000,1797471,1651000,0.9185129999999999,3142,0,1000
1700000,1838803,1701000,0.925058,3240,0,1000
1750000,1879912,1751000,0.931427,3330,0,1000
1800000,1920483,1801000,0.9377850000000001,3425,0,1000
1850000,1960750,1851000,0.9440270000000001,3513,0,1000
1900000,2000796,1901000,0.9501219999999999,3617,0,1000
1950000,2040343,1951000,0.9562120000000001,3727,0,1000
2000000,2079616,2001000,0.962197,3807,0,1000
2050000,2118554,2051000,0.9681129999999999,3898,0,1000
2100000,2157089,2101000,0.9739979999999999,3983,0,1000
2150000,2195391,2151000,0.9797799999999999,4088,0,1000
2200000,2233498,2201000,0.98545,4178,0,1000
2250000,2271229,2251000,0.991093,4285,0,1000
2300000,2308461,2301000,0.996768,4385,0,1000
2350000,2345371,2351000,1.0024,4479,0,1000
2400000,2382486,2401000,1.00777,4575,0,1000
2450000,2419015,2451000,1.01322,4667,0,1000
2500000,2455222,2501000,1.01865,4757,0,1000
2550000,2491394,2551000,1.0239200000000002,4846,0,1000
2600000,2527030,2601000,1.0292700000000001,4931,0,1000
2650000,2562574,2651000,1.03451,5028,0,1000
2700000,2597827,2701000,1.03972,5124,0,1000
2750000,2632589,2751000,1.04498,5219,0,1000
2800000,2667278,2801000,1.05013,5299,0,1000
2850000,2701926,2851000,1.0551700000000002,5371,0,1000
2900000,2736394,2901000,1.06015,5479,0,1000
2950000,2770514,2951000,1.06515,5565,0,1000
3000000,2804582,3001000,1.07003,5662,0,1000
3050000,2838226,3051000,1.07497,5767,0,1000
3100000,2871714,3101000,1.07984,5876,0,1000
3150000,2905183,3151000,1.08461,5981,0,1000
3200000,2938491,3201000,1.08933,6064,0,1000
3250000,2971714,3251000,1.09398,6168,0,1000
3300000,3004336,3301000,1.09875,6264,0,1000
3350000,3036785,3351000,1.1034700000000002,6362,0,1000
3400000,3069155,3401000,1.10812,6461,0,1000
3450000,3101302,3451000,1.11276,6548,0,1000
3500000,3133305,3501000,1.11735,6635,0,1000
3550000,3165234,3551000,1.12188,6739,0,1000
3600000,3196719,3601000,1.12647,6831,0,1000
3650000,3228277,3651000,1.13094,6917,0,1000
3700000,3259810,3701000,1.13534,7016,0,1000
3750000,3291020,3751000,1.1397700000000002,7089,0,1000
3800000,3321824,3801000,1.14425,7194,0,1000
3850000,3352625,3851000,1.14865,7274,0,1000
3900000,3383455,3901000,1.15296,7369,0,1000
3950000,3413992,3951000,1.1573,7456,0,1000
4000000,3444345,4001000,1.16161,7551,0,1000
4050000,3474468,4051000,1.16593,7648,0,1000
4100000,3504362,4101000,1.17026,7763,0,1000
4150000,3534030,4151000,1.17458,7869,0,1000
4200000,3563906,4201000,1.17876,7954,0,1000
4250000,3593482,4251000,1.18298,8071,0,1000
4300000,3622960,4301000,1.18715,8172,0,1000
4350000,3652388,4351000,1.19128,8273,0,1000
4400000,3681598,4401000,1.1954,8365,0,1000
4450000,3710615,4451000,1.19953,8460,0,1000
4500000,3739392,4501000,1.20367,8551,0,1000
4550000,3768324,4551000,1.2077,8662,0,1000
4600000,3797132,4601000,1.2117,8771,0,1000
4650000,3825425,4651000,1.21581,8894,0,1000
4700000,3853711,4701000,1.21986,8985,0,1000
4750000,3882072,4751000,1.22383,9082,0,1000
4800000,3910007,4801000,1.2278799999999999,9181,0,1000
4850000,3938166,4851000,1.23179,9297,0,1000
4900000,3966261,4901000,1.23567,9394,0,1000
4950000,3994022,4951000,1.2396,9491,0,1000
5000000,4021672,5001000,1.2435100000000001,9588,0,1000
5050000,4049270,5051000,1.24739,9687,0,1000
5100000,4076634,5101000,1.25128,9799,0,1000
5150000,4103967,5151000,1.2551299999999999,9887,0,1000
5200000,4131110,5201000,1.25898,9988,0,1000
5250000,4158344,5251000,1.26276,10088,0,1000
5300000,4185297,5301000,1.2665799999999998,10173,0,1000
5350000,4212304,5351000,1.27033,10266,0,1000
5400000,4238977,5401000,1.27413,10361,0,1000
5450000,4265749,5451000,1.27785,10471,0,1000
5500000,4292144,5501000,1.28164,10565,0,1000
5550000,4318831,5551000,1.2853,10660,0,1000
5600000,4345326,5601000,1.2889700000000002,10738,0,1000
5650000,4371844,5651000,1.29259,10841,0,1000
5700000,4398119,5701000,1.29624,10936,0,1000
5750000,4424367,5751000,1.29985,11035,0,1000
5800000,4450269,5801000,1.30352,11126,0,1000
5850000,4476208,5851000,1.30713,11200,0,1000
5900000,4501979,5901000,1.3107600000000001,11295,0,1000
5950000,4527682,5951000,1.31436,11394,0,1000
6000000,4553243,6001000,1.31796,11494,0,1000
6050000,4578890,6051000,1.3215,11594,0,1000
6100000,4604382,6101000,1.32504,11669,0,1000
6150000,4629729,6151000,1.32859,11743,0,1000
6200000,4654751,6201000,1.33219,11849,0,1000
6250000,4679967,6251000,1.33569,11943,0,1000
6300000,4705056,6301000,1.3392,12036,0,1000
6350000,4730012,6351000,1.3427,12140,0,1000
6400000,4754963,6401000,1.34617,12238,0,1000
6450000,4779769,6451000,1.34965,12324,0,1000
6500000,4804425,6501000,1.35313,12428,0,1000
6550000,4829033,6551000,1.35659,12518,0,1000
6600000,4853424,6601000,1.3600700000000001,12601,0,1000
6650000,4877969,6651000,1.36348,12695,0,1000
6700000,4902156,6701000,1.36695,12804,0,1000
6750000,4926377,6751000,1.37038,12892,0,1000
6800000,4950534,6801000,1.37379,12991,0,1000
6850000,4974761,6851000,1.37715,13113,0,1000
6900000,4998694,6901000,1.38056,13223,0,1000
6950000,5022610,6951000,1.38394,13303,0,1000
7000000,5046300,7001000,1.38735,13390,0,1000
7050000,5070037,7051000,1.3907200000000002,13489,0,1000
7100000,5093771,7101000,1.39406,13585,0,1000
7150000,5117169,7151000,1.39745,13687,0,1000
7200000,5140782,7201000,1.40076,13784,0,1000
7250000,5164386,7251000,1.40404,13883,0,1000
7300000,5187957,7301000,1.4073,13968,0,1000
7350000,5211505,7351000,1.4105299999999998,14054,0,1000
7400000,5234808,7401000,1.41381,14148,0,1000
7450000,5257858,7451000,1.4171200000000002,14234,0,1000
7500000,5280964,7501000,1.42038,14337,0,1000
7550000,5303824,7551000,1.42369,14434,0,1000
7600000,5326827,7601000,1.42693,14524,0,1000
7650000,5349782,7651000,1.43015,14630,0,1000
7700000,5372549,7701000,1.4334,14728,0,1000
7750000,5395529,7751000,1.43656,14811,0,1000
7800000,5418129,7801000,1.4398,14914,0,1000
7850000,5440747,7851000,1.443,15015,0,1000
7900000,5463150,7901000,1.44624,15113,0,1000
7950000,5485552,7951000,1.44944,15216,0,1000
8000000,5508131,8001000,1.45258,15321,0,1000
8050000,5530626,8051000,1.45571,15409,0,1000
8100000,5553044,8101000,1.45884,15504,0,1000
8150000,5575218,8151000,1.46201,15617,0,1000
8200000,5597308,8201000,1.46517,15719,0,1000
8250000,5619626,8251000,1.46825,15826,0,1000
8300000,5641549,8301000,1.4714,15912,0,1000
8350000,5663602,8351000,1.4745,16009,0,1000
8400000,5685619,8401000,1.47759,16107,0,1000
8450000,5707311,8451000,1.4807299999999999,16185,0,1000
8500000,5729267,8501000,1.4837799999999999,16276,0,1000
8550000,5751030,8551000,1.48686,16367,0,1000
8600000,5772793,8601000,1.4899200000000001,16466,0,1000
8650000,5794356,8651000,1.493,16549,0,1000
8700000,5816254,8701000,1.4959799999999999,16658,0,1000
8750000,5837842,8751000,1.49901,16748,0,1000
8800000,5859366,8801000,1.50204,16838,0,1000
8850000,5880962,8851000,1.5050299999999999,16943,0,1000
8900000,5902338,8901000,1.50805,17040,0,1000
8950000,5923745,8951000,1.51104,17130,0,1000
9000000,5944900,9001000,1.51407,17216,0,1000
9050000,5966038,9051000,1.51709,17305,0,1000
9100000,5987075,9101000,1.52011,17392,0,1000
9150000,6008178,9151000,1.52309,17507,0,1000
9200000,6029297,9201000,1.52605,17610,0,1000
9250000,6050305,9251000,1.52901,17707,0,1000
9300000,6071108,9301000,1.53201,17828,0,1000
9350000,6091773,9351000,1.53502,17922,0,1000
9400000,6112519,9401000,1.53799,18018,0,1000
9450000,6133074,9451000,1.5409899999999999,18108,0,1000
9500000,6153549,9501000,1.54399,18209,0,1000
9550000,6174141,9551000,1.54694,18296,0,1000
9600000,6194786,9601000,1.54985,18394,0,1000
9650000,6215239,9651000,1.5528,18492,0,1000
9700000,6235693,9701000,1.55572,18588,0,1000
9750000,6256156,9751000,1.5586200000000001,18695,0,1000
9800000,6276477,9801000,1.56154,18798,0,1000
9850000,6296647,9851000,1.5644799999999999,18888,0,1000
9900000,6317036,9901000,1.56735,18988,0,1000
9950000,6337442,9951000,1.57019,19086,0,1000
10000000,6357633,10001000,1.57307,19166,0,1000
10050000,6377669,10051000,1.57597,19256,0,1000
10100000,6397835,10101000,1.5788200000000001,19355,0,1000
10150000,6417789,10151000,1.5817,19436,0,1000
10200000,6437730,10201000,1.58456,19524,0,1000
10250000,6457682,10251000,1.58741,19628,0,1000
10300000,6477632,10301000,1.5902399999999999,19727,0,1000
10350000,6497437,10351000,1.59309,19817,0,1000
10400000,6517288,10401000,1.59591,19929,0,1000
10450000,6537357,10451000,1.59866,20015,0,1000
10500000,6557160,10501000,1.60146,20124,0,1000
10550000,6576791,10551000,1.60428,20214,0,1000
10600000,6596360,10601000,1.6071,20331,0,1000
10650000,6616011,10651000,1.60988,20422,0,1000
10700000,6635333,10701000,1.61273,20518,0,1000
10750000,6654766,10751000,1.61553,20604,0,1000
10800000,6673878,10801000,1.6184,20698,0,1000
10850000,6693195,10851000,1.6212,20794,0,1000
10900000,6712528,10901000,1.62398,20898,0,1000
10950000,6731851,10951000,1.6267399999999999,21008,0,1000
11000000,6751143,11001000,1.6295,21114,0,1000
11050000,6770425,11051000,1.63225,21223,0,1000
11100000,6789534,11101000,1.6350200000000001,21325,0,1000
11150000,6808709,11151000,1.63776,21413,0,1000
11200000,6827800,11201000,1.6405,21516,0,1000
11250000,6846802,11251000,1.64325,21626,0,1000
11300000,6865644,11301000,1.64602,21716,0,1000
11350000,6884606,11351000,1.64875,21802,0,1000
11400000,6903800,11401000,1.6514099999999998,21900,0,1000
11450000,6922797,11451000,1.6541,21976,0,1000
11500000,6941479,11501000,1.65685,22080,0,1000
11550000,6960343,11551000,1.6595400000000002,22173,0,1000
11600000,6979011,11601000,1.6622700000000001,22272,0,1000
11650000,6997874,11651000,1.66493,22352,0,1000
11700000,7016406,11701000,1.66766,22434,0,1000
11750000,7034999,11751000,1.6703599999999998,22522,0,1000
11800000,7053579,11801000,1.67305,22612,0,1000
11850000,7072120,11851000,1.6757400000000002,22720,0,1000
11900000,7090713,11901000,1.67839,22817,0,1000
11950000,7109298,11951000,1.68104,22905,0,1000
12000000,7127787,12001000,1.6836900000000001,22999,0,1000
12050000,7146273,12051000,1.6863299999999999,23098,0,1000
12100000,7164582,12101000,1.689,23204,0,1000
12150000,7182578,12151000,1.69173,23307,0,1000
12200000,7200897,12201000,1.6943700000000002,23396,0,1000
12250000,7219072,12251000,1.6970299999999998,23484,0,1000
12300000,7237080,12301000,1.6997200000000001,23563,0,1000
12350000,7255249,12351000,1.70235,23655,0,1000
12400000,7273568,12401000,1.7049400000000001,23740,0,1000
12450000,7291727,12451000,1.70755,23838,0,1000
12500000,7309810,12501000,1.71017,23943,0,1000
12550000,7327711,12551000,1.71281,24043,0,1000
12600000,7345694,12601000,1.71543,24151,0,1000
12650000,7363400,12651000,1.7180900000000001,24264,0,1000
12700000,7381236,12701000,1.72071,24379,0,1000
12750000,7399363,12751000,1.7232599999999998,24466,0,1000
12800000,7417033,12801000,1.7258900000000001,24568,0,1000
12850000,7434836,12851000,1.72848,24650,0,1000
12900000,7452673,12901000,1.7310599999999998,24752,0,1000
12950000,7470461,12951000,1.73363,24839,0,1000
13000000,7488108,13001000,1.73622,24931,0,1000
13050000,7505809,13051000,1.73879,25039,0,1000
13100000,7523303,13101000,1.7413900000000002,25146,0,1000
13150000,7540914,13151000,1.74395,25243,0,1000
13200000,7558366,13201000,1.7465400000000002,25341,0,1000
13250000,7575682,13251000,1.74915,25444,0,1000
13300000,7592968,13301000,1.75175,25513,0,1000
13350000,7610499,13351000,1.7542900000000001,25598,0,1000
13400000,7628131,13401000,1.75679,25683,0,1000
13450000,7645477,13451000,1.7593400000000001,25762,0,1000
13500000,7662859,13501000,1.76188,25868,0,1000
13550000,7679987,13551000,1.76446,25969,0,1000
13600000,7697068,13601000,1.7670400000000002,26051,0,1000
13650000,7714459,13651000,1.7695299999999998,26150,0,1000
13700000,7731605,13701000,1.7720799999999999,26249,0,1000
13750000,7748649,13751000,1.77463,26328,0,1000
13800000,7765562,13801000,1.77721,26442,0,1000
13850000,7782491,13851000,1.7797599999999998,26519,0,1000
13900000,7799562,13901000,1.7822799999999999,26626,0,1000
13950000,7816406,13951000,1.7848400000000002,26704,0,1000
14000000,7833500,14001000,1.78732,26803,0,1000
14050000,7850568,14051000,1.78981,26886,0,1000
14100000,7867660,14101000,1.79227,26978,0,1000
14150000,7884537,14151000,1.7947799999999998,27073,0,1000
14200000,7901371,14201000,1.79728,27169,0,1000
14250000,7918063,14251000,1.79981,27262,0,1000
14300000,7934848,14301000,1.8023,27365,0,1000
14350000,7951738,14351000,1.80476,27462,0,1000
14400000,7968486,14401000,1.8072400000000002,27551,0,1000
14450000,7985297,14451000,1.8097,27651,0,1000
14500000,8002075,14501000,1.81215,27743,0,1000
14550000,8018495,14551000,1.8146799999999998,27832,0,1000
14600000,8035098,14601000,1.81715,27918,0,1000
14650000,8051648,14651000,1.8196299999999999,27998,0,1000
14700000,8068074,14701000,1.82212,28099,0,1000
14750000,8084601,14751000,1.8245799999999999,28214,0,1000
14800000,8101144,14801000,1.82703,28332,0,1000
14850000,8117489,14851000,1.8295099999999997,28424,0,1000
14900000,8133848,14901000,1.83197,28515,0,1000
14950000,8150090,14951000,1.8344599999999998,28610,0,1000
15000000,8166485,15001000,1.8369,28702,0,1000
15050000,8182808,15051000,1.8393400000000002,28794,0,1000
15100000,8199136,15101000,1.84178,28892,0,1000
15150000,8215445,15151000,1.84421,28988,0,1000
15200000,8231780,15201000,1.8466200000000002,29089,0,1000
15250000,8247998,15251000,1.84905,29196,0,1000
15300000,8264258,15301000,1.8514700000000002,29281,0,1000
15350000,8280153,15351000,1.85395,29385,0,1000
15400000,8296394,15401000,1.85635,29475,0,1000
15450000,8312558,15451000,1.85875,29568,0,1000
15500000,8328753,15501000,1.8611400000000002,29655,0,1000
15550000,8344769,15551000,1.8635599999999999,29749,0,1000
15600000,8360944,15601000,1.8659400000000002,29842,0,1000
15650000,8377035,15651000,1.86832,29942,0,1000
15700000,8393253,15701000,1.87067,30044,0,1000
15750000,8409125,15751000,1.8730799999999999,30141,0,1000
15800000,8424990,15801000,1.87549,30217,0,1000
15850000,8440992,15851000,1.8778599999999999,30333,0,1000
15900000,8456760,15901000,1.88027,30410,0,1000
15950000,8472651,15951000,1.88265,30524,0,1000
16000000,8488525,16001000,1.8850200000000001,30607,0,1000
16050000,8504381,16051000,1.8873799999999998,30707,0,1000
16100000,8520400,16101000,1.8897,30790,0,1000
16150000,8536167,16151000,1.8920700000000001,30880,0,1000
16200000,8551834,16201000,1.89445,30982,0,1000
16250000,8567482,16251000,1.8968200000000002,31083,0,1000
16300000,8583151,16301000,1.8991900000000002,31173,0,1000
16350000,8598887,16351000,1.90153,31268,0,1000
16400000,8614576,16401000,1.9038700000000002,31373,0,1000
16450000,8630252,16451000,1.9062,31478,0,1000
16500000,8646037,16501000,1.9085,31572,0,1000
16550000,8661402,16551000,1.9108900000000002,31667,0,1000
16600000,8677101,16601000,1.9132,31780,0,1000
16650000,8692612,16651000,1.91553,31870,0,1000
16700000,8708055,16701000,1.91788,31966,0,1000
16750000,8723235,16751000,1.9202700000000001,32079,0,1000
16800000,8738729,16801000,1.9225900000000002,32169,0,1000
16850000,8754042,16851000,1.92494,32257,0,1000
16900000,8769374,16901000,1.9272799999999999,32357,0,1000
16950000,8784846,16951000,1.92957,32455,0,1000
17000000,8800323,17001000,1.93186,32537,0,1000
17050000,8815613,17051000,1.93418,32648,0,1000
17100000,8830903,17101000,1.9365,32746,0,1000
17150000,8846149,17151000,1.93881,32848,0,1000
17200000,8861433,17201000,1.94111,32942,0,1000
17250000,8876486,17251000,1.94345,33047,0,1000
17300000,8891702,17301000,1.94575,33139,0,1000
17350000,8906770,17351000,1.94807,33230,0,1000
17400000,8921827,17401000,1.95039,33327,0,1000
17450000,8936853,17451000,1.9527,33414,0,1000
17500000,8952161,17501000,1.95495,33511,0,1000
17550000,8967327,17551000,1.9572200000000002,33602,0,1000
17600000,8982483,17601000,1.9594799999999999,33701,0,1000
17650000,8997531,17651000,1.96176,33802,0,1000
17700000,9012531,17701000,1.9640400000000002,33891,0,1000
17750000,9027721,17751000,1.96628,33997,0,1000
17800000,9042597,17801000,1.9685700000000002,34090,0,1000
17850000,9057605,17851000,1.9708299999999999,34181,0,1000
17900000,9072465,17901000,1.97311,34271,0,1000
17950000,9087225,17951000,1.9754099999999999,34366,0,1000
18000000,9101987,18001000,1.9777,34464,0,1000
18050000,9116620,18051000,1.9800099999999998,34561,0,1000
18100000,9131474,18101000,1.98226,34653,0,1000
18150000,9146053,18151000,1.9845700000000002,34760,0,1000
18200000,9160774,18201000,1.9868400000000002,34853,0,1000
18250000,9175564,18251000,1.9890900000000002,34946,0,1000
18300000,9190335,18301000,1.9913299999999998,35056,0,1000
18350000,9205109,18351000,1.99357,35141,0,1000
18400000,9219760,18401000,1.9958200000000001,35226,0,1000
18450000,9234498,18451000,1.99805,35329,0,1000
18500000,9249045,18501000,2.00031,35427,0,1000
18550000,9263572,18551000,2.00258,35523,0,1000
18600000,9278191,18601000,2.00481,35615,0,1000
18650000,9292821,18651000,2.00703,35718,0,1000
18700000,9307372,18701000,2.00927,35807,0,1000
18750000,9321870,18751000,2.01151,35890,0,1000
18800000,9336418,18801000,2.01373,35988,0,1000
18850000,9350962,18851000,2.01594,36084,0,1000
18900000,9365438,18901000,2.01817,36192,0,1000
18950000,9379906,18951000,2.02038,36283,0,1000
19000000,9394188,19001000,2.02263,36375,0,1000
19050000,9408588,19051000,2.02485,36471,0,1000
19100000,9422921,19101000,2.0270799999999998,36561,0,1000
19150000,9437370,19151000,2.02927,36648,0,1000
19200000,9451614,19201000,2.0315,36735,0,1000
19250000,9465677,19251000,2.03377,36823,0,1000
19300000,9479936,19301000,2.03598,36924,0,1000
19350000,9494170,19351000,2.0382,37026,0,1000
19400000,9508522,19401000,2.04038,37116,0,1000
19450000,9522816,19451000,2.04257,37224,0,1000
19500000,9537070,19501000,2.0447599999999997,37317,0,1000
19550000,9551078,19551000,2.04699,37413,0,1000
19600000,9565111,19601000,2.04922,37502,0,1000
19650000,9579137,19651000,2.05144,37594,0,1000
19700000,9593393,19701000,2.0536,37705,0,1000
19750000,9607372,19751000,2.05582,37810,0,1000
19800000,9621385,19801000,2.05802,37909,0,1000
19850000,9635418,19851000,2.0602099999999997,38012,0,1000
19900000,9649415,19901000,2.0624,38101,0,1000
19950000,9663423,19951000,2.06459,38202,0,1000
20000000,9677504,20001000,2.06675,38298,0,1000
20050000,9691520,20051000,2.06892,38401,0,1000
20100000,9705477,20101000,2.0711,38513,0,1000
20150000,9719390,20151000,2.07328,38610,0,1000
20200000,9733361,20201000,2.07544,38723,0,1000
20250000,9747259,20251000,2.07761,38815,0,1000
20300000,9761200,20301000,2.07976,38900,0,1000
20350000,9774830,20351000,2.0819799999999997,38982,0,1000
20400000,9788745,20401000,2.08413,39082,0,1000
20450000,9802677,20451000,2.0862700000000003,39174,0,1000
20500000,9816513,20501000,2.08842,39292,0,1000
20550000,9830288,20551000,2.09058,39393,0,1000
20600000,9844163,20601000,2.09271,39487,0,1000
20650000,9857843,20651000,2.09488,39607,0,1000
20700000,9871404,20701000,2.09707,39704,0,1000
20750000,9885242,20751000,2.09919,39814,0,1000
20800000,9899093,20801000,2.1013,39914,0,1000
20850000,9912750,20851000,2.10345,40007,0,1000
20900000,9926316,20901000,2.10562,40106,0,1000
20950000,9939850,20951000,2.10778,40206,0,1000
21000000,9953467,21001000,2.1099200000000002,40297,0,1000
21050000,9967134,21051000,2.1120400000000004,40401,0,1000
21100000,9980703,21101000,2.1141799999999997,40495,0,1000
21150000,9994362,21151000,2.1162900000000002,40601,0,1000
21200000,10007866,21201000,2.11843,40695,0,1000
21250000,10021286,21251000,2.12059,40796,0,1000
21300000,10034771,21301000,2.12272,40896,0,1000
21350000,10048525,21351000,2.12479,40977,0,1000
21400000,10061958,21401000,2.12692,41070,0,1000
21450000,10075484,21451000,2.1290299999999998,41157,0,1000
21500000,10089032,21501000,2.1311299999999997,41266,0,1000
21550000,10102400,21551000,2.13326,41360,0,1000
21600000,10115738,21601000,2.13539,41447,0,1000
21650000,10129255,21651000,2.13747,41547,0,1000
21700000,10142603,21701000,2.13959,41638,0,1000
21750000,10155978,21751000,2.14169,41737,0,1000
21800000,10169354,21801000,2.14379,41824,0,1000
21850000,10182671,21851000,2.1459,41942,0,1000
21900000,10196095,21901000,2.14798,42030,0,1000
21950000,10209352,21951000,2.15009,42101,0,1000
22000000,10222702,22001000,2.15217,42189,0,1000
22050000,10235916,22051000,2.15428,42296,0,1000
22100000,10249270,22101000,2.15635,42405,0,1000
22150000,10262575,22151000,2.15843,42515,0,1000
22200000,10275777,22201000,2.16052,42598,0,1000
22250000,10289052,22251000,2.1625900000000002,42690,0,1000
22300000,10302357,22301000,2.16465,42787,0,1000
22350000,10315528,22351000,2.16673,42885,0,1000
22400000,10328628,22401000,2.16883,42983,0,1000
22450000,10341730,22451000,2.1709099999999997,43079,0,1000
22500000,10354794,22501000,2.173,43187,0,1000
