timestep,num_nodes,num_edges,average_degree,max_degree,num_triangles,new_edges
0,1961,1000,0.509944,1,0,1000
50000,80293,51000,0.635174,8,0,1000
100000,146790,101000,0.688058,11,0,1000
150000,208300,151000,0.724916,16,0,1000
200000,266544,201000,0.754097,21,0,1000
250000,322278,251000,0.778831,28,0,1000
300000,375976,301000,0.800583,30,0,1000
350000,427877,351000,0.8203290000000001,31,0,1000
400000,478315,401000,0.83836,36,0,1000
450000,527297,451000,0.855305,40,0,1000
500000,574917,501000,0.8714299999999999,47,0,1000
550000,621831,551000,0.886093,51,0,1000
600000,667569,601000,0.900281,54,0,1000
650000,712393,651000,0.9138209999999999,59,0,1000
700000,756473,701000,0.9266690000000001,64,0,1000
750000,799703,751000,0.939099,67,0,1000
800000,842265,801000,0.9510069999999999,71,0,1000
850000,883950,851000,0.962724,75,0,1000
900000,925185,901000,0.973859,81,0,1000
950000,965514,951000,0.9849680000000001,86,0,1000
1000000,1005516,1001000,0.995509,94,0,1000
1050000,1044840,1051000,1.0059,100,0,1000
1100000,1083809,1101000,1.01586,102,0,1000
1150000,1122148,1151000,1.0257100000000001,107,0,1000
1200000,1159763,1201000,1.03556,111,0,1000
1250000,1197154,1251000,1.04498,119,0,1000
1300000,1233988,1301000,1.05431,120,0,1000
1350000,1270472,1351000,1.06338,124,0,1000
1400000,1306557,1401000,1.07228,129,0,1000
1450000,1342083,1451000,1.0811600000000001,131,0,1000
1500000,1377081,1501000,1.08999,135,0,1000
1550000,1411839,1551000,1.09857,140,0,1000
1600000,1446280,1601000,1.1069799999999999,143,0,1000
1650000,1480217,1651000,1.11538,146,0,1000
1700000,1513891,1701000,1.1235899999999999,151,0,1000
1750000,1547365,1751000,1.1316,155,0,1000
1800000,1580317,1801000,1.13964,159,0,1000
1850000,1613094,1851000,1.1474799999999998,161,0,1000
1900000,1645606,1901000,1.1552,166,0,1000
1950000,1677704,1951000,1.1629,170,0,1000
2000000,1709598,2001000,1.17045,175,0,1000
2050000,1741284,2051000,1.17787,181,0,1000
2100000,1772423,2101000,1.1853799999999999,184,0,1000
2150000,1803641,2151000,1.19259,188,0,1000
2200000,1834385,2201000,1.19986,195,0,1000
2250000,1864821,2251000,1.20709,197,0,1000
2300000,1895067,2301000,1.21421,202,0,1000
2350000,1925190,2351000,1.22118,208,0,1000
2400000,1954859,2401000,1.22822,213,0,1000
2450000,1984437,2451000,1.23511,217,0,1000
2500000,2013851,2501000,1.2419,221,0,1000
2550000,2042920,2551000,1.2487,228,0,1000
2600000,2071612,2601000,1.2555399999999999,234,0,1000
2650000,2100210,2651000,1.26225,237,0,1000
2700000,2128406,2701000,1.26902,244,0,1000
2750000,2156503,2751000,1.27568,248,0,1000
2800000,2184421,2801000,1.28226,250,0,1000
2850000,2212068,2851000,1.28884,253,0,1000
2900000,2239613,2901000,1.29531,259,0,1000
2950000,2266778,2951000,1.30185,265,0,1000
3000000,2293922,3001000,1.30824,268,0,1000
3050000,2320938,3051000,1.31455,274,0,1000
3100000,2347727,3101000,1.32085,281,0,1000
3150000,2374188,3151000,1.3271899999999999,283,0,1000
3200000,2400681,3201000,1.3333700000000002,290,0,1000
3250000,2426951,3251000,1.33954,290,0,1000
3300000,2453081,3301000,1.34565,295,0,1000
3350000,2479309,3351000,1.35159,298,0,1000
3400000,2505048,3401000,1.35766,302,0,1000
3450000,2530902,3451000,1.36355,307,0,1000
3500000,2556216,3501000,1.3696,311,0,1000
3550000,2581624,3551000,1.3754899999999999,315,0,1000
3600000,2606867,3601000,1.38135,318,0,1000
3650000,2631633,3651000,1.38735,320,0,1000
3700000,2656412,3701000,1.39323,324,0,1000
3750000,2680906,3751000,1.39915,328,0,1000
3800000,2705465,3801000,1.40493,333,0,1000
3850000,2729995,3851000,1.4106299999999998,336,0,1000
3900000,2754323,3901000,1.41632,343,0,1000
3950000,2778523,3951000,1.42198,346,0,1000
4000000,2802521,4001000,1.42764,349,0,1000
4050000,2826210,4051000,1.43337,354,0,1000
4100000,2850017,4101000,1.4389399999999999,356,0,1000
4150000,2873542,4151000,1.44456,360,0,1000
4200000,2897136,4201000,1.45005,366,0,1000
4250000,2920555,4251000,1.45555,366,0,1000
