timestep,num_nodes,num_edges,average_degree,max_degree,num_triangles,new_edges
0,1973,1000,0.506842,1,0,1000
50000,80157,51000,0.636251,5,0,1000
100000,146767,101000,0.6881659999999999,7,0,1000
150000,208374,151000,0.724659,12,0,1000
200000,266585,201000,0.753981,14,0,1000
250000,322276,251000,0.778836,23,0,1000
300000,375960,301000,0.800617,26,0,1000
350000,427723,351000,0.820625,28,0,1000
400000,478004,401000,0.8389049999999999,29,0,1000
450000,527155,451000,0.8555360000000001,34,0,1000
500000,575009,501000,0.871291,40,0,1000
550000,621736,551000,0.886228,48,0,1000
600000,667477,601000,0.9004059999999999,52,0,1000
650000,712346,651000,0.913882,59,0,1000
700000,756399,701000,0.92676,61,0,1000
750000,799590,751000,0.9392309999999999,65,0,1000
800000,841975,801000,0.951335,70,0,1000
850000,883731,851000,0.9629629999999999,74,0,1000
900000,924776,901000,0.97429,77,0,1000
950000,965484,951000,0.9849979999999999,82,0,1000
1000000,1005460,1001000,0.9955639999999999,88,0,1000
1050000,1044679,1051000,1.00605,93,0,1000
1100000,1083638,1101000,1.0160200000000001,100,0,1000
1150000,1121825,1151000,1.02601,105,0,1000
1200000,1159595,1201000,1.0357100000000001,108,0,1000
1250000,1196904,1251000,1.0452,113,0,1000
1300000,1233724,1301000,1.05453,116,0,1000
1350000,1270019,1351000,1.06376,119,0,1000
1400000,1305903,1401000,1.07282,124,0,1000
1450000,1341193,1451000,1.08187,125,0,1000
1500000,1376300,1501000,1.09061,129,0,1000
1550000,1411157,1551000,1.0991,138,0,1000
1600000,1445596,1601000,1.1075,142,0,1000
1650000,1479801,1651000,1.11569,146,0,1000
1700000,1513510,1701000,1.12388,153,0,1000
1750000,1546792,1751000,1.13202,156,0,1000
1800000,1579786,1801000,1.1400299999999999,162,0,1000
1850000,1612586,1851000,1.14785,169,0,1000
1900000,1645091,1901000,1.1555600000000001,173,0,1000
1950000,1677233,1951000,1.16323,177,0,1000
2000000,1708984,2001000,1.17087,178,0,1000
2050000,1740650,2051000,1.1783,178,0,1000
2100000,1771929,2101000,1.18571,184,0,1000
2150000,1802970,2151000,1.19303,188,0,1000
2200000,1833676,2201000,1.20032,192,0,1000
2250000,1864292,2251000,1.20743,197,0,1000
2300000,1894224,2301000,1.21475,204,0,1000
2350000,1924104,2351000,1.22187,210,0,1000
2400000,1953730,2401000,1.2289299999999999,214,0,1000
2450000,1983303,2451000,1.2358200000000001,217,0,1000
2500000,2012498,2501000,1.24273,219,0,1000
2550000,2041764,2551000,1.2494100000000001,225,0,1000
2600000,2070702,2601000,1.2561,227,0,1000
2650000,2099286,2651000,1.26281,232,0,1000
2700000,2127666,2701000,1.26947,235,0,1000
2750000,2155924,2751000,1.2760200000000002,242,0,1000
2800000,2183894,2801000,1.28257,250,0,1000
2850000,2211609,2851000,1.28911,253,0,1000
2900000,2239363,2901000,1.29546,255,0,1000
2950000,2266708,2951000,1.30189,261,0,1000
3000000,2293628,3001000,1.30841,263,0,1000
3050000,2320760,3051000,1.31466,267,0,1000
3100000,2347654,3101000,1.32089,270,0,1000
3150000,2374269,3151000,1.32715,274,0,1000
3200000,2400505,3201000,1.3334700000000002,279,0,1000
3250000,2426871,3251000,1.33959,281,0,1000
3300000,2453089,3301000,1.34565,285,0,1000
3350000,2479049,3351000,1.3517299999999999,289,0,1000
3400000,2504787,3401000,1.3578,291,0,1000
3450000,2530547,3451000,1.36374,299,0,1000
3500000,2555831,3501000,1.36981,304,0,1000
3550000,2581254,3551000,1.3756899999999999,307,0,1000
3600000,2606463,3601000,1.38157,315,0,1000
3650000,2631514,3651000,1.38741,319,0,1000
3700000,2656392,3701000,1.39324,322,0,1000
3750000,2681014,3751000,1.3991,327,0,1000
3800000,2705557,3801000,1.40489,331,0,1000
3850000,2729957,3851000,1.41064,335,0,1000
3900000,2754384,3901000,1.41629,340,0,1000
3950000,2778586,3951000,1.42195,340,0,1000
4000000,2802536,4001000,1.42764,344,0,1000
4050000,2826545,4051000,1.4332,351,0,1000
4100000,2850140,4101000,1.43888,355,0,1000
4150000,2873837,4151000,1.44441,359,0,1000
4200000,2897157,4201000,1.45004,362,0,1000
4250000,2920491,4251000,1.4555799999999999,366,0,1000
