timestep,num_nodes,num_edges,average_degree,max_degree,num_triangles,new_edges
0,1963,1000,0.509424,1,0,1000
50000,80031,51000,0.637253,6,0,1000
100000,146393,101000,0.689924,10,0,1000
150000,207964,151000,0.726087,14,0,1000
200000,266083,201000,0.7554029999999999,19,0,1000
250000,321528,251000,0.780647,21,0,1000
300000,375140,301000,0.802367,24,0,1000
350000,427112,351000,0.8217979999999999,28,0,1000
400000,477537,401000,0.839726,31,0,1000
450000,526845,451000,0.856039,36,0,1000
500000,574768,501000,0.871656,39,0,1000
550000,621732,551000,0.886234,45,0,1000
600000,667555,601000,0.9003,51,0,1000
650000,712442,651000,0.913759,55,0,1000
700000,756431,701000,0.9267200000000001,58,0,1000
750000,799663,751000,0.9391459999999999,63,0,1000
800000,842072,801000,0.951225,67,0,1000
850000,883642,851000,0.96306,68,0,1000
900000,924812,901000,0.974252,73,0,1000
950000,965286,951000,0.9852,76,0,1000
1000000,1005358,1001000,0.9956649999999999,81,0,1000
1050000,1044577,1051000,1.00615,85,0,1000
1100000,1083160,1101000,1.01647,92,0,1000
1150000,1121480,1151000,1.0263200000000001,97,0,1000
1200000,1159313,1201000,1.03596,103,0,1000
1250000,1196560,1251000,1.0455,108,0,1000
1300000,1233413,1301000,1.0548,111,0,1000
1350000,1269687,1351000,1.0640399999999999,113,0,1000
1400000,1305611,1401000,1.0730600000000001,119,0,1000
1450000,1341152,1451000,1.08191,122,0,1000
1500000,1375968,1501000,1.09087,124,0,1000
1550000,1410712,1551000,1.09944,129,0,1000
1600000,1445118,1601000,1.1078700000000001,135,0,1000
1650000,1479217,1651000,1.1161299999999998,136,0,1000
1700000,1512912,1701000,1.12432,142,0,1000
1750000,1546313,1751000,1.13237,146,0,1000
1800000,1579347,1801000,1.14034,149,0,1000
1850000,1612083,1851000,1.1482,151,0,1000
1900000,1644477,1901000,1.15599,159,0,1000
1950000,1676606,1951000,1.1636600000000001,164,0,1000
2000000,1708501,2001000,1.1712,167,0,1000
2050000,1739928,2051000,1.17878,170,0,1000
2100000,1771036,2101000,1.18631,175,0,1000
2150000,1802158,2151000,1.19357,181,0,1000
2200000,1832742,2201000,1.2009299999999998,184,0,1000
2250000,1863258,2251000,1.2081,189,0,1000
2300000,1893642,2301000,1.21512,191,0,1000
2350000,1923482,2351000,1.2222600000000001,195,0,1000
2400000,1953268,2401000,1.22922,198,0,1000
2450000,1982952,2451000,1.23604,203,0,1000
2500000,2012268,2501000,1.24288,207,0,1000
2550000,2041355,2551000,1.24966,213,0,1000
2600000,2070335,2601000,1.25632,218,0,1000
2650000,2098893,2651000,1.26305,223,0,1000
2700000,2127210,2701000,1.2697399999999999,226,0,1000
2750000,2155217,2751000,1.27644,231,0,1000
2800000,2183352,2801000,1.2828899999999999,235,0,1000
2850000,2210850,2851000,1.28955,240,0,1000
2900000,2238495,2901000,1.29596,246,0,1000
2950000,2265886,2951000,1.30236,248,0,1000
3000000,2293031,3001000,1.30875,256,0,1000
3050000,2320086,3051000,1.31504,261,0,1000
3100000,2347121,3101000,1.3211899999999999,267,0,1000
3150000,2373897,3151000,1.32735,269,0,1000
3200000,2400358,3201000,1.33355,274,0,1000
3250000,2426703,3251000,1.33968,282,0,1000
3300000,2453052,3301000,1.3456700000000001,287,0,1000
3350000,2479041,3351000,1.3517299999999999,292,0,1000
3400000,2505000,3401000,1.35768,297,0,1000
3450000,2530685,3451000,1.36366,301,0,1000
3500000,2556178,3501000,1.36962,306,0,1000
3550000,2581554,3551000,1.37553,308,0,1000
3600000,2606742,3601000,1.38142,314,0,1000
3650000,2631803,3651000,1.38726,317,0,1000
3700000,2656485,3701000,1.39319,321,0,1000
3750000,2681156,3751000,1.3990200000000002,327,0,1000
3800000,2705722,3801000,1.4048,330,0,1000
3850000,2730080,3851000,1.41058,336,0,1000
3900000,2754415,3901000,1.4162700000000001,341,0,1000
3950000,2778545,3951000,1.4219700000000002,346,0,1000
4000000,2802772,4001000,1.4275200000000001,346,0,1000
4050000,2826604,4051000,1.43317,350,0,1000
4100000,2850190,4101000,1.43885,357,0,1000
4150000,2873652,4151000,1.4445,357,0,1000
4200000,2897210,4201000,1.45002,361,0,1000
4250000,2920510,4251000,1.45557,367,0,1000
