timestep,num_nodes,num_edges,average_degree,max_degree,num_triangles,new_edges
0,1965,1000,0.5089060000000001,1,0,1000
50000,80145,51000,0.636347,6,0,1000
100000,146803,101000,0.6879970000000001,12,0,1000
150000,208403,151000,0.724558,20,0,1000
200000,266365,201000,0.7546039999999999,23,0,1000
250000,322102,251000,0.7792560000000001,30,0,1000
300000,375462,301000,0.801679,35,0,1000
350000,427252,351000,0.8215290000000001,37,0,1000
400000,477677,401000,0.8394790000000001,40,0,1000
450000,526469,451000,0.856651,43,0,1000
500000,574559,501000,0.871973,47,0,1000
550000,621172,551000,0.887033,49,0,1000
600000,666758,601000,0.9013770000000001,54,0,1000
650000,711661,651000,0.914761,56,0,1000
700000,755525,701000,0.927832,63,0,1000
750000,798897,751000,0.9400459999999999,68,0,1000
800000,841610,801000,0.9517469999999999,70,0,1000
850000,883465,851000,0.963253,73,0,1000
900000,924788,901000,0.9742770000000001,76,0,1000
950000,965566,951000,0.984915,80,0,1000
1000000,1005389,1001000,0.995635,83,0,1000
1050000,1044753,1051000,1.0059799999999999,89,0,1000
1100000,1083453,1101000,1.0162,94,0,1000
1150000,1121685,1151000,1.02613,96,0,1000
1200000,1159455,1201000,1.03583,99,0,1000
1250000,1196932,1251000,1.0451700000000002,105,0,1000
1300000,1233710,1301000,1.05454,109,0,1000
1350000,1270079,1351000,1.06371,115,0,1000
1400000,1306111,1401000,1.07265,119,0,1000
1450000,1341668,1451000,1.08149,122,0,1000
1500000,1376871,1501000,1.09015,127,0,1000
1550000,1411828,1551000,1.09858,130,0,1000
1600000,1446324,1601000,1.10694,133,0,1000
1650000,1480564,1651000,1.1151200000000001,138,0,1000
1700000,1514164,1701000,1.1233899999999999,142,0,1000
1750000,1547444,1751000,1.13154,146,0,1000
1800000,1580423,1801000,1.13957,152,0,1000
1850000,1613337,1851000,1.14731,158,0,1000
1900000,1645610,1901000,1.15519,164,0,1000
1950000,1677658,1951000,1.16293,168,0,1000
2000000,1709492,2001000,1.17052,173,0,1000
2050000,1741014,2051000,1.17805,176,0,1000
2100000,1772347,2101000,1.18543,183,0,1000
2150000,1803364,2151000,1.19277,187,0,1000
2200000,1834041,2201000,1.20008,191,0,1000
2250000,1864577,2251000,1.2072399999999999,194,0,1000
2300000,1894760,2301000,1.2144,196,0,1000
2350000,1924744,2351000,1.22146,197,0,1000
2400000,1954473,2401000,1.22846,200,0,1000
2450000,1983916,2451000,1.2354399999999999,202,0,1000
2500000,2013051,2501000,1.2423899999999999,211,0,1000
2550000,2042075,2551000,1.24922,213,0,1000
2600000,2070804,2601000,1.25603,215,0,1000
2650000,2099312,2651000,1.2627899999999999,220,0,1000
2700000,2127589,2701000,1.2695100000000001,228,0,1000
2750000,2156056,2751000,1.27594,232,0,1000
2800000,2184204,2801000,1.28239,237,0,1000
2850000,2211946,2851000,1.28891,242,0,1000
2900000,2239605,2901000,1.29532,251,0,1000
2950000,2266815,2951000,1.3018299999999998,252,0,1000
3000000,2294035,3001000,1.30818,255,0,1000
3050000,2321177,3051000,1.3144200000000001,264,0,1000
3100000,2348057,3101000,1.32067,267,0,1000
3150000,2374742,3151000,1.3268799999999998,273,0,1000
3200000,2400914,3201000,1.33324,280,0,1000
3250000,2427218,3251000,1.3393899999999999,283,0,1000
3300000,2453545,3301000,1.3454,284,0,1000
3350000,2479321,3351000,1.35158,288,0,1000
3400000,2505063,3401000,1.35765,294,0,1000
3450000,2530951,3451000,1.36352,296,0,1000
3500000,2556451,3501000,1.36948,301,0,1000
3550000,2581620,3551000,1.3754899999999999,305,0,1000
3600000,2606847,3601000,1.3813600000000001,309,0,1000
3650000,2631879,3651000,1.3872200000000001,313,0,1000
3700000,2656623,3701000,1.3931200000000001,318,0,1000
3750000,2681149,3751000,1.39903,326,0,1000
3800000,2705719,3801000,1.4048,329,0,1000
3850000,2730122,3851000,1.41056,331,0,1000
3900000,2754543,3901000,1.41621,338,0,1000
3950000,2778644,3951000,1.42192,342,0,1000
4000000,2802603,4001000,1.4276,347,0,1000
4050000,2826336,4051000,1.4333,348,0,1000
4100000,2850007,4101000,1.4389399999999999,354,0,1000
4150000,2873650,4151000,1.4445,359,0,1000
4200000,2897021,4201000,1.45011,365,0,1000
4250000,2920478,4251000,1.4555799999999999,367,0,1000
