timestep,num_nodes,num_edges,average_degree,max_degree,num_triangles,new_edges
0,1967,1000,0.5083880000000001,1,0,1000
50000,80324,51000,0.634929,8,0,1000
100000,146889,101000,0.6875939999999999,15,0,1000
150000,208236,151000,0.725139,22,0,1000
200000,266372,201000,0.754584,26,0,1000
250000,321653,251000,0.7803439999999999,30,0,1000
300000,375178,301000,0.8022859999999999,34,0,1000
350000,426955,351000,0.822101,37,0,1000
400000,477340,401000,0.8400719999999999,41,0,1000
450000,526438,451000,0.856701,43,0,1000
500000,574522,501000,0.872029,51,0,1000
550000,621430,551000,0.8866649999999999,57,0,1000
600000,667266,601000,0.90069,63,0,1000
650000,711991,651000,0.9143370000000001,67,0,1000
700000,755943,701000,0.927319,69,0,1000
750000,799193,751000,0.9396979999999999,71,0,1000
800000,841677,801000,0.9516709999999999,76,0,1000
850000,883446,851000,0.9632729999999999,79,0,1000
900000,924612,901000,0.974463,86,0,1000
950000,965321,951000,0.985165,87,0,1000
1000000,1005114,1001000,0.995907,92,0,1000
1050000,1044330,1051000,1.00639,94,0,1000
1100000,1083035,1101000,1.0165899999999999,97,0,1000
1150000,1121345,1151000,1.02645,101,0,1000
1200000,1159353,1201000,1.0359200000000002,103,0,1000
1250000,1196654,1251000,1.04541,108,0,1000
1300000,1233526,1301000,1.0547,112,0,1000
1350000,1270024,1351000,1.06376,116,0,1000
1400000,1305916,1401000,1.07281,123,0,1000
1450000,1341380,1451000,1.08172,131,0,1000
1500000,1376690,1501000,1.0903,135,0,1000
1550000,1411621,1551000,1.09874,143,0,1000
1600000,1445980,1601000,1.10721,144,0,1000
1650000,1480208,1651000,1.11538,152,0,1000
1700000,1513794,1701000,1.1236700000000002,158,0,1000
1750000,1547033,1751000,1.13184,167,0,1000
1800000,1580125,1801000,1.13978,170,0,1000
1850000,1612917,1851000,1.14761,177,0,1000
1900000,1645438,1901000,1.1553200000000001,179,0,1000
1950000,1677585,1951000,1.16298,183,0,1000
2000000,1709322,2001000,1.17064,186,0,1000
2050000,1740781,2051000,1.17821,193,0,1000
2100000,1772105,2101000,1.1856,200,0,1000
2150000,1803143,2151000,1.19292,202,0,1000
2200000,1833878,2201000,1.2001899999999999,215,0,1000
2250000,1864389,2251000,1.20737,216,0,1000
2300000,1894541,2301000,1.21454,218,0,1000
2350000,1924440,2351000,1.22165,221,0,1000
2400000,1953982,2401000,1.2287700000000001,225,0,1000
2450000,1983532,2451000,1.23567,229,0,1000
2500000,2012710,2501000,1.2426,231,0,1000
2550000,2041932,2551000,1.2493100000000001,233,0,1000
2600000,2070828,2601000,1.2560200000000001,242,0,1000
2650000,2099530,2651000,1.2626600000000001,244,0,1000
2700000,2127875,2701000,1.26934,250,0,1000
2750000,2156155,2751000,1.27588,252,0,1000
2800000,2184157,2801000,1.2824200000000001,253,0,1000
2850000,2211795,2851000,1.2890000000000001,257,0,1000
2900000,2239175,2901000,1.29557,258,0,1000
2950000,2266438,2951000,1.3020399999999999,260,0,1000
3000000,2293537,3001000,1.30846,263,0,1000
3050000,2320665,3051000,1.31471,266,0,1000
3100000,2347779,3101000,1.32082,272,0,1000
3150000,2374520,3151000,1.32701,274,0,1000
3200000,2400945,3201000,1.33323,279,0,1000
3250000,2427372,3251000,1.33931,285,0,1000
3300000,2453364,3301000,1.3455,287,0,1000
3350000,2479021,3351000,1.35174,292,0,1000
3400000,2504870,3401000,1.35776,296,0,1000
3450000,2530395,3451000,1.36382,302,0,1000
3500000,2555977,3501000,1.36973,308,0,1000
3550000,2581124,3551000,1.37576,314,0,1000
3600000,2606293,3601000,1.38166,318,0,1000
3650000,2631029,3651000,1.3876700000000002,326,0,1000
3700000,2655928,3701000,1.39349,330,0,1000
3750000,2680622,3751000,1.3993,333,0,1000
3800000,2705156,3801000,1.40509,336,0,1000
3850000,2729670,3851000,1.41079,339,0,1000
3900000,2753788,3901000,1.41659,341,0,1000
3950000,2777952,3951000,1.4222700000000001,345,0,1000
4000000,2802046,4001000,1.4278899999999999,349,0,1000
4050000,2826079,4051000,1.43343,351,0,1000
4100000,2849846,4101000,1.43903,355,0,1000
4150000,2873574,4151000,1.44454,357,0,1000
4200000,2897262,4201000,1.44999,361,0,1000
4250000,2920481,4251000,1.4555799999999999,365,0,1000
