timestep,num_nodes,num_edges,average_degree,max_degree,num_triangles,new_edges
0,1327,1000,0.75358,19,0,1000
50000,48819,51000,1.0446799999999998,209,0,1000
100000,95067,101000,1.06241,209,0,1000
150000,141252,151000,1.06901,230,0,1000
200000,185167,201000,1.08551,244,0,1000
250000,227679,251000,1.10243,244,0,1000
300000,270036,301000,1.11467,244,0,1000
350000,313063,351000,1.1211799999999998,244,0,1000
400000,354912,401000,1.12986,244,0,1000
450000,396735,451000,1.13678,244,0,1000
500000,439402,501000,1.14019,244,0,1000
550000,480518,551000,1.14668,244,0,1000
600000,522773,601000,1.14964,244,0,1000
650000,564392,651000,1.15345,244,0,1000
700000,606420,701000,1.15596,244,0,1000
750000,646964,751000,1.1608100000000001,244,0,1000
800000,686380,801000,1.16699,244,0,1000
850000,725639,851000,1.17276,244,0,1000
900000,764933,901000,1.17788,244,0,1000
950000,803605,951000,1.1834200000000001,244,0,1000
1000000,842525,1001000,1.1881,244,0,1000
1050000,882242,1051000,1.19128,244,0,1000
1100000,919880,1101000,1.1969,244,0,1000
1150000,958109,1151000,1.2013200000000002,244,0,1000
1200000,995569,1201000,1.20635,244,0,1000
1250000,1032957,1251000,1.21109,248,0,1000
1300000,1070513,1301000,1.2153100000000001,258,0,1000
1350000,1107995,1351000,1.2193200000000002,260,0,1000
1400000,1146011,1401000,1.2225,261,0,1000
1450000,1183404,1451000,1.22612,263,0,1000
1500000,1218285,1501000,1.23206,264,0,1000
1550000,1253831,1551000,1.23701,264,0,1000
1600000,1289805,1601000,1.24127,264,0,1000
1650000,1325445,1651000,1.2456200000000002,270,0,1000
1700000,1361800,1701000,1.24908,270,0,1000
1750000,1396573,1751000,1.25378,270,0,1000
1800000,1431030,1801000,1.25853,271,0,1000
1850000,1464904,1851000,1.26356,271,0,1000
1900000,1498292,1901000,1.26878,271,0,1000
1950000,1531377,1951000,1.2740200000000002,271,0,1000
2000000,1564433,2001000,1.27906,271,0,1000
2050000,1597022,2051000,1.28427,271,0,1000
2100000,1629187,2101000,1.2896,271,0,1000
2150000,1661576,2151000,1.29455,271,0,1000
2200000,1694021,2201000,1.29928,272,0,1000
2250000,1726300,2251000,1.3039399999999999,272,0,1000
2300000,1758737,2301000,1.30833,273,0,1000
2350000,1791092,2351000,1.31261,275,0,1000
2400000,1823292,2401000,1.31685,276,0,1000
2450000,1855182,2451000,1.3211600000000001,278,0,1000
2500000,1887213,2501000,1.32523,290,0,1000
2550000,1919134,2551000,1.32925,290,0,1000
2600000,1951207,2601000,1.33302,290,0,1000
2650000,1983389,2651000,1.3366,291,0,1000
2700000,2015189,2701000,1.3403200000000002,291,0,1000
2750000,2046719,2751000,1.3441,291,0,1000
2800000,2077976,2801000,1.34795,291,0,1000
2850000,2108373,2851000,1.3522299999999998,291,0,1000
2900000,2137111,2901000,1.35744,301,0,1000
2950000,2165024,2951000,1.36303,305,0,1000
3000000,2192873,3001000,1.3685200000000002,306,0,1000
3050000,2222438,3051000,1.3728200000000002,310,0,1000
3100000,2253127,3101000,1.3763100000000001,319,0,1000
3150000,2283250,3151000,1.38005,328,0,1000
3200000,2314565,3201000,1.3829799999999999,330,0,1000
3250000,2346110,3251000,1.3857,330,0,1000
3300000,2376702,3301000,1.3889,330,0,1000
3350000,2406680,3351000,1.39237,330,0,1000
3400000,2436307,3401000,1.3959700000000002,330,0,1000
3450000,2466452,3451000,1.3991799999999999,330,0,1000
3500000,2496008,3501000,1.4026399999999999,333,0,1000
3550000,2525068,3551000,1.4063,335,0,1000
3600000,2554306,3601000,1.40978,336,0,1000
3650000,2583338,3651000,1.41329,336,0,1000
3700000,2611863,3701000,1.4169999999999998,341,0,1000
3750000,2640538,3751000,1.42054,342,0,1000
3800000,2669199,3801000,1.42402,345,0,1000
3850000,2697523,3851000,1.42761,348,0,1000
3900000,2725632,3901000,1.43123,353,0,1000
3950000,2753193,3951000,1.43506,354,0,1000
4000000,2780935,4001000,1.43872,358,0,1000
4050000,2808458,4051000,1.4424299999999999,358,0,1000
4100000,2836059,4101000,1.44602,362,0,1000
4150000,2863705,4151000,1.4495200000000001,366,0,1000
4200000,2891363,4201000,1.45295,367,0,1000
4250000,2920008,4251000,1.4558200000000001,367,0,1000
