timestep,num_nodes,num_edges,average_degree,max_degree,num_triangles,new_edges
0,1958,1000,0.510725,1,0,1000
50000,80199,51000,0.635918,7,0,1000
100000,146742,101000,0.688283,10,0,1000
150000,208150,151000,0.725438,15,0,1000
200000,266305,201000,0.754774,18,0,1000
250000,321923,251000,0.77969,23,0,1000
300000,375403,301000,0.801805,26,0,1000
350000,427420,351000,0.821206,30,0,1000
400000,477610,401000,0.8395969999999999,33,0,1000
450000,526869,451000,0.856,37,0,1000
500000,574736,501000,0.871705,41,0,1000
550000,621607,551000,0.8864120000000001,45,0,1000
600000,667310,601000,0.900631,49,0,1000
650000,712236,651000,0.9140229999999999,54,0,1000
700000,756147,701000,0.927068,59,0,1000
750000,799276,751000,0.9396,65,0,1000
800000,841768,801000,0.951569,67,0,1000
850000,883575,851000,0.963133,75,0,1000
900000,924732,901000,0.9743360000000001,87,0,1000
950000,965117,951000,0.9853729999999999,90,0,1000
1000000,1005026,1001000,0.995994,97,0,1000
1050000,1044484,1051000,1.00624,103,0,1000
1100000,1083337,1101000,1.0163,112,0,1000
1150000,1121732,1151000,1.02609,115,0,1000
1200000,1159403,1201000,1.03588,121,0,1000
1250000,1196706,1251000,1.0453700000000001,123,0,1000
1300000,1233596,1301000,1.05464,126,0,1000
1350000,1270130,1351000,1.0636700000000001,126,0,1000
1400000,1306075,1401000,1.0726799999999999,129,0,1000
1450000,1341630,1451000,1.08152,134,0,1000
1500000,1376757,1501000,1.0902399999999999,138,0,1000
1550000,1411546,1551000,1.0988,141,0,1000
1600000,1445883,1601000,1.1072799999999998,147,0,1000
1650000,1479824,1651000,1.1156700000000002,151,0,1000
1700000,1513689,1701000,1.12374,155,0,1000
1750000,1547065,1751000,1.13182,157,0,1000
1800000,1580155,1801000,1.13976,161,0,1000
1850000,1612822,1851000,1.14768,163,0,1000
1900000,1645243,1901000,1.15545,168,0,1000
1950000,1677260,1951000,1.16321,170,0,1000
2000000,1708944,2001000,1.1709,174,0,1000
2050000,1740733,2051000,1.17824,179,0,1000
2100000,1771894,2101000,1.18574,182,0,1000
2150000,1802719,2151000,1.1932,185,0,1000
2200000,1833602,2201000,1.2003700000000002,190,0,1000
2250000,1864111,2251000,1.20755,196,0,1000
2300000,1894523,2301000,1.21455,202,0,1000
2350000,1924314,2351000,1.22173,210,0,1000
2400000,1954004,2401000,1.22876,214,0,1000
2450000,1983569,2451000,1.23565,217,0,1000
2500000,2012766,2501000,1.2425700000000002,225,0,1000
2550000,2041647,2551000,1.24948,229,0,1000
2600000,2070465,2601000,1.25624,232,0,1000
2650000,2098949,2651000,1.26301,237,0,1000
2700000,2127424,2701000,1.2696100000000001,240,0,1000
2750000,2155650,2751000,1.2761799999999999,243,0,1000
2800000,2183601,2801000,1.28274,247,0,1000
2850000,2211514,2851000,1.28916,252,0,1000
2900000,2239094,2901000,1.29561,257,0,1000
2950000,2266554,2951000,1.30198,258,0,1000
3000000,2293743,3001000,1.30834,259,0,1000
3050000,2320669,3051000,1.31471,262,0,1000
3100000,2347520,3101000,1.32097,266,0,1000
3150000,2374166,3151000,1.3272,269,0,1000
3200000,2400569,3201000,1.33343,272,0,1000
3250000,2426755,3251000,1.33965,280,0,1000
3300000,2452856,3301000,1.34578,284,0,1000
3350000,2478687,3351000,1.3519299999999999,286,0,1000
3400000,2504441,3401000,1.35799,290,0,1000
3450000,2529966,3451000,1.36405,296,0,1000
3500000,2555438,3501000,1.37002,301,0,1000
3550000,2580919,3551000,1.3758700000000001,304,0,1000
3600000,2606024,3601000,1.3818,308,0,1000
3650000,2631013,3651000,1.38768,313,0,1000
3700000,2656008,3701000,1.39344,314,0,1000
3750000,2680733,3751000,1.39924,320,0,1000
3800000,2705273,3801000,1.40503,325,0,1000
3850000,2729669,3851000,1.41079,329,0,1000
3900000,2753627,3901000,1.41668,334,0,1000
3950000,2778086,3951000,1.4222,339,0,1000
4000000,2802101,4001000,1.4278600000000001,346,0,1000
4050000,2826220,4051000,1.43336,350,0,1000
4100000,2849956,4101000,1.43897,355,0,1000
4150000,2873706,4151000,1.44448,360,0,1000
4200000,2897287,4201000,1.4499799999999998,361,0,1000
4250000,2920541,4251000,1.45555,367,0,1000
