timestep,num_nodes,num_edges,average_degree,max_degree,num_triangles,new_edges
0,1966,1000,0.5086470000000001,1,0,1000
50000,80205,51000,0.635871,6,0,1000
100000,146772,101000,0.688142,10,0,1000
150000,208250,151000,0.72509,17,0,1000
200000,266428,201000,0.754425,21,0,1000
250000,321849,251000,0.7798689999999999,23,0,1000
300000,375350,301000,0.801918,30,0,1000
350000,427299,351000,0.8214389999999999,32,0,1000
400000,477750,401000,0.8393510000000001,36,0,1000
450000,526669,451000,0.856325,42,0,1000
500000,574706,501000,0.87175,48,0,1000
550000,621664,551000,0.886331,50,0,1000
600000,667783,601000,0.899993,56,0,1000
650000,712379,651000,0.913839,57,0,1000
700000,756406,701000,0.926751,60,0,1000
750000,799765,751000,0.939026,64,0,1000
800000,842260,801000,0.9510129999999999,68,0,1000
850000,884205,851000,0.9624459999999999,74,0,1000
900000,925372,901000,0.973662,81,0,1000
950000,965877,951000,0.9845969999999999,85,0,1000
1000000,1005618,1001000,0.995408,87,0,1000
1050000,1045016,1051000,1.00573,91,0,1000
1100000,1083700,1101000,1.01596,96,0,1000
1150000,1121947,1151000,1.0259,98,0,1000
1200000,1159495,1201000,1.0358,103,0,1000
1250000,1196931,1251000,1.0451700000000002,104,0,1000
1300000,1233489,1301000,1.05473,107,0,1000
1350000,1269937,1351000,1.0638299999999998,111,0,1000
1400000,1306087,1401000,1.07267,114,0,1000
1450000,1341687,1451000,1.0814700000000002,122,0,1000
1500000,1377083,1501000,1.08999,128,0,1000
1550000,1412035,1551000,1.09841,130,0,1000
1600000,1446595,1601000,1.10674,138,0,1000
1650000,1480723,1651000,1.115,145,0,1000
1700000,1514449,1701000,1.1231799999999998,151,0,1000
1750000,1547804,1751000,1.1312799999999998,155,0,1000
1800000,1580908,1801000,1.1392200000000001,158,0,1000
1850000,1613728,1851000,1.14703,163,0,1000
1900000,1646134,1901000,1.15483,169,0,1000
1950000,1678173,1951000,1.16257,171,0,1000
2000000,1709844,2001000,1.17028,175,0,1000
2050000,1741418,2051000,1.1777799999999998,181,0,1000
2100000,1772621,2101000,1.18525,184,0,1000
2150000,1803347,2151000,1.19278,191,0,1000
2200000,1833827,2201000,1.20022,197,0,1000
2250000,1864111,2251000,1.20755,201,0,1000
2300000,1894255,2301000,1.2147299999999999,209,0,1000
2350000,1924192,2351000,1.22181,211,0,1000
2400000,1954279,2401000,1.22859,218,0,1000
2450000,1983638,2451000,1.23561,220,0,1000
2500000,2012837,2501000,1.24252,227,0,1000
2550000,2041682,2551000,1.24946,232,0,1000
2600000,2070540,2601000,1.25619,234,0,1000
2650000,2098996,2651000,1.26298,238,0,1000
2700000,2127345,2701000,1.26966,240,0,1000
2750000,2155631,2751000,1.27619,245,0,1000
2800000,2183651,2801000,1.28271,253,0,1000
2850000,2211478,2851000,1.28918,257,0,1000
2900000,2238967,2901000,1.29569,260,0,1000
2950000,2266213,2951000,1.30217,263,0,1000
3000000,2293358,3001000,1.30856,267,0,1000
3050000,2320305,3051000,1.31491,274,0,1000
3100000,2347323,3101000,1.32108,279,0,1000
3150000,2373944,3151000,1.32733,281,0,1000
3200000,2400477,3201000,1.33348,285,0,1000
3250000,2426956,3251000,1.33954,287,0,1000
3300000,2453267,3301000,1.34555,290,0,1000
3350000,2479224,3351000,1.3516299999999999,293,0,1000
3400000,2505036,3401000,1.3576700000000002,299,0,1000
3450000,2530734,3451000,1.36364,301,0,1000
3500000,2556202,3501000,1.36961,302,0,1000
3550000,2581727,3551000,1.37544,305,0,1000
3600000,2606770,3601000,1.3814,306,0,1000
3650000,2631743,3651000,1.38729,309,0,1000
3700000,2656443,3701000,1.3932200000000001,317,0,1000
3750000,2680972,3751000,1.3991200000000001,319,0,1000
3800000,2705536,3801000,1.4049,324,0,1000
3850000,2729999,3851000,1.41062,327,0,1000
3900000,2754125,3901000,1.41642,333,0,1000
3950000,2778290,3951000,1.4221,338,0,1000
4000000,2802411,4001000,1.4277,340,0,1000
4050000,2826338,4051000,1.4333,347,0,1000
4100000,2850188,4101000,1.43885,350,0,1000
4150000,2873538,4151000,1.44456,357,0,1000
4200000,2897106,4201000,1.45007,362,0,1000
4250000,2920503,4251000,1.45557,367,0,1000
