timestep,num_nodes,num_edges,average_degree,max_degree,num_triangles,new_edges
0,1969,1000,0.507872,1,0,1000
50000,80191,51000,0.6359819999999999,7,0,1000
100000,146563,101000,0.6891229999999999,11,0,1000
150000,207988,151000,0.726003,13,0,1000
200000,266033,201000,0.755545,15,0,1000
250000,321548,251000,0.7805989999999999,19,0,1000
300000,375108,301000,0.8024359999999999,26,0,1000
350000,426902,351000,0.822203,30,0,1000
400000,477458,401000,0.8398639999999999,32,0,1000
450000,526518,451000,0.8565709999999999,38,0,1000
500000,574615,501000,0.8718879999999999,46,0,1000
550000,621566,551000,0.8864709999999999,49,0,1000
600000,667417,601000,0.900487,52,0,1000
650000,712424,651000,0.913782,53,0,1000
700000,756283,701000,0.926902,61,0,1000
750000,799279,751000,0.9395969999999999,66,0,1000
800000,841653,801000,0.951699,73,0,1000
850000,883373,851000,0.963353,79,0,1000
900000,924674,901000,0.974397,82,0,1000
950000,965314,951000,0.9851719999999999,85,0,1000
1000000,1005051,1001000,0.9959690000000001,89,0,1000
1050000,1044293,1051000,1.00642,94,0,1000
1100000,1083292,1101000,1.01635,100,0,1000
1150000,1121528,1151000,1.0262799999999999,103,0,1000
1200000,1159307,1201000,1.03596,108,0,1000
1250000,1196551,1251000,1.0455,111,0,1000
1300000,1233222,1301000,1.0549600000000001,116,0,1000
1350000,1269609,1351000,1.0641100000000001,120,0,1000
1400000,1305778,1401000,1.07292,127,0,1000
1450000,1341537,1451000,1.0816,131,0,1000
1500000,1376663,1501000,1.0903200000000002,134,0,1000
1550000,1411493,1551000,1.09884,136,0,1000
1600000,1446081,1601000,1.10713,141,0,1000
1650000,1480166,1651000,1.11542,145,0,1000
1700000,1514039,1701000,1.12348,151,0,1000
1750000,1547322,1751000,1.13163,155,0,1000
1800000,1580337,1801000,1.13963,160,0,1000
1850000,1612867,1851000,1.14765,161,0,1000
1900000,1645383,1901000,1.15535,163,0,1000
1950000,1677343,1951000,1.16315,168,0,1000
2000000,1709239,2001000,1.1707,169,0,1000
2050000,1740673,2051000,1.17828,179,0,1000
2100000,1771805,2101000,1.1858,182,0,1000
2150000,1802708,2151000,1.1932,189,0,1000
2200000,1833495,2201000,1.20044,194,0,1000
2250000,1863960,2251000,1.20764,203,0,1000
2300000,1894111,2301000,1.21482,208,0,1000
2350000,1923983,2351000,1.22194,215,0,1000
2400000,1953861,2401000,1.22885,220,0,1000
2450000,1983595,2451000,1.23564,225,0,1000
2500000,2012867,2501000,1.24251,231,0,1000
2550000,2041857,2551000,1.24935,236,0,1000
2600000,2070524,2601000,1.2562,238,0,1000
2650000,2099089,2651000,1.2629299999999999,242,0,1000
2700000,2127472,2701000,1.26958,248,0,1000
2750000,2155668,2751000,1.27617,252,0,1000
2800000,2183791,2801000,1.28263,253,0,1000
2850000,2211555,2851000,1.28914,258,0,1000
2900000,2238962,2901000,1.29569,261,0,1000
2950000,2266157,2951000,1.3022,264,0,1000
3000000,2293255,3001000,1.3086200000000001,270,0,1000
3050000,2320372,3051000,1.3148799999999998,272,0,1000
3100000,2347165,3101000,1.3211700000000002,275,0,1000
3150000,2373963,3151000,1.32732,280,0,1000
3200000,2400392,3201000,1.3335299999999999,283,0,1000
3250000,2426716,3251000,1.3396700000000001,287,0,1000
3300000,2452958,3301000,1.34572,289,0,1000
3350000,2478916,3351000,1.3518,293,0,1000
3400000,2504773,3401000,1.35781,301,0,1000
3450000,2530406,3451000,1.36381,304,0,1000
3500000,2555885,3501000,1.36978,309,0,1000
3550000,2581206,3551000,1.37571,313,0,1000
3600000,2606350,3601000,1.38163,321,0,1000
3650000,2631300,3651000,1.38753,328,0,1000
3700000,2656028,3701000,1.39343,329,0,1000
3750000,2680751,3751000,1.39923,331,0,1000
3800000,2705575,3801000,1.40488,341,0,1000
3850000,2729850,3851000,1.4107,343,0,1000
3900000,2754209,3901000,1.41638,345,0,1000
3950000,2778450,3951000,1.42202,346,0,1000
4000000,2802513,4001000,1.42765,349,0,1000
4050000,2826422,4051000,1.43326,352,0,1000
4100000,2850147,4101000,1.43887,354,0,1000
4150000,2873706,4151000,1.44448,360,0,1000
4200000,2897210,4201000,1.45002,364,0,1000
4250000,2920525,4251000,1.45556,366,0,1000
