timestep,num_nodes,num_edges,average_degree,max_degree,num_triangles,new_edges
0,1771,1000,0.564653,1,0,1000
50000,81926,50991,0.6224029999999999,3,0,999
100000,156084,100953,0.646786,3,0,999
150000,227524,150881,0.663143,4,0,1000
200000,296727,200789,0.676679,7,0,997
250000,364598,250657,0.687489,9,0,999
300000,431374,300538,0.696699,11,0,998
350000,497046,350370,0.704905,12,0,994
400000,561885,400189,0.712226,14,0,995
450000,626002,449977,0.718811,15,0,992
500000,689461,499749,0.7248399999999999,16,0,997
550000,752319,549508,0.7304189999999999,18,0,995
600000,814629,599232,0.735589,20,0,999
650000,876543,648935,0.740334,22,0,991
700000,937817,698589,0.7449100000000001,22,0,990
750000,998807,748249,0.749143,22,0,991
800000,1059554,797869,0.753023,22,0,993
850000,1119927,847501,0.7567470000000001,22,0,990
900000,1179974,897110,0.760279,22,0,991
950000,1239596,946681,0.7637010000000001,22,0,992
1000000,1298923,996214,0.766954,24,0,991
1050000,1358072,1045773,0.770042,25,0,991
1100000,1416834,1095289,0.773054,26,0,983
1150000,1475728,1144806,0.7757569999999999,27,0,989
1200000,1534251,1194255,0.778396,27,0,988
1250000,1592315,1243686,0.781055,28,0,988
1300000,1650205,1293141,0.783624,28,0,990
1350000,1707977,1342573,0.78606,28,0,992
1400000,1765507,1391977,0.788429,29,0,985
1450000,1822751,1441367,0.7907649999999999,30,0,987
1500000,1879962,1490716,0.79295,30,0,981
1550000,1936654,1540030,0.795201,31,0,988
1600000,1993160,1589409,0.7974319999999999,31,0,983
1650000,2049647,1638725,0.799516,31,0,987
1700000,2105950,1688056,0.801565,34,0,984
1750000,2162115,1737319,0.803528,34,0,986
1800000,2218269,1786594,0.8054,35,0,984
1850000,2274076,1835811,0.8072779999999999,38,0,985
1900000,2329803,1885006,0.809084,38,0,983
1950000,2385327,1934203,0.810875,39,0,985
2000000,2440690,1983386,0.8126329999999999,39,0,991
2050000,2495945,2032579,0.8143520000000001,39,0,987
2100000,2551044,2081740,0.8160350000000001,39,0,982
2150000,2606059,2130854,0.817654,39,0,971
2200000,2660964,2179973,0.819242,39,0,985
2250000,2715667,2229012,0.8207969999999999,40,0,980
2300000,2770107,2278068,0.822375,41,0,978
2350000,2824531,2327120,0.823896,41,0,977
2400000,2878911,2376110,0.82535,41,0,978
2450000,2933266,2425183,0.826786,42,0,984
2500000,2987313,2474177,0.8282280000000001,43,0,977
2550000,3041336,2523177,0.829628,44,0,986
2600000,3095130,2572117,0.8310209999999999,44,0,979
2650000,3148799,2621083,0.832407,45,0,977
2700000,3202294,2670007,0.833779,48,0,978
2750000,3255840,2718943,0.835097,48,0,974
2800000,3309286,2767892,0.8364020000000001,48,0,980
2850000,3362650,2816814,0.837677,48,0,977
2900000,3415935,2865703,0.838922,51,0,980
2950000,3469062,2914515,0.840145,52,0,971
3000000,3522136,2963354,0.8413510000000001,53,0,981
3050000,3575110,3012149,0.842533,53,0,977
3100000,3627780,3060952,0.8437530000000001,55,0,984
3150000,3680580,3109768,0.8449120000000001,57,0,974
3200000,3733153,3158527,0.846075,57,0,979
3250000,3785745,3207276,0.847198,60,0,971
3300000,3838038,3256022,0.848356,60,0,977
3350000,3890212,3304684,0.8494870000000001,62,0,973
3400000,3942737,3353403,0.850527,62,0,980
3450000,3994853,3402103,0.8516219999999999,62,0,976
3500000,4047003,3450786,0.852677,64,0,968
3550000,4098982,3499432,0.8537319999999999,64,0,970
3600000,4150805,3548084,0.854794,65,0,976
3650000,4202622,3596698,0.855822,65,0,974
3700000,4254192,3645338,0.856881,66,0,970
3750000,4305786,3693984,0.8579120000000001,67,0,964
3800000,4357254,3742517,0.858916,67,0,965
3850000,4408789,3791049,0.859884,67,0,968
3900000,4460322,3839660,0.860848,67,0,971
3950000,4511491,3888174,0.8618379999999999,67,0,966
4000000,4562702,3936632,0.862785,67,0,972
4050000,4613813,3985123,0.8637370000000001,68,0,965
4100000,4664909,4033600,0.864669,69,0,968
4150000,4715838,4081985,0.865591,69,0,978
4200000,4766783,4130424,0.8665010000000001,69,0,971
4250000,4817516,4178813,0.8674209999999999,70,0,961
4300000,4868236,4227182,0.8683190000000001,70,0,966
4350000,4918923,4275580,0.8692110000000001,72,0,971
4400000,4969506,4323985,0.8701040000000001,72,0,967
4450000,5019890,4372352,0.871006,72,0,970
4500000,5070275,4420723,0.8718899999999999,72,0,970
4550000,5120509,4469049,0.8727739999999999,72,0,968
4600000,5170783,4517395,0.8736379999999999,72,0,968
4650000,5221092,4565741,0.8744799999999999,72,0,967
4700000,5271190,4614035,0.875331,73,0,964
4750000,5321030,4662182,0.87618,73,0,957
4800000,5371144,4710392,0.8769809999999999,73,0,963
4850000,5421023,4758620,0.877808,73,0,965
4900000,5470806,4806914,0.878648,73,0,971
4950000,5520486,4855021,0.8794549999999999,74,0,959
5000000,5570176,4903227,0.8802639999999999,75,0,964
5050000,5620025,4951428,0.881033,75,0,967
5100000,5669674,4999633,0.88182,75,0,963
5150000,5719189,5047805,0.882609,76,0,975
5200000,5768481,5095883,0.883401,77,0,965
5250000,5817689,5143974,0.8841950000000001,78,0,962
5300000,5866922,5192048,0.88497,78,0,956
5350000,5916052,5240036,0.885732,78,0,963
5400000,5965193,5288095,0.8864920000000001,78,0,962
5450000,6014343,5336212,0.8872479999999999,78,0,968
5500000,6063386,5384236,0.887992,78,0,968
5550000,6112378,5432208,0.8887229999999999,78,0,953
5600000,6161308,5480083,0.8894350000000001,78,0,957
5650000,6210095,5528074,0.890175,78,0,960
5700000,6259067,5576069,0.8908790000000001,79,0,958
5750000,6307839,5624033,0.891594,79,0,962
5800000,6356510,5672022,0.892317,79,0,957
5850000,6405235,5719985,0.8930170000000001,79,0,953
5900000,6453755,5767829,0.893717,80,0,949
5950000,6502212,5815691,0.894417,80,0,956
6000000,6550790,5863566,0.895093,80,0,960
6050000,6599235,5911472,0.8957809999999999,80,0,956
6100000,6647326,5959331,0.8965,80,0,955
6150000,6695399,6007144,0.8972049999999999,82,0,959
6200000,6743620,6054908,0.8978719999999999,83,0,956
6250000,6791765,6102724,0.8985479999999999,83,0,960
6300000,6839901,6150528,0.8992129999999999,84,0,955
6350000,6887904,6198241,0.8998729999999999,84,0,957
6400000,6935952,6246017,0.9005280000000001,85,0,968
6450000,6983988,6293736,0.901166,85,0,954
6500000,7031748,6341471,0.901834,85,0,959
6550000,7079524,6389253,0.9024979999999999,85,0,956
6600000,7127414,6437015,0.903135,85,0,956
6650000,7175074,6484645,0.903774,85,0,948
6700000,7222696,6532357,0.9044209999999999,85,0,957
6750000,7270215,6580013,0.905064,85,0,955
6800000,7317853,6627692,0.9056879999999999,86,0,953
6850000,7365354,6675344,0.906317,86,0,950
6900000,7412816,6722934,0.906934,87,0,956
6950000,7460276,6770517,0.907542,87,0,949
7000000,7507586,6818066,0.908157,87,0,953
7050000,7554881,6865732,0.908781,87,0,955
7100000,7601977,6913291,0.909407,88,0,945
7150000,7649184,6960905,0.910019,88,0,945
7200000,7696162,7008354,0.9106299999999999,88,0,939
7250000,7743320,7055871,0.91122,90,0,952
7300000,7790353,7103396,0.9118200000000001,90,0,954
7350000,7837212,7150809,0.912417,90,0,938
7400000,7884028,7198269,0.913019,90,0,945
7450000,7930777,7245797,0.9136299999999999,91,0,948
7500000,7977743,7293253,0.9142,92,0,955
7550000,8024436,7340702,0.914794,92,0,958
7600000,8071130,7388171,0.9153819999999999,92,0,935
7650000,8117851,7435510,0.9159459999999999,94,0,949
7700000,8164450,7482959,0.916529,94,0,948
7750000,8210977,7530373,0.9171100000000001,94,0,946
7800000,8257498,7577694,0.917674,94,0,935
7850000,8303914,7625052,0.918248,94,0,961
7900000,8350169,7672324,0.918823,94,0,947
7950000,8396435,7719600,0.9193899999999999,95,0,951
8000000,8442788,7767080,0.919966,95,0,946
8050000,8488993,7814385,0.920531,96,0,935
8100000,8535316,7861720,0.9210809999999999,96,0,935
8150000,8581375,7908943,0.9216409999999999,96,0,949
8200000,8627570,7956179,0.9221809999999999,96,0,933
8250000,8673524,8003454,0.922745,97,0,948
8300000,8719596,8050670,0.923285,98,0,942
8350000,8765446,8097944,0.923848,99,0,939
8400000,8811231,8145084,0.9243979999999999,99,0,947
8450000,8857164,8192299,0.9249350000000001,100,0,936
8500000,8902944,8239401,0.9254690000000001,100,0,939
8550000,8948711,8286516,0.9260010000000001,100,0,946
8600000,8994535,8333697,0.926529,100,0,944
8650000,9040198,8380876,0.927068,100,0,939
8700000,9085956,8428033,0.927589,100,0,939
8750000,9131596,8475201,0.928118,100,0,938
8800000,9177168,8522292,0.9286409999999999,100,0,942
8850000,9222686,8569431,0.929169,100,0,950
8900000,9268177,8616531,0.92969,100,0,937
8950000,9313746,8663544,0.9301889999999999,100,0,945
9000000,9359187,8710566,0.9306969999999999,100,0,939
9050000,9404693,8757678,0.9312030000000001,100,0,945
9100000,9449778,8804612,0.9317270000000001,100,0,940
9150000,9495119,8851685,0.932235,100,0,936
9200000,9540357,8898764,0.93275,101,0,940
9250000,9585597,8945740,0.933248,102,0,951
9300000,9630627,8992763,0.933767,103,0,941
9350000,9675724,9039725,0.934269,103,0,930
9400000,9720774,9086657,0.934767,103,0,949
9450000,9765628,9133500,0.93527,103,0,934
9500000,9810571,9180399,0.935766,103,0,923
9550000,9855439,9227236,0.936258,103,0,927
9600000,9900222,9274237,0.9367709999999999,103,0,936
9650000,9945107,9321169,0.937262,103,0,943
9700000,9989803,9368086,0.937765,103,0,946
9750000,10034606,9414931,0.9382459999999999,103,0,936
9800000,10079318,9461884,0.938742,103,0,936
9850000,10124067,9508812,0.9392280000000001,103,0,947
9900000,10168669,9555595,0.93971,105,0,933
9950000,10213270,9602471,0.9401959999999999,105,0,936
10000000,10257628,9649282,0.940693,105,0,926
10050000,10302203,9696096,0.941167,106,0,937
10100000,10346808,9742845,0.941628,107,0,934
10150000,10391204,9789618,0.942106,107,0,931
10200000,10435609,9836376,0.942578,107,0,941
10250000,10479862,9883051,0.943052,107,0,927
10300000,10524031,9929717,0.943528,107,0,932
10350000,10568136,9976470,0.9440139999999999,108,0,943
10400000,10612404,10023188,0.9444790000000001,108,0,931
10450000,10656624,10069750,0.9449290000000001,108,0,923
10500000,10700701,10116334,0.94539,108,0,926
10550000,10744869,10162975,0.945844,108,0,924
10600000,10788893,10209580,0.946305,108,0,929
10650000,10832981,10256190,0.9467559999999999,108,0,931
10700000,10877063,10302832,0.947207,108,0,926
10750000,10921020,10349440,0.9476620000000001,108,0,928
10800000,10964802,10395966,0.9481219999999999,108,0,939
10850000,11008448,10442488,0.9485889999999999,108,0,932
10900000,11052508,10489165,0.9490299999999999,108,0,935
10950000,11096493,10535714,0.949463,108,0,926
11000000,11140271,10582318,0.949916,110,0,932
11050000,11184098,10628940,0.950362,110,0,932
11100000,11227965,10675590,0.9508040000000001,110,0,925
11150000,11271523,10722102,0.951256,110,0,921
11200000,11315196,10768650,0.9516979999999999,110,0,945
11250000,11358707,10815096,0.952141,112,0,927
11300000,11402128,10861595,0.952594,112,0,938
11350000,11445648,10908086,0.953034,113,0,914
11400000,11489130,10954539,0.95347,113,0,919
11450000,11532392,11000945,0.953917,113,0,926
11500000,11575801,11047199,0.9543360000000001,113,0,935
11550000,11619139,11093618,0.9547709999999999,113,0,921
11600000,11662462,11140067,0.9552069999999999,113,0,914
11650000,11705695,11186395,0.9556370000000001,114,0,923
11700000,11748966,11232859,0.9560719999999999,114,0,922
11750000,11792187,11279243,0.956501,114,0,930
11800000,11835126,11325533,0.956942,114,0,920
11850000,11878209,11371851,0.9573709999999999,114,0,925
11900000,11921408,11418212,0.957791,114,0,930
11950000,11964516,11464624,0.958219,114,0,944
12000000,12007419,11510795,0.9586399999999999,114,0,918
12050000,12050459,11557049,0.9590549999999999,114,0,911
12100000,12093384,11603309,0.959476,114,0,919
12150000,12136152,11649448,0.9598959999999999,114,0,942
12200000,12178980,11695616,0.960312,115,0,912
12250000,12221863,11741899,0.960729,115,0,931
12300000,12264646,11788036,0.96114,115,0,915
12350000,12307378,11834136,0.961548,115,0,902
12400000,12350110,11880266,0.9619559999999999,116,0,931
12450000,12392833,11926501,0.9623709999999999,117,0,922
12500000,12435356,11972634,0.9627899999999999,117,0,917
12550000,12477992,12018849,0.9632040000000001,117,0,920
12600000,12520593,12064998,0.9636120000000001,118,0,924
12650000,12563168,12111137,0.9640190000000001,118,0,917
12700000,12605789,12157298,0.9644219999999999,119,0,920
12750000,12648070,12203326,0.9648370000000001,119,0,922
12800000,12690659,12249520,0.965239,119,0,919
12850000,12733235,12295597,0.9656299999999999,119,0,916
12900000,12775393,12341614,0.966046,120,0,912
12950000,12817764,12387708,0.966448,120,0,930
13000000,12860116,12433799,0.96685,120,0,944
13050000,12902341,12479872,0.9672559999999999,121,0,930
13100000,12944596,12525939,0.967658,122,0,939
13150000,12986907,12572002,0.968052,122,0,916
13200000,13029143,12617951,0.968441,123,0,934
13250000,13071272,12663906,0.968835,123,0,918
13300000,13113499,12709876,0.9692209999999999,125,0,921
13350000,13155791,12755898,0.9696030000000001,125,0,919
13400000,13197767,12801860,0.970002,125,0,916
13450000,13239916,12847859,0.9703879999999999,126,0,937
13500000,13281850,12893774,0.9707809999999999,126,0,907
13550000,13323741,12939736,0.9711790000000001,126,0,923
13600000,13365565,12985638,0.9715739999999999,126,0,913
13650000,13407446,13031592,0.971967,127,0,922
13700000,13449304,13077445,0.9723510000000001,127,0,925
13750000,13491162,13123384,0.9727389999999999,128,0,923
13800000,13533020,13169327,0.973126,128,0,915
13850000,13574730,13215142,0.97351,128,0,920
13900000,13616624,13260997,0.9738829999999999,128,0,911
13950000,13658435,13306777,0.974253,128,0,925
14000000,13699939,13352601,0.9746469999999999,128,0,926
14050000,13741436,13398311,0.97503,128,0,922
14100000,13783172,13444097,0.975399,128,0,923
14150000,13824617,13489806,0.9757819999999999,128,0,914
14200000,13866158,13535522,0.9761549999999999,129,0,911
14250000,13907785,13581362,0.9765290000000001,129,0,916
14300000,13949162,13627044,0.976908,129,0,916
14350000,13990638,13672878,0.9772879999999999,129,0,911
14400000,14031930,13718682,0.977676,130,0,918
14450000,14073073,13764416,0.978068,131,0,902
14500000,14114442,13810149,0.978441,131,0,923
14550000,14155864,13855846,0.978806,131,0,909
14600000,14197088,13901485,0.9791790000000001,131,0,918
14650000,14238286,13947046,0.9795450000000001,132,0,905
14700000,14279366,13992677,0.979923,132,0,902
14750000,14320592,14038401,0.980295,133,0,896
14800000,14361665,14084025,0.980668,133,0,904
14850000,14402838,14129761,0.9810399999999999,133,0,921
14900000,14443866,14175375,0.981411,133,0,907
14950000,14484932,14220958,0.981776,134,0,926
15000000,14525968,14266533,0.98214,134,0,907
15050000,14567056,14312088,0.982497,134,0,916
15100000,14608000,14357539,0.9828549999999999,134,0,920
15150000,14648906,14403064,0.983218,134,0,903
15200000,14689918,14448624,0.983574,134,0,911
15250000,14730809,14494145,0.983934,134,0,910
15300000,14771740,14539715,0.9842930000000001,134,0,915
15350000,14812617,14585253,0.984651,135,0,910
15400000,14853372,14630639,0.9850049999999999,135,0,894
15450000,14894062,14676018,0.98536,135,0,890
15500000,14934660,14721421,0.985722,135,0,909
15550000,14975375,14766860,0.9860760000000001,135,0,903
15600000,15015915,14812238,0.9864360000000001,135,0,916
15650000,15056632,14857633,0.986783,136,0,904
15700000,15097391,14903164,0.987135,136,0,895
15750000,15137904,14948479,0.9874870000000001,136,0,915
15800000,15178418,14993878,0.987842,136,0,902
15850000,15219242,15039398,0.988183,136,0,883
15900000,15259858,15084807,0.9885290000000001,136,0,899
15950000,15300397,15130307,0.988883,137,0,903
