timestep,num_nodes,num_edges,average_degree,max_degree,num_triangles,new_edges
0,1749,1000,0.571755,1,0,1000
50000,81708,50987,0.624015,2,0,1000
100000,155898,100949,0.647532,2,0,1000
150000,227059,150884,0.664515,5,0,1000
200000,296348,200806,0.677602,6,0,997
250000,364165,250697,0.688416,6,0,998
300000,430772,300564,0.697733,7,0,999
350000,496351,350424,0.706,8,0,996
400000,560936,400263,0.7135630000000001,8,0,994
450000,624966,450045,0.720111,8,0,994
500000,688444,499832,0.7260310000000001,9,0,998
550000,751387,549559,0.7313930000000001,10,0,997
600000,813617,599281,0.736564,11,0,995
650000,875433,648990,0.741336,14,0,993
700000,936942,698665,0.745686,14,0,997
750000,998056,748321,0.749779,15,0,991
800000,1058839,797966,0.753624,16,0,989
850000,1119203,847631,0.757352,17,0,996
900000,1179130,897231,0.760926,19,0,992
950000,1238852,946781,0.764241,20,0,996
1000000,1298380,996317,0.767354,20,0,991
1050000,1357523,1045869,0.770425,21,0,992
1100000,1416302,1095376,0.773406,22,0,988
1150000,1474883,1144869,0.7762439999999999,22,0,993
1200000,1533176,1194401,0.779037,23,0,993
1250000,1591200,1243855,0.781709,23,0,990
1300000,1649201,1293306,0.7842020000000001,25,0,992
1350000,1706856,1342720,0.786663,26,0,986
1400000,1764451,1392095,0.788968,29,0,988
1450000,1821847,1441499,0.791229,29,0,986
1500000,1879227,1490899,0.793358,30,0,983
1550000,1936107,1540227,0.795528,31,0,990
1600000,1992861,1589594,0.7976439999999999,31,0,990
1650000,2049319,1638914,0.799736,31,0,983
1700000,2105667,1688229,0.801755,31,0,988
1750000,2161954,1737522,0.8036810000000001,32,0,995
1800000,2217987,1786800,0.805595,32,0,984
1850000,2273879,1836008,0.807434,32,0,984
1900000,2329573,1885212,0.8092520000000001,32,0,985
1950000,2385030,1934381,0.811051,32,0,985
2000000,2440389,1983500,0.8127800000000001,33,0,984
2050000,2495632,2032638,0.8144779999999999,33,0,984
2100000,2550679,2081769,0.816163,33,0,983
2150000,2605742,2130904,0.817772,34,0,979
2200000,2660568,2179988,0.819369,34,0,983
2250000,2715345,2229083,0.8209209999999999,34,0,982
2300000,2770002,2278174,0.8224450000000001,34,0,983
2350000,2824503,2327240,0.823947,35,0,982
2400000,2878825,2376279,0.825434,36,0,973
2450000,2933029,2425313,0.8268969999999999,37,0,985
2500000,2987221,2474280,0.8282879999999999,38,0,981
2550000,3041009,2523266,0.8297459999999999,40,0,971
2600000,3095164,2572276,0.8310629999999999,40,0,983
2650000,3148845,2621241,0.8324450000000001,40,0,985
2700000,3202474,2670169,0.8337829999999999,40,0,980
2750000,3255977,2719104,0.8351120000000001,40,0,973
2800000,3309556,2767986,0.836362,41,0,983
2850000,3363069,2816855,0.837585,42,0,976
2900000,3416256,2865779,0.838865,43,0,984
2950000,3469371,2914665,0.8401129999999999,43,0,976
3000000,3522084,2963426,0.841384,43,0,975
3050000,3574869,3012234,0.842614,43,0,980
3100000,3627537,3061010,0.8438260000000001,44,0,976
3150000,3680071,3109747,0.845024,47,0,970
3200000,3732571,3158489,0.846197,47,0,977
3250000,3785067,3207241,0.847341,49,0,977
3300000,3837518,3255991,0.848463,49,0,983
3350000,3889735,3304699,0.8495950000000001,49,0,973
3400000,3942002,3353412,0.8506879999999999,50,0,965
3450000,3994098,3402095,0.8517809999999999,50,0,976
3500000,4046100,3450732,0.8528540000000001,51,0,978
3550000,4098090,3499345,0.8538969999999999,51,0,980
3600000,4149923,3547964,0.8549469999999999,51,0,976
3650000,4201661,3596559,0.855985,51,0,972
3700000,4253361,3645176,0.8570110000000001,51,0,972
3750000,4304980,3693771,0.858023,51,0,964
3800000,4356415,3742334,0.8590399999999999,53,0,971
3850000,4407724,3790878,0.8600530000000001,53,0,970
3900000,4459135,3839446,0.861029,54,0,967
3950000,4510459,3887944,0.861984,55,0,971
4000000,4561721,3936386,0.862917,55,0,958
4050000,4612841,3984945,0.8638809999999999,57,0,972
4100000,4663800,4033365,0.8648239999999999,58,0,970
4150000,4714734,4081790,0.8657520000000001,58,0,962
4200000,4765715,4130221,0.8666530000000001,59,0,963
4250000,4816576,4178625,0.8675510000000001,61,0,977
4300000,4867205,4226975,0.86846,61,0,969
4350000,4917827,4275361,0.86936,61,0,968
4400000,4968316,4323799,0.870275,61,0,970
4450000,5018862,4372104,0.871135,61,0,972
4500000,5069310,4420463,0.8720049999999999,61,0,970
4550000,5119981,4468874,0.8728299999999999,61,0,969
4600000,5170263,4517183,0.873685,62,0,972
4650000,5220557,4565455,0.8745149999999999,62,0,961
4700000,5270569,4613694,0.8753690000000001,65,0,969
4750000,5320434,4661888,0.876223,65,0,961
4800000,5370405,4710155,0.877058,65,0,964
4850000,5420291,4758335,0.8778739999999999,65,0,957
4900000,5470313,4806613,0.8786719999999999,65,0,959
4950000,5520045,4854833,0.879492,65,0,957
5000000,5569783,4902971,0.88028,65,0,959
5050000,5619470,4951190,0.881078,66,0,969
5100000,5668968,4999385,0.8818860000000001,66,0,972
5150000,5718409,5047558,0.8826860000000001,67,0,963
5200000,5767889,5095696,0.883459,68,0,966
5250000,5817240,5143773,0.884229,68,0,956
5300000,5866479,5191769,0.8849889999999999,68,0,969
5350000,5915704,5239797,0.8857440000000001,70,0,968
5400000,5964822,5287800,0.886498,70,0,957
5450000,6013839,5335885,0.8872680000000001,70,0,960
5500000,6062819,5383908,0.888021,71,0,975
5550000,6111874,5431935,0.8887510000000001,71,0,964
5600000,6160866,5479956,0.8894780000000001,71,0,956
5650000,6209725,5527935,0.8902059999999999,72,0,962
5700000,6258446,5575878,0.8909370000000001,72,0,961
5750000,6307314,5623816,0.891634,72,0,954
5800000,6355978,5671796,0.8923559999999999,72,0,964
5850000,6404587,5719725,0.893067,72,0,958
5900000,6453054,5767643,0.893785,72,0,952
5950000,6501424,5815549,0.8945040000000001,72,0,957
6000000,6549761,5863414,0.8952100000000001,73,0,954
6050000,6598017,5911228,0.89591,73,0,955
6100000,6646520,5959125,0.8965780000000001,73,0,960
6150000,6694805,6006934,0.8972530000000001,73,0,944
6200000,6742891,6054770,0.897949,73,0,962
6250000,6790959,6102555,0.8986290000000001,75,0,957
6300000,6839035,6150372,0.8993040000000001,76,0,965
6350000,6887032,6198137,0.8999719999999999,77,0,952
6400000,6934968,6245948,0.900646,78,0,956
6450000,6982875,6293739,0.9013110000000001,78,0,948
6500000,7030716,6341459,0.901965,78,0,951
6550000,7078598,6389265,0.902617,78,0,955
6600000,7126246,6436957,0.903275,78,0,956
6650000,7173970,6484719,0.9039229999999999,79,0,955
6700000,7221623,6532392,0.90456,80,0,950
6750000,7269225,6580067,0.9051950000000001,81,0,958
6800000,7316606,6627661,0.9058379999999999,82,0,940
6850000,7364072,6675328,0.9064719999999999,82,0,957
6900000,7411594,6722976,0.9070889999999999,82,0,956
6950000,7459046,6770565,0.907699,82,0,959
7000000,7506459,6818140,0.9083030000000001,82,0,950
7050000,7553612,6865697,0.9089290000000001,82,0,948
7100000,7600853,6913233,0.9095340000000001,84,0,959
7150000,7647978,6960801,0.910149,85,0,965
7200000,7695110,7008437,0.9107649999999999,86,0,952
7250000,7742148,7055901,0.9113620000000001,86,0,951
7300000,7789204,7103424,0.911958,86,0,943
7350000,7836128,7150904,0.9125559999999999,86,0,947
7400000,7883161,7198471,0.9131450000000001,86,0,964
7450000,7930045,7245946,0.913733,86,0,953
7500000,7976811,7293420,0.914328,86,0,946
7550000,8023586,7340943,0.9149200000000001,87,0,953
7600000,8070304,7388405,0.9155049999999999,87,0,944
7650000,8117001,7435827,0.9160809999999999,87,0,946
7700000,8163559,7483236,0.9166629999999999,87,0,944
7750000,8210109,7530647,0.917241,88,0,953
7800000,8256548,7578095,0.9178280000000001,89,0,955
7850000,8303001,7625468,0.918399,89,0,950
7900000,8349266,7672815,0.9189809999999999,89,0,939
7950000,8395672,7720183,0.919543,91,0,954
8000000,8441862,7767419,0.920107,91,0,954
8050000,8488102,7814703,0.920666,92,0,951
8100000,8534244,7862003,0.9212299999999999,92,0,941
8150000,8580516,7909261,0.9217700000000001,92,0,941
8200000,8626595,7956524,0.922325,92,0,944
8250000,8672520,8003706,0.922881,92,0,941
8300000,8718534,8050895,0.923423,92,0,943
8350000,8764411,8098137,0.9239799999999999,93,0,943
8400000,8810495,8145303,0.9245,94,0,944
8450000,8856315,8192456,0.925041,94,0,940
8500000,8901960,8239559,0.925589,95,0,950
8550000,8947754,8286691,0.92612,95,0,925
8600000,8993525,8333819,0.9266469999999999,95,0,926
8650000,9039138,8380952,0.927185,95,0,948
8700000,9084765,8428056,0.9277129999999999,95,0,938
8750000,9130193,8475190,0.9282600000000001,95,0,940
8800000,9175711,8522272,0.9287860000000001,96,0,943
8850000,9221370,8569351,0.929293,98,0,946
8900000,9266977,8616423,0.9297989999999999,98,0,955
8950000,9312550,8663486,0.9303020000000001,98,0,936
9000000,9358053,8710538,0.9308069999999999,98,0,951
9050000,9403250,8757486,0.931325,98,0,934
9100000,9448585,8804475,0.9318299999999999,98,0,932
9150000,9493797,8851416,0.9323370000000001,98,0,954
9200000,9539084,8898464,0.932843,98,0,939
9250000,9584195,8945439,0.9333530000000001,98,0,937
9300000,9629296,8992437,0.9338620000000001,98,0,940
9350000,9674491,9039443,0.934359,98,0,939
9400000,9719754,9086540,0.934853,99,0,934
9450000,9764628,9133361,0.9353520000000001,99,0,944
9500000,9809387,9180235,0.9358620000000001,99,0,928
9550000,9854353,9227146,0.9363520000000001,100,0,950
9600000,9899330,9274103,0.936841,100,0,941
9650000,9944224,9320984,0.937326,100,0,946
9700000,9988981,9367820,0.937815,100,0,927
9750000,10033588,9414601,0.9383090000000001,100,0,931
9800000,10078313,9461500,0.9387979999999999,100,0,943
9850000,10123021,9508312,0.939276,100,0,931
9900000,10167594,9555080,0.939758,100,0,935
9950000,10212131,9601860,0.940241,100,0,926
10000000,10256662,9648698,0.940725,100,0,934
10050000,10301154,9695518,0.941207,100,0,942
10100000,10345733,9742331,0.9416760000000001,100,0,941
10150000,10390228,9789051,0.94214,100,0,928
10200000,10434647,9835782,0.942608,100,0,940
10250000,10478988,9882592,0.9430860000000001,101,0,929
10300000,10523184,9929185,0.9435530000000001,101,0,922
10350000,10567248,9975763,0.9440270000000001,102,0,940
10400000,10611555,10022473,0.9444870000000001,103,0,926
10450000,10655610,10069177,0.9449649999999999,103,0,925
10500000,10699641,10115822,0.945436,103,0,945
10550000,10743648,10162503,0.945908,104,0,930
10600000,10787578,10209128,0.946378,105,0,933
10650000,10831695,10255804,0.946833,105,0,920
10700000,10875570,10302346,0.947293,105,0,931
10750000,10919635,10348924,0.947735,105,0,944
10800000,10963281,10395505,0.948211,105,0,925
10850000,11006958,10442069,0.948679,106,0,933
10900000,11050746,10488653,0.9491350000000001,106,0,943
10950000,11094459,10535272,0.9495979999999999,107,0,952
11000000,11138369,10581844,0.9500350000000001,108,0,938
11050000,11181921,10628326,0.950492,108,0,922
11100000,11225547,10674793,0.950937,109,0,925
11150000,11269112,10721282,0.9513870000000001,110,0,933
11200000,11312682,10767893,0.951843,110,0,930
11250000,11356307,10814326,0.952275,110,0,926
11300000,11400057,10860863,0.9527030000000001,111,0,929
11350000,11443622,10907373,0.95314,111,0,933
11400000,11487242,10953786,0.9535610000000001,112,0,928
11450000,11530672,11000230,0.953997,112,0,922
11500000,11574151,11046758,0.954434,112,0,933
11550000,11617363,11093083,0.9548709999999999,112,0,926
11600000,11660553,11139508,0.9553159999999999,112,0,934
11650000,11703853,11185829,0.9557389999999999,112,0,926
11700000,11747110,11232235,0.9561700000000001,112,0,928
11750000,11790521,11278674,0.9565879999999999,112,0,929
11800000,11833591,11324956,0.957018,113,0,919
11850000,11876753,11371283,0.95744,114,0,918
11900000,11919864,11417641,0.957867,114,0,925
11950000,11963038,11463913,0.9582780000000001,114,0,926
12000000,12005897,11510125,0.958706,114,0,927
12050000,12048923,11556419,0.959125,114,0,914
12100000,12092004,11602769,0.959541,114,0,921
12150000,12134918,11649121,0.959967,114,0,933
12200000,12177834,11695375,0.960382,114,0,915
12250000,12220649,11741691,0.960807,115,0,929
12300000,12263343,11787907,0.961231,116,0,936
12350000,12306067,11834155,0.9616520000000001,116,0,919
12400000,12348914,11880367,0.962058,116,0,920
12450000,12391783,11926619,0.962462,117,0,932
12500000,12434330,11972794,0.962882,118,0,922
12550000,12476856,12018932,0.963298,119,0,933
12600000,12519423,12065156,0.963715,119,0,920
12650000,12562068,12111278,0.9641149999999999,119,0,914
12700000,12604519,12157351,0.9645229999999999,119,0,912
12750000,12647104,12203500,0.964924,119,0,937
12800000,12689430,12249552,0.965335,120,0,919
12850000,12731786,12295664,0.9657450000000001,121,0,930
12900000,12774253,12341806,0.966147,123,0,903
12950000,12816454,12387829,0.966557,123,0,915
13000000,12858663,12433860,0.9669639999999999,123,0,934
13050000,12901085,12479869,0.96735,123,0,911
13100000,12943450,12525905,0.967741,123,0,920
13150000,12985693,12571789,0.968126,123,0,920
13200000,13027951,12617851,0.9685219999999999,123,0,940
13250000,13070212,12663866,0.9689110000000001,123,0,921
13300000,13112283,12709915,0.9693139999999999,123,0,926
13350000,13154351,12755840,0.9697049999999999,124,0,923
13400000,13196292,12801758,0.970103,125,0,916
13450000,13238403,12847740,0.97049,125,0,905
13500000,13280578,12893761,0.970873,125,0,921
13550000,13322531,12939637,0.97126,125,0,916
13600000,13364516,12985578,0.9716459999999999,126,0,921
13650000,13406374,13031472,0.972036,126,0,926
13700000,13448148,13077341,0.972427,126,0,904
13750000,13489737,13123194,0.972828,126,0,906
13800000,13531478,13168983,0.973211,126,0,918
13850000,13573363,13214919,0.973592,126,0,919
13900000,13615152,13260734,0.9739690000000001,126,0,919
13950000,13656815,13306701,0.9743629999999999,126,0,929
14000000,13698523,13352537,0.974743,126,0,918
14050000,13740272,13398378,0.975117,126,0,908
14100000,13781958,13444140,0.9754879999999999,126,0,908
14150000,13823684,13489961,0.975859,126,0,918
14200000,13865189,13535664,0.976234,126,0,916
14250000,13906805,13581531,0.9766100000000001,126,0,924
14300000,13948184,13627293,0.976994,128,0,911
14350000,13989710,13673047,0.9773649999999999,129,0,921
14400000,14031176,13718778,0.977735,129,0,904
14450000,14072650,13764524,0.9781049999999999,129,0,924
14500000,14113922,13810256,0.978485,130,0,928
14550000,14155022,13855863,0.978866,132,0,913
14600000,14196289,13901580,0.97924,132,0,904
14650000,14237628,13947302,0.9796090000000001,133,0,927
14700000,14278794,13992911,0.979978,133,0,913
14750000,14319761,14038507,0.980359,133,0,908
14800000,14361100,14084204,0.980719,133,0,910
14850000,14402336,14129938,0.981087,133,0,906
14900000,14443257,14175541,0.9814639999999999,133,0,908
14950000,14484427,14221185,0.981826,133,0,926
15000000,14525534,14266768,0.9821850000000001,133,0,915
15050000,14566597,14312253,0.9825389999999999,133,0,922
15100000,14607615,14357880,0.9829040000000001,133,0,920
15150000,14648595,14403390,0.983261,133,0,912
15200000,14689500,14448939,0.9836239999999999,134,0,903
15250000,14730303,14494401,0.983985,134,0,905
15300000,14771093,14539798,0.984341,134,0,900
15350000,14811964,14585319,0.984699,136,0,914
15400000,14852855,14630812,0.98505,136,0,905
15450000,14893585,14676161,0.985402,136,0,907
15500000,14934240,14721486,0.9857540000000001,136,0,895
15550000,14975047,14766852,0.9860969999999999,136,0,903
15600000,15015719,14812289,0.986452,136,0,922
15650000,15056654,14857786,0.986792,136,0,931
15700000,15097442,14903262,0.987138,136,0,908
15750000,15137998,14948711,0.9874959999999999,136,0,911
15800000,15178688,14994077,0.9878370000000001,136,0,912
15850000,15219248,15039396,0.988183,136,0,916
15900000,15259709,15084720,0.988533,137,0,920
15950000,15300397,15130140,0.988872,137,0,904
