timestep,num_nodes,num_edges,average_degree,max_degree,num_triangles,new_edges
0,1770,1000,0.564972,1,0,1000
50000,81798,50990,0.623365,2,0,999
100000,155908,100954,0.647523,4,0,998
150000,227212,150881,0.664054,4,0,998
200000,296380,200791,0.677478,4,0,999
250000,364135,250690,0.688453,5,0,997
300000,430782,300573,0.697738,6,0,999
350000,496463,350419,0.705831,9,0,997
400000,561158,400239,0.713238,9,0,992
450000,625400,450043,0.719608,10,0,995
500000,688921,499822,0.725514,11,0,995
550000,751951,549573,0.730863,13,0,997
600000,814240,599319,0.736047,13,0,996
650000,876104,649028,0.740812,13,0,994
700000,937404,698698,0.745354,14,0,987
750000,998516,748324,0.749436,14,0,993
800000,1059132,797935,0.753386,17,0,993
850000,1119430,847540,0.757117,18,0,994
900000,1179429,897178,0.760688,18,0,988
950000,1239065,946754,0.764087,18,0,989
1000000,1298455,996306,0.767301,18,0,992
1050000,1357612,1045884,0.770385,18,0,989
1100000,1416524,1095414,0.773311,18,0,991
1150000,1475021,1144917,0.776204,19,0,988
1200000,1533316,1194392,0.77896,20,0,983
1250000,1591365,1243868,0.781636,20,0,989
1300000,1649281,1293293,0.7841560000000001,21,0,991
1350000,1707014,1342712,0.7865850000000001,23,0,988
1400000,1764441,1392121,0.788987,23,0,988
1450000,1821694,1441484,0.791288,23,0,988
1500000,1878768,1490855,0.793528,24,0,981
1550000,1935810,1540228,0.79565,27,0,988
1600000,1992642,1589577,0.797723,28,0,978
1650000,2049045,1638869,0.799821,28,0,990
1700000,2105442,1688151,0.801804,28,0,981
1750000,2161764,1737487,0.803736,28,0,986
1800000,2217801,1786715,0.805625,29,0,980
1850000,2273448,1835935,0.807555,29,0,982
1900000,2329162,1885158,0.809372,29,0,976
1950000,2384837,1934330,0.811095,29,0,989
2000000,2440187,1983497,0.812846,30,0,987
2050000,2495497,2032685,0.814541,31,0,989
2100000,2550569,2081808,0.816213,31,0,979
2150000,2605375,2130891,0.817883,35,0,983
2200000,2660423,2179996,0.8194170000000001,35,0,979
2250000,2715115,2229074,0.8209870000000001,36,0,988
2300000,2769777,2278111,0.8224889999999999,37,0,983
2350000,2824144,2327100,0.824002,37,0,982
2400000,2878601,2376201,0.825471,38,0,974
2450000,2932765,2425246,0.8269489999999999,38,0,982
2500000,2986976,2474289,0.8283590000000001,38,0,977
2550000,3040772,2523220,0.8297959999999999,38,0,973
2600000,3094725,2572140,0.8311370000000001,38,0,981
2650000,3148477,2621020,0.832472,38,0,972
2700000,3201963,2669945,0.8338459999999999,39,0,977
2750000,3255593,2718807,0.8351190000000001,41,0,976
2800000,3309063,2767693,0.836398,41,0,973
2850000,3362460,2816633,0.83767,42,0,978
2900000,3415661,2865520,0.838936,43,0,976
2950000,3468765,2914398,0.840183,43,0,979
3000000,3521921,2963247,0.8413719999999999,43,0,977
3050000,3574770,3012061,0.8425889999999999,43,0,977
3100000,3627535,3060861,0.843785,44,0,969
3150000,3680289,3109622,0.8449399999999999,44,0,970
3200000,3733036,3158405,0.8460690000000001,44,0,980
3250000,3785555,3207134,0.847203,44,0,976
3300000,3838074,3255862,0.848306,45,0,973
3350000,3890363,3304553,0.8494200000000001,46,0,972
3400000,3942613,3353192,0.8505,47,0,971
3450000,3994800,3401897,0.8515809999999999,47,0,978
3500000,4046884,3450602,0.852657,48,0,972
3550000,4099003,3499317,0.8537,48,0,978
3600000,4150992,3547924,0.8547170000000001,48,0,975
3650000,4202734,3596566,0.8557680000000001,48,0,975
3700000,4254557,3645172,0.856769,50,0,973
3750000,4306145,3693730,0.8577809999999999,50,0,968
3800000,4357678,3742292,0.8587809999999999,50,0,972
3850000,4408997,3790809,0.8597889999999999,50,0,969
3900000,4460483,3839367,0.860751,50,0,971
3950000,4511723,3887936,0.861741,51,0,972
4000000,4563014,3936431,0.862682,51,0,972
4050000,4614007,3984932,0.86366,51,0,967
4100000,4665006,4033371,0.8646010000000001,51,0,979
4150000,4716128,4081888,0.865517,51,0,966
4200000,4767022,4130343,0.866441,51,0,969
4250000,4817897,4178781,0.867345,52,0,967
4300000,4868636,4227244,0.86826,52,0,969
4350000,4919116,4275545,0.8691690000000001,52,0,972
4400000,4969878,4323989,0.8700389999999999,52,0,977
4450000,5020479,4372373,0.870908,54,0,964
4500000,5070751,4420720,0.871808,54,0,964
4550000,5121074,4469043,0.872677,54,0,959
4600000,5171273,4517375,0.873552,54,0,963
4650000,5221502,4565669,0.874398,56,0,958
4700000,5271558,4613904,0.875245,57,0,969
4750000,5321520,4662101,0.876084,57,0,965
4800000,5371522,4710331,0.876908,58,0,954
4850000,5421373,4758515,0.877732,60,0,966
4900000,5471340,4806742,0.878531,60,0,967
4950000,5521185,4854987,0.879338,60,0,963
5000000,5570869,4903172,0.8801450000000001,61,0,959
5050000,5620448,4951288,0.880942,61,0,958
5100000,5669866,4999395,0.881748,61,0,959
5150000,5719350,5047477,0.882526,61,0,950
5200000,5768770,5095546,0.883299,62,0,953
5250000,5818153,5143663,0.8840709999999999,62,0,957
5300000,5867483,5191705,0.884827,62,0,965
5350000,5916663,5239744,0.885591,62,0,959
5400000,5965913,5287826,0.88634,62,0,957
5450000,6014936,5335905,0.887109,62,0,953
5500000,6063748,5383896,0.887883,62,0,964
5550000,6112654,5431917,0.8886350000000001,62,0,953
5600000,6161442,5479836,0.889376,63,0,959
5650000,6210149,5527773,0.8901190000000001,63,0,970
5700000,6258948,5575749,0.8908440000000001,64,0,970
5750000,6307689,5623768,0.891573,64,0,956
5800000,6356223,5671686,0.8923040000000001,65,0,948
5850000,6404925,5719620,0.8930030000000001,65,0,956
5900000,6453546,5767592,0.893709,66,0,954
5950000,6502077,5815540,0.8944129999999999,68,0,960
6000000,6550398,5863398,0.8951209999999999,69,0,951
6050000,6598822,5911221,0.895799,69,0,958
6100000,6647208,5959067,0.8964770000000001,69,0,963
6150000,6695583,6006967,0.8971540000000001,70,0,954
6200000,6743745,6054791,0.8978379999999999,71,0,949
6250000,6791958,6102659,0.8985120000000001,71,0,958
6300000,6840138,6150518,0.89918,73,0,961
6350000,6888044,6198261,0.899858,73,0,967
6400000,6935984,6246014,0.900523,73,0,961
6450000,6983973,6293821,0.9011809999999999,74,0,959
6500000,7031837,6341541,0.901833,74,0,961
6550000,7079786,6389347,0.9024770000000001,77,0,962
6600000,7127446,6437066,0.9031379999999999,77,0,939
6650000,7175020,6484715,0.903791,78,0,962
6700000,7222540,6532363,0.9044409999999999,78,0,955
6750000,7270102,6580004,0.905077,79,0,964
6800000,7317469,6627587,0.9057209999999999,81,0,963
6850000,7365097,6675292,0.906341,81,0,957
6900000,7412513,6722948,0.9069729999999999,82,0,934
6950000,7459991,6770609,0.907589,82,0,945
7000000,7507402,6818201,0.9081969999999999,83,0,949
7050000,7554640,6865748,0.9088120000000001,83,0,946
7100000,7601797,6913305,0.90943,83,0,958
7150000,7648863,6960846,0.91005,83,0,957
7200000,7695975,7008437,0.9106629999999999,83,0,946
7250000,7742982,7055939,0.911269,83,0,946
7300000,7789954,7103424,0.9118700000000001,83,0,943
7350000,7836777,7150884,0.912478,83,0,952
7400000,7883651,7198411,0.9130809999999999,83,0,954
7450000,7930475,7245916,0.9136799999999999,84,0,946
7500000,7977399,7293375,0.9142549999999999,84,0,955
7550000,8024320,7340855,0.914826,84,0,955
7600000,8071038,7388266,0.9154049999999999,84,0,939
7650000,8117597,7435623,0.9159879999999999,85,0,943
7700000,8164133,7482948,0.9165639999999999,85,0,940
7750000,8210750,7530311,0.917128,86,0,939
7800000,8257442,7577720,0.917684,88,0,934
7850000,8303908,7625005,0.918243,88,0,954
7900000,8350253,7672251,0.9188049999999999,89,0,938
7950000,8396565,7719551,0.91937,90,0,950
8000000,8442828,7766838,0.919933,90,0,950
8050000,8489069,7814198,0.920501,90,0,940
8100000,8535124,7861456,0.9210709999999999,90,0,949
8150000,8581127,7908753,0.921645,90,0,932
8200000,8627149,7956001,0.9222049999999999,90,0,949
8250000,8673114,8003305,0.9227719999999999,91,0,950
8300000,8719140,8050555,0.92332,91,0,940
8350000,8765116,8097780,0.9238649999999999,91,0,943
8400000,8810901,8144923,0.924414,91,0,955
8450000,8856879,8192172,0.92495,91,0,948
8500000,8902762,8239358,0.925483,92,0,941
8550000,8948326,8286448,0.926033,92,0,935
8600000,8993960,8333584,0.9265760000000001,93,0,945
8650000,9039506,8380652,0.927114,93,0,944
8700000,9085132,8427642,0.92763,93,0,942
8750000,9130644,8474748,0.928165,93,0,941
8800000,9176087,8521832,0.9287,95,0,932
8850000,9221620,8568860,0.929214,95,0,947
8900000,9267083,8615878,0.9297290000000001,95,0,928
8950000,9312621,8662829,0.930225,95,0,934
9000000,9358137,8709863,0.930726,95,0,936
9050000,9403521,8756879,0.931234,95,0,949
9100000,9448786,8803997,0.93176,95,0,941
9150000,9493833,8850971,0.9322860000000001,96,0,935
9200000,9539051,8897957,0.932793,96,0,935
9250000,9584086,8944928,0.9333100000000001,96,0,941
9300000,9629008,8991828,0.9338270000000001,97,0,936
9350000,9674140,9038824,0.934328,97,0,944
9400000,9719023,9085684,0.9348350000000001,98,0,937
9450000,9764028,9132599,0.9353309999999999,98,0,950
9500000,9809082,9179485,0.935815,98,0,941
9550000,9854113,9226399,0.936299,99,0,931
9600000,9899032,9273356,0.936794,100,0,927
9650000,9943638,9320209,0.9373040000000001,100,0,929
9700000,9988337,9367048,0.9377989999999999,101,0,945
9750000,10033070,9413963,0.938293,101,0,925
9800000,10077833,9460781,0.9387709999999999,101,0,940
9850000,10122688,9507702,0.9392469999999999,101,0,926
9900000,10167342,9554595,0.9397340000000001,102,0,920
9950000,10211995,9601374,0.940206,103,0,940
10000000,10256443,9648167,0.940693,103,0,946
10050000,10300951,9694944,0.9411700000000001,103,0,937
10100000,10345443,9741773,0.941649,104,0,935
10150000,10389878,9788520,0.9421209999999999,104,0,943
10200000,10434352,9835277,0.942586,104,0,923
10250000,10478666,9882020,0.943061,104,0,933
10300000,10523069,9928769,0.943524,104,0,923
10350000,10567332,9975492,0.9439930000000001,104,0,945
10400000,10611426,10022163,0.944469,105,0,938
10450000,10655650,10068880,0.944933,105,0,936
10500000,10699543,10115468,0.9454110000000001,105,0,935
10550000,10743574,10162092,0.945876,105,0,939
10600000,10787735,10208763,0.9463309999999999,106,0,931
10650000,10831815,10255434,0.946788,106,0,942
10700000,10875927,10302084,0.9472370000000001,106,0,944
10750000,10919950,10348601,0.947678,106,0,927
10800000,10963867,10395136,0.948127,106,0,931
10850000,11007621,10441611,0.94858,106,0,929
10900000,11051311,10488138,0.94904,106,0,916
10950000,11095006,10534741,0.9495030000000001,106,0,935
11000000,11138761,10581265,0.94995,106,0,916
11050000,11182383,10627694,0.9503959999999999,108,0,925
11100000,11226274,10674253,0.9508280000000001,108,0,931
11150000,11269713,10720673,0.951282,109,0,926
11200000,11313204,10767117,0.95173,110,0,935
11250000,11356700,10813619,0.9521799999999999,110,0,930
11300000,11400221,10860088,0.9526209999999999,111,0,935
11350000,11443705,10906601,0.953066,112,0,936
11400000,11487422,10953165,0.953492,112,0,934
11450000,11530810,10999623,0.953933,112,0,933
11500000,11574394,11046098,0.954356,112,0,915
11550000,11617913,11092545,0.954779,112,0,933
11600000,11661192,11138877,0.955209,113,0,915
11650000,11704334,11185233,0.955649,113,0,944
11700000,11747572,11231549,0.956074,113,0,918
11750000,11790682,11277978,0.956516,113,0,930
11800000,11833841,11324246,0.956937,113,0,923
11850000,11877232,11370639,0.957348,113,0,937
11900000,11920287,11417007,0.95778,113,0,924
11950000,11963386,11463310,0.958199,113,0,914
12000000,12006289,11509515,0.958624,113,0,932
12050000,12049373,11555840,0.959041,114,0,943
12100000,12092290,11602055,0.9594590000000001,114,0,928
12150000,12135200,11648345,0.959881,114,0,924
12200000,12178043,11694525,0.9602959999999999,114,0,928
12250000,12221052,11740818,0.9607040000000001,114,0,914
12300000,12263863,11787067,0.9611219999999999,114,0,933
12350000,12306669,11833283,0.961534,114,0,930
12400000,12349425,11879514,0.9619489999999999,116,0,910
12450000,12392071,11925631,0.96236,116,0,915
12500000,12434597,11971748,0.962777,117,0,908
12550000,12477489,12017914,0.963168,117,0,933
12600000,12520128,12064072,0.9635739999999999,117,0,907
12650000,12562526,12110176,0.963992,117,0,923
12700000,12605149,12156381,0.964398,117,0,916
12750000,12647748,12202485,0.9647950000000001,117,0,927
12800000,12690370,12248697,0.9651959999999999,117,0,915
12850000,12732818,12294869,0.9656049999999999,117,0,916
12900000,12775234,12340929,0.9660040000000001,118,0,923
12950000,12817464,12387054,0.9664200000000001,118,0,906
13000000,12859843,12433180,0.966822,119,0,916
13050000,12901877,12479128,0.967234,120,0,924
13100000,12944032,12525110,0.967636,121,0,928
13150000,12986071,12571134,0.9680479999999999,122,0,917
13200000,13028454,12617253,0.9684379999999999,122,0,925
13250000,13070580,12663252,0.968836,122,0,909
13300000,13112575,12709149,0.969234,122,0,910
13350000,13154683,12755219,0.969633,122,0,929
13400000,13196655,12801160,0.970031,122,0,930
13450000,13238753,12847031,0.970411,122,0,917
13500000,13280743,12893033,0.970807,122,0,924
13550000,13322723,12938923,0.971192,124,0,898
13600000,13364600,12984777,0.9715799999999999,125,0,914
13650000,13406415,13030599,0.971967,125,0,930
13700000,13448139,13076458,0.9723620000000001,125,0,931
13750000,13490007,13122313,0.972743,125,0,912
13800000,13531868,13168219,0.973126,125,0,927
13850000,13573446,13214034,0.9735209999999999,125,0,916
13900000,13615149,13259933,0.97391,125,0,920
13950000,13656718,13305725,0.974299,125,0,901
14000000,13698594,13351631,0.974672,126,0,907
14050000,13740317,13397555,0.9750540000000001,126,0,923
14100000,13781907,13443364,0.9754360000000001,128,0,923
14150000,13823452,13489169,0.9758180000000001,128,0,911
14200000,13865087,13534983,0.9761920000000001,128,0,921
14250000,13906601,13580859,0.976576,129,0,921
14300000,13948071,13626593,0.976952,129,0,916
14350000,13989599,13672271,0.977317,129,0,909
14400000,14031055,13718005,0.9776889999999999,129,0,938
14450000,14072534,13763819,0.9780629999999999,129,0,936
14500000,14113975,13809559,0.978432,129,0,916
14550000,14155308,13855270,0.9788040000000001,129,0,895
14600000,14196429,13900842,0.9791790000000001,129,0,916
14650000,14237673,13946457,0.9795459999999999,129,0,913
14700000,14278986,13992135,0.9799110000000001,129,0,929
14750000,14320212,14037782,0.9802780000000001,130,0,920
14800000,14361329,14083371,0.9806450000000001,130,0,924
14850000,14402469,14128950,0.981009,130,0,918
14900000,14443604,14174607,0.981376,131,0,937
14950000,14484574,14220098,0.981741,131,0,908
15000000,14525655,14265699,0.9821040000000001,132,0,921
15050000,14566684,14311261,0.9824649999999999,132,0,909
15100000,14607807,14356779,0.982815,132,0,915
15150000,14648720,14402304,0.9831780000000001,132,0,916
15200000,14689795,14447836,0.9835290000000001,132,0,917
15250000,14730611,14493320,0.983891,132,0,915
15300000,14771563,14538907,0.98425,132,0,916
15350000,14812322,14584398,0.984613,132,0,923
15400000,14853252,14629986,0.9849690000000001,132,0,918
15450000,14894081,14675533,0.9853270000000001,132,0,899
15500000,14934841,14721062,0.9856860000000001,132,0,905
15550000,14975570,14766585,0.9860450000000001,132,0,920
15600000,15016536,14812147,0.986389,133,0,907
15650000,15057184,14857661,0.986749,133,0,897
15700000,15097743,14903158,0.9871120000000001,133,0,918
15750000,15138158,14948427,0.987467,133,0,912
15800000,15178744,14993831,0.987818,134,0,904
15850000,15219319,15039278,0.9881700000000001,134,0,925
15900000,15259745,15084723,0.9885299999999999,135,0,905
15950000,15300236,15130154,0.988884,136,0,898
