timestep,num_nodes,num_edges,average_degree,max_degree,num_triangles,new_edges
0,1752,1000,0.5707760000000001,1,0,1000
50000,81873,50984,0.622721,3,0,1000
100000,156157,100935,0.646369,5,0,1000
150000,227596,150860,0.662841,5,0,997
200000,296805,200771,0.676441,5,0,998
250000,364541,250668,0.6876260000000001,5,0,999
300000,431183,300537,0.697006,8,0,998
350000,496758,350373,0.7053189999999999,10,0,997
400000,561506,400185,0.712699,10,0,993
450000,625734,449979,0.719122,12,0,997
500000,689163,499732,0.725129,12,0,996
550000,751899,549484,0.730795,13,0,995
600000,814379,599220,0.7358,13,0,994
650000,876268,648941,0.740574,13,0,995
700000,937737,698627,0.7450140000000001,15,0,993
750000,998835,748294,0.749167,16,0,993
800000,1059645,797955,0.7530399999999999,17,0,996
850000,1119986,847593,0.756789,18,0,996
900000,1180022,897185,0.760312,19,0,995
950000,1239688,946726,0.763681,19,0,990
1000000,1298939,996299,0.7670100000000001,19,0,987
1050000,1358122,1045850,0.770071,19,0,988
1100000,1416976,1095375,0.773037,19,0,992
1150000,1475647,1144870,0.7758430000000001,19,0,992
1200000,1534216,1194378,0.7784939999999999,19,0,991
1250000,1592334,1243829,0.7811359999999999,19,0,991
1300000,1650362,1293285,0.783637,19,0,989
1350000,1707881,1342652,0.786151,19,0,986
1400000,1765297,1392030,0.788553,19,0,988
1450000,1822549,1441409,0.790875,19,0,981
1500000,1879661,1490815,0.79313,20,0,985
1550000,1936654,1540204,0.795291,20,0,988
1600000,1993305,1589547,0.797443,22,0,987
1650000,2049862,1638825,0.799481,22,0,976
1700000,2106450,1688128,0.801409,22,0,984
1750000,2162726,1737388,0.8033319999999999,22,0,986
1800000,2218707,1786638,0.805261,22,0,983
1850000,2274587,1835869,0.807122,22,0,983
1900000,2330197,1885023,0.808954,22,0,984
1950000,2385811,1934219,0.810718,27,0,982
2000000,2441211,1983394,0.812463,27,0,980
2050000,2496514,2032555,0.814157,27,0,977
2100000,2551709,2081737,0.815821,27,0,986
2150000,2606687,2130883,0.8174680000000001,28,0,985
2200000,2661412,2179974,0.8191039999999999,29,0,980
2250000,2716248,2229081,0.8206469999999999,29,0,979
2300000,2770824,2278155,0.8221940000000001,29,0,982
2350000,2825351,2327230,0.8236959999999999,30,0,980
2400000,2879474,2376304,0.825256,31,0,985
2450000,2933634,2425290,0.8267190000000001,31,0,976
2500000,2987883,2474263,0.828099,31,0,974
2550000,3041990,2523243,0.829471,32,0,979
2600000,3095740,2572241,0.8308969999999999,34,0,974
2650000,3149571,2621184,0.8322350000000001,34,0,965
2700000,3203179,2670089,0.833575,35,0,973
2750000,3256658,2719024,0.8349120000000001,35,0,980
2800000,3310168,2767956,0.836198,36,0,974
2850000,3363577,2816869,0.837462,37,0,980
2900000,3416706,2865690,0.8387290000000001,38,0,976
2950000,3469725,2914531,0.839989,38,0,980
3000000,3522781,2963391,0.841208,39,0,973
3050000,3575638,3012227,0.8424309999999999,40,0,974
3100000,3628343,3060992,0.843634,42,0,974
3150000,3680931,3109770,0.8448319999999999,42,0,972
3200000,3733626,3158542,0.845972,42,0,982
3250000,3786250,3207314,0.847095,43,0,971
3300000,3838734,3256070,0.8482149999999999,43,0,980
3350000,3890982,3304772,0.849341,44,0,969
3400000,3943313,3353446,0.850413,44,0,978
3450000,3995407,3402092,0.8515010000000001,45,0,969
3500000,4047534,3450782,0.852564,45,0,972
3550000,4099454,3499392,0.8536239999999999,45,0,974
3600000,4151318,3547986,0.854665,45,0,961
3650000,4203142,3596574,0.8556870000000001,46,0,970
3700000,4254840,3645191,0.856716,46,0,969
3750000,4306429,3693755,0.8577299999999999,47,0,967
3800000,4357895,3742300,0.85874,47,0,971
3850000,4409452,3790860,0.859712,47,0,977
3900000,4460817,3839345,0.860682,48,0,977
3950000,4511971,3887841,0.8616719999999999,49,0,970
4000000,4563052,3936256,0.8626370000000001,49,0,971
4050000,4614276,3984783,0.863577,49,0,975
4100000,4665135,4033156,0.8645309999999999,51,0,955
4150000,4716116,4081660,0.8654709999999999,51,0,969
4200000,4766956,4130019,0.8663850000000001,51,0,971
4250000,4817904,4178457,0.8672770000000001,51,0,971
4300000,4868606,4226853,0.868185,51,0,970
4350000,4919227,4275274,0.8690950000000001,51,0,971
4400000,4969569,4323639,0.870023,51,0,975
4450000,5019973,4371945,0.8709100000000001,51,0,963
4500000,5070335,4420315,0.871799,51,0,969
4550000,5120573,4468577,0.8726709999999999,52,0,958
4600000,5170937,4516911,0.873519,53,0,966
4650000,5221250,4565209,0.874352,54,0,973
4700000,5271331,4613453,0.8751969999999999,54,0,959
4750000,5321222,4661696,0.876057,55,0,957
4800000,5371205,4709882,0.876876,55,0,956
4850000,5421044,4758115,0.877712,55,0,964
4900000,5470639,4806303,0.8785629999999999,55,0,961
4950000,5520378,4854458,0.8793709999999999,55,0,959
5000000,5570025,4902595,0.880175,55,0,965
5050000,5619486,4950696,0.8809870000000001,55,0,958
5100000,5669156,4998857,0.881764,57,0,969
5150000,5718645,5047005,0.882553,58,0,966
5200000,5768135,5095110,0.8833200000000001,58,0,968
5250000,5817530,5143214,0.8840889999999999,58,0,965
5300000,5866866,5191325,0.884855,59,0,953
5350000,5916150,5239422,0.8856129999999999,59,0,962
5400000,5965235,5287450,0.8863770000000001,59,0,958
5450000,6014367,5335515,0.887128,62,0,966
5500000,6063425,5383520,0.887868,62,0,966
5550000,6112350,5431506,0.8886120000000001,62,0,955
5600000,6161386,5479513,0.889331,62,0,959
5650000,6210250,5527481,0.890058,64,0,953
5700000,6259171,5575499,0.8907729999999999,65,0,965
5750000,6307923,5623514,0.8915,66,0,955
5800000,6356572,5671399,0.8922100000000001,67,0,957
5850000,6405122,5719313,0.892928,68,0,951
5900000,6453593,5767257,0.893651,68,0,964
5950000,6502050,5815158,0.894358,69,0,957
6000000,6550643,5863075,0.8950379999999999,70,0,955
6050000,6599044,5911000,0.8957360000000001,70,0,964
6100000,6647307,5958812,0.896425,70,0,969
6150000,6695653,6006698,0.8971040000000001,70,0,964
6200000,6743823,6054518,0.8977870000000001,72,0,956
6250000,6791914,6102293,0.8984639999999999,74,0,951
6300000,6839858,6150127,0.8991600000000001,75,0,960
6350000,6888090,6197911,0.8998010000000001,75,0,956
6400000,6936165,6245818,0.9004709999999999,75,0,968
6450000,6984016,6293607,0.9011440000000001,76,0,949
6500000,7032007,6341344,0.901783,77,0,955
6550000,7079644,6389026,0.90245,78,0,954
6600000,7127373,6436734,0.9031,78,0,950
6650000,7174984,6484410,0.903753,80,0,963
6700000,7222572,6532027,0.904391,81,0,944
6750000,7270183,6579707,0.905026,81,0,954
6800000,7317648,6627348,0.905666,82,0,944
6850000,7365150,6674958,0.9062889999999999,82,0,953
6900000,7412441,6722617,0.9069370000000001,82,0,957
6950000,7459723,6770223,0.9075700000000001,82,0,945
7000000,7507097,6817807,0.9081819999999999,82,0,964
7050000,7554482,6865416,0.9087870000000001,82,0,934
7100000,7601792,6912988,0.9093889999999999,83,0,958
7150000,7649060,6960550,0.9099879999999999,83,0,950
7200000,7696141,7008122,0.910602,83,0,945
7250000,7743304,7055718,0.9112030000000001,83,0,948
7300000,7790237,7103245,0.9118139999999999,83,0,965
7350000,7837081,7150650,0.9124120000000001,83,0,953
7400000,7883844,7198120,0.9130219999999999,83,0,962
7450000,7930655,7245623,0.9136219999999999,84,0,945
7500000,7977306,7293002,0.914219,85,0,946
7550000,8024166,7340474,0.9147959999999999,87,0,952
7600000,8070816,7387877,0.9153819999999999,87,0,955
7650000,8117358,7435314,0.915977,87,0,949
7700000,8164028,7482733,0.916549,87,0,958
7750000,8210581,7530064,0.917117,87,0,943
7800000,8257108,7577484,0.917692,87,0,952
7850000,8303420,7624807,0.918273,89,0,951
7900000,8350000,7672219,0.9188290000000001,89,0,944
7950000,8396380,7719558,0.919391,90,0,948
8000000,8442614,7766917,0.919966,90,0,943
8050000,8488823,7814232,0.920532,90,0,960
8100000,8535008,7861514,0.92109,91,0,940
8150000,8580940,7908683,0.921657,91,0,941
8200000,8626945,7955964,0.9222229999999999,91,0,937
8250000,8672992,8003203,0.922773,91,0,943
8300000,8719082,8050475,0.923317,92,0,949
8350000,8764919,8097706,0.9238770000000001,93,0,943
8400000,8810811,8144871,0.9244180000000001,94,0,937
8450000,8856732,8192065,0.924953,95,0,941
8500000,8902567,8239225,0.9254889999999999,95,0,938
8550000,8948354,8286396,0.926025,95,0,941
8600000,8994107,8333577,0.92656,95,0,929
8650000,9039737,8380705,0.9270959999999999,96,0,939
8700000,9085233,8427809,0.927638,96,0,938
8750000,9130839,8474923,0.928165,97,0,950
8800000,9176555,8521932,0.9286639999999999,97,0,936
8850000,9222099,8569016,0.929183,98,0,945
8900000,9267554,8616119,0.929708,98,0,948
8950000,9313003,8663193,0.930226,98,0,926
9000000,9358464,8710270,0.930737,99,0,942
9050000,9403586,8757211,0.931263,99,0,934
9100000,9448800,8804268,0.931787,100,0,944
9150000,9493919,8851120,0.9322940000000001,101,0,939
9200000,9539150,8898071,0.932795,101,0,937
9250000,9584293,8945033,0.933301,101,0,947
9300000,9629499,8992058,0.933803,101,0,932
9350000,9674658,9039156,0.934313,101,0,945
9400000,9719878,9086132,0.9347989999999999,101,0,952
9450000,9764962,9133065,0.9352889999999999,101,0,953
9500000,9809856,9180058,0.9357989999999999,101,0,943
9550000,9854600,9226951,0.9363090000000001,102,0,935
9600000,9899501,9273874,0.936802,102,0,944
9650000,9944388,9320717,0.937284,103,0,930
9700000,9989144,9367624,0.93778,104,0,943
9750000,10033969,9414533,0.9382659999999999,104,0,924
9800000,10078499,9461371,0.938768,105,0,918
9850000,10123124,9508193,0.939255,105,0,936
9900000,10167742,9555064,0.939743,105,0,931
9950000,10212206,9601885,0.9402360000000001,105,0,920
10000000,10256539,9648671,0.940734,105,0,931
10050000,10301033,9695451,0.941212,107,0,933
10100000,10345492,9742255,0.941691,107,0,938
10150000,10390120,9789123,0.942157,107,0,950
10200000,10434470,9835753,0.9426209999999999,107,0,931
10250000,10478891,9882474,0.943084,107,0,944
10300000,10523433,9929302,0.943542,107,0,939
10350000,10567822,9976021,0.9440000000000001,108,0,926
10400000,10611781,10022628,0.9444809999999999,109,0,933
10450000,10655948,10069307,0.944947,109,0,945
10500000,10700138,10115953,0.9454040000000001,109,0,916
10550000,10744229,10162653,0.9458709999999999,109,0,934
10600000,10788459,10209271,0.946314,110,0,938
10650000,10832362,10255889,0.946782,110,0,934
10700000,10876305,10302515,0.9472440000000001,111,0,941
10750000,10920284,10349146,0.947699,111,0,929
10800000,10964277,10395673,0.94814,112,0,928
10850000,11008079,10442275,0.948601,112,0,947
10900000,11051806,10488725,0.949051,112,0,941
10950000,11095511,10535226,0.9495030000000001,112,0,929
11000000,11139182,10581799,0.9499620000000001,112,0,925
11050000,11182952,10628428,0.950413,112,0,943
11100000,11226664,10674907,0.9508530000000001,112,0,940
11150000,11270313,10721446,0.9513,112,0,917
11200000,11313892,10767995,0.95175,112,0,934
11250000,11357454,10814453,0.95219,112,0,925
11300000,11400682,10860788,0.952644,112,0,923
11350000,11444141,10907234,0.9530850000000001,113,0,925
11400000,11487611,10953693,0.953522,113,0,918
11450000,11531141,11000098,0.953947,113,0,925
11500000,11574415,11046537,0.954393,114,0,921
11550000,11617790,11092905,0.9548209999999999,114,0,913
11600000,11661075,11139260,0.955252,114,0,935
11650000,11704298,11185578,0.955681,114,0,910
11700000,11747615,11231953,0.956105,114,0,931
11750000,11790820,11278345,0.956536,114,0,912
11800000,11834115,11324739,0.956957,115,0,928
11850000,11877288,11371074,0.9573799999999999,115,0,924
11900000,11920240,11417377,0.9578139999999999,115,0,936
11950000,11963293,11463799,0.958248,115,0,932
12000000,12006369,11510051,0.9586620000000001,115,0,928
12050000,12049354,11556391,0.9590879999999999,116,0,923
12100000,12092465,11602675,0.9594959999999999,117,0,926
12150000,12135486,11648945,0.959908,117,0,925
12200000,12178291,11695239,0.960335,117,0,925
12250000,12221317,11741546,0.960743,117,0,933
12300000,12264052,11787719,0.96116,117,0,919
12350000,12306825,11833917,0.9615739999999999,117,0,928
12400000,12349491,11880037,0.961986,117,0,923
12450000,12392066,11926206,0.962407,117,0,919
12500000,12434727,11972353,0.962816,117,0,912
12550000,12477270,12018496,0.963231,118,0,923
12600000,12519878,12064697,0.963643,118,0,922
12650000,12562420,12110871,0.9640559999999999,118,0,923
12700000,12604896,12156917,0.96446,118,0,920
12750000,12647331,12203029,0.9648700000000001,119,0,927
12800000,12689697,12249018,0.9652729999999999,119,0,926
12850000,12732247,12295194,0.965674,119,0,915
12900000,12774705,12341236,0.966068,119,0,918
12950000,12817182,12387289,0.96646,119,0,916
13000000,12859443,12433296,0.9668610000000001,119,0,927
13050000,12901585,12479324,0.9672709999999999,119,0,927
13100000,12943939,12525397,0.967665,119,0,919
13150000,12986204,12571432,0.9680610000000001,119,0,920
13200000,13028315,12617412,0.968461,120,0,916
13250000,13070445,12663409,0.968858,121,0,924
13300000,13112513,12709359,0.9692540000000001,122,0,913
13350000,13154527,12755393,0.969658,122,0,912
13400000,13196522,12801335,0.9700540000000001,122,0,921
13450000,13238396,12847255,0.970454,122,0,922
13500000,13280403,12893196,0.970844,122,0,921
13550000,13322437,12939171,0.971232,122,0,912
13600000,13364367,12985131,0.9716229999999999,122,0,921
13650000,13406305,13030988,0.9720040000000001,123,0,928
13700000,13448262,13077022,0.9723950000000001,123,0,926
13750000,13490187,13122997,0.9727809999999999,123,0,929
13800000,13532012,13168900,0.973166,123,0,925
13850000,13573633,13214749,0.97356,124,0,909
13900000,13615522,13260687,0.9739389999999999,124,0,928
13950000,13657098,13306449,0.974325,124,0,911
14000000,13698726,13352214,0.9747049999999999,124,0,919
14050000,13740364,13397982,0.975082,124,0,910
14100000,13781954,13443754,0.975461,124,0,912
14150000,13823478,13489520,0.975841,125,0,898
14200000,13865283,13535338,0.9762040000000001,125,0,913
14250000,13906736,13581059,0.9765809999999999,125,0,924
14300000,13948279,13626791,0.976951,126,0,924
14350000,13989867,13672613,0.9773229999999999,126,0,905
14400000,14031368,13718304,0.9776879999999999,126,0,919
14450000,14072730,13764107,0.9780690000000001,126,0,906
14500000,14113919,13809756,0.978449,126,0,909
14550000,14155218,13855459,0.978823,127,0,926
14600000,14196740,13901258,0.979187,128,0,913
14650000,14238097,13946900,0.979548,129,0,916
14700000,14279085,13992590,0.979936,129,0,912
14750000,14320365,14038287,0.980302,129,0,910
14800000,14361685,14084028,0.980667,130,0,911
14850000,14402855,14129612,0.981029,130,0,920
14900000,14444254,14175345,0.981383,130,0,913
14950000,14485422,14220992,0.9817450000000001,130,0,902
15000000,14526277,14266531,0.9821190000000001,130,0,917
15050000,14567206,14312060,0.982485,130,0,898
15100000,14607962,14357584,0.9828600000000001,132,0,900
15150000,14648930,14403181,0.983224,133,0,909
15200000,14689895,14448683,0.9835799999999999,133,0,900
15250000,14730758,14494167,0.9839389999999999,133,0,908
15300000,14771856,14539647,0.9842799999999999,134,0,905
15350000,14812718,14585172,0.9846379999999999,134,0,920
15400000,14853490,14630689,0.985,134,0,916
15450000,14894408,14676203,0.98535,135,0,912
15500000,14935058,14721626,0.9857090000000001,135,0,900
15550000,14975725,14767079,0.9860680000000001,135,0,917
15600000,15016433,14812526,0.9864209999999999,135,0,903
15650000,15057239,14858017,0.986769,135,0,927
15700000,15097726,14903383,0.9871280000000001,136,0,914
15750000,15138503,14948911,0.987476,136,0,910
15800000,15178872,14994237,0.987836,136,0,903
15850000,15219500,15039673,0.9881840000000001,137,0,913
15900000,15260033,15085041,0.988533,137,0,909
15950000,15300553,15130342,0.988876,137,0,918
