timestep,num_nodes,num_edges,average_degree,max_degree,num_triangles,new_edges
0,1763,1000,0.5672149999999999,1,0,1000
50000,81853,50992,0.62297,4,0,1000
100000,156129,100963,0.646664,4,0,1000
150000,227259,150887,0.6639430000000001,5,0,999
200000,296653,200799,0.676882,5,0,996
250000,364400,250693,0.6879609999999999,5,0,1000
300000,430976,300553,0.6973779999999999,6,0,995
350000,496666,350400,0.705504,6,0,997
400000,561420,400214,0.71286,8,0,995
450000,625369,450008,0.719588,10,0,992
500000,688698,499748,0.725642,11,0,989
550000,751720,549544,0.731049,13,0,994
600000,813990,599241,0.7361770000000001,13,0,992
650000,875882,648941,0.7409,14,0,994
700000,937474,698626,0.745222,14,0,991
750000,998546,748289,0.749379,14,0,998
800000,1059126,797939,0.753394,14,0,997
850000,1119621,847541,0.756989,16,0,991
900000,1179748,897135,0.760446,17,0,992
950000,1239580,946721,0.7637430000000001,17,0,994
1000000,1299141,996301,0.766892,18,0,993
1050000,1358297,1045848,0.7699699999999999,18,0,991
1100000,1417111,1095368,0.7729590000000001,18,0,992
1150000,1475727,1144859,0.7757930000000001,18,0,985
1200000,1534145,1194346,0.778509,19,0,991
1250000,1592292,1243853,0.781171,21,0,995
1300000,1650111,1293303,0.783767,21,0,981
1350000,1707802,1342738,0.786238,23,0,987
1400000,1765288,1392121,0.788608,24,0,991
1450000,1822550,1441535,0.790944,26,0,987
1500000,1879676,1490939,0.793189,26,0,990
1550000,1936777,1540308,0.795294,28,0,990
1600000,1993493,1589654,0.797421,28,0,984
1650000,2049940,1638973,0.7995220000000001,29,0,991
1700000,2106420,1688312,0.801508,29,0,989
1750000,2162723,1737624,0.803443,31,0,993
1800000,2218799,1786886,0.805339,31,0,987
1850000,2274678,1836136,0.807207,31,0,982
1900000,2330310,1885357,0.8090579999999999,31,0,986
1950000,2385845,1934545,0.810843,31,0,980
2000000,2441172,1983733,0.812615,31,0,984
2050000,2496256,2032914,0.814385,31,0,982
2100000,2551467,2082063,0.816026,31,0,981
2150000,2606489,2131170,0.8176399999999999,31,0,980
2200000,2661296,2180244,0.819241,31,0,976
2250000,2716019,2229327,0.820807,31,0,982
2300000,2770638,2278406,0.82234,31,0,986
2350000,2824985,2327442,0.8238780000000001,31,0,974
2400000,2879373,2376474,0.8253440000000001,32,0,983
2450000,2933883,2425505,0.826722,33,0,976
2500000,2988116,2474519,0.8281200000000001,33,0,977
2550000,3042048,2523491,0.8295370000000001,34,0,977
2600000,3096137,2572456,0.83086,35,0,969
2650000,3149922,2621415,0.832216,35,0,980
2700000,3203556,2670392,0.833571,35,0,987
2750000,3257095,2719331,0.834895,36,0,981
2800000,3310367,2768243,0.836234,39,0,984
2850000,3363737,2817090,0.8374879999999999,40,0,976
2900000,3417002,2865935,0.838728,41,0,982
2950000,3470289,2914794,0.8399280000000001,42,0,980
3000000,3523517,2963647,0.8411049999999999,43,0,977
3050000,3576454,3012497,0.8423139999999999,43,0,973
3100000,3629229,3061310,0.843515,45,0,976
3150000,3681866,3110076,0.844701,45,0,970
3200000,3734405,3158758,0.8458530000000001,49,0,970
3250000,3786976,3207462,0.846972,51,0,970
3300000,3839260,3256161,0.8481219999999999,51,0,977
3350000,3891597,3304877,0.849234,51,0,973
3400000,3943942,3353605,0.850318,51,0,974
3450000,3996054,3402277,0.851409,53,0,979
3500000,4048151,3450911,0.852466,53,0,974
3550000,4100075,3499541,0.8535309999999999,54,0,975
3600000,4151866,3548172,0.8545969999999999,55,0,973
3650000,4203627,3596800,0.855642,58,0,971
3700000,4255327,3645397,0.856667,58,0,967
3750000,4307010,3693958,0.857662,60,0,964
3800000,4358468,3742495,0.8586719999999999,61,0,965
3850000,4409911,3791035,0.859662,62,0,971
3900000,4461309,3839572,0.8606379999999999,62,0,977
3950000,4512547,3888118,0.861624,62,0,964
4000000,4563800,3936616,0.862574,62,0,972
4050000,4614932,3985103,0.863524,63,0,969
4100000,4665978,4033563,0.8644620000000001,63,0,977
4150000,4716757,4082025,0.8654299999999999,63,0,979
4200000,4767663,4130464,0.86635,63,0,972
4250000,4818483,4178951,0.867275,63,0,969
4300000,4869157,4227288,0.8681770000000001,64,0,965
4350000,4919786,4275679,0.869078,64,0,971
4400000,4970248,4324036,0.869984,65,0,975
4450000,5020757,4372424,0.870869,65,0,969
4500000,5071223,4420769,0.8717360000000001,66,0,974
4550000,5121566,4469124,0.872609,67,0,977
4600000,5172034,4517417,0.873431,67,0,954
4650000,5222219,4565760,0.874295,67,0,974
4700000,5272156,4613953,0.8751549999999999,67,0,955
4750000,5322177,4662278,0.8760100000000001,67,0,973
4800000,5372001,4710469,0.876856,68,0,973
4850000,5421974,4758701,0.877669,69,0,962
4900000,5471836,4806923,0.878484,69,0,965
4950000,5521795,4855165,0.879273,69,0,955
5000000,5571689,4903356,0.8800479999999999,70,0,968
5050000,5621197,4951510,0.880864,71,0,968
5100000,5670781,4999644,0.88165,71,0,966
5150000,5720338,5047756,0.882423,72,0,962
5200000,5769584,5095778,0.8832139999999999,73,0,965
5250000,5818878,5143886,0.884,73,0,979
5300000,5868115,5192005,0.884782,74,0,973
5350000,5917221,5240000,0.885551,75,0,959
5400000,5966402,5288110,0.886315,75,0,968
5450000,6015413,5336102,0.887072,75,0,960
5500000,6064104,5384003,0.887848,76,0,960
5550000,6113191,5432061,0.8885799999999999,77,0,961
5600000,6162050,5480015,0.889317,77,0,948
5650000,6210956,5527998,0.8900399999999999,77,0,961
5700000,6259788,5575966,0.89076,77,0,964
5750000,6308624,5623909,0.8914639999999999,77,0,963
5800000,6357237,5671893,0.8921950000000001,78,0,952
5850000,6405842,5719913,0.892921,78,0,962
5900000,6454121,5767808,0.8936629999999999,78,0,960
5950000,6502668,5815701,0.8943559999999999,78,0,940
6000000,6551121,5863536,0.895043,78,0,951
6050000,6599528,5911379,0.8957280000000001,78,0,946
6100000,6647667,5959217,0.896437,79,0,951
6150000,6695700,6007050,0.89715,79,0,954
6200000,6743832,6054823,0.8978309999999999,79,0,954
6250000,6791927,6102605,0.898509,80,0,943
6300000,6840107,6150490,0.89918,81,0,959
6350000,6888164,6198306,0.899849,81,0,960
6400000,6936035,6246056,0.900523,81,0,962
6450000,6984058,6293811,0.9011680000000001,82,0,945
6500000,7031923,6341603,0.9018309999999999,82,0,964
6550000,7079754,6389349,0.902482,83,0,957
6600000,7127589,6437077,0.903121,84,0,948
6650000,7175198,6484772,0.903776,84,0,950
6700000,7222902,6532531,0.9044190000000001,84,0,959
6750000,7270351,6580083,0.905057,86,0,937
6800000,7317792,6627727,0.9057,86,0,949
6850000,7365246,6675380,0.906335,86,0,940
6900000,7412727,6723069,0.906963,86,0,962
6950000,7459945,6770609,0.907595,86,0,952
7000000,7507191,6818178,0.90822,87,0,956
7050000,7554357,6865734,0.9088440000000001,87,0,955
7100000,7601672,6913304,0.9094450000000001,87,0,951
7150000,7648908,6960838,0.910043,88,0,952
7200000,7695872,7008390,0.9106690000000001,88,0,946
7250000,7743049,7056012,0.91127,88,0,957
7300000,7790074,7103516,0.911868,88,0,944
7350000,7837034,7151050,0.9124690000000001,89,0,957
7400000,7883774,7198463,0.9130729999999999,89,0,951
7450000,7930564,7245902,0.913668,89,0,949
7500000,7977333,7293380,0.9142629999999999,90,0,959
7550000,8023960,7340742,0.914853,90,0,951
7600000,8070667,7388196,0.915438,90,0,948
7650000,8117402,7435611,0.916009,90,0,950
7700000,8163966,7483007,0.91659,90,0,950
7750000,8210483,7530365,0.917165,90,0,944
7800000,8257210,7577771,0.917716,90,0,961
7850000,8303520,7625011,0.9182870000000001,90,0,940
7900000,8349935,7672377,0.918855,92,0,951
7950000,8396359,7719712,0.9194120000000001,93,0,942
8000000,8442765,7767062,0.919967,93,0,944
8050000,8488954,7814318,0.920528,93,0,944
8100000,8535109,7861529,0.9210809999999999,93,0,955
8150000,8581343,7908805,0.9216280000000001,93,0,949
8200000,8627487,7956152,0.9221860000000001,93,0,947
8250000,8673323,8003237,0.9227420000000001,93,0,941
8300000,8719246,8050393,0.9232899999999999,93,0,947
8350000,8765134,8097561,0.9238379999999999,94,0,942
8400000,8810959,8144774,0.924391,94,0,936
8450000,8857000,8192062,0.924925,94,0,952
8500000,8902860,8239221,0.925458,95,0,937
8550000,8948498,8286291,0.925998,95,0,942
8600000,8994037,8333419,0.926549,95,0,945
8650000,9039785,8380635,0.927083,96,0,952
8700000,9085576,8427676,0.927589,96,0,942
8750000,9131243,8474847,0.9281149999999999,96,0,941
8800000,9176751,8521999,0.928651,96,0,946
8850000,9222461,8569146,0.92916,97,0,949
8900000,9267981,8616187,0.9296719999999999,98,0,939
8950000,9313338,8663195,0.930192,98,0,942
9000000,9358805,8710252,0.930701,98,0,950
9050000,9404199,8757359,0.931218,99,0,931
9100000,9449573,8804389,0.931723,99,0,934
9150000,9494757,8851361,0.9322370000000001,100,0,946
9200000,9539928,8898287,0.932742,100,0,934
9250000,9585059,8945251,0.933249,100,0,941
9300000,9630182,8992180,0.93375,101,0,938
9350000,9675196,9039158,0.934261,101,0,931
9400000,9720204,9086055,0.93476,101,0,932
9450000,9765122,9132914,0.9352590000000001,101,0,933
9500000,9810096,9179852,0.9357559999999999,102,0,947
9550000,9854833,9226714,0.936263,103,0,942
9600000,9899635,9273605,0.9367620000000001,104,0,931
9650000,9944538,9320572,0.937255,104,0,933
9700000,9989241,9367470,0.9377559999999999,105,0,945
9750000,10033906,9414340,0.9382530000000001,106,0,936
9800000,10078389,9461176,0.938759,106,0,939
9850000,10123097,9508008,0.9392389999999999,106,0,933
9900000,10167862,9554837,0.93971,106,0,927
9950000,10212478,9601633,0.9401860000000001,106,0,944
10000000,10257107,9648511,0.940666,106,0,936
10050000,10301777,9695381,0.9411370000000001,107,0,946
10100000,10346322,9742272,0.941617,107,0,937
10150000,10390793,9788981,0.942082,107,0,922
10200000,10435285,9835756,0.9425479999999999,109,0,935
10250000,10479562,9882502,0.943026,109,0,939
10300000,10524054,9929245,0.9434809999999999,109,0,927
10350000,10568232,9975934,0.9439549999999999,110,0,930
10400000,10612409,10022585,0.944421,112,0,935
10450000,10656586,10069249,0.9448850000000001,113,0,933
10500000,10700479,10115789,0.9453590000000001,113,0,919
10550000,10744617,10162508,0.945823,113,0,922
10600000,10788677,10209206,0.9462889999999999,113,0,935
10650000,10832735,10255849,0.9467459999999999,114,0,931
10700000,10876728,10302399,0.947197,115,0,940
10750000,10920632,10348971,0.9476530000000001,115,0,933
10800000,10964586,10395590,0.948106,116,0,930
10850000,11008469,10442154,0.948556,117,0,925
10900000,11052408,10488824,0.949008,117,0,927
10950000,11096170,10535409,0.949464,117,0,934
11000000,11139945,10581969,0.9499120000000001,117,0,929
11050000,11183692,10628507,0.950358,117,0,922
11100000,11227292,10674957,0.9508040000000001,117,0,935
11150000,11270805,10721490,0.951262,118,0,927
11200000,11314451,10767916,0.9516959999999999,119,0,927
11250000,11358001,10814451,0.9521440000000001,119,0,927
11300000,11401232,10860928,0.9526100000000001,119,0,925
11350000,11444717,10907359,0.953048,119,0,921
11400000,11488185,10953855,0.9534889999999999,119,0,926
11450000,11531579,11000264,0.953925,119,0,932
11500000,11574905,11046572,0.954355,119,0,925
11550000,11618330,11093014,0.954786,119,0,921
11600000,11661589,11139368,0.955219,119,0,923
11650000,11704800,11185734,0.9556540000000001,120,0,929
11700000,11747923,11232107,0.9560930000000001,120,0,928
11750000,11791013,11278441,0.9565290000000001,120,0,910
11800000,11834150,11324835,0.9569620000000001,120,0,927
11850000,11877179,11371113,0.957392,121,0,913
11900000,11920128,11417344,0.9578209999999999,121,0,922
11950000,11963186,11463726,0.95825,121,0,939
12000000,12006112,11509964,0.958675,121,0,933
12050000,12049188,11556270,0.959091,121,0,937
12100000,12092401,11602538,0.95949,121,0,927
12150000,12135164,11648831,0.959924,121,0,911
12200000,12177832,11694956,0.960348,121,0,915
12250000,12220763,11741174,0.9607559999999999,121,0,918
12300000,12263479,11787287,0.9611700000000001,121,0,912
12350000,12306275,11833529,0.961585,121,0,913
12400000,12349144,11879731,0.961988,121,0,920
12450000,12391910,11925907,0.9623950000000001,121,0,941
12500000,12434562,11972062,0.9628049999999999,122,0,934
12550000,12477135,12018225,0.9632200000000001,122,0,918
12600000,12519842,12064393,0.963622,122,0,929
12650000,12562319,12110552,0.964038,122,0,917
12700000,12604769,12156570,0.964442,122,0,932
12750000,12647243,12202665,0.9648479999999999,122,0,921
12800000,12689779,12248854,0.9652540000000001,122,0,930
12850000,12732265,12294934,0.9656520000000001,122,0,917
12900000,12774620,12341059,0.9660610000000001,122,0,934
12950000,12816952,12387065,0.9664590000000001,122,0,925
13000000,12859194,12433167,0.9668700000000001,122,0,910
13050000,12901569,12479324,0.9672719999999999,123,0,931
13100000,12943892,12525393,0.9676680000000001,123,0,922
13150000,12986093,12571365,0.9680639999999999,123,0,929
13200000,13028238,12617513,0.968474,123,0,931
13250000,13070300,12663514,0.968877,123,0,926
13300000,13112366,12709458,0.9692729999999999,123,0,911
13350000,13154542,12755466,0.9696620000000001,123,0,924
13400000,13196519,12801340,0.9700540000000001,123,0,919
13450000,13238773,12847345,0.970433,123,0,924
13500000,13280965,12893410,0.9708190000000001,123,0,914
13550000,13322936,12939273,0.971203,123,0,908
13600000,13364839,12985216,0.9715950000000001,123,0,900
13650000,13406774,13031136,0.971981,123,0,903
13700000,13448833,13077068,0.9723569999999999,123,0,920
13750000,13490641,13123006,0.972749,124,0,917
13800000,13532177,13168809,0.9731479999999999,124,0,910
13850000,13573914,13214658,0.973533,124,0,912
13900000,13615649,13260445,0.9739120000000001,124,0,921
13950000,13657380,13306246,0.97429,124,0,908
14000000,13699145,13352151,0.97467,125,0,900
14050000,13740901,13398093,0.975052,125,0,916
14100000,13782499,13443991,0.975439,126,0,896
14150000,13824019,13489693,0.975816,127,0,913
14200000,13865620,13535486,0.97619,127,0,909
14250000,13906991,13581240,0.976576,127,0,917
14300000,13948352,13626904,0.9769540000000001,127,0,904
14350000,13989887,13672665,0.977325,127,0,903
14400000,14031149,13718401,0.9777100000000001,127,0,923
14450000,14072576,13764140,0.978082,127,0,922
14500000,14113725,13809699,0.978459,128,0,928
14550000,14155174,13855378,0.9788209999999999,128,0,927
14600000,14196583,13901006,0.9791799999999999,128,0,885
14650000,14238041,13946725,0.97954,129,0,928
14700000,14279355,13992460,0.979908,130,0,912
14750000,14320440,14038104,0.980284,130,0,909
14800000,14361596,14083756,0.9806540000000001,130,0,919
14850000,14402816,14129255,0.9810059999999999,130,0,909
14900000,14443963,14174994,0.9813780000000001,131,0,931
14950000,14484991,14220590,0.9817469999999999,131,0,894
15000000,14526039,14266200,0.9821120000000001,131,0,925
15050000,14566951,14311783,0.982483,132,0,900
15100000,14607875,14357333,0.982849,132,0,900
15150000,14648606,14402787,0.9832190000000001,132,0,902
15200000,14689436,14448276,0.983583,132,0,891
15250000,14730546,14493847,0.983931,132,0,907
15300000,14771269,14539344,0.9842989999999999,132,0,900
15350000,14812098,14584844,0.984658,132,0,905
15400000,14852882,14630330,0.985016,132,0,908
15450000,14893968,14675835,0.9853540000000001,132,0,908
15500000,14934680,14721242,0.9857090000000001,134,0,904
15550000,14975541,14766797,0.9860610000000001,134,0,910
15600000,15016190,14812217,0.986416,134,0,920
15650000,15056832,14857638,0.986771,134,0,911
15700000,15097369,14903009,0.9871260000000001,135,0,911
15750000,15138052,14948449,0.987475,135,0,902
15800000,15178603,14993907,0.9878319999999999,136,0,910
15850000,15219217,15039387,0.9881840000000001,136,0,906
15900000,15259601,15084826,0.988547,136,0,912
15950000,15300327,15130250,0.988884,137,0,906
