timestep,num_nodes,num_edges,average_degree,max_degree,num_triangles,new_edges
0,1737,1000,0.575705,1,0,1000
50000,81959,50987,0.622104,2,0,999
100000,156145,100949,0.646508,4,0,1000
150000,227403,150894,0.663553,4,0,995
200000,296537,200819,0.677214,4,0,1000
250000,364305,250702,0.6881649999999999,8,0,999
300000,430906,300560,0.697507,8,0,995
350000,496447,350377,0.705769,9,0,996
400000,561450,400172,0.712747,10,0,999
450000,625665,449979,0.719201,11,0,997
500000,689029,499760,0.7253109999999999,12,0,997
550000,751949,549506,0.730776,13,0,997
600000,814369,599234,0.735826,14,0,999
650000,876280,648936,0.7405579999999999,15,0,994
700000,937892,698655,0.744921,15,0,991
750000,998940,748289,0.7490829999999999,16,0,994
800000,1059806,797926,0.752898,16,0,992
850000,1120138,847599,0.756692,17,0,997
900000,1179828,897179,0.760432,17,0,995
950000,1239375,946773,0.763912,17,0,989
1000000,1298680,996353,0.767204,17,0,991
1050000,1357792,1045866,0.77027,18,0,994
1100000,1416718,1095409,0.7732020000000001,18,0,995
1150000,1475394,1144933,0.776018,19,0,991
1200000,1533791,1194397,0.778722,19,0,984
1250000,1591942,1243868,0.781353,22,0,985
1300000,1649822,1293327,0.7839189999999999,22,0,994
1350000,1707677,1342783,0.786321,22,0,993
1400000,1765119,1392200,0.788729,22,0,982
1450000,1822549,1441611,0.790986,24,0,985
1500000,1879656,1490982,0.793221,25,0,992
1550000,1936542,1540309,0.795391,25,0,987
1600000,1993331,1589680,0.797499,25,0,986
1650000,2049956,1638975,0.799517,25,0,990
1700000,2106366,1688278,0.801512,25,0,986
1750000,2162602,1737540,0.803449,27,0,984
1800000,2218731,1786803,0.805327,27,0,983
1850000,2274781,1836038,0.807127,27,0,986
1900000,2330541,1885237,0.8089270000000001,27,0,981
1950000,2386220,1934456,0.810678,27,0,988
2000000,2441597,1983649,0.812439,28,0,983
2050000,2496755,2032781,0.8141689999999999,29,0,987
2100000,2551745,2081892,0.81587,30,0,991
2150000,2606724,2131014,0.817507,31,0,983
2200000,2661618,2180114,0.8190930000000001,32,0,983
2250000,2716289,2229191,0.820675,33,0,981
2300000,2770875,2278294,0.8222290000000001,33,0,979
2350000,2825410,2327329,0.823714,35,0,980
2400000,2879846,2376390,0.8251799999999999,35,0,985
2450000,2934142,2425433,0.826624,35,0,983
2500000,2988276,2474437,0.828048,35,0,980
2550000,3042271,2523401,0.8294459999999999,36,0,977
2600000,3096125,2572359,0.830832,38,0,972
2650000,3149876,2621305,0.8321930000000001,41,0,981
2700000,3203576,2670243,0.833519,42,0,978
2750000,3257227,2719131,0.834799,42,0,979
2800000,3310779,2768081,0.836081,43,0,984
2850000,3364006,2816952,0.8373799999999999,44,0,977
2900000,3417041,2865843,0.838691,44,0,978
2950000,3470219,2914740,0.83993,44,0,977
3000000,3523173,2963638,0.841184,45,0,984
3050000,3576015,3012432,0.842399,46,0,975
3100000,3628815,3061263,0.843599,47,0,980
3150000,3681502,3110030,0.844772,47,0,976
3200000,3734153,3158793,0.8459200000000001,47,0,974
3250000,3786390,3207526,0.8471200000000001,48,0,961
3300000,3838609,3256218,0.848281,48,0,966
3350000,3890896,3304963,0.849409,48,0,981
3400000,3943237,3353669,0.8504860000000001,49,0,975
3450000,3995252,3402302,0.8515860000000001,50,0,978
3500000,4047198,3450936,0.8526729999999999,50,0,961
3550000,4099119,3499560,0.853735,50,0,967
3600000,4151008,3548148,0.8547680000000001,51,0,975
3650000,4202746,3596785,0.8558180000000001,53,0,974
3700000,4254431,3645362,0.8568389999999999,53,0,968
3750000,4306071,3693906,0.8578370000000001,54,0,977
3800000,4357567,3742433,0.858835,55,0,972
3850000,4408872,3790976,0.8598520000000001,55,0,981
3900000,4460344,3839498,0.860808,55,0,974
3950000,4511574,3888000,0.861783,57,0,970
4000000,4562918,3936528,0.862722,57,0,973
4050000,4614150,3985084,0.8636659999999999,57,0,969
4100000,4665130,4033578,0.8646229999999999,58,0,960
4150000,4715905,4082000,0.8655809999999999,58,0,963
4200000,4766812,4130397,0.86649,58,0,961
4250000,4817481,4178769,0.867418,58,0,975
4300000,4868193,4227082,0.8683059999999999,59,0,972
4350000,4918621,4275376,0.8692219999999999,59,0,957
4400000,4969061,4323726,0.870129,60,0,958
4450000,5019353,4372031,0.871035,62,0,974
4500000,5069763,4420407,0.871916,62,0,968
4550000,5120073,4468677,0.872776,62,0,965
4600000,5170263,4516972,0.8736450000000001,63,0,965
4650000,5220384,4565190,0.8744930000000001,64,0,960
4700000,5270484,4613493,0.875345,64,0,958
4750000,5320389,4661693,0.876194,64,0,970
4800000,5370451,4709916,0.877006,64,0,961
4850000,5420317,4758117,0.8778299999999999,65,0,966
4900000,5470223,4806324,0.878634,66,0,959
4950000,5519771,4854506,0.879476,67,0,960
5000000,5569495,4902723,0.880281,68,0,969
5050000,5619195,4950935,0.881075,70,0,970
5100000,5668744,4999105,0.881872,70,0,963
5150000,5718293,5047249,0.88265,71,0,968
5200000,5767736,5095442,0.883439,71,0,963
5250000,5817121,5143561,0.8842110000000001,71,0,961
5300000,5866327,5191615,0.884986,71,0,961
5350000,5915628,5239734,0.8857440000000001,71,0,964
5400000,5964948,5287771,0.886474,71,0,958
5450000,6014086,5335885,0.887231,74,0,961
5500000,6062992,5383844,0.887985,74,0,964
5550000,6111705,5431865,0.8887639999999999,74,0,956
5600000,6160753,5479864,0.8894799999999999,74,0,970
5650000,6209485,5527820,0.890222,74,0,952
5700000,6258334,5575846,0.8909469999999999,75,0,957
5750000,6307047,5623784,0.891667,76,0,956
5800000,6355572,5671623,0.892386,77,0,951
5850000,6404101,5719503,0.8931,78,0,961
5900000,6452655,5767399,0.8938020000000001,78,0,964
5950000,6501078,5815287,0.8945110000000001,78,0,952
6000000,6549609,5863231,0.8952030000000001,81,0,953
6050000,6598073,5911195,0.8958969999999999,81,0,964
6100000,6646488,5959044,0.8965700000000001,81,0,960
6150000,6694682,6006948,0.897272,81,0,950
6200000,6742811,6054767,0.8979590000000001,81,0,940
6250000,6790874,6102572,0.8986430000000001,81,0,959
6300000,6838858,6150353,0.899325,82,0,970
6350000,6886949,6198133,0.899982,82,0,954
6400000,6934807,6245905,0.90066,83,0,957
6450000,6982709,6293642,0.9013180000000001,83,0,955
6500000,7030608,6341401,0.90197,83,0,957
6550000,7078406,6389138,0.902624,83,0,969
6600000,7126272,6436903,0.903264,84,0,953
6650000,7174008,6484565,0.903897,84,0,946
6700000,7221644,6532298,0.904544,84,0,953
6750000,7269174,6579958,0.905186,84,0,949
6800000,7316862,6627710,0.9058129999999999,84,0,955
6850000,7364335,6675376,0.9064469999999999,84,0,960
6900000,7411617,6723048,0.9070959999999999,84,0,952
6950000,7458896,6770689,0.907733,85,0,950
7000000,7506274,6818369,0.9083559999999999,86,0,953
7050000,7553673,6865953,0.908956,86,0,949
7100000,7600873,6913494,0.909566,86,0,948
7150000,7648010,6961002,0.910172,86,0,955
7200000,7695131,7008512,0.9107719999999999,87,0,941
7250000,7742337,7056100,0.911366,87,0,965
7300000,7789410,7103537,0.911948,87,0,951
7350000,7836386,7151038,0.912543,87,0,934
7400000,7883290,7198574,0.913143,87,0,942
7450000,7929986,7246017,0.913749,88,0,946
7500000,7976694,7293341,0.9143309999999999,89,0,941
7550000,8023421,7340822,0.914924,90,0,950
7600000,8070198,7388250,0.9154979999999999,90,0,957
7650000,8117059,7435736,0.916063,90,0,950
7700000,8163790,7483153,0.9166270000000001,90,0,940
7750000,8210524,7530609,0.91719,90,0,950
7800000,8257003,7577969,0.9177629999999999,90,0,945
7850000,8303390,7625306,0.918336,92,0,926
7900000,8349733,7672595,0.918903,92,0,928
7950000,8396105,7719977,0.9194709999999999,93,0,942
8000000,8442389,7767392,0.920047,94,0,945
8050000,8488605,7814691,0.92061,94,0,946
8100000,8534851,7861964,0.9211600000000001,95,0,946
8150000,8581020,7909175,0.9217059999999999,96,0,948
8200000,8626927,7956374,0.922272,96,0,949
8250000,8672741,8003587,0.922844,98,0,947
8300000,8718863,8050770,0.923374,98,0,944
8350000,8764844,8097970,0.9239149999999999,98,0,952
8400000,8810536,8145091,0.924472,98,0,950
8450000,8856379,8192353,0.9250229999999999,99,0,944
8500000,8902292,8239484,0.9255459999999999,99,0,943
8550000,8948308,8286670,0.92606,99,0,954
8600000,8994038,8333779,0.926589,99,0,945
8650000,9039808,8380934,0.927114,99,0,942
8700000,9085546,8428008,0.9276280000000001,99,0,942
8750000,9131229,8475132,0.928148,99,0,938
8800000,9176656,8522237,0.928687,99,0,937
8850000,9222303,8569289,0.929192,99,0,940
8900000,9267901,8616419,0.9297059999999999,100,0,947
8950000,9313096,8663443,0.930243,101,0,937
9000000,9358430,8710464,0.9307610000000001,102,0,942
9050000,9403814,8757523,0.9312739999999999,102,0,931
9100000,9449070,8804507,0.931786,103,0,941
9150000,9494235,8851533,0.932306,103,0,932
9200000,9539416,8898506,0.932815,103,0,929
9250000,9584613,8945451,0.933314,104,0,939
9300000,9629600,8992392,0.9338280000000001,104,0,933
9350000,9674784,9039386,0.9343239999999999,105,0,935
9400000,9719826,9086256,0.934817,105,0,932
9450000,9765081,9133235,0.9352950000000001,105,0,932
9500000,9809958,9180136,0.9357979999999999,105,0,928
9550000,9854743,9226990,0.936299,105,0,954
9600000,9899522,9273811,0.936794,105,0,945
9650000,9944460,9320762,0.937282,105,0,947
9700000,9989392,9367635,0.937758,105,0,939
9750000,10034142,9414472,0.9382440000000001,105,0,939
9800000,10078830,9461295,0.938729,105,0,930
9850000,10123243,9508076,0.939232,106,0,927
9900000,10167897,9554856,0.939708,107,0,946
9950000,10212443,9601677,0.9401940000000001,107,0,946
10000000,10256963,9648465,0.940675,108,0,939
10050000,10301449,9695239,0.941153,108,0,920
10100000,10346052,9742080,0.941623,109,0,940
10150000,10390492,9788818,0.9420940000000001,110,0,933
10200000,10434966,9835569,0.942559,110,0,946
10250000,10479309,9882350,0.9430350000000001,110,0,921
10300000,10523562,9929003,0.9435020000000001,110,0,926
10350000,10567752,9975751,0.9439799999999999,111,0,936
10400000,10611936,10022430,0.944449,111,0,937
10450000,10655945,10069044,0.944923,111,0,937
10500000,10699991,10115740,0.9453969999999999,112,0,932
10550000,10744218,10162397,0.9458479999999999,112,0,936
10600000,10788262,10209061,0.946312,113,0,937
10650000,10832397,10255735,0.946765,113,0,918
10700000,10876214,10302334,0.947235,113,0,932
10750000,10920379,10349057,0.9476829999999999,114,0,926
10800000,10964413,10395690,0.9481299999999999,114,0,934
10850000,11008264,10442287,0.948586,114,0,933
10900000,11052027,10488842,0.949042,114,0,923
10950000,11095514,10535378,0.949517,114,0,936
11000000,11139316,10582004,0.9499690000000001,114,0,952
11050000,11182929,10628570,0.950428,114,0,934
11100000,11226663,10675108,0.9508709999999999,114,0,921
11150000,11270302,10721568,0.951312,114,0,930
11200000,11313822,10768013,0.951757,114,0,924
11250000,11357421,10814561,0.952202,114,0,932
11300000,11400834,10860992,0.952649,114,0,929
11350000,11444488,10907503,0.9530790000000001,114,0,933
11400000,11487988,10953949,0.9535129999999999,114,0,922
11450000,11531363,11000347,0.95395,115,0,936
11500000,11574658,11046655,0.954383,115,0,940
11550000,11617974,11093052,0.9548180000000001,116,0,923
11600000,11661173,11139476,0.9552620000000001,116,0,936
11650000,11704409,11185784,0.9556899999999999,116,0,933
11700000,11747585,11232115,0.9561209999999999,116,0,919
11750000,11790749,11278473,0.9565530000000001,116,0,938
11800000,11834176,11324887,0.956965,116,0,930
11850000,11877347,11371111,0.9573780000000001,116,0,902
11900000,11920360,11417386,0.9578049999999999,116,0,921
11950000,11963566,11463744,0.9582209999999999,116,0,918
12000000,12006613,11510038,0.958642,116,0,930
12050000,12049683,11556382,0.959061,116,0,931
12100000,12092600,11602724,0.95949,116,0,935
12150000,12135542,11649022,0.959909,118,0,919
12200000,12178335,11695258,0.960333,118,0,923
12250000,12221075,11741443,0.9607540000000001,118,0,913
12300000,12263962,11787534,0.961152,118,0,928
12350000,12306783,11833781,0.961566,118,0,911
12400000,12349420,11879986,0.961987,118,0,921
12450000,12392324,11926253,0.96239,118,0,921
12500000,12434907,11972441,0.962809,119,0,930
12550000,12477477,12018602,0.963224,119,0,932
12600000,12520125,12064766,0.9636299999999999,119,0,930
12650000,12562609,12110827,0.964038,119,0,932
12700000,12605294,12156853,0.964424,119,0,920
12750000,12647780,12202918,0.964827,119,0,921
12800000,12690194,12248982,0.965232,119,0,916
12850000,12732554,12295129,0.9656450000000001,120,0,930
12900000,12774909,12341136,0.966045,120,0,915
12950000,12817333,12387241,0.9664450000000001,120,0,914
13000000,12859593,12433256,0.9668469999999999,120,0,922
13050000,12901770,12479316,0.9672559999999999,120,0,924
13100000,12943973,12525315,0.967656,120,0,930
13150000,12986250,12571339,0.96805,120,0,909
13200000,13028482,12617396,0.968447,121,0,913
13250000,13070546,12663318,0.968844,121,0,916
13300000,13112806,12709404,0.9692360000000001,121,0,915
13350000,13154866,12755370,0.9696309999999999,121,0,922
13400000,13196959,12801349,0.970023,121,0,916
13450000,13239119,12847275,0.970403,122,0,914
13500000,13281082,12893252,0.9707979999999999,123,0,935
13550000,13323153,12939110,0.971175,125,0,921
13600000,13365038,12985072,0.97157,125,0,933
13650000,13406573,13030928,0.971981,126,0,919
13700000,13448514,13076793,0.97236,126,0,915
13750000,13490292,13122683,0.97275,126,0,921
13800000,13532091,13168548,0.9731350000000001,127,0,927
13850000,13573984,13214331,0.973504,127,0,926
13900000,13615778,13260202,0.973885,127,0,902
13950000,13657835,13306198,0.9742540000000001,129,0,916
14000000,13699415,13351957,0.9746370000000001,129,0,906
14050000,13740936,13397653,0.975017,129,0,910
14100000,13782574,13443478,0.975397,129,0,912
14150000,13824114,13489264,0.975778,129,0,913
14200000,13865755,13535033,0.9761479999999999,129,0,922
14250000,13907284,13580866,0.9765290000000001,129,0,922
14300000,13948826,13626647,0.9769030000000001,129,0,912
14350000,13990247,13672352,0.9772770000000001,129,0,905
14400000,14031500,13718111,0.977665,129,0,920
14450000,14072877,13763842,0.9780399999999999,129,0,916
14500000,14114306,13809581,0.97841,129,0,912
14550000,14155739,13855372,0.9787809999999999,130,0,929
14600000,14197024,13901072,0.9791540000000001,130,0,918
14650000,14238337,13946681,0.9795159999999999,130,0,911
14700000,14279476,13992272,0.9798870000000001,130,0,904
14750000,14320583,14037893,0.98026,130,0,912
14800000,14361587,14083511,0.9806379999999999,130,0,908
14850000,14402733,14129210,0.981009,131,0,915
14900000,14443972,14174888,0.9813700000000001,131,0,916
14950000,14485015,14220504,0.9817389999999999,132,0,917
15000000,14526031,14265946,0.982095,133,0,912
15050000,14566948,14311476,0.9824620000000001,133,0,904
15100000,14608087,14357117,0.98282,135,0,910
15150000,14649284,14402720,0.9831690000000001,135,0,909
15200000,14690029,14448193,0.9835370000000001,135,0,927
15250000,14730845,14493761,0.983906,135,0,926
15300000,14771811,14539359,0.9842639999999999,136,0,904
15350000,14812509,14584925,0.9846360000000001,136,0,920
15400000,14853427,14630429,0.9849870000000001,136,0,906
15450000,14894113,14675859,0.9853459999999999,136,0,916
15500000,14934857,14721337,0.9857030000000001,136,0,894
15550000,14975578,14766760,0.9860559999999999,136,0,920
15600000,15016221,14812214,0.9864139999999999,136,0,901
15650000,15057054,14857708,0.9867610000000001,136,0,900
15700000,15097805,14903171,0.987108,136,0,916
15750000,15138527,14948657,0.987458,136,0,920
15800000,15179126,14994091,0.9878100000000001,136,0,926
15850000,15219675,15039550,0.988165,137,0,905
15900000,15259997,15084819,0.9885200000000001,137,0,915
15950000,15300384,15130201,0.988877,137,0,925
