timestep,num_nodes,num_edges,average_degree,max_degree,num_triangles,new_edges
0,1771,1000,0.564653,1,0,1000
50000,81829,50992,0.623153,3,0,1000
100000,156018,100960,0.647105,3,0,998
150000,227191,150893,0.664168,4,0,996
200000,296344,200807,0.677615,4,0,998
250000,363852,250692,0.688994,5,0,996
300000,430496,300567,0.698188,8,0,998
350000,496028,350401,0.706414,10,0,995
400000,560855,400238,0.713621,11,0,996
450000,624958,450038,0.720109,13,0,1000
500000,688524,499806,0.725909,13,0,997
550000,751287,549572,0.731507,13,0,998
600000,813813,599300,0.73641,15,0,991
650000,875775,649003,0.741061,16,0,995
700000,937372,698728,0.745412,16,0,997
750000,998599,748408,0.749458,17,0,994
800000,1059239,798015,0.7533850000000001,17,0,992
850000,1119555,847647,0.7571289999999999,17,0,992
900000,1179561,897232,0.760649,18,0,989
950000,1239355,946804,0.763949,19,0,993
1000000,1298721,996363,0.767188,19,0,996
1050000,1357685,1045904,0.770358,19,0,988
1100000,1416569,1095420,0.773291,21,0,993
1150000,1475313,1144883,0.776027,21,0,992
1200000,1533820,1194370,0.77869,21,0,992
1250000,1591875,1243842,0.781369,21,0,991
1300000,1649606,1293285,0.783996,21,0,989
1350000,1707247,1342681,0.78646,22,0,994
1400000,1764906,1392143,0.788792,22,0,988
1450000,1822047,1441525,0.791157,22,0,984
1500000,1879170,1490892,0.793378,23,0,984
1550000,1935983,1540213,0.7955720000000001,24,0,986
1600000,1992600,1589522,0.797713,24,0,980
1650000,2049083,1638817,0.7997810000000001,25,0,989
1700000,2105402,1688083,0.801787,27,0,987
1750000,2161732,1737374,0.8036949999999999,29,0,984
1800000,2217812,1786617,0.8055760000000001,30,0,989
1850000,2273869,1835872,0.8073779999999999,30,0,983
1900000,2329655,1885073,0.809164,30,0,987
1950000,2385266,1934285,0.8109310000000001,33,0,981
2000000,2440545,1983441,0.812704,33,0,983
2050000,2495774,2032596,0.814415,35,0,982
2100000,2550969,2081716,0.816049,35,0,989
2150000,2605962,2130865,0.817688,36,0,983
2200000,2660815,2180024,0.819307,38,0,978
2250000,2715594,2229039,0.8208290000000001,40,0,977
2300000,2770189,2278099,0.822362,42,0,984
2350000,2824699,2327141,0.8238549999999999,44,0,971
2400000,2879181,2376193,0.8253020000000001,44,0,977
2450000,2933337,2425213,0.8267760000000001,45,0,980
2500000,2987352,2474175,0.828217,45,0,984
2550000,3041221,2523151,0.829651,45,0,977
2600000,3095260,2572193,0.83101,46,0,979
2650000,3149080,2621142,0.8323520000000001,48,0,984
2700000,3202672,2670052,0.8336950000000001,48,0,979
2750000,3256247,2718966,0.835,48,0,983
2800000,3309744,2767892,0.8362860000000001,50,0,977
2850000,3363009,2816774,0.837576,50,0,973
2900000,3416163,2865608,0.838838,50,0,972
2950000,3469208,2914446,0.84009,50,0,967
3000000,3522236,2963262,0.8413010000000001,50,0,978
3050000,3575171,3012169,0.8425239999999999,50,0,983
3100000,3628081,3060991,0.843694,51,0,974
3150000,3680852,3109758,0.8448469999999999,51,0,976
3200000,3733463,3158522,0.8460030000000001,51,0,970
3250000,3785985,3207247,0.847137,51,0,975
3300000,3838469,3256040,0.8482649999999999,52,0,975
3350000,3891010,3304762,0.849333,52,0,980
3400000,3943248,3353455,0.8504299999999999,52,0,979
3450000,3995447,3402180,0.851514,52,0,979
3500000,4047362,3450831,0.852612,53,0,965
3550000,4099402,3499503,0.853662,54,0,972
3600000,4151162,3548068,0.8547170000000001,54,0,971
3650000,4202804,3596702,0.855786,55,0,972
3700000,4254292,3645183,0.856825,56,0,967
3750000,4305918,3693752,0.8578309999999999,58,0,968
3800000,4357287,3742204,0.8588379999999999,59,0,968
3850000,4408741,3790702,0.859815,59,0,974
3900000,4459923,3839203,0.860823,60,0,966
3950000,4511152,3887706,0.861799,62,0,978
4000000,4562360,3936267,0.86277,62,0,971
4050000,4613353,3984737,0.86374,62,0,974
4100000,4664640,4033223,0.8646379999999999,64,0,965
4150000,4715706,4081681,0.86555,65,0,983
4200000,4766430,4130065,0.86649,66,0,957
4250000,4817111,4178464,0.8674209999999999,66,0,980
4300000,4867717,4226828,0.868339,67,0,972
4350000,4918442,4275236,0.869226,67,0,971
4400000,4969028,4323615,0.8701129999999999,67,0,967
4450000,5019404,4371909,0.871002,68,0,966
4500000,5069614,4420167,0.8718940000000001,68,0,964
4550000,5120020,4468492,0.872749,68,0,966
4600000,5170315,4516751,0.8735930000000001,69,0,965
4650000,5220476,4565123,0.8744649999999999,70,0,964
4700000,5270630,4613409,0.8753049999999999,70,0,962
4750000,5320522,4661680,0.8761700000000001,71,0,970
4800000,5370536,4709961,0.877,71,0,960
4850000,5420320,4758171,0.87784,71,0,966
4900000,5470274,4806397,0.878639,71,0,968
4950000,5520143,4854650,0.879443,72,0,966
5000000,5569787,4902850,0.880258,74,0,968
5050000,5619534,4951042,0.881041,74,0,964
5100000,5669059,4999205,0.88184,74,0,963
5150000,5718537,5047343,0.8826280000000001,74,0,967
5200000,5767979,5095496,0.8834110000000001,74,0,964
5250000,5817172,5143613,0.8842120000000001,75,0,954
5300000,5866644,5191723,0.884956,76,0,958
5350000,5915930,5239808,0.885712,78,0,960
5400000,5965223,5287904,0.8864549999999999,78,0,967
5450000,6014396,5335945,0.8871950000000001,78,0,961
5500000,6063467,5384003,0.887941,79,0,960
5550000,6112599,5432049,0.8886639999999999,79,0,963
5600000,6161478,5480114,0.889415,81,0,972
5650000,6210318,5528104,0.8901479999999999,82,0,957
5700000,6259171,5576024,0.890857,84,0,953
5750000,6307905,5623925,0.891568,85,0,962
5800000,6356816,5671994,0.8922700000000001,85,0,958
5850000,6405415,5719943,0.8929860000000001,85,0,942
5900000,6453903,5767854,0.8937,85,0,963
5950000,6502393,5815709,0.894395,88,0,966
6000000,6550696,5863562,0.8951049999999999,88,0,954
6050000,6599074,5911338,0.895783,88,0,955
6100000,6647600,5959195,0.896443,88,0,963
6150000,6695752,6006987,0.897134,88,0,955
6200000,6743998,6054792,0.897805,88,0,943
6250000,6791912,6102471,0.898491,88,0,949
6300000,6840041,6150232,0.899151,88,0,954
6350000,6888106,6198055,0.8998200000000001,89,0,960
6400000,6936120,6245880,0.900486,89,0,964
6450000,6983960,6293595,0.90115,89,0,969
6500000,7031814,6341404,0.901816,89,0,955
6550000,7079528,6389073,0.9024719999999999,89,0,956
6600000,7127153,6436729,0.903128,89,0,953
6650000,7174695,6484412,0.903789,90,0,961
6700000,7222322,6532128,0.904436,90,0,949
6750000,7269839,6579880,0.905093,91,0,947
6800000,7317328,6627504,0.9057270000000001,91,0,943
6850000,7364688,6675164,0.906374,92,0,955
6900000,7412143,6722772,0.9069940000000001,92,0,943
6950000,7459513,6770333,0.9076110000000001,93,0,959
7000000,7506865,6817939,0.908227,93,0,944
7050000,7554078,6865491,0.9088459999999999,93,0,940
7100000,7601093,6913024,0.9094780000000001,93,0,950
7150000,7648174,6960587,0.910098,93,0,952
7200000,7695285,7008127,0.9107040000000001,94,0,957
7250000,7742417,7055703,0.9113049999999999,94,0,939
7300000,7789368,7103243,0.9119149999999999,95,0,939
7350000,7836274,7150712,0.9125139999999999,95,0,945
7400000,7883240,7198208,0.9131030000000001,95,0,946
7450000,7930182,7245733,0.913691,96,0,949
7500000,7977116,7293234,0.91427,96,0,955
7550000,8023775,7340723,0.9148709999999999,96,0,946
7600000,8070530,7388180,0.915452,96,0,948
7650000,8117156,7435589,0.916034,97,0,944
7700000,8163649,7482970,0.9166209999999999,97,0,956
7750000,8210141,7530356,0.9172020000000001,98,0,956
7800000,8256557,7577746,0.9177850000000001,99,0,945
7850000,8302967,7625089,0.918357,99,0,938
7900000,8349599,7672430,0.918898,99,0,952
7950000,8396015,7719649,0.919442,99,0,953
8000000,8442447,7767040,0.919999,100,0,955
8050000,8488689,7814394,0.920565,101,0,968
8100000,8535086,7861713,0.921105,101,0,948
8150000,8581248,7909051,0.921667,102,0,948
8200000,8627244,7956293,0.9222290000000001,102,0,941
8250000,8673335,8003569,0.9227790000000001,102,0,951
8300000,8719381,8050823,0.923325,102,0,959
8350000,8765316,8098124,0.923883,102,0,953
8400000,8811311,8145277,0.9244110000000001,102,0,957
8450000,8857180,8192440,0.924949,102,0,943
8500000,8902892,8239705,0.925509,102,0,958
8550000,8948732,8286933,0.9260459999999999,102,0,947
8600000,8994420,8334112,0.926587,102,0,956
8650000,9039996,8381231,0.9271280000000001,102,0,943
8700000,9085896,8428436,0.927639,102,0,940
8750000,9131476,8475588,0.9281729999999999,102,0,943
8800000,9176970,8522588,0.928693,103,0,953
8850000,9222641,8569694,0.9292020000000001,104,0,940
8900000,9268186,8616891,0.9297280000000001,104,0,934
8950000,9313520,8663890,0.930249,104,0,942
9000000,9358800,8710874,0.930768,105,0,937
9050000,9404319,8757904,0.931264,105,0,937
9100000,9449485,8804834,0.9317790000000001,106,0,926
9150000,9494837,8851913,0.9322870000000001,107,0,944
9200000,9539681,8898849,0.932825,109,0,938
9250000,9584869,8945834,0.9333290000000001,110,0,942
9300000,9630022,8992774,0.9338270000000001,110,0,948
9350000,9675108,9039699,0.934325,111,0,939
9400000,9720076,9086581,0.934826,111,0,938
9450000,9765073,9133501,0.9353229999999999,111,0,922
9500000,9810073,9180430,0.935817,112,0,938
9550000,9855054,9227406,0.936312,112,0,928
9600000,9900059,9274393,0.936802,112,0,935
9650000,9945055,9321338,0.937284,112,0,939
9700000,9989734,9368127,0.937775,112,0,920
9750000,10034450,9414991,0.938267,112,0,932
9800000,10079309,9461803,0.938735,112,0,934
9850000,10124055,9508645,0.939213,112,0,922
9900000,10168741,9555382,0.939682,112,0,934
9950000,10213257,9602185,0.940169,112,0,915
10000000,10257748,9648932,0.9406479999999999,112,0,934
10050000,10302282,9695729,0.941124,113,0,930
10100000,10346870,9742550,0.941594,114,0,934
10150000,10391438,9789336,0.942058,115,0,924
10200000,10435556,9836011,0.9425479999999999,117,0,929
10250000,10479901,9882725,0.943017,117,0,942
10300000,10524146,9929405,0.9434879999999999,117,0,943
10350000,10568452,9976110,0.943952,117,0,929
10400000,10612838,10022810,0.9444040000000001,118,0,931
10450000,10656933,10069470,0.944875,120,0,939
10500000,10701012,10116051,0.9453360000000001,120,0,934
10550000,10745291,10162709,0.945783,121,0,934
10600000,10789266,10209313,0.946247,121,0,929
10650000,10833323,10255854,0.9466950000000001,122,0,931
10700000,10877286,10302484,0.947156,122,0,942
10750000,10921212,10349146,0.9476190000000001,122,0,932
10800000,10965089,10395732,0.948075,122,0,933
10850000,11008911,10442361,0.9485370000000001,122,0,922
10900000,11052868,10488970,0.948982,122,0,933
10950000,11096643,10535566,0.9494370000000001,122,0,948
11000000,11140320,10582047,0.949887,122,0,940
11050000,11184026,10628559,0.950334,122,0,923
11100000,11227620,10675041,0.950784,122,0,930
11150000,11271147,10721593,0.951242,122,0,932
11200000,11314724,10768060,0.951686,122,0,937
11250000,11358288,10814557,0.9521290000000001,122,0,940
11300000,11401935,10861111,0.952567,122,0,934
11350000,11445354,10907540,0.95301,122,0,924
11400000,11488956,10954017,0.9534389999999999,123,0,908
11450000,11532453,11000440,0.953868,123,0,927
11500000,11575690,11046878,0.954317,123,0,926
11550000,11619186,11093255,0.954736,123,0,927
11600000,11662491,11139648,0.955169,123,0,924
11650000,11705672,11185939,0.9556,123,0,929
11700000,11748759,11232278,0.95604,123,0,903
11750000,11792082,11278725,0.956466,123,0,933
11800000,11835346,11325121,0.95689,123,0,934
11850000,11878469,11371432,0.9573149999999999,123,0,927
11900000,11921417,11417749,0.957751,123,0,915
11950000,11964269,11464077,0.9581930000000001,123,0,937
12000000,12007276,11510394,0.9586180000000001,124,0,928
12050000,12050163,11556633,0.959044,124,0,945
12100000,12093150,11602893,0.9594600000000001,124,0,940
12150000,12136045,11649107,0.9598770000000001,124,0,939
12200000,12178889,11695375,0.960299,125,0,935
12250000,12221758,11741704,0.9607209999999999,125,0,919
12300000,12264696,11787930,0.9611270000000001,125,0,916
12350000,12307345,11834133,0.96155,125,0,899
12400000,12350053,11880250,0.961959,125,0,912
12450000,12392831,11926478,0.962369,125,0,923
12500000,12435367,11972611,0.9627870000000001,125,0,924
12550000,12478050,12018700,0.9631870000000001,125,0,913
12600000,12520675,12064879,0.9635969999999999,125,0,927
12650000,12563348,12111063,0.9640000000000001,125,0,921
12700000,12605805,12157139,0.964408,125,0,922
12750000,12648051,12203175,0.964827,125,0,923
12800000,12690641,12249244,0.965219,125,0,929
12850000,12733106,12295412,0.965626,125,0,930
12900000,12775427,12341451,0.9660299999999999,125,0,916
12950000,12817767,12387545,0.966435,125,0,900
13000000,12859907,12433567,0.9668469999999999,125,0,924
13050000,12902137,12479651,0.967255,125,0,933
13100000,12944497,12525729,0.967649,125,0,927
13150000,12986506,12571651,0.9680549999999999,125,0,910
13200000,13028806,12617611,0.96844,126,0,920
13250000,13070913,12663671,0.968844,126,0,915
13300000,13112975,12709589,0.9692379999999999,126,0,926
13350000,13155085,12755493,0.969625,126,0,919
13400000,13197156,12801469,0.970017,126,0,907
13450000,13239297,12847452,0.970403,126,0,927
13500000,13281348,12893398,0.9707899999999999,127,0,918
13550000,13323400,12939310,0.9711719999999999,127,0,907
13600000,13365321,12985243,0.971562,127,0,919
13650000,13407199,13031157,0.971952,127,0,908
13700000,13449146,13077033,0.972332,127,0,909
13750000,13491143,13122856,0.9727020000000001,127,0,912
13800000,13532882,13168681,0.973088,127,0,921
13850000,13574663,13214473,0.9734659999999999,130,0,922
13900000,13616564,13260368,0.973841,131,0,904
13950000,13658244,13306105,0.974218,131,0,920
14000000,13699991,13351981,0.974598,132,0,911
14050000,13741453,13397804,0.974992,132,0,912
14100000,13782968,13443557,0.975375,133,0,909
14150000,13824649,13489333,0.9757450000000001,133,0,918
14200000,13866320,13535078,0.9761120000000001,133,0,921
14250000,13907846,13580926,0.9764940000000001,133,0,919
14300000,13949389,13626735,0.9768700000000001,133,0,917
14350000,13990713,13672345,0.977244,133,0,908
14400000,14032326,13718247,0.977617,133,0,910
14450000,14073727,13763962,0.9779899999999999,133,0,918
14500000,14114962,13809680,0.9783719999999999,133,0,910
14550000,14156106,13855406,0.978758,133,0,926
14600000,14197128,13901005,0.979142,133,0,901
14650000,14238302,13946624,0.9795149999999999,133,0,903
14700000,14279375,13992382,0.979902,133,0,915
14750000,14320467,14038041,0.9802780000000001,133,0,896
14800000,14361483,14083648,0.9806540000000001,133,0,908
14850000,14402697,14129277,0.981016,133,0,922
14900000,14443927,14174897,0.981374,133,0,920
14950000,14484824,14220386,0.9817440000000001,133,0,895
15000000,14525884,14265899,0.982102,133,0,917
15050000,14566858,14311478,0.982468,133,0,904
15100000,14607758,14357047,0.9828370000000001,133,0,922
15150000,14648745,14402572,0.983195,133,0,917
15200000,14689549,14448066,0.983561,133,0,897
15250000,14730284,14493595,0.9839319999999999,133,0,906
15300000,14771291,14539140,0.984284,133,0,906
15350000,14812065,14584624,0.9846450000000001,134,0,905
15400000,14852954,14630178,0.985001,134,0,913
15450000,14893807,14675693,0.985355,134,0,909
15500000,14934597,14721172,0.9857090000000001,134,0,901
15550000,14975482,14766617,0.9860530000000001,134,0,903
15600000,15016238,14812154,0.986409,135,0,906
15650000,15056826,14857619,0.98677,135,0,909
15700000,15097369,14903014,0.9871270000000001,135,0,919
15750000,15138023,14948555,0.987484,136,0,902
15800000,15178657,14994025,0.987836,136,0,906
15850000,15219325,15039459,0.988182,137,0,890
15900000,15259838,15084902,0.9885360000000001,137,0,907
15950000,15300415,15130329,0.988884,137,0,918
