timestep,num_nodes,num_edges,average_degree,max_degree,num_triangles,new_edges
0,1771,1000,0.564653,1,0,1000
50000,81817,50983,0.623135,3,0,1000
100000,156018,100938,0.646964,3,0,999
150000,226971,150862,0.664675,4,0,999
200000,296294,200776,0.677624,4,0,1000
250000,363925,250665,0.688782,6,0,1000
300000,430496,300531,0.698104,6,0,998
350000,496054,350373,0.70632,6,0,997
400000,560746,400177,0.713651,8,0,996
450000,624970,449970,0.719987,9,0,997
500000,688500,499710,0.725795,10,0,996
550000,751415,549445,0.731214,11,0,996
600000,813669,599185,0.736399,11,0,996
650000,875479,648901,0.7411949999999999,12,0,994
700000,936905,698558,0.7456020000000001,13,0,993
750000,997802,748231,0.749879,14,0,990
800000,1058616,797876,0.7536970000000001,15,0,990
850000,1119041,847454,0.757304,16,0,993
900000,1179158,897075,0.760776,18,0,997
950000,1238843,946696,0.764178,18,0,989
1000000,1298331,996294,0.767365,18,0,990
1050000,1357474,1045820,0.770416,19,0,988
1100000,1416396,1095327,0.77332,19,0,990
1150000,1474965,1144817,0.776166,19,0,989
1200000,1533459,1194335,0.77885,20,0,988
1250000,1591584,1243804,0.781488,20,0,997
1300000,1649531,1293253,0.784013,20,0,988
1350000,1707274,1342708,0.786463,20,0,984
1400000,1764837,1392084,0.7887890000000001,20,0,990
1450000,1822141,1441459,0.79108,21,0,989
1500000,1879348,1490852,0.793281,21,0,984
1550000,1936504,1540233,0.7953680000000001,21,0,987
1600000,1993263,1589558,0.797465,21,0,983
1650000,2049742,1638852,0.799541,22,0,979
1700000,2106227,1688139,0.801499,23,0,987
1750000,2162361,1737382,0.803465,23,0,990
1800000,2218470,1786630,0.805343,23,0,980
1850000,2274300,1835901,0.807238,24,0,987
1900000,2330050,1885139,0.809055,24,0,980
1950000,2385655,1934358,0.810829,25,0,989
2000000,2441163,1983575,0.812553,25,0,978
2050000,2496627,2032841,0.814235,27,0,982
2100000,2551806,2082004,0.815894,27,0,985
2150000,2606855,2131148,0.817517,27,0,983
2200000,2661761,2180272,0.819109,27,0,985
2250000,2716526,2229316,0.82065,28,0,984
2300000,2771156,2278369,0.8221729999999999,30,0,989
2350000,2825585,2327409,0.823691,33,0,982
2400000,2879869,2376441,0.825191,33,0,978
2450000,2934131,2425497,0.826649,33,0,969
2500000,2988220,2474418,0.828058,34,0,987
2550000,3042167,2523371,0.829465,35,0,979
2600000,3096109,2572330,0.8308270000000001,36,0,974
2650000,3149898,2621317,0.832191,36,0,984
2700000,3203494,2670229,0.833536,36,0,981
2750000,3256876,2719100,0.83488,36,0,973
2800000,3310144,2767935,0.836198,38,0,980
2850000,3363369,2816797,0.837493,38,0,982
2900000,3416746,2865730,0.838731,38,0,980
2950000,3469832,2914513,0.839958,38,0,977
3000000,3522853,2963333,0.841174,39,0,978
3050000,3575906,3012185,0.842356,41,0,976
3100000,3628698,3060969,0.8435450000000001,41,0,983
3150000,3681571,3109800,0.8446940000000001,42,0,976
3200000,3734301,3158643,0.8458459999999999,42,0,970
3250000,3786977,3207342,0.8469399999999999,43,0,969
3300000,3839460,3256017,0.84804,45,0,972
3350000,3891757,3304720,0.849159,45,0,988
3400000,3944125,3353438,0.8502360000000001,45,0,978
3450000,3996103,3402071,0.851347,46,0,976
3500000,4048217,3450751,0.8524129999999999,47,0,975
3550000,4100301,3499400,0.85345,47,0,975
3600000,4152307,3548017,0.854469,47,0,970
3650000,4204003,3596553,0.855507,47,0,973
3700000,4255710,3645118,0.856524,47,0,977
3750000,4307362,3693716,0.8575360000000001,47,0,970
3800000,4359075,3742272,0.8585010000000001,48,0,975
3850000,4410393,3790840,0.859524,48,0,971
3900000,4461940,3839372,0.8604709999999999,49,0,969
3950000,4513011,3887832,0.8614719999999999,50,0,972
4000000,4564078,3936368,0.862467,51,0,966
4050000,4615328,3984870,0.863399,51,0,974
4100000,4666457,4033353,0.8643290000000001,53,0,972
4150000,4717517,4081872,0.865259,53,0,966
4200000,4768457,4130285,0.866168,54,0,975
4250000,4819205,4178696,0.867092,56,0,971
4300000,4869785,4227050,0.868016,56,0,973
4350000,4920563,4275512,0.868907,56,0,967
4400000,4971270,4323868,0.869771,56,0,969
4450000,5021873,4372250,0.870641,56,0,968
4500000,5072331,4420539,0.8715,57,0,960
4550000,5122630,4468826,0.8723690000000001,57,0,971
4600000,5172778,4517035,0.873232,57,0,962
4650000,5222905,4565324,0.8740969999999999,58,0,972
4700000,5273115,4613572,0.874923,58,0,965
4750000,5323042,4661795,0.875776,58,0,974
4800000,5373024,4710081,0.876616,58,0,971
4850000,5422834,4758303,0.8774569999999999,58,0,966
4900000,5472590,4806473,0.878281,58,0,961
4950000,5522255,4854702,0.879116,58,0,965
5000000,5572005,4902882,0.879913,58,0,966
5050000,5621727,4951101,0.880708,59,0,965
5100000,5671240,4999257,0.88151,59,0,964
5150000,5720871,5047401,0.8822780000000001,60,0,968
5200000,5770333,5095564,0.8830620000000001,60,0,959
5250000,5819644,5143654,0.883843,60,0,960
5300000,5869045,5191718,0.8845930000000001,60,0,952
5350000,5918343,5239754,0.8853409999999999,61,0,951
5400000,5967529,5287839,0.8861020000000001,63,0,958
5450000,6016808,5335982,0.8868459999999999,63,0,964
5500000,6065831,5384044,0.887602,64,0,962
5550000,6114879,5432035,0.888331,65,0,959
5600000,6163740,5480002,0.889071,66,0,956
5650000,6212501,5527932,0.889808,66,0,954
5700000,6261266,5575938,0.890545,66,0,955
5750000,6309915,5623879,0.8912770000000001,66,0,956
5800000,6358438,5671774,0.892007,66,0,955
5850000,6407049,5719701,0.8927200000000001,66,0,953
5900000,6455752,5767643,0.8934110000000001,66,0,957
5950000,6504278,5815592,0.8941180000000001,66,0,958
6000000,6552776,5863536,0.894817,66,0,960
6050000,6601046,5911380,0.8955219999999999,66,0,959
6100000,6649457,5959268,0.8962040000000001,66,0,949
6150000,6697762,6007114,0.896884,66,0,952
6200000,6745920,6054893,0.8975639999999999,66,0,948
6250000,6794121,6102693,0.898231,66,0,955
6300000,6841869,6150444,0.898942,66,0,959
6350000,6889872,6198217,0.8996129999999999,66,0,949
6400000,6937907,6246084,0.900284,68,0,952
6450000,6985703,6293845,0.900961,68,0,963
6500000,7033633,6341577,0.901608,69,0,952
6550000,7081706,6389442,0.9022459999999999,69,0,955
6600000,7129571,6437172,0.902883,71,0,948
6650000,7177057,6484823,0.9035489999999999,71,0,941
6700000,7224657,6532540,0.904201,71,0,956
6750000,7272205,6580208,0.9048440000000001,72,0,951
6800000,7319827,6627955,0.90548,73,0,952
6850000,7367276,6675578,0.906112,73,0,953
6900000,7414567,6723137,0.906747,73,0,950
6950000,7461902,6770731,0.907373,73,0,945
7000000,7509141,6818303,0.9079999999999999,74,0,944
7050000,7556447,6865885,0.9086129999999999,77,0,964
7100000,7603599,6913483,0.9092379999999999,77,0,959
7150000,7650609,6960976,0.909859,78,0,944
7200000,7697652,7008459,0.910467,78,0,954
7250000,7744848,7056035,0.911062,78,0,946
7300000,7791762,7103517,0.9116700000000001,79,0,951
7350000,7838885,7151031,0.912251,79,0,955
7400000,7885703,7198518,0.9128569999999999,79,0,950
7450000,7932615,7246029,0.9134479999999999,79,0,953
7500000,7979273,7293411,0.9140450000000001,80,0,938
7550000,8026120,7340902,0.914626,81,0,947
7600000,8072887,7388338,0.9152040000000001,81,0,952
7650000,8119563,7435771,0.9157850000000001,81,0,942
7700000,8166218,7483272,0.9163690000000001,81,0,957
7750000,8212832,7530647,0.9169370000000001,82,0,950
7800000,8259336,7578000,0.917507,82,0,939
7850000,8305870,7625372,0.91807,82,0,952
7900000,8352194,7672654,0.918639,82,0,957
7950000,8398611,7719972,0.9191959999999999,84,0,949
8000000,8444968,7767313,0.9197559999999999,84,0,956
8050000,8491129,7814578,0.920323,84,0,939
8100000,8537426,7861861,0.9208700000000001,85,0,941
8150000,8583690,7909116,0.9214120000000001,86,0,940
8200000,8629742,7956374,0.9219709999999999,87,0,957
8250000,8675882,8003665,0.9225190000000001,87,0,944
8300000,8721861,8050876,0.923069,88,0,949
8350000,8767529,8098127,0.92365,88,0,938
8400000,8813483,8145419,0.9242,90,0,958
8450000,8859350,8192593,0.92474,90,0,936
8500000,8905155,8239718,0.925275,90,0,940
8550000,8950866,8286860,0.925817,90,0,943
8600000,8996654,8334007,0.9263450000000001,90,0,940
8650000,9042272,8381119,0.926882,90,0,950
8700000,9087832,8428228,0.9274190000000001,91,0,940
8750000,9133524,8475351,0.927939,91,0,936
8800000,9179179,8522461,0.928456,91,0,952
8850000,9224605,8569519,0.9289850000000001,91,0,938
8900000,9269812,8616516,0.929524,92,0,935
8950000,9315342,8663710,0.930047,92,0,951
9000000,9360694,8710723,0.930564,92,0,943
9050000,9405920,8757651,0.9310790000000001,94,0,945
9100000,9451436,8804800,0.9315829999999999,94,0,953
9150000,9496574,8851836,0.932108,94,0,936
9200000,9541659,8898826,0.932629,95,0,941
9250000,9586806,8945864,0.9331430000000001,95,0,941
9300000,9631796,8992806,0.933658,95,0,932
9350000,9676761,9039747,0.9341709999999999,95,0,937
9400000,9721800,9086658,0.934668,97,0,942
9450000,9766562,9133511,0.935182,97,0,935
9500000,9811413,9180435,0.935689,97,0,945
9550000,9856187,9227353,0.936199,97,0,944
9600000,9901055,9274210,0.936689,97,0,950
9650000,9945877,9321079,0.9371799999999999,98,0,935
9700000,9990754,9367993,0.937666,98,0,940
9750000,10035478,9414878,0.938159,98,0,932
9800000,10080103,9461655,0.9386469999999999,98,0,924
9850000,10124567,9508441,0.9391450000000001,98,0,932
9900000,10169221,9555238,0.939623,98,0,934
9950000,10213874,9601958,0.94009,98,0,933
10000000,10258264,9648777,0.940586,98,0,932
10050000,10302562,9695486,0.941075,98,0,925
10100000,10346902,9742217,0.941559,98,0,933
10150000,10391299,9788927,0.942031,98,0,927
10200000,10435666,9835689,0.942507,98,0,932
10250000,10479864,9882343,0.942984,98,0,937
10300000,10524037,9929024,0.9434620000000001,98,0,933
10350000,10568138,9975689,0.94394,98,0,921
10400000,10612264,10022410,0.944418,99,0,944
10450000,10656454,10069034,0.9448770000000001,99,0,938
10500000,10700628,10115711,0.9453379999999999,99,0,932
10550000,10744576,10162341,0.9458110000000001,100,0,928
10600000,10788576,10208928,0.9462719999999999,101,0,919
10650000,10832493,10255545,0.946739,101,0,936
10700000,10876559,10302307,0.947203,102,0,940
10750000,10920479,10348851,0.9476549999999999,102,0,936
10800000,10964221,10395340,0.9481149999999999,103,0,928
10850000,11008211,10441888,0.9485540000000001,104,0,936
10900000,11052076,10488552,0.9490120000000001,104,0,938
10950000,11095692,10535031,0.94947,105,0,925
11000000,11139461,10581547,0.949916,106,0,932
11050000,11183123,10628023,0.950363,106,0,914
11100000,11226683,10674528,0.950818,106,0,934
11150000,11270337,10721019,0.95126,108,0,920
11200000,11313933,10767584,0.9517100000000001,108,0,931
11250000,11357602,10814081,0.952145,108,0,927
11300000,11401096,10860575,0.9525899999999999,108,0,913
11350000,11444646,10907066,0.9530280000000001,109,0,930
11400000,11488038,10953459,0.953466,110,0,933
11450000,11531597,10999889,0.9538909999999999,110,0,938
11500000,11574797,11046316,0.954342,111,0,937
11550000,11618033,11092745,0.954787,114,0,923
11600000,11661453,11139194,0.9552149999999999,114,0,929
11650000,11704655,11185543,0.955649,114,0,914
11700000,11747893,11231869,0.956075,114,0,922
11750000,11790971,11278232,0.956514,114,0,918
11800000,11834217,11324627,0.956939,114,0,925
11850000,11877487,11371002,0.957358,115,0,909
11900000,11920584,11417413,0.9577899999999999,115,0,932
11950000,11963759,11463717,0.9582040000000001,116,0,931
12000000,12006856,11510096,0.958627,116,0,922
12050000,12049929,11556482,0.95905,116,0,923
12100000,12092909,11602744,0.959467,116,0,929
12150000,12135955,11648978,0.959873,118,0,920
12200000,12178942,11695259,0.960285,118,0,934
12250000,12221910,11741457,0.9606889999999999,120,0,919
12300000,12264642,11787614,0.9611049999999999,120,0,920
12350000,12307530,11833878,0.961515,120,0,929
12400000,12350439,11880108,0.961918,120,0,926
12450000,12393315,11926293,0.962317,121,0,923
12500000,12436022,11972460,0.962724,121,0,923
12550000,12478811,12018567,0.963118,121,0,904
12600000,12521381,12064729,0.9635299999999999,121,0,925
12650000,12563955,12110889,0.963939,121,0,925
12700000,12606442,12156900,0.96434,122,0,910
12750000,12648818,12203004,0.9647540000000001,123,0,920
12800000,12691147,12249020,0.9651629999999999,123,0,914
12850000,12733576,12295127,0.965567,123,0,931
12900000,12775727,12341307,0.965996,123,0,916
12950000,12817855,12387318,0.966411,123,0,922
13000000,12860243,12433323,0.9668030000000001,123,0,916
13050000,12902414,12479331,0.967209,123,0,930
13100000,12944620,12525326,0.967609,123,0,926
13150000,12986845,12571395,0.96801,123,0,905
13200000,13029250,12617461,0.9683950000000001,123,0,927
13250000,13071582,12663510,0.9687819999999999,123,0,925
13300000,13113741,12709464,0.9691709999999999,123,0,911
13350000,13155611,12755361,0.969576,123,0,933
13400000,13197809,12801285,0.9699549999999999,124,0,923
13450000,13239745,12847198,0.9703510000000001,124,0,921
13500000,13281711,12893199,0.9707479999999999,124,0,930
13550000,13323870,12939243,0.971132,124,0,929
13600000,13365895,12985215,0.971519,124,0,922
13650000,13407852,13031129,0.9719030000000001,124,0,926
13700000,13449713,13077040,0.972291,125,0,912
13750000,13491598,13122982,0.972678,125,0,916
13800000,13533338,13168881,0.9730700000000001,126,0,909
13850000,13575117,13214765,0.973455,126,0,916
13900000,13616866,13260600,0.973836,126,0,908
13950000,13658430,13306401,0.974226,126,0,891
14000000,13700110,13352247,0.9746090000000001,126,0,928
14050000,13741772,13397979,0.974982,128,0,909
14100000,13783240,13443698,0.975366,129,0,933
14150000,13824673,13489504,0.975756,129,0,917
14200000,13866088,13535166,0.9761340000000001,129,0,916
14250000,13907613,13580920,0.97651,130,0,918
14300000,13948961,13626625,0.976892,130,0,911
14350000,13990207,13672324,0.9772780000000001,130,0,916
14400000,14031596,13718071,0.977656,131,0,914
14450000,14073117,13763847,0.978024,132,0,910
14500000,14114622,13809655,0.9783940000000001,132,0,924
14550000,14155779,13855317,0.978775,132,0,909
14600000,14196831,13900910,0.9791559999999999,132,0,897
14650000,14238018,13946674,0.9795379999999999,132,0,925
14700000,14279052,13992182,0.9799100000000001,132,0,888
14750000,14320279,14037840,0.9802770000000001,133,0,917
14800000,14361362,14083372,0.980643,134,0,916
14850000,14402384,14128949,0.981015,134,0,914
14900000,14443464,14174654,0.981389,134,0,908
14950000,14484729,14220238,0.98174,134,0,911
15000000,14525689,14265955,0.9821190000000001,134,0,919
15050000,14566751,14311553,0.9824809999999999,134,0,904
15100000,14607907,14357256,0.982841,134,0,918
15150000,14648975,14402762,0.983192,135,0,909
15200000,14689821,14448280,0.983557,135,0,913
15250000,14730877,14493866,0.9839110000000001,135,0,918
15300000,14771809,14539334,0.9842620000000001,135,0,903
15350000,14812615,14584763,0.984618,135,0,896
15400000,14853374,14630286,0.984981,135,0,909
15450000,14894096,14675669,0.9853350000000001,135,0,901
15500000,14934904,14721191,0.98569,135,0,921
15550000,14975449,14766655,0.986058,135,0,912
15600000,15016218,14812188,0.9864129999999999,135,0,915
15650000,15057010,14857782,0.986768,135,0,916
15700000,15097631,14903244,0.987125,136,0,909
15750000,15138252,14948629,0.987474,136,0,915
15800000,15178893,14994078,0.9878239999999999,136,0,911
15850000,15219457,15039455,0.988173,136,0,900
15900000,15259830,15084839,0.988533,136,0,901
15950000,15300424,15130293,0.9888809999999999,137,0,914
