timestep,num_nodes,num_edges,average_degree,max_degree,num_triangles,new_edges
0,1763,1000,0.5672149999999999,1,0,1000
50000,81748,50989,0.623734,2,0,999
100000,156043,100944,0.646899,3,0,999
150000,227387,150884,0.663556,5,0,1000
200000,296627,200778,0.67687,5,0,993
250000,364364,250675,0.68798,6,0,995
300000,430842,300533,0.697548,8,0,997
350000,496448,350396,0.705806,9,0,995
400000,561129,400198,0.713201,9,0,996
450000,625112,449997,0.719866,9,0,999
500000,688612,499795,0.725801,9,0,996
550000,751578,549536,0.731176,10,0,997
600000,814087,599254,0.736106,13,0,987
650000,875993,648980,0.740851,13,0,993
700000,937517,698664,0.745228,16,0,997
750000,998656,748334,0.749341,17,0,990
800000,1059564,797996,0.7531359999999999,19,0,987
850000,1119924,847634,0.756867,20,0,993
900000,1179936,897223,0.7604,21,0,989
950000,1239642,946816,0.763782,22,0,990
1000000,1299112,996386,0.766975,22,0,990
1050000,1358284,1045920,0.77003,23,0,988
1100000,1417233,1095432,0.772937,24,0,990
1150000,1475889,1144939,0.775762,27,0,987
1200000,1534249,1194463,0.778533,27,0,986
1250000,1592452,1243906,0.781126,28,0,988
1300000,1650417,1293372,0.783664,28,0,989
1350000,1708184,1342829,0.786115,31,0,988
1400000,1765577,1392221,0.788536,31,0,984
1450000,1822881,1441624,0.790849,31,0,993
1500000,1879913,1490987,0.793115,31,0,986
1550000,1936910,1540325,0.795249,33,0,986
1600000,1993618,1589637,0.797363,33,0,990
1650000,2050164,1638947,0.7994220000000001,34,0,986
1700000,2106434,1688236,0.801466,34,0,987
1750000,2162624,1737526,0.803434,35,0,986
1800000,2218547,1786791,0.805388,35,0,988
1850000,2274570,1836031,0.807199,36,0,991
1900000,2330304,1885268,0.809022,36,0,993
1950000,2385870,1934445,0.810792,37,0,984
2000000,2441323,1983617,0.812517,37,0,980
2050000,2496539,2032766,0.814234,37,0,987
2100000,2551684,2081913,0.8158979999999999,37,0,983
2150000,2606618,2131009,0.817538,38,0,978
2200000,2661503,2180087,0.8191189999999999,38,0,976
2250000,2716186,2229156,0.820693,38,0,980
2300000,2770785,2278201,0.8222219999999999,39,0,978
2350000,2825344,2327263,0.82371,39,0,980
2400000,2879678,2376272,0.8251870000000001,40,0,978
2450000,2933920,2425312,0.8266459999999999,41,0,976
2500000,2988009,2474331,0.8280870000000001,41,0,974
2550000,3041769,2523278,0.829543,42,0,979
2600000,3095503,2572216,0.830953,42,0,974
2650000,3149404,2621150,0.832269,45,0,979
2700000,3203162,2670059,0.83357,46,0,976
2750000,3256615,2718937,0.8348969999999999,46,0,980
2800000,3310113,2767845,0.8361780000000001,47,0,983
2850000,3363330,2816686,0.837469,50,0,980
2900000,3416450,2865581,0.8387600000000001,50,0,980
2950000,3469702,2914461,0.839974,50,0,978
3000000,3522757,2963343,0.8412,51,0,986
3050000,3575636,3012161,0.842413,53,0,973
3100000,3628365,3060912,0.843606,53,0,977
3150000,3681186,3109723,0.8447610000000001,53,0,977
3200000,3733829,3158494,0.8459129999999999,54,0,969
3250000,3786481,3207260,0.847029,54,0,985
3300000,3838877,3255959,0.8481540000000001,54,0,977
3350000,3891214,3304682,0.849268,55,0,972
3400000,3943188,3353360,0.850418,55,0,977
3450000,3995382,3402095,0.851507,55,0,970
3500000,4047363,3450715,0.852584,55,0,979
3550000,4099298,3499413,0.853662,55,0,979
3600000,4151237,3548116,0.854713,55,0,974
3650000,4202825,3596669,0.8557739999999999,55,0,962
3700000,4254644,3645241,0.856768,55,0,973
3750000,4306156,3693850,0.857807,56,0,974
3800000,4357784,3742407,0.8587870000000001,57,0,971
3850000,4409331,3791036,0.859776,57,0,965
3900000,4460730,3839613,0.860759,57,0,968
3950000,4511939,3888143,0.8617450000000001,58,0,963
4000000,4563078,3936583,0.8627030000000001,58,0,970
4050000,4614066,3985079,0.8636809999999999,59,0,974
4100000,4664868,4033492,0.8646530000000001,59,0,972
4150000,4715750,4081912,0.865591,59,0,971
4200000,4766669,4130378,0.8665120000000001,59,0,968
4250000,4817408,4178751,0.8674270000000001,59,0,969
4300000,4868114,4227139,0.868332,59,0,968
4350000,4918739,4275553,0.869238,60,0,966
4400000,4969213,4323847,0.8701270000000001,60,0,965
4450000,5019875,4372230,0.870984,62,0,975
4500000,5070322,4420548,0.871848,62,0,972
4550000,5120680,4468790,0.8726950000000001,63,0,965
4600000,5170979,4517107,0.87355,64,0,966
4650000,5221179,4565414,0.874403,65,0,973
4700000,5271412,4613693,0.875229,65,0,972
4750000,5321430,4661959,0.876073,65,0,972
4800000,5371393,4710199,0.8769049999999999,65,0,963
4850000,5421195,4758454,0.87775,67,0,968
4900000,5470928,4806610,0.8785729999999999,67,0,972
4950000,5520467,4854821,0.8794219999999999,67,0,970
5000000,5570163,4903024,0.88023,67,0,974
5050000,5619779,4951112,0.881015,67,0,959
5100000,5669319,4999198,0.881799,68,0,965
5150000,5718700,5047288,0.8825940000000001,68,0,963
5200000,5768134,5095433,0.883376,69,0,958
5250000,5817487,5143528,0.884149,70,0,966
5300000,5866683,5191604,0.8849299999999999,71,0,964
5350000,5915798,5239641,0.885703,72,0,957
5400000,5964984,5287695,0.8864559999999999,73,0,960
5450000,6014197,5335741,0.887191,73,0,969
5500000,6063242,5383806,0.887942,73,0,962
5550000,6112237,5431771,0.8886719999999999,73,0,959
5600000,6161152,5479804,0.8894120000000001,73,0,965
5650000,6210081,5527837,0.8901389999999999,73,0,968
5700000,6258918,5575829,0.890861,73,0,956
5750000,6307690,5623788,0.891576,73,0,951
5800000,6356409,5671717,0.8922829999999999,73,0,957
5850000,6404974,5719662,0.8930030000000001,73,0,962
5900000,6453262,5767464,0.8937280000000001,74,0,959
5950000,6501713,5815316,0.8944280000000001,74,0,952
6000000,6550292,5863272,0.895116,74,0,952
6050000,6598711,5911135,0.8958010000000001,75,0,966
6100000,6647115,5958988,0.8964770000000001,77,0,938
6150000,6695409,6006815,0.8971540000000001,77,0,949
6200000,6743539,6054706,0.897853,78,0,960
6250000,6791758,6102510,0.898517,78,0,962
6300000,6839885,6150235,0.899172,78,0,964
6350000,6887916,6198031,0.899841,78,0,956
6400000,6935692,6245724,0.9005190000000001,79,0,950
6450000,6983545,6293435,0.9011809999999999,79,0,950
6500000,7031411,6341163,0.901834,79,0,962
6550000,7078905,6388846,0.9025190000000001,81,0,957
6600000,7126729,6436541,0.9031549999999999,81,0,944
6650000,7174568,6484312,0.903791,81,0,957
6700000,7222061,6531971,0.9044469999999999,82,0,958
6750000,7269538,6579626,0.9050950000000001,82,0,942
6800000,7317053,6627273,0.9057299999999999,83,0,958
6850000,7364558,6674888,0.9063530000000001,83,0,943
6900000,7411756,6722461,0.907,83,0,951
6950000,7459238,6770118,0.907615,84,0,949
7000000,7506352,6817644,0.90825,84,0,945
7050000,7553671,6865150,0.908849,84,0,949
7100000,7600792,6912698,0.9094709999999999,85,0,943
7150000,7648087,6960263,0.9100659999999999,85,0,957
7200000,7695186,7007834,0.9106780000000001,85,0,950
7250000,7742333,7055373,0.911272,87,0,940
7300000,7789549,7102874,0.911847,88,0,958
7350000,7836568,7150352,0.912434,88,0,961
7400000,7883576,7197914,0.913027,89,0,947
7450000,7930373,7245365,0.9136219999999999,89,0,943
7500000,7977243,7292740,0.914193,89,0,957
7550000,8023938,7340181,0.9147850000000001,89,0,935
7600000,8070517,7387524,0.915372,90,0,942
7650000,8117130,7434940,0.915957,90,0,948
7700000,8163685,7482242,0.9165280000000001,90,0,933
7750000,8210272,7529651,0.917101,90,0,951
7800000,8256862,7577093,0.9176719999999999,90,0,943
7850000,8303324,7624500,0.9182469999999999,91,0,935
7900000,8349621,7671791,0.918819,92,0,935
7950000,8395976,7719204,0.919393,92,0,935
8000000,8442288,7766494,0.9199510000000001,92,0,941
8050000,8488546,7813796,0.9205110000000001,92,0,946
8100000,8534888,7861033,0.921047,92,0,949
8150000,8580927,7908349,0.9216190000000001,92,0,947
8200000,8626997,7955682,0.922184,94,0,946
8250000,8672850,8002915,0.9227549999999999,96,0,950
8300000,8718790,8050217,0.9233180000000001,96,0,951
8350000,8764971,8097566,0.923855,98,0,944
8400000,8810968,8144826,0.9243959999999999,100,0,944
8450000,8856912,8192034,0.924931,100,0,935
8500000,8902767,8239199,0.925465,100,0,949
8550000,8948524,8286353,0.926002,101,0,930
8600000,8994227,8333521,0.926541,101,0,941
8650000,9039983,8380625,0.927062,101,0,932
8700000,9085635,8427713,0.927587,102,0,946
8750000,9131286,8474797,0.928106,102,0,944
8800000,9176748,8521857,0.928636,102,0,922
8850000,9222171,8568975,0.9291709999999999,103,0,946
8900000,9267575,8616072,0.929701,103,0,941
8950000,9313181,8663161,0.9302040000000001,103,0,944
9000000,9358425,8710132,0.930726,103,0,936
9050000,9403631,8757161,0.9312530000000001,104,0,948
9100000,9448849,8804236,0.9317790000000001,104,0,949
9150000,9494157,8851195,0.932278,104,0,934
9200000,9539430,8898194,0.9327799999999999,104,0,942
9250000,9584642,8945124,0.933277,105,0,942
9300000,9629878,8992148,0.933776,105,0,951
9350000,9674935,9039107,0.9342809999999999,105,0,943
9400000,9720010,9086024,0.934775,105,0,930
9450000,9765078,9132892,0.935261,106,0,953
9500000,9809999,9179819,0.9357610000000001,106,0,946
9550000,9854889,9226701,0.936256,106,0,957
9600000,9899784,9273672,0.9367549999999999,106,0,936
9650000,9944648,9320489,0.9372370000000001,106,0,937
9700000,9989323,9367300,0.937731,107,0,945
9750000,10034072,9414201,0.9382229999999999,107,0,932
9800000,10078658,9460992,0.938715,108,0,938
9850000,10123408,9507793,0.9391889999999999,109,0,953
9900000,10168010,9554496,0.9396620000000001,109,0,935
9950000,10212473,9601348,0.940159,109,0,943
10000000,10256980,9648138,0.940641,109,0,938
10050000,10301482,9694948,0.9411219999999999,109,0,936
10100000,10345997,9741684,0.9415899999999999,109,0,943
10150000,10390362,9788465,0.9420719999999999,109,0,954
10200000,10434731,9835241,0.942549,109,0,930
10250000,10478921,9881911,0.9430280000000001,109,0,935
10300000,10523192,9928563,0.943493,109,0,923
10350000,10567235,9975161,0.9439709999999999,109,0,923
10400000,10611333,10021905,0.9444530000000001,109,0,935
10450000,10655570,10068571,0.9449120000000001,110,0,926
10500000,10699766,10115209,0.945367,110,0,931
10550000,10743840,10161843,0.94583,111,0,925
10600000,10787690,10208471,0.946307,111,0,946
10650000,10831640,10255091,0.946772,111,0,933
10700000,10875584,10301726,0.947234,111,0,935
10750000,10919569,10348300,0.947684,111,0,935
10800000,10963567,10394864,0.9481280000000001,112,0,926
10850000,11007399,10441471,0.9485870000000001,112,0,926
10900000,11051353,10488067,0.9490299999999999,112,0,929
10950000,11095044,10534603,0.9494870000000001,112,0,936
11000000,11138821,10581257,0.949944,112,0,925
11050000,11182472,10627776,0.9503959999999999,113,0,926
11100000,11226250,10674325,0.950836,114,0,944
11150000,11269709,10720826,0.9512959999999999,114,0,942
11200000,11313415,10767330,0.951731,114,0,935
11250000,11356915,10813862,0.952183,114,0,917
11300000,11400434,10860388,0.9526290000000001,114,0,935
11350000,11444019,10906850,0.953061,114,0,934
11400000,11487446,10953351,0.953506,114,0,921
11450000,11530725,10999670,0.953944,114,0,924
11500000,11574129,11046152,0.954383,115,0,926
11550000,11617399,11092637,0.95483,115,0,927
11600000,11660678,11139074,0.955268,116,0,928
11650000,11703946,11185447,0.955699,116,0,921
11700000,11747182,11231761,0.956124,116,0,932
11750000,11790447,11278175,0.9565520000000001,116,0,939
11800000,11833584,11324504,0.9569799999999999,116,0,926
11850000,11876527,11370670,0.957407,116,0,922
11900000,11919709,11416905,0.957817,116,0,924
11950000,11962816,11463179,0.958234,116,0,939
12000000,12006059,11509514,0.958642,116,0,919
12050000,12049087,11555908,0.9590690000000001,116,0,920
12100000,12091880,11602092,0.9594940000000001,116,0,934
12150000,12134746,11648284,0.9599120000000001,117,0,932
12200000,12177554,11694568,0.9603379999999999,117,0,928
12250000,12220473,11740839,0.960752,118,0,924
12300000,12263204,11787109,0.9611770000000001,118,0,917
12350000,12306027,11833308,0.961586,118,0,903
12400000,12348847,11879555,0.9619969999999999,119,0,930
12450000,12391512,11925739,0.962412,119,0,932
12500000,12434185,11971938,0.962825,119,0,942
12550000,12476898,12018131,0.963231,119,0,939
12600000,12519711,12064358,0.9636290000000001,119,0,932
12650000,12562349,12110472,0.9640290000000001,120,0,911
12700000,12604794,12156594,0.964442,120,0,911
12750000,12647302,12202696,0.9648459999999999,120,0,911
12800000,12689621,12248784,0.96526,120,0,931
12850000,12732133,12294863,0.965656,120,0,923
12900000,12774412,12340976,0.9660700000000001,121,0,925
12950000,12816857,12387089,0.966469,121,0,934
13000000,12859204,12433142,0.966867,121,0,924
13050000,12901376,12479194,0.967276,121,0,920
13100000,12943594,12525271,0.9676809999999999,122,0,925
13150000,12985765,12571224,0.9680770000000001,122,0,921
13200000,13027781,12617153,0.9684809999999999,122,0,928
13250000,13069746,12663112,0.968887,123,0,913
13300000,13111840,12709154,0.9692879999999999,123,0,905
13350000,13154036,12755192,0.9696790000000001,124,0,922
13400000,13196174,12801170,0.970067,125,0,929
13450000,13238243,12847176,0.970459,126,0,924
13500000,13280385,12893232,0.9708479999999999,127,0,926
13550000,13322496,12939242,0.971233,127,0,923
13600000,13364575,12985100,0.971606,127,0,919
13650000,13406677,13031031,0.971981,127,0,921
13700000,13448612,13076982,0.972367,127,0,911
13750000,13490520,13122908,0.97275,127,0,914
13800000,13532303,13168794,0.973138,127,0,921
13850000,13574079,13214578,0.9735159999999999,127,0,909
13900000,13615759,13260387,0.9739,127,0,911
13950000,13657651,13306259,0.9742709999999999,127,0,902
14000000,13699497,13352162,0.9746459999999999,127,0,924
14050000,13741060,13397891,0.9750260000000001,128,0,901
14100000,13782634,13443748,0.9754120000000001,128,0,925
14150000,13824130,13489552,0.9757979999999999,129,0,908
14200000,13865680,13535272,0.9761709999999999,129,0,927
14250000,13907165,13581100,0.976554,130,0,898
14300000,13948657,13626816,0.976927,130,0,920
14350000,13990068,13672536,0.977303,130,0,916
14400000,14031265,13718192,0.9776870000000001,130,0,919
14450000,14072748,13763981,0.978059,131,0,917
14500000,14114129,13809691,0.9784299999999999,131,0,904
14550000,14155536,13855261,0.9787870000000001,131,0,924
14600000,14196895,13900938,0.979153,131,0,911
14650000,14238337,13946655,0.979514,131,0,906
14700000,14279429,13992366,0.9798969999999999,131,0,902
14750000,14320643,14037995,0.9802629999999999,132,0,907
14800000,14361854,14083644,0.9806290000000001,133,0,904
14850000,14402828,14129246,0.9810049999999999,133,0,899
14900000,14443816,14174747,0.9813709999999999,133,0,907
14950000,14484651,14220303,0.98175,134,0,916
15000000,14525626,14265839,0.982115,134,0,924
15050000,14566833,14311416,0.982466,134,0,925
15100000,14607763,14356964,0.9828309999999999,134,0,920
15150000,14648832,14402564,0.983189,134,0,912
15200000,14689850,14448131,0.9835450000000001,134,0,914
15250000,14730869,14493782,0.9839049999999999,134,0,918
15300000,14771763,14539311,0.9842639999999999,134,0,909
15350000,14812586,14584926,0.9846309999999999,134,0,912
15400000,14853314,14630513,0.985,134,0,910
15450000,14894186,14676098,0.985358,134,0,917
15500000,14934768,14721515,0.985721,134,0,911
15550000,14975639,14767059,0.986072,134,0,914
15600000,15016126,14812436,0.9864350000000001,134,0,893
15650000,15056758,14857906,0.986793,134,0,905
15700000,15097558,14903363,0.987137,134,0,905
15750000,15138260,14948854,0.9874879999999999,136,0,907
15800000,15178778,14994243,0.987843,137,0,904
15850000,15219211,15039553,0.988195,137,0,904
15900000,15259845,15084903,0.9885360000000001,137,0,913
15950000,15300403,15130290,0.9888819999999999,137,0,914
