timestep,num_nodes,num_edges,average_degree,max_degree,num_triangles,new_edges
0,1755,1000,0.569801,1,0,1000
50000,81871,50986,0.6227600000000001,4,0,1000
100000,156056,100939,0.646813,5,0,1000
150000,227096,150890,0.6644329999999999,6,0,998
200000,296342,200810,0.677629,7,0,995
250000,364271,250709,0.688249,7,0,997
300000,430901,300560,0.697515,7,0,993
350000,496810,350399,0.705298,7,0,998
400000,561797,400236,0.712421,7,0,999
450000,625773,450058,0.7192029999999999,9,0,997
500000,689387,499839,0.7250479999999999,9,0,995
550000,752458,549597,0.730402,9,0,996
600000,814640,599303,0.7356659999999999,10,0,993
650000,876537,649011,0.740426,11,0,993
700000,938103,698719,0.744821,11,0,993
750000,999203,748399,0.748996,12,0,994
800000,1059873,798013,0.752933,12,0,990
850000,1120284,847644,0.756633,13,0,995
900000,1180311,897236,0.760169,14,0,991
950000,1239894,946817,0.7636270000000001,14,0,992
1000000,1299331,996387,0.766846,15,0,992
1050000,1358475,1045923,0.7699239999999999,16,0,993
1100000,1417305,1095449,0.77291,16,0,992
1150000,1475911,1144951,0.775759,16,0,992
1200000,1534251,1194453,0.778525,18,0,983
1250000,1592472,1243945,0.781141,18,0,988
1300000,1650348,1293400,0.783713,18,0,987
1350000,1707813,1342837,0.7862899999999999,19,0,992
1400000,1765183,1392232,0.788718,19,0,992
1450000,1822509,1441597,0.790996,19,0,987
1500000,1879583,1490983,0.7932520000000001,19,0,988
1550000,1936361,1540307,0.795465,20,0,981
1600000,1993072,1589640,0.797583,20,0,988
1650000,2049433,1638991,0.799729,21,0,988
1700000,2105937,1688299,0.801685,22,0,982
1750000,2162144,1737571,0.803633,22,0,988
1800000,2218332,1786848,0.805492,23,0,985
1850000,2274354,1836090,0.8073020000000001,24,0,985
1900000,2329974,1885261,0.809134,24,0,978
1950000,2385710,1934491,0.810866,24,0,983
2000000,2441350,1983703,0.812543,24,0,987
2050000,2496574,2032901,0.814276,25,0,987
2100000,2551569,2082046,0.815987,27,0,992
2150000,2606636,2131201,0.817606,27,0,985
2200000,2661363,2180325,0.8192510000000001,27,0,970
2250000,2716231,2229433,0.820782,28,0,988
2300000,2770784,2278552,0.822349,30,0,990
2350000,2825166,2327645,0.8238969999999999,30,0,984
2400000,2879577,2376707,0.825367,32,0,981
2450000,2933728,2425739,0.826845,32,0,979
2500000,2987851,2474767,0.828277,34,0,976
2550000,3041860,2523727,0.829666,34,0,984
2600000,3095837,2572748,0.8310350000000001,35,0,976
2650000,3149731,2621711,0.83236,36,0,985
2700000,3203462,2670683,0.833686,38,0,986
2750000,3256997,2719610,0.8350049999999999,40,0,973
2800000,3310474,2768532,0.8362950000000001,41,0,975
2850000,3363891,2817413,0.8375459999999999,41,0,975
2900000,3417093,2866247,0.8387969999999999,41,0,969
2950000,3470246,2915102,0.8400270000000001,43,0,975
3000000,3523289,2963870,0.8412229999999999,44,0,968
3050000,3576126,3012652,0.842435,45,0,975
3100000,3628983,3061444,0.843609,46,0,974
3150000,3681694,3110211,0.844777,46,0,969
3200000,3734290,3159001,0.845944,46,0,968
3250000,3786833,3207743,0.8470780000000001,46,0,968
3300000,3839248,3256509,0.8482149999999999,47,0,974
3350000,3891595,3305265,0.849334,47,0,975
3400000,3943774,3353942,0.85044,47,0,969
3450000,3996065,3402666,0.851504,47,0,968
3500000,4048024,3451333,0.8525969999999999,49,0,978
3550000,4099863,3499911,0.853665,50,0,967
3600000,4151769,3548507,0.854698,50,0,969
3650000,4203431,3597104,0.8557540000000001,51,0,969
3700000,4254898,3645657,0.856814,51,0,972
3750000,4306599,3694317,0.857827,51,0,979
3800000,4358072,3742854,0.858833,51,0,967
3850000,4409454,3791394,0.859833,52,0,959
3900000,4460782,3839926,0.860819,53,0,963
3950000,4512104,3888546,0.8618030000000001,54,0,974
4000000,4563368,3937035,0.862748,55,0,964
4050000,4614693,3985563,0.863668,55,0,970
4100000,4665605,4034065,0.8646389999999999,55,0,966
4150000,4716514,4082486,0.8655729999999999,55,0,972
4200000,4767421,4130972,0.8665,57,0,973
4250000,4818151,4179385,0.867425,57,0,973
4300000,4868868,4227811,0.8683360000000001,57,0,974
4350000,4919464,4276150,0.869231,57,0,968
4400000,4969984,4324502,0.870124,57,0,966
4450000,5020298,4372869,0.8710379999999999,57,0,965
4500000,5070709,4421221,0.871914,57,0,959
4550000,5121004,4469542,0.8727860000000001,57,0,961
4600000,5171194,4517829,0.873653,58,0,964
4650000,5221384,4566191,0.874517,59,0,962
4700000,5271262,4614458,0.8753989999999999,59,0,970
4750000,5321310,4662738,0.876239,59,0,964
4800000,5371293,4710997,0.8770690000000001,60,0,966
4850000,5421247,4759204,0.8778799999999999,60,0,963
4900000,5471108,4807456,0.878699,60,0,969
4950000,5520887,4855633,0.879502,60,0,960
5000000,5570482,4903841,0.880326,60,0,963
5050000,5620047,4952064,0.881143,62,0,961
5100000,5669614,5000257,0.88194,62,0,955
5150000,5719043,5048326,0.8827219999999999,63,0,956
5200000,5768468,5096447,0.883501,63,0,962
5250000,5817803,5144581,0.884282,63,0,968
5300000,5867020,5192669,0.8850610000000001,64,0,957
5350000,5916180,5240738,0.8858309999999999,65,0,958
5400000,5965410,5288795,0.8865770000000001,65,0,960
5450000,6014652,5336877,0.8873129999999999,65,0,967
5500000,6063760,5384883,0.8880440000000001,65,0,962
5550000,6112714,5432924,0.888791,65,0,960
5600000,6161505,5480848,0.889531,65,0,959
5650000,6210204,5528762,0.8902709999999999,66,0,950
5700000,6259037,5576704,0.890984,66,0,965
5750000,6307838,5624678,0.891697,66,0,973
5800000,6356317,5672529,0.892424,66,0,945
5850000,6404849,5720471,0.8931469999999999,66,0,965
5900000,6453364,5768408,0.893861,66,0,958
5950000,6502078,5816273,0.894525,66,0,958
6000000,6550383,5864146,0.8952370000000001,66,0,962
6050000,6598802,5911993,0.895919,66,0,964
6100000,6647080,5959849,0.8966120000000001,67,0,962
6150000,6695071,6007660,0.8973260000000001,69,0,955
6200000,6743345,6055558,0.8980049999999999,69,0,956
6250000,6791491,6103359,0.8986770000000001,70,0,959
6300000,6839655,6151183,0.899341,70,0,944
6350000,6887645,6198987,0.900015,70,0,960
6400000,6935775,6246740,0.9006549999999999,71,0,956
6450000,6983727,6294498,0.901309,72,0,950
6500000,7031498,6342245,0.901976,72,0,961
6550000,7079260,6390005,0.9026370000000001,72,0,958
6600000,7127060,6437635,0.903267,72,0,955
6650000,7174718,6485294,0.903909,72,0,956
6700000,7222300,6532877,0.904542,72,0,953
6750000,7269762,6580511,0.9051889999999999,73,0,961
6800000,7317316,6628193,0.9058229999999999,73,0,958
6850000,7364617,6675750,0.9064629999999999,73,0,959
6900000,7412127,6723390,0.9070799999999999,74,0,967
6950000,7459534,6771076,0.907708,74,0,955
7000000,7506866,6818734,0.908333,74,0,942
7050000,7554040,6866307,0.908958,74,0,950
7100000,7601183,6913951,0.909589,74,0,949
7150000,7648329,6961495,0.910198,74,0,954
7200000,7695360,7008996,0.910808,74,0,953
7250000,7742448,7056572,0.911414,74,0,953
7300000,7789452,7104068,0.912011,76,0,949
7350000,7836379,7151582,0.9126129999999999,77,0,944
7400000,7883188,7199053,0.913216,77,0,928
7450000,7929983,7246523,0.9138129999999999,77,0,949
7500000,7976863,7294013,0.9143959999999999,77,0,948
7550000,8023386,7341454,0.915007,77,0,955
7600000,8070166,7388851,0.9155760000000001,77,0,948
7650000,8116922,7436213,0.9161370000000001,77,0,943
7700000,8163475,7483604,0.916718,77,0,945
7750000,8209688,7530906,0.917319,78,0,951
7800000,8256453,7578343,0.917869,79,0,964
7850000,8302974,7625816,0.918444,80,0,959
7900000,8349270,7673172,0.9190229999999999,80,0,934
7950000,8395584,7720419,0.919581,80,0,944
8000000,8441816,7767800,0.920157,80,0,957
8050000,8488118,7815038,0.920703,81,0,948
8100000,8534327,7862278,0.9212530000000001,81,0,943
8150000,8580602,7909530,0.9217920000000001,82,0,946
8200000,8626793,7956864,0.922343,83,0,939
8250000,8672708,8004124,0.922909,84,0,945
8300000,8718548,8051284,0.923466,85,0,955
8350000,8764425,8098418,0.92401,85,0,935
8400000,8810433,8145627,0.924543,85,0,928
8450000,8856449,8192885,0.925076,86,0,933
8500000,8902197,8240074,0.925623,86,0,943
8550000,8947964,8287300,0.9261659999999999,86,0,946
8600000,8993766,8334498,0.9266969999999999,86,0,935
8650000,9039555,8381704,0.927225,87,0,949
8700000,9085208,8428823,0.927752,87,0,949
8750000,9130949,8475892,0.9282600000000001,87,0,937
8800000,9176521,8523009,0.928784,87,0,942
8850000,9221824,8569979,0.929315,87,0,916
8900000,9267174,8617038,0.929845,87,0,940
8950000,9312691,8664171,0.9303620000000001,89,0,943
9000000,9357866,8711101,0.9308850000000001,90,0,925
9050000,9403203,8758136,0.931399,91,0,946
9100000,9448622,8805180,0.931901,91,0,936
9150000,9493806,8852213,0.93242,91,0,951
9200000,9539092,8899239,0.932923,95,0,934
9250000,9584088,8946136,0.933436,95,0,929
9300000,9629322,8993172,0.9339360000000001,95,0,940
9350000,9674239,9040102,0.934451,95,0,926
9400000,9719459,9087095,0.9349379999999999,96,0,938
9450000,9764449,9134016,0.935436,96,0,936
9500000,9809405,9180930,0.935931,97,0,933
9550000,9854104,9227756,0.9364379999999999,97,0,930
9600000,9898950,9274641,0.936932,97,0,939
9650000,9943751,9321533,0.937426,98,0,936
9700000,9988531,9368297,0.9379049999999999,98,0,957
9750000,10033083,9415059,0.938401,98,0,939
9800000,10077715,9461899,0.938893,99,0,943
9850000,10122333,9508651,0.9393729999999999,99,0,931
9900000,10167021,9555448,0.939847,99,0,935
9950000,10211631,9602264,0.940326,99,0,930
10000000,10256299,9649038,0.9407909999999999,99,0,936
10050000,10300741,9695788,0.9412709999999999,101,0,941
10100000,10345221,9742508,0.9417399999999999,101,0,951
10150000,10389500,9789227,0.9422229999999999,101,0,935
10200000,10434052,9835986,0.942681,101,0,931
10250000,10478514,9882835,0.943152,101,0,941
10300000,10522887,9929493,0.943609,102,0,950
10350000,10567215,9976239,0.944075,104,0,941
10400000,10611443,10022887,0.944536,104,0,923
10450000,10655556,10069529,0.945003,107,0,926
10500000,10699702,10116248,0.94547,107,0,930
10550000,10743689,10162879,0.945939,107,0,939
10600000,10787640,10209564,0.946413,107,0,923
10650000,10831654,10256194,0.9468719999999999,107,0,930
10700000,10875566,10302817,0.9473360000000001,107,0,931
10750000,10919468,10349424,0.9477959999999999,107,0,942
10800000,10963458,10396014,0.948242,107,0,944
10850000,11007502,10442545,0.948675,107,0,921
10900000,11051209,10489162,0.949142,107,0,930
10950000,11094984,10535685,0.9495899999999999,108,0,939
11000000,11138730,10582156,0.950033,108,0,927
11050000,11182326,10628680,0.9504889999999999,108,0,919
11100000,11226080,10675301,0.950938,109,0,933
11150000,11269679,10721827,0.9513870000000001,110,0,936
11200000,11313369,10768353,0.951825,110,0,936
11250000,11357029,10814876,0.952263,110,0,926
11300000,11400599,10861348,0.9527,111,0,944
11350000,11444073,10907802,0.95314,111,0,937
11400000,11487596,10954250,0.953572,111,0,924
11450000,11531160,11000594,0.953988,112,0,925
11500000,11574470,11046977,0.954426,112,0,933
11550000,11617535,11093332,0.9548780000000001,113,0,926
11600000,11660796,11139686,0.955311,113,0,938
11650000,11704136,11186132,0.955742,114,0,912
11700000,11747671,11232630,0.956158,114,0,942
11750000,11790979,11279010,0.9565799999999999,115,0,925
11800000,11834220,11325405,0.9570049999999999,115,0,949
11850000,11877119,11371670,0.957443,115,0,923
11900000,11920290,11418051,0.957867,115,0,917
11950000,11963298,11464405,0.958298,116,0,922
12000000,12006348,11510695,0.958717,118,0,916
12050000,12049441,11557057,0.9591360000000001,118,0,935
12100000,12092277,11603228,0.959557,118,0,934
12150000,12134969,11649433,0.959989,118,0,917
12200000,12177818,11695790,0.960418,118,0,920
12250000,12220638,11741977,0.960832,118,0,917
12300000,12263353,11788206,0.961255,119,0,936
12350000,12305953,11834325,0.961675,119,0,927
12400000,12348591,11880464,0.962091,119,0,929
12450000,12391426,11926717,0.962498,119,0,922
12500000,12434105,11972906,0.962909,119,0,935
12550000,12476675,12019021,0.963319,119,0,919
12600000,12519299,12065163,0.963725,120,0,922
12650000,12561917,12111177,0.9641190000000001,120,0,919
12700000,12604265,12157131,0.964525,120,0,912
12750000,12646748,12203179,0.9649260000000001,120,0,919
12800000,12689195,12249299,0.965333,121,0,941
12850000,12731653,12295410,0.965736,123,0,917
12900000,12774105,12341583,0.966141,123,0,919
12950000,12816270,12387586,0.9665520000000001,123,0,921
13000000,12858476,12433510,0.966951,123,0,900
13050000,12900877,12479493,0.9673370000000001,123,0,913
13100000,12943141,12525466,0.96773,123,0,907
13150000,12985280,12571486,0.968134,123,0,924
13200000,13027487,12617495,0.9685290000000001,124,0,918
13250000,13069612,12663568,0.968932,124,0,926
13300000,13111881,12709608,0.9693200000000001,124,0,932
13350000,13154104,12755628,0.969707,126,0,911
13400000,13196150,12801552,0.970097,126,0,921
13450000,13238305,12847611,0.9704879999999999,126,0,895
13500000,13280261,12893538,0.97088,126,0,930
13550000,13322359,12939575,0.971268,126,0,937
13600000,13364360,12985499,0.971651,126,0,917
13650000,13406290,13031382,0.972035,126,0,903
13700000,13448105,13077294,0.972427,126,0,929
13750000,13489967,13123181,0.9728100000000001,126,0,920
13800000,13531848,13169038,0.9731879999999999,126,0,913
13850000,13573302,13214822,0.9735889999999999,126,0,911
13900000,13615170,13260606,0.973958,128,0,930
13950000,13656947,13306363,0.9743290000000001,128,0,918
14000000,13698563,13352212,0.974716,128,0,913
14050000,13740280,13397965,0.975087,128,0,916
14100000,13781964,13443781,0.975462,128,0,924
14150000,13823564,13489494,0.975833,128,0,912
14200000,13864984,13535304,0.9762219999999999,129,0,901
14250000,13906568,13581086,0.9765950000000001,129,0,895
14300000,13948188,13626933,0.9769680000000001,130,0,914
14350000,13989626,13672740,0.977349,130,0,926
14400000,14030978,13718466,0.977727,130,0,913
14450000,14072365,13764245,0.9781049999999999,130,0,900
14500000,14113702,13809973,0.9784799999999999,131,0,929
14550000,14155047,13855614,0.9788459999999999,131,0,927
14600000,14196458,13901358,0.9792129999999999,131,0,918
14650000,14237744,13946955,0.979576,131,0,911
14700000,14278887,13992597,0.97995,131,0,906
14750000,14320120,14038248,0.980316,131,0,922
14800000,14361243,14083893,0.9806879999999999,131,0,918
14850000,14402458,14129557,0.981052,131,0,911
14900000,14443504,14175158,0.9814209999999999,131,0,909
14950000,14484668,14220708,0.981777,131,0,924
15000000,14525728,14266293,0.98214,131,0,909
15050000,14566656,14311931,0.982513,131,0,909
15100000,14607596,14357398,0.982872,131,0,909
15150000,14648639,14402954,0.9832280000000001,132,0,911
15200000,14689465,14448432,0.983591,132,0,925
15250000,14730182,14493939,0.9839620000000001,133,0,918
15300000,14771066,14539509,0.984324,133,0,921
15350000,14811974,14584986,0.984675,133,0,897
15400000,14852810,14630505,0.985033,133,0,913
15450000,14893441,14675836,0.985389,133,0,910
15500000,14934315,14721308,0.9857370000000001,133,0,893
15550000,14974949,14766760,0.9860979999999999,133,0,894
15600000,15015581,14812125,0.98645,133,0,911
15650000,15056361,14857643,0.9868020000000001,133,0,903
15700000,15097129,14903053,0.987145,133,0,896
15750000,15137989,14948560,0.9874870000000001,134,0,913
15800000,15178626,14994001,0.9878370000000001,135,0,927
15850000,15219178,15039476,0.988192,136,0,893
15900000,15259791,15084896,0.988539,136,0,922
15950000,15300263,15130150,0.9888819999999999,137,0,917
