timestep,num_nodes,num_edges,average_degree,max_degree,num_triangles,new_edges
0,1981,1000,0.504796,3,0,1000
50000,80462,51000,0.63384,85,0,1000
100000,144059,101000,0.701102,161,0,1000
150000,200785,151000,0.7520479999999999,237,0,1000
200000,253036,201000,0.794353,324,0,1000
250000,302342,251000,0.8301860000000001,386,0,1000
300000,348656,301000,0.8633149999999999,457,0,1000
350000,392739,351000,0.8937229999999999,540,0,1000
400000,434833,401000,0.922193,614,0,1000
450000,475386,451000,0.9487030000000001,687,0,1000
500000,514548,501000,0.97367,766,0,1000
550000,552279,551000,0.997684,852,0,1000
600000,589141,601000,1.02013,923,0,1000
650000,624946,651000,1.04169,994,0,1000
700000,659950,701000,1.0622,1055,0,1000
750000,693999,751000,1.08213,1126,0,1000
800000,727203,801000,1.10148,1200,0,1000
850000,759848,851000,1.11996,1280,0,1000
900000,791827,901000,1.1378700000000002,1344,0,1000
950000,823066,951000,1.15544,1408,0,1000
1000000,853717,1001000,1.17252,1488,0,1000
1050000,883849,1051000,1.1891200000000002,1545,0,1000
1100000,913420,1101000,1.20536,1629,0,1000
1150000,942479,1151000,1.22125,1711,0,1000
1200000,970998,1201000,1.2368700000000001,1791,0,1000
1250000,998926,1251000,1.25235,1854,0,1000
1300000,1026610,1301000,1.26728,1923,0,1000
1350000,1054013,1351000,1.28177,1997,0,1000
1400000,1080972,1401000,1.29606,2071,0,1000
1450000,1107449,1451000,1.3102200000000002,2148,0,1000
1500000,1133536,1501000,1.32417,2224,0,1000
1550000,1159097,1551000,1.3381100000000001,2290,0,1000
1600000,1184418,1601000,1.35172,2354,0,1000
1650000,1209277,1651000,1.3652799999999998,2431,0,1000
1700000,1233832,1701000,1.37863,2496,0,1000
1750000,1258266,1751000,1.3916,2572,0,1000
1800000,1282485,1801000,1.4043,2650,0,1000
1850000,1306353,1851000,1.4169200000000002,2720,0,1000
1900000,1329680,1901000,1.42967,2802,0,1000
1950000,1353102,1951000,1.44187,2890,0,1000
2000000,1376000,2001000,1.45422,2974,0,1000
2050000,1398910,2051000,1.46614,3038,0,1000
2100000,1421485,2101000,1.47803,3114,0,1000
2150000,1443913,2151000,1.4897,3188,0,1000
2200000,1466123,2201000,1.50124,3253,0,1000
2250000,1488036,2251000,1.51273,3335,0,1000
2300000,1509565,2301000,1.5242799999999999,3431,0,1000
2350000,1530988,2351000,1.5356100000000001,3508,0,1000
2400000,1552327,2401000,1.54671,3604,0,1000
2450000,1573438,2451000,1.55774,3681,0,1000
2500000,1594305,2501000,1.56871,3761,0,1000
2550000,1615034,2551000,1.5795299999999999,3839,0,1000
2600000,1635443,2601000,1.59039,3925,0,1000
2650000,1655674,2651000,1.6011600000000001,4016,0,1000
2700000,1675625,2701000,1.61194,4093,0,1000
2750000,1695620,2751000,1.62242,4166,0,1000
2800000,1715511,2801000,1.63275,4250,0,1000
2850000,1735327,2851000,1.6429200000000002,4338,0,1000
2900000,1754937,2901000,1.65305,4405,0,1000
2950000,1774364,2951000,1.66313,4503,0,1000
3000000,1793716,3001000,1.6730599999999998,4583,0,1000
3050000,1812878,3051000,1.6829599999999998,4666,0,1000
3100000,1831734,3101000,1.6929299999999998,4749,0,1000
3150000,1850574,3151000,1.70271,4830,0,1000
3200000,1869202,3201000,1.7125,4913,0,1000
3250000,1887600,3251000,1.72229,4998,0,1000
3300000,1905873,3301000,1.7320099999999998,5086,0,1000
3350000,1924073,3351000,1.7416200000000002,5163,0,1000
3400000,1942206,3401000,1.7511,5245,0,1000
3450000,1960291,3451000,1.76045,5318,0,1000
3500000,1978088,3501000,1.7698900000000002,5411,0,1000
3550000,1995738,3551000,1.77929,5485,0,1000
3600000,2013409,3601000,1.7885099999999998,5555,0,1000
3650000,2030898,3651000,1.7977299999999998,5630,0,1000
3700000,2048434,3701000,1.80675,5693,0,1000
