timestep,num_nodes,num_edges,average_degree,max_degree,num_triangles,new_edges
0,1980,1000,0.505051,2,0,1000
50000,80257,51000,0.635459,85,0,1000
100000,144057,101000,0.7011109999999999,156,0,1000
150000,200786,151000,0.7520439999999999,226,0,1000
200000,253124,201000,0.794077,307,0,1000
250000,302013,251000,0.83109,373,0,1000
300000,348172,301000,0.8645149999999999,458,0,1000
350000,392099,351000,0.8951819999999999,539,0,1000
400000,434691,401000,0.922494,612,0,1000
450000,475305,451000,0.9488639999999999,705,0,1000
500000,514694,501000,0.9733940000000001,782,0,1000
550000,552683,551000,0.9969549999999999,863,0,1000
600000,589588,601000,1.01936,960,0,1000
650000,625643,651000,1.04053,1042,0,1000
700000,660498,701000,1.06132,1117,0,1000
750000,694461,751000,1.08141,1179,0,1000
800000,727752,801000,1.10065,1254,0,1000
850000,760491,851000,1.11901,1333,0,1000
900000,792232,901000,1.13729,1414,0,1000
950000,823625,951000,1.15465,1483,0,1000
1000000,854171,1001000,1.1719,1574,0,1000
1050000,884207,1051000,1.18864,1653,0,1000
1100000,913675,1101000,1.20502,1726,0,1000
1150000,942585,1151000,1.2211100000000001,1807,0,1000
1200000,971328,1201000,1.23645,1895,0,1000
1250000,999441,1251000,1.2517,1978,0,1000
1300000,1027072,1301000,1.26671,2049,0,1000
1350000,1054367,1351000,1.28134,2114,0,1000
1400000,1081191,1401000,1.29579,2183,0,1000
1450000,1107646,1451000,1.30999,2265,0,1000
1500000,1133620,1501000,1.32408,2348,0,1000
1550000,1159229,1551000,1.33796,2416,0,1000
1600000,1184505,1601000,1.35162,2501,0,1000
1650000,1209390,1651000,1.36515,2571,0,1000
1700000,1234116,1701000,1.3783100000000001,2635,0,1000
1750000,1258535,1751000,1.3913,2706,0,1000
1800000,1282630,1801000,1.40415,2784,0,1000
1850000,1306587,1851000,1.41667,2873,0,1000
1900000,1329985,1901000,1.42934,2950,0,1000
1950000,1353380,1951000,1.4415799999999999,3013,0,1000
2000000,1376371,2001000,1.4538200000000001,3077,0,1000
2050000,1399244,2051000,1.46579,3154,0,1000
2100000,1421589,2101000,1.4779200000000001,3213,0,1000
2150000,1443903,2151000,1.48971,3284,0,1000
2200000,1466095,2201000,1.50127,3355,0,1000
2250000,1488126,2251000,1.51264,3418,0,1000
2300000,1509700,2301000,1.52414,3494,0,1000
2350000,1531222,2351000,1.53538,3560,0,1000
2400000,1552288,2401000,1.54675,3650,0,1000
2450000,1573117,2451000,1.55805,3734,0,1000
2500000,1593987,2501000,1.56902,3810,0,1000
2550000,1614725,2551000,1.57984,3909,0,1000
2600000,1635202,2601000,1.59063,3986,0,1000
2650000,1655575,2651000,1.6012600000000001,4061,0,1000
2700000,1675566,2701000,1.61199,4137,0,1000
2750000,1695356,2751000,1.62267,4222,0,1000
2800000,1715129,2801000,1.63311,4298,0,1000
2850000,1734845,2851000,1.64337,4360,0,1000
2900000,1754471,2901000,1.6534900000000001,4433,0,1000
2950000,1774053,2951000,1.6634200000000001,4510,0,1000
3000000,1793327,3001000,1.67343,4584,0,1000
3050000,1812405,3051000,1.6834,4662,0,1000
3100000,1831331,3101000,1.6933,4750,0,1000
3150000,1850073,3151000,1.70318,4841,0,1000
3200000,1868767,3201000,1.7128900000000002,4923,0,1000
3250000,1887139,3251000,1.72271,5000,0,1000
3300000,1905516,3301000,1.7323400000000002,5056,0,1000
3350000,1923769,3351000,1.7418900000000002,5118,0,1000
3400000,1942012,3401000,1.75128,5201,0,1000
3450000,1960169,3451000,1.76056,5284,0,1000
3500000,1977897,3501000,1.7700599999999997,5355,0,1000
3550000,1995587,3551000,1.7794299999999998,5436,0,1000
3600000,2013400,3601000,1.78852,5529,0,1000
3650000,2030868,3651000,1.79775,5606,0,1000
3700000,2048352,3701000,1.80682,5679,0,1000
