timestep,num_nodes,num_edges,average_degree,max_degree,num_triangles,new_edges
0,1972,1000,0.507099,5,0,1000
50000,80088,51000,0.6368,74,0,1000
100000,143578,101000,0.70345,151,0,1000
150000,200171,151000,0.754355,216,0,1000
200000,252398,201000,0.796361,290,0,1000
250000,301355,251000,0.8329049999999999,361,0,1000
300000,348034,301000,0.864858,435,0,1000
350000,392150,351000,0.895066,488,0,1000
400000,434516,401000,0.922866,569,0,1000
450000,475062,451000,0.94935,638,0,1000
500000,514420,501000,0.9739120000000001,708,0,1000
550000,552647,551000,0.99702,783,0,1000
600000,589435,601000,1.01962,860,0,1000
650000,625553,651000,1.0406799999999998,937,0,1000
700000,660368,701000,1.0615299999999999,1014,0,1000
750000,694347,751000,1.08159,1085,0,1000
800000,727678,801000,1.10076,1161,0,1000
850000,760393,851000,1.11916,1244,0,1000
900000,792225,901000,1.1373,1308,0,1000
950000,823409,951000,1.15495,1375,0,1000
1000000,854103,1001000,1.1719899999999999,1464,0,1000
1050000,883847,1051000,1.1891200000000002,1546,0,1000
1100000,913490,1101000,1.20527,1608,0,1000
1150000,942573,1151000,1.2211299999999998,1685,0,1000
1200000,971391,1201000,1.23637,1753,0,1000
1250000,999296,1251000,1.2518799999999999,1843,0,1000
1300000,1026913,1301000,1.2669,1927,0,1000
1350000,1053975,1351000,1.2818100000000001,1996,0,1000
1400000,1080786,1401000,1.2962799999999999,2085,0,1000
1450000,1107397,1451000,1.31028,2155,0,1000
1500000,1133484,1501000,1.3242399999999999,2226,0,1000
1550000,1159318,1551000,1.33786,2303,0,1000
1600000,1184733,1601000,1.3513600000000001,2374,0,1000
1650000,1209759,1651000,1.36473,2453,0,1000
1700000,1234312,1701000,1.3781,2542,0,1000
1750000,1258782,1751000,1.39103,2624,0,1000
1800000,1283051,1801000,1.4036899999999999,2706,0,1000
1850000,1306882,1851000,1.41635,2786,0,1000
1900000,1330441,1901000,1.42885,2882,0,1000
1950000,1353703,1951000,1.44123,2960,0,1000
2000000,1376948,2001000,1.4532100000000001,3032,0,1000
2050000,1399830,2051000,1.46518,3108,0,1000
2100000,1422346,2101000,1.47714,3194,0,1000
2150000,1444684,2151000,1.48891,3269,0,1000
2200000,1466688,2201000,1.50066,3328,0,1000
2250000,1488504,2251000,1.51226,3409,0,1000
2300000,1510245,2301000,1.52359,3485,0,1000
2350000,1531587,2351000,1.53501,3559,0,1000
2400000,1552779,2401000,1.54626,3639,0,1000
2450000,1573808,2451000,1.5573700000000001,3712,0,1000
2500000,1594588,2501000,1.56843,3791,0,1000
2550000,1615184,2551000,1.57939,3881,0,1000
2600000,1635896,2601000,1.58995,3951,0,1000
2650000,1656164,2651000,1.60069,4031,0,1000
2700000,1676345,2701000,1.61124,4091,0,1000
2750000,1696077,2751000,1.62198,4173,0,1000
2800000,1715922,2801000,1.63236,4247,0,1000
2850000,1735760,2851000,1.64251,4336,0,1000
2900000,1755232,2901000,1.65277,4415,0,1000
2950000,1774580,2951000,1.66293,4493,0,1000
3000000,1793685,3001000,1.6730900000000002,4575,0,1000
3050000,1812746,3051000,1.68308,4658,0,1000
3100000,1831727,3101000,1.6929400000000001,4728,0,1000
3150000,1850520,3151000,1.7027599999999998,4804,0,1000
3200000,1869064,3201000,1.71262,4896,0,1000
3250000,1887640,3251000,1.72226,4970,0,1000
3300000,1906087,3301000,1.7318200000000001,5051,0,1000
3350000,1924376,3351000,1.74134,5122,0,1000
3400000,1942439,3401000,1.75089,5193,0,1000
3450000,1960301,3451000,1.7604400000000002,5280,0,1000
3500000,1978209,3501000,1.76978,5360,0,1000
3550000,1995839,3551000,1.7792,5451,0,1000
3600000,2013239,3601000,1.78866,5533,0,1000
3650000,2030952,3651000,1.79768,5609,0,1000
3700000,2048426,3701000,1.80675,5688,0,1000
