timestep,num_nodes,num_edges,average_degree,max_degree,num_triangles,new_edges
0,1971,1000,0.507357,2,0,1000
50000,80150,51000,0.636307,74,0,1000
100000,143688,101000,0.702912,159,0,1000
150000,200497,151000,0.753128,231,0,1000
200000,252919,201000,0.794721,296,0,1000
250000,301992,251000,0.831148,358,0,1000
300000,348398,301000,0.8639540000000001,446,0,1000
350000,392511,351000,0.894242,518,0,1000
400000,434797,401000,0.922269,589,0,1000
450000,475698,451000,0.948081,674,0,1000
500000,515135,501000,0.972561,751,0,1000
550000,553315,551000,0.995816,826,0,1000
600000,590149,601000,1.01839,903,0,1000
650000,626102,651000,1.03977,969,0,1000
700000,661086,701000,1.0603799999999999,1057,0,1000
750000,695204,751000,1.08026,1108,0,1000
800000,728436,801000,1.09962,1202,0,1000
850000,761006,851000,1.11826,1293,0,1000
900000,792689,901000,1.1366399999999999,1358,0,1000
950000,823802,951000,1.1544,1414,0,1000
1000000,854632,1001000,1.17126,1495,0,1000
1050000,884812,1051000,1.18782,1552,0,1000
1100000,914315,1101000,1.20418,1639,0,1000
1150000,943372,1151000,1.22009,1714,0,1000
1200000,971979,1201000,1.2356200000000002,1796,0,1000
1250000,1000143,1251000,1.25082,1887,0,1000
1300000,1027809,1301000,1.2658,1967,0,1000
1350000,1054761,1351000,1.28086,2050,0,1000
1400000,1081557,1401000,1.29535,2126,0,1000
1450000,1108145,1451000,1.3094,2200,0,1000
1500000,1134358,1501000,1.32322,2278,0,1000
1550000,1159871,1551000,1.33722,2363,0,1000
1600000,1185359,1601000,1.35065,2435,0,1000
1650000,1210378,1651000,1.36404,2505,0,1000
1700000,1235226,1701000,1.3770799999999999,2576,0,1000
1750000,1259465,1751000,1.3902700000000001,2648,0,1000
1800000,1283430,1801000,1.40327,2723,0,1000
1850000,1307223,1851000,1.41598,2799,0,1000
1900000,1330630,1901000,1.42865,2883,0,1000
1950000,1353973,1951000,1.4409399999999999,2956,0,1000
2000000,1376986,2001000,1.45317,3043,0,1000
2050000,1399719,2051000,1.46529,3126,0,1000
2100000,1422341,2101000,1.47714,3208,0,1000
2150000,1444473,2151000,1.48912,3287,0,1000
2200000,1466499,2201000,1.50085,3364,0,1000
2250000,1488458,2251000,1.5123,3453,0,1000
2300000,1510217,2301000,1.52362,3540,0,1000
2350000,1531616,2351000,1.53498,3610,0,1000
2400000,1552841,2401000,1.5462,3683,0,1000
2450000,1574033,2451000,1.55715,3759,0,1000
2500000,1595107,2501000,1.56792,3835,0,1000
2550000,1615655,2551000,1.57893,3920,0,1000
2600000,1636234,2601000,1.5896299999999999,4003,0,1000
2650000,1656500,2651000,1.60036,4087,0,1000
2700000,1676454,2701000,1.61114,4175,0,1000
2750000,1696136,2751000,1.62192,4260,0,1000
2800000,1715754,2801000,1.63252,4341,0,1000
2850000,1735525,2851000,1.64273,4426,0,1000
2900000,1755272,2901000,1.65274,4503,0,1000
2950000,1774440,2951000,1.6630599999999998,4572,0,1000
3000000,1793860,3001000,1.67293,4663,0,1000
3050000,1812784,3051000,1.68305,4740,0,1000
3100000,1831658,3101000,1.693,4816,0,1000
3150000,1850352,3151000,1.70292,4892,0,1000
3200000,1869108,3201000,1.71258,4955,0,1000
3250000,1887723,3251000,1.7221799999999998,5032,0,1000
3300000,1906151,3301000,1.7317599999999997,5120,0,1000
3350000,1924413,3351000,1.74131,5186,0,1000
3400000,1942390,3401000,1.7509400000000002,5248,0,1000
3450000,1960404,3451000,1.76035,5329,0,1000
3500000,1978433,3501000,1.76958,5402,0,1000
3550000,1995972,3551000,1.77908,5474,0,1000
3600000,2013611,3601000,1.78833,5540,0,1000
3650000,2030991,3651000,1.7976400000000001,5598,0,1000
3700000,2048378,3701000,1.8068,5679,0,1000
