timestep,num_nodes,num_edges,average_degree,max_degree,num_triangles,new_edges
0,1983,1000,0.504286,3,0,1000
50000,79906,51000,0.63825,68,0,1000
100000,143364,101000,0.7045,156,0,1000
150000,200369,151000,0.75361,229,0,1000
200000,252819,201000,0.795035,302,0,1000
250000,301986,251000,0.8311639999999999,384,0,1000
300000,348449,301000,0.863828,437,0,1000
350000,392578,351000,0.8940899999999999,522,0,1000
400000,434855,401000,0.9221459999999999,600,0,1000
450000,475469,451000,0.9485370000000001,690,0,1000
500000,514927,501000,0.9729530000000001,782,0,1000
550000,553062,551000,0.9962719999999999,858,0,1000
600000,590007,601000,1.01863,932,0,1000
650000,625740,651000,1.04037,1004,0,1000
700000,660583,701000,1.06118,1075,0,1000
750000,694684,751000,1.08107,1142,0,1000
800000,728070,801000,1.10017,1209,0,1000
850000,760426,851000,1.11911,1275,0,1000
900000,792381,901000,1.1370799999999999,1339,0,1000
950000,823709,951000,1.1545299999999998,1410,0,1000
1000000,854275,1001000,1.17175,1484,0,1000
1050000,884309,1051000,1.1885,1556,0,1000
1100000,913582,1101000,1.20515,1634,0,1000
1150000,942604,1151000,1.22109,1719,0,1000
1200000,971384,1201000,1.23638,1785,0,1000
1250000,999323,1251000,1.25185,1854,0,1000
1300000,1026837,1301000,1.2670000000000001,1930,0,1000
1350000,1054049,1351000,1.28172,2023,0,1000
1400000,1080998,1401000,1.2960200000000002,2086,0,1000
1450000,1107434,1451000,1.31024,2162,0,1000
1500000,1133369,1501000,1.32437,2230,0,1000
1550000,1158953,1551000,1.33828,2314,0,1000
1600000,1184393,1601000,1.35175,2391,0,1000
1650000,1209295,1651000,1.3652600000000001,2471,0,1000
1700000,1233968,1701000,1.37848,2541,0,1000
1750000,1258298,1751000,1.3915600000000001,2613,0,1000
1800000,1282465,1801000,1.4043299999999999,2695,0,1000
1850000,1306469,1851000,1.4168,2783,0,1000
1900000,1330013,1901000,1.42931,2863,0,1000
1950000,1353382,1951000,1.44157,2947,0,1000
2000000,1376446,2001000,1.45374,3027,0,1000
2050000,1399313,2051000,1.4657200000000001,3107,0,1000
2100000,1421685,2101000,1.4778200000000001,3187,0,1000
2150000,1444194,2151000,1.4894100000000001,3250,0,1000
2200000,1466519,2201000,1.5008299999999999,3333,0,1000
2250000,1488215,2251000,1.51255,3402,0,1000
2300000,1509806,2301000,1.52404,3486,0,1000
2350000,1531189,2351000,1.53541,3571,0,1000
2400000,1552363,2401000,1.54667,3645,0,1000
2450000,1573418,2451000,1.55776,3719,0,1000
2500000,1594457,2501000,1.56856,3783,0,1000
2550000,1615050,2551000,1.57952,3862,0,1000
2600000,1635477,2601000,1.59036,3937,0,1000
2650000,1655920,2651000,1.6009200000000001,4018,0,1000
2700000,1676025,2701000,1.61155,4109,0,1000
2750000,1696079,2751000,1.62198,4189,0,1000
2800000,1715818,2801000,1.63246,4291,0,1000
2850000,1735469,2851000,1.64278,4366,0,1000
2900000,1754987,2901000,1.653,4433,0,1000
2950000,1774379,2951000,1.6631200000000002,4505,0,1000
3000000,1793487,3001000,1.6732799999999999,4596,0,1000
3050000,1812482,3051000,1.68333,4668,0,1000
3100000,1831447,3101000,1.6932,4748,0,1000
3150000,1850375,3151000,1.7029,4814,0,1000
3200000,1869118,3201000,1.7125700000000001,4901,0,1000
3250000,1887695,3251000,1.7222099999999998,4985,0,1000
3300000,1906224,3301000,1.7317,5061,0,1000
3350000,1924222,3351000,1.74148,5138,0,1000
3400000,1942251,3401000,1.7510599999999998,5229,0,1000
3450000,1960323,3451000,1.76042,5305,0,1000
3500000,1978164,3501000,1.7698200000000002,5381,0,1000
3550000,1995706,3551000,1.77932,5472,0,1000
3600000,2013328,3601000,1.7885799999999998,5546,0,1000
3650000,2030642,3651000,1.79795,5609,0,1000
3700000,2048251,3701000,1.8069099999999998,5678,0,1000
