timestep,num_nodes,num_edges,average_degree,max_degree,num_triangles,new_edges
0,1976,1000,0.506073,2,0,1000
50000,80019,51000,0.6373489999999999,84,0,1000
100000,143580,101000,0.703441,161,0,1000
150000,200219,151000,0.754174,230,0,1000
200000,252566,201000,0.795832,304,0,1000
250000,301470,251000,0.8325870000000001,394,0,1000
300000,347987,301000,0.864975,467,0,1000
350000,392143,351000,0.8950819999999999,539,0,1000
400000,434582,401000,0.922726,626,0,1000
450000,475218,451000,0.9490379999999999,712,0,1000
500000,514593,501000,0.973585,777,0,1000
550000,552445,551000,0.997384,837,0,1000
600000,589496,601000,1.0195100000000001,917,0,1000
650000,625595,651000,1.04061,1007,0,1000
700000,660469,701000,1.0613700000000001,1097,0,1000
750000,694612,751000,1.08118,1175,0,1000
800000,728094,801000,1.1001299999999998,1244,0,1000
850000,760451,851000,1.11907,1308,0,1000
900000,792382,901000,1.1370799999999999,1378,0,1000
950000,823706,951000,1.15454,1443,0,1000
1000000,854652,1001000,1.17124,1517,0,1000
1050000,884621,1051000,1.18808,1584,0,1000
1100000,914025,1101000,1.20456,1656,0,1000
1150000,942982,1151000,1.2206,1735,0,1000
1200000,971551,1201000,1.23617,1800,0,1000
1250000,999562,1251000,1.25155,1856,0,1000
1300000,1027431,1301000,1.26627,1939,0,1000
1350000,1054776,1351000,1.28084,2025,0,1000
1400000,1081489,1401000,1.29544,2093,0,1000
1450000,1108046,1451000,1.30951,2169,0,1000
1500000,1133951,1501000,1.32369,2248,0,1000
1550000,1159611,1551000,1.33752,2334,0,1000
1600000,1184987,1601000,1.35107,2412,0,1000
1650000,1210077,1651000,1.36438,2486,0,1000
1700000,1234671,1701000,1.3776899999999999,2561,0,1000
1750000,1259128,1751000,1.3906399999999999,2640,0,1000
1800000,1283362,1801000,1.40335,2736,0,1000
1850000,1307091,1851000,1.41612,2811,0,1000
1900000,1330673,1901000,1.4286,2901,0,1000
1950000,1353984,1951000,1.4409299999999998,2975,0,1000
2000000,1376974,2001000,1.45319,3052,0,1000
2050000,1399716,2051000,1.4653,3115,0,1000
2100000,1422278,2101000,1.4772100000000001,3204,0,1000
2150000,1444569,2151000,1.4890299999999999,3273,0,1000
2200000,1466635,2201000,1.50071,3366,0,1000
2250000,1488540,2251000,1.5122200000000001,3434,0,1000
2300000,1510215,2301000,1.52362,3513,0,1000
2350000,1531481,2351000,1.53512,3608,0,1000
2400000,1552448,2401000,1.54659,3695,0,1000
2450000,1573437,2451000,1.55774,3776,0,1000
2500000,1594551,2501000,1.56847,3849,0,1000
2550000,1615312,2551000,1.57926,3934,0,1000
2600000,1635799,2601000,1.59005,4014,0,1000
2650000,1656285,2651000,1.60057,4093,0,1000
2700000,1676393,2701000,1.6112,4173,0,1000
2750000,1696427,2751000,1.62164,4259,0,1000
2800000,1716271,2801000,1.6320299999999999,4331,0,1000
2850000,1735878,2851000,1.6424,4406,0,1000
2900000,1755352,2901000,1.6526599999999998,4497,0,1000
2950000,1774733,2951000,1.6627900000000002,4580,0,1000
3000000,1793890,3001000,1.6729,4652,0,1000
3050000,1812840,3051000,1.6829900000000002,4720,0,1000
3100000,1831865,3101000,1.69281,4782,0,1000
3150000,1850386,3151000,1.7028900000000002,4841,0,1000
3200000,1868996,3201000,1.71268,4921,0,1000
3250000,1887385,3251000,1.72249,5001,0,1000
3300000,1905722,3301000,1.73215,5076,0,1000
3350000,1923870,3351000,1.7418,5155,0,1000
3400000,1941992,3401000,1.7512900000000002,5237,0,1000
3450000,1959933,3451000,1.7607700000000002,5303,0,1000
3500000,1977962,3501000,1.77,5375,0,1000
3550000,1995654,3551000,1.7793700000000001,5449,0,1000
3600000,2013360,3601000,1.78855,5524,0,1000
3650000,2031073,3651000,1.7975700000000001,5598,0,1000
3700000,2048569,3701000,1.80663,5687,0,1000
