timestep,num_nodes,num_edges,average_degree,max_degree,num_triangles,new_edges
0,1971,1000,0.507357,3,0,1000
50000,80328,51000,0.634897,77,0,1000
100000,144090,101000,0.700951,154,0,1000
150000,200707,151000,0.75234,222,0,1000
200000,252815,201000,0.795048,302,0,1000
250000,301678,251000,0.8320129999999999,377,0,1000
300000,348066,301000,0.8647790000000001,453,0,1000
350000,392072,351000,0.895244,541,0,1000
400000,434574,401000,0.922743,611,0,1000
450000,475434,451000,0.948607,689,0,1000
500000,514541,501000,0.973683,760,0,1000
550000,552582,551000,0.997137,839,0,1000
600000,589649,601000,1.01925,924,0,1000
650000,625298,651000,1.0411,1006,0,1000
700000,660281,701000,1.0616700000000001,1089,0,1000
750000,694482,751000,1.08138,1150,0,1000
800000,727797,801000,1.10058,1217,0,1000
850000,760465,851000,1.11905,1293,0,1000
900000,792319,901000,1.13717,1379,0,1000
950000,823523,951000,1.15479,1459,0,1000
1000000,854252,1001000,1.1717899999999999,1549,0,1000
1050000,884591,1051000,1.18812,1619,0,1000
1100000,913964,1101000,1.20464,1694,0,1000
1150000,942856,1151000,1.22076,1754,0,1000
1200000,971521,1201000,1.23621,1830,0,1000
1250000,999590,1251000,1.2515100000000001,1918,0,1000
1300000,1027375,1301000,1.26633,1990,0,1000
1350000,1054521,1351000,1.28115,2064,0,1000
1400000,1081344,1401000,1.29561,2126,0,1000
1450000,1107511,1451000,1.31015,2206,0,1000
1500000,1133581,1501000,1.32412,2298,0,1000
1550000,1159425,1551000,1.3377299999999999,2391,0,1000
1600000,1184917,1601000,1.35115,2477,0,1000
1650000,1209646,1651000,1.36486,2547,0,1000
1700000,1234137,1701000,1.37829,2613,0,1000
1750000,1258509,1751000,1.39133,2687,0,1000
1800000,1282692,1801000,1.40408,2769,0,1000
1850000,1306364,1851000,1.4169100000000001,2846,0,1000
1900000,1329629,1901000,1.42972,2927,0,1000
1950000,1352963,1951000,1.44202,3005,0,1000
2000000,1376078,2001000,1.45413,3085,0,1000
2050000,1398863,2051000,1.4661899999999999,3167,0,1000
2100000,1421528,2101000,1.47799,3229,0,1000
2150000,1443930,2151000,1.48968,3308,0,1000
2200000,1466241,2201000,1.50112,3383,0,1000
2250000,1488061,2251000,1.51271,3460,0,1000
2300000,1509644,2301000,1.5242,3549,0,1000
2350000,1531250,2351000,1.53535,3639,0,1000
2400000,1552558,2401000,1.5464799999999999,3724,0,1000
2450000,1573639,2451000,1.55754,3807,0,1000
2500000,1594835,2501000,1.56819,3879,0,1000
2550000,1615436,2551000,1.57914,3959,0,1000
2600000,1635958,2601000,1.58989,4025,0,1000
2650000,1656270,2651000,1.60058,4089,0,1000
2700000,1676387,2701000,1.6112,4157,0,1000
2750000,1696478,2751000,1.6215899999999999,4236,0,1000
2800000,1716309,2801000,1.63199,4318,0,1000
2850000,1736030,2851000,1.64225,4377,0,1000
2900000,1755483,2901000,1.6525400000000001,4452,0,1000
2950000,1774788,2951000,1.6627299999999998,4531,0,1000
3000000,1793902,3001000,1.6728900000000002,4602,0,1000
3050000,1812937,3051000,1.6829,4689,0,1000
3100000,1831954,3101000,1.6927299999999998,4766,0,1000
3150000,1850497,3151000,1.7027900000000002,4853,0,1000
3200000,1869324,3201000,1.71238,4921,0,1000
3250000,1887851,3251000,1.72206,5004,0,1000
3300000,1906140,3301000,1.73177,5075,0,1000
3350000,1924390,3351000,1.7413299999999998,5153,0,1000
3400000,1942465,3401000,1.7508700000000001,5234,0,1000
3450000,1960347,3451000,1.7604,5305,0,1000
3500000,1978209,3501000,1.76978,5370,0,1000
3550000,1995787,3551000,1.77925,5458,0,1000
3600000,2013445,3601000,1.7884799999999998,5528,0,1000
3650000,2030653,3651000,1.79794,5604,0,1000
3700000,2048363,3701000,1.8068099999999998,5695,0,1000
