timestep,num_nodes,num_edges,average_degree,max_degree,num_triangles,new_edges
0,1980,1000,0.505051,3,0,1000
50000,80325,51000,0.634921,81,0,1000
100000,144031,101000,0.701238,146,0,1000
150000,200762,151000,0.752134,235,0,1000
200000,252932,201000,0.79468,302,0,1000
250000,301978,251000,0.8311860000000001,382,0,1000
300000,348457,301000,0.863808,463,0,1000
350000,392649,351000,0.8939280000000001,549,0,1000
400000,434786,401000,0.922293,628,0,1000
450000,475616,451000,0.9482440000000001,709,0,1000
500000,514684,501000,0.973413,778,0,1000
550000,552627,551000,0.9970559999999999,861,0,1000
600000,589466,601000,1.01957,926,0,1000
650000,625460,651000,1.04083,993,0,1000
700000,660403,701000,1.0614700000000001,1056,0,1000
750000,694430,751000,1.08146,1137,0,1000
800000,727735,801000,1.1006799999999999,1235,0,1000
850000,760521,851000,1.11897,1308,0,1000
900000,792312,901000,1.1371799999999999,1388,0,1000
950000,823510,951000,1.1548100000000001,1461,0,1000
1000000,854106,1001000,1.1719899999999999,1538,0,1000
1050000,884420,1051000,1.18835,1613,0,1000
1100000,913781,1101000,1.20488,1693,0,1000
1150000,942771,1151000,1.2208700000000001,1781,0,1000
1200000,971393,1201000,1.23637,1870,0,1000
1250000,999442,1251000,1.2517,1940,0,1000
1300000,1027117,1301000,1.26665,2026,0,1000
1350000,1054304,1351000,1.28141,2107,0,1000
1400000,1080971,1401000,1.29606,2185,0,1000
1450000,1107598,1451000,1.3100399999999999,2250,0,1000
1500000,1133665,1501000,1.32402,2330,0,1000
1550000,1159577,1551000,1.33756,2402,0,1000
1600000,1184845,1601000,1.35123,2478,0,1000
1650000,1209889,1651000,1.36459,2555,0,1000
1700000,1234619,1701000,1.37775,2633,0,1000
1750000,1259142,1751000,1.39063,2702,0,1000
1800000,1283209,1801000,1.40351,2782,0,1000
1850000,1307198,1851000,1.41601,2866,0,1000
1900000,1330698,1901000,1.4285700000000001,2948,0,1000
1950000,1354053,1951000,1.44086,3032,0,1000
2000000,1377305,2001000,1.45284,3115,0,1000
2050000,1400075,2051000,1.46492,3195,0,1000
2100000,1422651,2101000,1.47682,3266,0,1000
2150000,1445047,2151000,1.48853,3329,0,1000
2200000,1467205,2201000,1.50013,3401,0,1000
2250000,1488989,2251000,1.51176,3477,0,1000
2300000,1510732,2301000,1.5231,3545,0,1000
2350000,1532195,2351000,1.5344,3607,0,1000
2400000,1553453,2401000,1.54559,3690,0,1000
2450000,1574519,2451000,1.55667,3774,0,1000
2500000,1595350,2501000,1.56768,3858,0,1000
2550000,1616119,2551000,1.57847,3940,0,1000
2600000,1636553,2601000,1.58932,4028,0,1000
2650000,1656907,2651000,1.5999700000000001,4113,0,1000
2700000,1676951,2701000,1.61066,4189,0,1000
2750000,1696910,2751000,1.6211799999999998,4271,0,1000
2800000,1716529,2801000,1.63178,4356,0,1000
2850000,1736089,2851000,1.6422,4409,0,1000
2900000,1755712,2901000,1.65232,4487,0,1000
2950000,1775066,2951000,1.6624700000000001,4566,0,1000
3000000,1794304,3001000,1.67251,4635,0,1000
3050000,1813262,3051000,1.6826,4716,0,1000
3100000,1832005,3101000,1.69268,4781,0,1000
3150000,1850751,3151000,1.70255,4849,0,1000
3200000,1869364,3201000,1.71235,4922,0,1000
3250000,1887846,3251000,1.72207,4998,0,1000
3300000,1906279,3301000,1.73165,5078,0,1000
3350000,1924526,3351000,1.74121,5152,0,1000
3400000,1942512,3401000,1.7508299999999999,5232,0,1000
3450000,1960362,3451000,1.7603900000000001,5308,0,1000
3500000,1978312,3501000,1.7696900000000002,5380,0,1000
3550000,1996014,3551000,1.77905,5461,0,1000
3600000,2013675,3601000,1.78827,5533,0,1000
3650000,2031099,3651000,1.79755,5615,0,1000
3700000,2048388,3701000,1.8067900000000001,5685,0,1000
