timestep,num_nodes,num_edges,average_degree,max_degree,num_triangles,new_edges
0,1972,1000,0.507099,3,0,1000
50000,80203,51000,0.635886,81,0,1000
100000,143795,101000,0.702389,151,0,1000
150000,200397,151000,0.753504,237,0,1000
200000,252948,201000,0.7946300000000001,321,0,1000
250000,302141,251000,0.8307379999999999,384,0,1000
300000,348600,301000,0.863454,435,0,1000
350000,392526,351000,0.894208,511,0,1000
400000,434987,401000,0.921867,594,0,1000
450000,475776,451000,0.947925,681,0,1000
500000,515156,501000,0.9725209999999999,758,0,1000
550000,553316,551000,0.995814,827,0,1000
600000,590158,601000,1.01837,900,0,1000
650000,626152,651000,1.03968,976,0,1000
700000,661168,701000,1.06024,1055,0,1000
750000,695377,751000,1.07999,1141,0,1000
800000,728696,801000,1.09922,1229,0,1000
850000,761151,851000,1.11804,1294,0,1000
900000,793052,901000,1.13612,1369,0,1000
950000,824216,951000,1.15382,1449,0,1000
1000000,854760,1001000,1.17109,1529,0,1000
1050000,884802,1051000,1.18784,1584,0,1000
1100000,914443,1101000,1.20401,1663,0,1000
1150000,943473,1151000,1.21996,1752,0,1000
1200000,972047,1201000,1.2355399999999999,1835,0,1000
1250000,1000057,1251000,1.2509299999999999,1906,0,1000
1300000,1027475,1301000,1.26621,1989,0,1000
1350000,1054542,1351000,1.28112,2075,0,1000
1400000,1081455,1401000,1.29548,2159,0,1000
1450000,1107843,1451000,1.30975,2221,0,1000
1500000,1133908,1501000,1.32374,2300,0,1000
1550000,1159586,1551000,1.33755,2385,0,1000
1600000,1184857,1601000,1.35122,2452,0,1000
1650000,1209903,1651000,1.36457,2525,0,1000
1700000,1234584,1701000,1.37779,2604,0,1000
1750000,1258976,1751000,1.39081,2684,0,1000
1800000,1282933,1801000,1.40381,2755,0,1000
1850000,1306761,1851000,1.41648,2821,0,1000
1900000,1330409,1901000,1.42888,2903,0,1000
1950000,1353537,1951000,1.44141,2971,0,1000
2000000,1376713,2001000,1.45346,3052,0,1000
2050000,1399430,2051000,1.4656,3122,0,1000
2100000,1422073,2101000,1.4774200000000002,3193,0,1000
2150000,1444460,2151000,1.48914,3273,0,1000
2200000,1466462,2201000,1.50089,3359,0,1000
2250000,1488334,2251000,1.51243,3445,0,1000
2300000,1509968,2301000,1.52387,3516,0,1000
2350000,1531250,2351000,1.53535,3587,0,1000
2400000,1552389,2401000,1.54665,3661,0,1000
2450000,1573587,2451000,1.55759,3747,0,1000
2500000,1594172,2501000,1.56884,3816,0,1000
2550000,1614952,2551000,1.57961,3900,0,1000
2600000,1635328,2601000,1.59051,3987,0,1000
2650000,1655717,2651000,1.60112,4064,0,1000
2700000,1675826,2701000,1.61174,4119,0,1000
2750000,1695854,2751000,1.62219,4195,0,1000
2800000,1715838,2801000,1.63244,4283,0,1000
2850000,1735454,2851000,1.6428,4359,0,1000
2900000,1754865,2901000,1.6531200000000001,4442,0,1000
2950000,1774153,2951000,1.66333,4504,0,1000
3000000,1793346,3001000,1.6734099999999998,4576,0,1000
3050000,1812659,3051000,1.6831599999999998,4669,0,1000
3100000,1831745,3101000,1.69292,4744,0,1000
3150000,1850386,3151000,1.7028900000000002,4821,0,1000
3200000,1868867,3201000,1.7128,4893,0,1000
3250000,1887276,3251000,1.72259,4973,0,1000
3300000,1905802,3301000,1.7320799999999998,5048,0,1000
3350000,1924217,3351000,1.7414900000000002,5135,0,1000
3400000,1942442,3401000,1.75089,5206,0,1000
3450000,1960415,3451000,1.7603400000000002,5266,0,1000
3500000,1978196,3501000,1.7697900000000002,5349,0,1000
3550000,1995971,3551000,1.77908,5437,0,1000
3600000,2013748,3601000,1.7882099999999999,5511,0,1000
3650000,2031082,3651000,1.7975599999999998,5591,0,1000
3700000,2048458,3701000,1.80672,5678,0,1000
