timestep,num_nodes,num_edges,average_degree,max_degree,num_triangles,new_edges
0,1601,1000,0.62461,22,0,1000
50000,57270,51000,0.8905190000000001,122,0,1000
100000,100354,101000,1.00644,464,0,1000
150000,135875,151000,1.11132,1403,0,1000
200000,169281,201000,1.18737,1774,0,1000
250000,201781,251000,1.2439200000000001,2045,0,1000
300000,233492,301000,1.28912,2189,0,1000
350000,263569,351000,1.33172,2216,0,1000
400000,292223,401000,1.37224,2302,0,1000
450000,320454,451000,1.4073799999999999,2395,0,1000
500000,347948,501000,1.43987,2466,0,1000
550000,375690,551000,1.4666299999999999,2683,0,1000
600000,403117,601000,1.49088,2803,0,1000
650000,431354,651000,1.5092,2905,0,1000
700000,459445,701000,1.52575,3090,0,1000
750000,487374,751000,1.54091,3166,0,1000
800000,515279,801000,1.5545,3333,0,1000
850000,542187,851000,1.5695700000000001,3406,0,1000
900000,567818,901000,1.5867799999999999,3460,0,1000
950000,592958,951000,1.60382,3537,0,1000
1000000,618270,1001000,1.61903,3621,0,1000
1050000,643217,1051000,1.6339700000000001,3707,0,1000
1100000,667525,1101000,1.6493799999999998,3759,0,1000
1150000,690704,1151000,1.66642,3808,0,1000
1200000,713840,1201000,1.68245,3851,0,1000
1250000,738482,1251000,1.69402,3927,0,1000
1300000,763644,1301000,1.70367,3994,0,1000
1350000,787422,1351000,1.71573,4079,0,1000
1400000,811175,1401000,1.72712,4146,0,1000
1450000,836522,1451000,1.7345599999999999,4196,0,1000
1500000,860507,1501000,1.74432,4244,0,1000
1550000,884268,1551000,1.7539900000000002,4344,0,1000
1600000,910699,1601000,1.7579900000000002,4395,0,1000
1650000,939041,1651000,1.7581799999999999,4420,0,1000
1700000,965246,1701000,1.76225,4454,0,1000
1750000,990795,1751000,1.7672700000000001,4517,0,1000
1800000,1017378,1801000,1.77024,4625,0,1000
1850000,1045379,1851000,1.77065,4685,0,1000
1900000,1071938,1901000,1.77342,4734,0,1000
1950000,1098152,1951000,1.77662,4792,0,1000
2000000,1124987,2001000,1.77869,4863,0,1000
2050000,1153268,2051000,1.7784200000000001,4891,0,1000
2100000,1181429,2101000,1.77835,4933,0,1000
2150000,1208890,2151000,1.77932,4960,0,1000
2200000,1235733,2201000,1.7811299999999999,4962,0,1000
2250000,1263325,2251000,1.78181,4972,0,1000
2300000,1291794,2301000,1.7812400000000002,5002,0,1000
2350000,1318257,2351000,1.78342,5023,0,1000
2400000,1346273,2401000,1.7834400000000001,5027,0,1000
2450000,1374762,2451000,1.78285,5041,0,1000
2500000,1402619,2501000,1.78309,5074,0,1000
2550000,1429376,2551000,1.78469,5101,0,1000
2600000,1457383,2601000,1.7847099999999998,5140,0,1000
2650000,1485500,2651000,1.7845799999999998,5193,0,1000
2700000,1513036,2701000,1.78515,5225,0,1000
2750000,1540022,2751000,1.78634,5265,0,1000
2800000,1568513,2801000,1.78577,5287,0,1000
2850000,1597747,2851000,1.7843900000000001,5308,0,1000
2900000,1626279,2901000,1.78383,5319,0,1000
2950000,1655597,2951000,1.7824400000000002,5326,0,1000
3000000,1683999,3001000,1.78207,5329,0,1000
3050000,1710662,3051000,1.78352,5343,0,1000
3100000,1736631,3101000,1.7856400000000001,5364,0,1000
3150000,1762767,3151000,1.7875299999999998,5375,0,1000
3200000,1788515,3201000,1.78975,5423,0,1000
3250000,1814250,3251000,1.79193,5459,0,1000
3300000,1840195,3301000,1.79383,5491,0,1000
3350000,1866222,3351000,1.79561,5546,0,1000
3400000,1891026,3401000,1.7984900000000001,5588,0,1000
3450000,1915954,3451000,1.80119,5632,0,1000
3500000,1942986,3501000,1.80187,5659,0,1000
3550000,1968332,3551000,1.80407,5681,0,1000
3600000,1993445,3601000,1.8064200000000001,5702,0,1000
3650000,2017661,3651000,1.80952,5716,0,1000
3700000,2041693,3701000,1.8127099999999998,5748,0,1000
