timestep,num_nodes,num_edges,average_degree,max_degree,num_triangles,new_edges
0,1974,1000,0.506586,3,0,1000
50000,80530,51000,0.633304,65,0,1000
100000,143998,101000,0.701399,137,0,1000
150000,200721,151000,0.752288,208,0,1000
200000,252877,201000,0.7948529999999999,286,0,1000
250000,301910,251000,0.831374,367,0,1000
300000,348302,301000,0.864193,437,0,1000
350000,392507,351000,0.894252,518,0,1000
400000,434870,401000,0.922115,592,0,1000
450000,475559,451000,0.948358,671,0,1000
500000,514928,501000,0.972952,750,0,1000
550000,553060,551000,0.996275,828,0,1000
600000,590149,601000,1.01839,908,0,1000
650000,626089,651000,1.03979,975,0,1000
700000,660836,701000,1.0607799999999998,1052,0,1000
750000,694942,751000,1.08067,1125,0,1000
800000,728163,801000,1.1000299999999998,1217,0,1000
850000,760681,851000,1.11873,1284,0,1000
900000,792612,901000,1.13675,1358,0,1000
950000,823889,951000,1.15428,1435,0,1000
1000000,854594,1001000,1.1713200000000001,1503,0,1000
1050000,884701,1051000,1.18797,1579,0,1000
1100000,914162,1101000,1.20438,1650,0,1000
1150000,943120,1151000,1.22042,1735,0,1000
1200000,971532,1201000,1.23619,1815,0,1000
1250000,999570,1251000,1.2515399999999999,1897,0,1000
1300000,1027203,1301000,1.26655,1967,0,1000
1350000,1054408,1351000,1.28129,2036,0,1000
1400000,1081020,1401000,1.296,2098,0,1000
1450000,1107475,1451000,1.31019,2180,0,1000
1500000,1133570,1501000,1.3241399999999999,2250,0,1000
1550000,1159256,1551000,1.3379299999999998,2325,0,1000
1600000,1184836,1601000,1.35124,2399,0,1000
1650000,1209588,1651000,1.36493,2475,0,1000
1700000,1234305,1701000,1.3781,2564,0,1000
1750000,1258563,1751000,1.39127,2632,0,1000
1800000,1282619,1801000,1.40416,2703,0,1000
1850000,1306398,1851000,1.41687,2785,0,1000
1900000,1330012,1901000,1.42931,2853,0,1000
1950000,1353518,1951000,1.44143,2916,0,1000
2000000,1376472,2001000,1.4537200000000001,2998,0,1000
2050000,1399279,2051000,1.46575,3065,0,1000
2100000,1422064,2101000,1.47743,3147,0,1000
2150000,1444414,2151000,1.48919,3231,0,1000
2200000,1466595,2201000,1.50076,3292,0,1000
2250000,1488464,2251000,1.5123,3370,0,1000
2300000,1510052,2301000,1.52379,3458,0,1000
2350000,1531546,2351000,1.53505,3538,0,1000
2400000,1552629,2401000,1.54641,3624,0,1000
2450000,1573915,2451000,1.55726,3707,0,1000
2500000,1594861,2501000,1.56816,3781,0,1000
2550000,1615422,2551000,1.57915,3863,0,1000
2600000,1635984,2601000,1.5898700000000001,3939,0,1000
2650000,1656172,2651000,1.6006799999999999,4017,0,1000
2700000,1676236,2701000,1.61135,4102,0,1000
2750000,1696247,2751000,1.62182,4198,0,1000
2800000,1715960,2801000,1.63232,4284,0,1000
2850000,1735726,2851000,1.6425400000000001,4358,0,1000
2900000,1755381,2901000,1.6526299999999998,4438,0,1000
2950000,1774748,2951000,1.66277,4524,0,1000
3000000,1794129,3001000,1.67268,4605,0,1000
3050000,1813174,3051000,1.68268,4688,0,1000
3100000,1832183,3101000,1.69252,4774,0,1000
3150000,1850848,3151000,1.7024599999999999,4852,0,1000
3200000,1869773,3201000,1.71197,4935,0,1000
3250000,1888257,3251000,1.7216900000000002,5022,0,1000
3300000,1906611,3301000,1.73134,5092,0,1000
3350000,1924852,3351000,1.74091,5173,0,1000
3400000,1942911,3401000,1.75047,5249,0,1000
3450000,1960789,3451000,1.7600099999999999,5318,0,1000
3500000,1978593,3501000,1.7694400000000001,5383,0,1000
3550000,1996129,3551000,1.7789400000000002,5453,0,1000
3600000,2013701,3601000,1.78825,5530,0,1000
3650000,2031153,3651000,1.7975,5602,0,1000
3700000,2048516,3701000,1.80667,5683,0,1000
