timestep,num_nodes,num_edges,average_degree,max_degree,num_triangles,new_edges
0,1989,1000,0.502765,2,0,1000
50000,90627,51000,0.562746,5,0,1000
100000,169431,101000,0.596113,7,0,1000
150000,243167,151000,0.6209720000000001,9,0,1000
200000,313112,201000,0.641943,12,0,1000
250000,380187,251000,0.660201,13,0,1000
300000,445157,301000,0.6761659999999999,15,0,1000
350000,507721,351000,0.691325,22,0,1000
400000,568675,401000,0.705148,26,0,1000
450000,628148,451000,0.7179840000000001,27,0,1000
500000,685893,501000,0.7304350000000001,30,0,1000
550000,742523,551000,0.742065,35,0,1000
600000,797845,601000,0.753279,36,0,1000
650000,851992,651000,0.764092,45,0,1000
700000,905251,701000,0.774371,48,0,1000
750000,957414,751000,0.784405,52,0,1000
800000,1008710,801000,0.794084,53,0,1000
850000,1059160,851000,0.803467,56,0,1000
900000,1108852,901000,0.812552,58,0,1000
950000,1157843,951000,0.821355,61,0,1000
1000000,1206068,1001000,0.8299700000000001,64,0,1000
1050000,1253413,1051000,0.838511,70,0,1000
1100000,1300252,1101000,0.846759,72,0,1000
1150000,1346482,1151000,0.85482,75,0,1000
1200000,1392332,1201000,0.862582,76,0,1000
1250000,1437260,1251000,0.8704059999999999,79,0,1000
1300000,1481571,1301000,0.878122,83,0,1000
1350000,1525258,1351000,0.8857520000000001,85,0,1000
1400000,1568402,1401000,0.893266,87,0,1000
1450000,1611148,1451000,0.9006,91,0,1000
1500000,1653356,1501000,0.90785,95,0,1000
1550000,1695342,1551000,0.91486,97,0,1000
1600000,1736677,1601000,0.921876,101,0,1000
1650000,1777549,1651000,0.9288069999999999,103,0,1000
1700000,1817806,1701000,0.935743,106,0,1000
1750000,1857807,1751000,0.942509,108,0,1000
1800000,1897591,1801000,0.949098,110,0,1000
1850000,1936929,1851000,0.955636,114,0,1000
1900000,1975671,1901000,0.962205,117,0,1000
1950000,2013947,1951000,0.968744,121,0,1000
2000000,2051926,2001000,0.975181,125,0,1000
2050000,2089779,2051000,0.9814430000000001,128,0,1000
2100000,2127156,2101000,0.9877040000000001,131,0,1000
2150000,2164240,2151000,0.9938819999999999,133,0,1000
2200000,2200974,2201000,1.00001,136,0,1000
2250000,2237445,2251000,1.00606,139,0,1000
2300000,2273687,2301000,1.01201,145,0,1000
2350000,2309469,2351000,1.0179799999999999,149,0,1000
2400000,2344935,2401000,1.02391,152,0,1000
2450000,2380162,2451000,1.02976,155,0,1000
2500000,2414910,2501000,1.03565,158,0,1000
2550000,2449584,2551000,1.0414,162,0,1000
2600000,2484099,2601000,1.04706,163,0,1000
2650000,2518174,2651000,1.05275,166,0,1000
2700000,2552084,2701000,1.05835,169,0,1000
2750000,2585785,2751000,1.06389,172,0,1000
2800000,2618988,2801000,1.0695,174,0,1000
2850000,2652037,2851000,1.07502,177,0,1000
2900000,2684791,2901000,1.08053,179,0,1000
2950000,2717497,2951000,1.0859299999999998,183,0,1000
3000000,2749701,3001000,1.0913899999999999,186,0,1000
3050000,2781777,3051000,1.0967799999999999,186,0,1000
3100000,2813665,3101000,1.10212,193,0,1000
3150000,2845156,3151000,1.1075,194,0,1000
3200000,2876116,3201000,1.11296,197,0,1000
3250000,2907344,3251000,1.1182,201,0,1000
3300000,2938376,3301000,1.12341,205,0,1000
3350000,2969045,3351000,1.12865,208,0,1000
3400000,2999550,3401000,1.13384,211,0,1000
3450000,3030059,3451000,1.1389200000000002,214,0,1000
3500000,3060015,3501000,1.14411,220,0,1000
3550000,3090311,3551000,1.1490799999999999,221,0,1000
3600000,3120276,3601000,1.15406,228,0,1000
3650000,3149956,3651000,1.15906,229,0,1000
3700000,3179148,3701000,1.16415,235,0,1000
3750000,3208587,3751000,1.16905,240,0,1000
3800000,3237639,3801000,1.1740000000000002,245,0,1000
3850000,3266364,3851000,1.17899,248,0,1000
3900000,3294970,3901000,1.18393,249,0,1000
3950000,3323438,3951000,1.1888299999999998,252,0,1000
4000000,3351818,4001000,1.1936799999999999,256,0,1000
4050000,3380233,4051000,1.19844,257,0,1000
4100000,3408133,4101000,1.2033,262,0,1000
4150000,3436033,4151000,1.2080799999999998,265,0,1000
4200000,3463895,4201000,1.2128,266,0,1000
4250000,3491372,4251000,1.21757,269,0,1000
4300000,3518614,4301000,1.2223600000000001,279,0,1000
4350000,3545766,4351000,1.2271,280,0,1000
4400000,3572516,4401000,1.2319,281,0,1000
4450000,3599475,4451000,1.2365700000000002,284,0,1000
4500000,3626283,4501000,1.24122,287,0,1000
4550000,3653067,4551000,1.2458,291,0,1000
4600000,3679549,4601000,1.25042,293,0,1000
4650000,3705809,4651000,1.25506,296,0,1000
4700000,3732089,4701000,1.25962,297,0,1000
4750000,3758107,4751000,1.2642,298,0,1000
4800000,3784060,4801000,1.26874,300,0,1000
4850000,3809885,4851000,1.2732700000000001,303,0,1000
4900000,3835763,4901000,1.2777100000000001,304,0,1000
4950000,3861298,4951000,1.28221,306,0,1000
5000000,3886823,5001000,1.28665,309,0,1000
5050000,3912056,5051000,1.29114,311,0,1000
5100000,3937190,5101000,1.29559,313,0,1000
5150000,3962254,5151000,1.3000200000000002,316,0,1000
5200000,3987092,5201000,1.30446,319,0,1000
5250000,4011883,5251000,1.3088600000000001,319,0,1000
5300000,4036632,5301000,1.31322,322,0,1000
5350000,4061303,5351000,1.31756,325,0,1000
5400000,4085653,5401000,1.32194,328,0,1000
5450000,4109926,5451000,1.3263,331,0,1000
5500000,4134321,5501000,1.33057,332,0,1000
5550000,4158447,5551000,1.33487,338,0,1000
5600000,4182443,5601000,1.33917,340,0,1000
5650000,4206296,5651000,1.34346,344,0,1000
5700000,4230374,5701000,1.3476299999999999,346,0,1000
