timestep,num_nodes,num_edges,average_degree,max_degree,num_triangles,new_edges
0,1993,1000,0.5017560000000001,2,0,1000
50000,90762,51000,0.561909,5,0,1000
100000,169592,101000,0.595547,11,0,1000
150000,243305,151000,0.62062,14,0,1000
200000,313446,201000,0.641259,16,0,1000
250000,380558,251000,0.659558,22,0,1000
300000,445221,301000,0.6760689999999999,22,0,1000
350000,507873,351000,0.691118,25,0,1000
400000,568618,401000,0.7052189999999999,26,0,1000
450000,627958,451000,0.718201,34,0,1000
500000,685660,501000,0.730683,38,0,1000
550000,742273,551000,0.742314,40,0,1000
600000,797775,601000,0.7533449999999999,45,0,1000
650000,851808,651000,0.764257,48,0,1000
700000,905105,701000,0.774496,50,0,1000
750000,957384,751000,0.784429,53,0,1000
800000,1008802,801000,0.794011,55,0,1000
850000,1059304,851000,0.803358,58,0,1000
900000,1108929,901000,0.812496,60,0,1000
950000,1157908,951000,0.8213090000000001,65,0,1000
1000000,1206139,1001000,0.8299209999999999,71,0,1000
1050000,1253687,1051000,0.838327,72,0,1000
1100000,1300257,1101000,0.846756,76,0,1000
1150000,1346419,1151000,0.8548600000000001,82,0,1000
1200000,1392003,1201000,0.862785,91,0,1000
1250000,1437083,1251000,0.8705129999999999,94,0,1000
1300000,1481411,1301000,0.878217,97,0,1000
1350000,1525249,1351000,0.885757,99,0,1000
1400000,1568570,1401000,0.89317,102,0,1000
1450000,1611298,1451000,0.900516,104,0,1000
1500000,1653778,1501000,0.9076190000000001,106,0,1000
1550000,1695393,1551000,0.914832,109,0,1000
1600000,1736812,1601000,0.9218040000000001,110,0,1000
1650000,1777580,1651000,0.928791,113,0,1000
1700000,1817991,1701000,0.9356479999999999,113,0,1000
1750000,1858082,1751000,0.94237,115,0,1000
1800000,1897756,1801000,0.949016,116,0,1000
1850000,1936987,1851000,0.955608,121,0,1000
1900000,1976107,1901000,0.961992,123,0,1000
1950000,2014559,1951000,0.96845,124,0,1000
2000000,2052765,2001000,0.974783,125,0,1000
2050000,2090556,2051000,0.981079,130,0,1000
2100000,2127926,2101000,0.987346,138,0,1000
2150000,2164794,2151000,0.9936280000000001,141,0,1000
2200000,2201512,2201000,0.999767,144,0,1000
2250000,2237916,2251000,1.00585,149,0,1000
2300000,2274183,2301000,1.01179,153,0,1000
2350000,2309992,2351000,1.01775,156,0,1000
2400000,2345499,2401000,1.02366,161,0,1000
2450000,2380650,2451000,1.02955,165,0,1000
2500000,2415422,2501000,1.0354299999999999,167,0,1000
2550000,2450032,2551000,1.04121,171,0,1000
2600000,2484488,2601000,1.0469,172,0,1000
2650000,2518355,2651000,1.05267,175,0,1000
2700000,2552069,2701000,1.05836,175,0,1000
2750000,2585723,2751000,1.06392,177,0,1000
2800000,2618709,2801000,1.06961,181,0,1000
2850000,2651687,2851000,1.0751600000000001,184,0,1000
2900000,2684419,2901000,1.0806799999999999,189,0,1000
2950000,2717132,2951000,1.08607,190,0,1000
3000000,2749522,3001000,1.09146,193,0,1000
3050000,2781638,3051000,1.09684,196,0,1000
3100000,2813404,3101000,1.10222,196,0,1000
3150000,2844800,3151000,1.10763,198,0,1000
3200000,2876387,3201000,1.11285,202,0,1000
3250000,2907601,3251000,1.1181,203,0,1000
3300000,2938620,3301000,1.12332,207,0,1000
3350000,2969506,3351000,1.12847,209,0,1000
3400000,3000064,3401000,1.13364,210,0,1000
3450000,3030457,3451000,1.13877,210,0,1000
3500000,3060764,3501000,1.14383,215,0,1000
3550000,3090785,3551000,1.1489,217,0,1000
3600000,3120543,3601000,1.1539700000000002,218,0,1000
3650000,3150230,3651000,1.15896,224,0,1000
3700000,3179498,3701000,1.16402,229,0,1000
3750000,3208890,3751000,1.1689399999999999,235,0,1000
3800000,3237906,3801000,1.17391,238,0,1000
3850000,3266643,3851000,1.17889,241,0,1000
3900000,3295381,3901000,1.1837799999999998,247,0,1000
3950000,3323648,3951000,1.18875,249,0,1000
4000000,3352037,4001000,1.1936,252,0,1000
4050000,3380352,4051000,1.1984,254,0,1000
4100000,3408444,4101000,1.20319,256,0,1000
4150000,3436242,4151000,1.20801,263,0,1000
4200000,3463970,4201000,1.2127700000000001,264,0,1000
4250000,3491681,4251000,1.21747,268,0,1000
4300000,3518908,4301000,1.22225,270,0,1000
4350000,3546317,4351000,1.22691,273,0,1000
4400000,3573388,4401000,1.2316,275,0,1000
4450000,3600290,4451000,1.23629,280,0,1000
4500000,3627227,4501000,1.24089,283,0,1000
4550000,3653835,4551000,1.2455399999999999,286,0,1000
4600000,3680147,4601000,1.25022,289,0,1000
4650000,3706488,4651000,1.25483,291,0,1000
4700000,3732826,4701000,1.25937,292,0,1000
4750000,3758772,4751000,1.2639799999999999,297,0,1000
4800000,3784768,4801000,1.26851,299,0,1000
4850000,3810331,4851000,1.27312,303,0,1000
4900000,3836109,4901000,1.2776,306,0,1000
4950000,3861419,4951000,1.28217,307,0,1000
5000000,3886792,5001000,1.28667,313,0,1000
5050000,3911982,5051000,1.29116,313,0,1000
5100000,3936976,5101000,1.29566,318,0,1000
5150000,3961982,5151000,1.30011,320,0,1000
5200000,3987214,5201000,1.3044200000000001,324,0,1000
5250000,4012263,5251000,1.30874,327,0,1000
5300000,4037028,5301000,1.3130899999999999,328,0,1000
5350000,4061536,5351000,1.31748,331,0,1000
5400000,4085912,5401000,1.32186,334,0,1000
5450000,4110367,5451000,1.32616,335,0,1000
5500000,4134670,5501000,1.33046,339,0,1000
5550000,4158728,5551000,1.3347799999999999,344,0,1000
5600000,4182947,5601000,1.33901,345,0,1000
5650000,4206922,5651000,1.3432600000000001,348,0,1000
5700000,4230602,5701000,1.34756,349,0,1000
