timestep,num_nodes,num_edges,average_degree,max_degree,num_triangles,new_edges
0,1528,1000,0.65445,3,0,1000
50000,66825,51000,0.763187,38,0,1000
100000,126186,101000,0.8004060000000001,57,0,1000
150000,182519,151000,0.827311,59,0,1000
200000,235558,201000,0.8532930000000001,83,0,1000
250000,290388,251000,0.864361,97,0,1000
300000,343772,301000,0.8755799999999999,111,0,1000
350000,396746,351000,0.884697,121,0,1000
400000,449884,401000,0.8913409999999999,136,0,1000
450000,502803,451000,0.8969719999999999,144,0,1000
500000,553353,501000,0.9053899999999999,144,0,1000
550000,603301,551000,0.913309,158,0,1000
600000,653773,601000,0.9192790000000001,158,0,1000
650000,702855,651000,0.926222,163,0,1000
700000,751254,701000,0.933107,164,0,1000
750000,799608,751000,0.93921,164,0,1000
800000,847340,801000,0.945311,165,0,1000
850000,893173,851000,0.952783,165,0,1000
900000,939059,901000,0.959471,168,0,1000
950000,985143,951000,0.965342,173,0,1000
1000000,1030797,1001000,0.971093,186,0,1000
1050000,1076426,1051000,0.9763790000000001,198,0,1000
1100000,1121546,1101000,0.9816809999999999,205,0,1000
1150000,1167168,1151000,0.9861479999999999,206,0,1000
1200000,1212378,1201000,0.9906149999999999,207,0,1000
1250000,1255974,1251000,0.9960399999999999,208,0,1000
1300000,1298396,1301000,1.00201,208,0,1000
1350000,1339399,1351000,1.0086600000000001,208,0,1000
1400000,1379845,1401000,1.0153299999999998,208,0,1000
1450000,1420539,1451000,1.02144,209,0,1000
1500000,1461193,1501000,1.02724,210,0,1000
1550000,1501102,1551000,1.03324,210,0,1000
1600000,1540332,1601000,1.03939,210,0,1000
1650000,1579628,1651000,1.04518,213,0,1000
1700000,1618635,1701000,1.0508899999999999,216,0,1000
1750000,1656263,1751000,1.0572,219,0,1000
1800000,1693863,1801000,1.06325,249,0,1000
1850000,1731562,1851000,1.0689799999999998,249,0,1000
1900000,1768325,1901000,1.07503,249,0,1000
1950000,1805353,1951000,1.0806799999999999,249,0,1000
2000000,1841961,2001000,1.0863399999999999,249,0,1000
2050000,1878846,2051000,1.0916299999999999,249,0,1000
2100000,1915077,2101000,1.0970799999999998,249,0,1000
2150000,1950729,2151000,1.10266,249,0,1000
2200000,1986909,2201000,1.10775,252,0,1000
2250000,2022789,2251000,1.1128200000000001,256,0,1000
2300000,2058507,2301000,1.1178,258,0,1000
2350000,2094148,2351000,1.12265,258,0,1000
2400000,2129714,2401000,1.1273799999999998,258,0,1000
2450000,2165047,2451000,1.13208,258,0,1000
2500000,2200061,2501000,1.13679,260,0,1000
2550000,2235041,2551000,1.14137,265,0,1000
2600000,2269778,2601000,1.14593,266,0,1000
2650000,2304279,2651000,1.15047,268,0,1000
2700000,2338747,2701000,1.15489,272,0,1000
2750000,2373245,2751000,1.15917,274,0,1000
2800000,2407767,2801000,1.1633200000000001,277,0,1000
2850000,2441941,2851000,1.16751,279,0,1000
2900000,2476580,2901000,1.17137,282,0,1000
2950000,2511203,2951000,1.17513,284,0,1000
3000000,2545367,3001000,1.179,286,0,1000
3050000,2579487,3051000,1.18279,287,0,1000
3100000,2613286,3101000,1.1866299999999999,288,0,1000
3150000,2646971,3151000,1.19042,289,0,1000
3200000,2680495,3201000,1.19418,291,0,1000
3250000,2714100,3251000,1.19782,292,0,1000
3300000,2747435,3301000,1.2014799999999999,293,0,1000
3350000,2779937,3351000,1.2054200000000002,294,0,1000
3400000,2811008,3401000,1.20989,295,0,1000
3450000,2841774,3451000,1.21438,296,0,1000
3500000,2873055,3501000,1.21856,298,0,1000
3550000,2903998,3551000,1.2228,300,0,1000
3600000,2935928,3601000,1.22653,301,0,1000
3650000,2968081,3651000,1.23009,302,0,1000
3700000,3000995,3701000,1.23326,304,0,1000
3750000,3034536,3751000,1.2361,305,0,1000
3800000,3066974,3801000,1.2393299999999998,306,0,1000
3850000,3099785,3851000,1.24234,306,0,1000
3900000,3131038,3901000,1.24591,308,0,1000
3950000,3162018,3951000,1.24952,310,0,1000
4000000,3194458,4001000,1.25248,310,0,1000
4050000,3226029,4051000,1.2557200000000002,314,0,1000
4100000,3256922,4101000,1.25916,315,0,1000
4150000,3287807,4151000,1.26254,315,0,1000
4200000,3318709,4201000,1.26585,318,0,1000
4250000,3349117,4251000,1.26929,320,0,1000
4300000,3379793,4301000,1.2725600000000001,322,0,1000
4350000,3410759,4351000,1.27567,324,0,1000
4400000,3441206,4401000,1.27891,326,0,1000
4450000,3471636,4451000,1.2821,328,0,1000
4500000,3503326,4501000,1.28478,330,0,1000
4550000,3535721,4551000,1.28715,331,0,1000
4600000,3566967,4601000,1.28989,333,0,1000
4650000,3597728,4651000,1.2927600000000001,333,0,1000
4700000,3628175,4701000,1.29569,333,0,1000
4750000,3659150,4751000,1.29839,333,0,1000
4800000,3689102,4801000,1.3014,333,0,1000
4850000,3719422,4851000,1.30423,335,0,1000
4900000,3749694,4901000,1.30704,338,0,1000
4950000,3779488,4951000,1.30997,339,0,1000
5000000,3809662,5001000,1.31271,339,0,1000
5050000,3839724,5051000,1.31546,339,0,1000
5100000,3869599,5101000,1.3182200000000002,339,0,1000
5150000,3899601,5151000,1.3209,340,0,1000
5200000,3929059,5201000,1.3237299999999999,340,0,1000
5250000,3958523,5251000,1.3265,341,0,1000
5300000,3988283,5301000,1.32914,342,0,1000
5350000,4018256,5351000,1.3316700000000001,343,0,1000
5400000,4047844,5401000,1.33429,344,0,1000
5450000,4077674,5451000,1.33679,345,0,1000
5500000,4106731,5501000,1.33951,346,0,1000
5550000,4134645,5551000,1.34256,346,0,1000
5600000,4164004,5601000,1.3451,347,0,1000
5650000,4192917,5651000,1.34775,348,0,1000
5700000,4223702,5701000,1.34976,349,0,1000
