timestep,num_nodes,num_edges,average_degree,max_degree,num_triangles,new_edges
0,1990,1000,0.502513,2,0,1000
50000,90664,51000,0.562517,6,0,1000
100000,169481,101000,0.5959369999999999,7,0,1000
150000,243215,151000,0.62085,9,0,1000
200000,313292,201000,0.641574,13,0,1000
250000,380402,251000,0.659828,19,0,1000
300000,445209,301000,0.676087,20,0,1000
350000,507993,351000,0.690954,21,0,1000
400000,568905,401000,0.704863,22,0,1000
450000,628308,451000,0.717801,24,0,1000
500000,686237,501000,0.730068,28,0,1000
550000,742729,551000,0.741859,32,0,1000
600000,798150,601000,0.752991,36,0,1000
650000,852437,651000,0.7636930000000001,37,0,1000
700000,905773,701000,0.773925,42,0,1000
750000,958168,751000,0.783787,44,0,1000
800000,1009613,801000,0.793373,45,0,1000
850000,1060003,851000,0.802828,47,0,1000
900000,1109885,901000,0.811796,50,0,1000
950000,1158956,951000,0.820566,53,0,1000
1000000,1207127,1001000,0.829242,56,0,1000
1050000,1254640,1051000,0.8376899999999999,58,0,1000
1100000,1301124,1101000,0.846191,60,0,1000
1150000,1347250,1151000,0.854333,64,0,1000
1200000,1392612,1201000,0.862408,69,0,1000
1250000,1437529,1251000,0.870243,73,0,1000
1300000,1481957,1301000,0.877893,77,0,1000
1350000,1525690,1351000,0.885501,78,0,1000
1400000,1568888,1401000,0.8929889999999999,81,0,1000
1450000,1611778,1451000,0.9002479999999999,84,0,1000
1500000,1654067,1501000,0.90746,87,0,1000
1550000,1695838,1551000,0.914592,89,0,1000
1600000,1737206,1601000,0.921595,91,0,1000
1650000,1778249,1651000,0.928441,93,0,1000
1700000,1818727,1701000,0.93527,94,0,1000
1750000,1858762,1751000,0.942025,99,0,1000
1800000,1898241,1801000,0.948773,103,0,1000
1850000,1937299,1851000,0.9554540000000001,107,0,1000
1900000,1976200,1901000,0.9619469999999999,108,0,1000
1950000,2014748,1951000,0.968359,111,0,1000
2000000,2052867,2001000,0.974734,111,0,1000
2050000,2090744,2051000,0.9809899999999999,113,0,1000
2100000,2127913,2101000,0.987352,116,0,1000
2150000,2165096,2151000,0.993489,117,0,1000
2200000,2201817,2201000,0.9996290000000001,120,0,1000
2250000,2238413,2251000,1.0056200000000002,122,0,1000
2300000,2274588,2301000,1.0116100000000001,126,0,1000
2350000,2310588,2351000,1.01749,129,0,1000
2400000,2345817,2401000,1.02352,133,0,1000
2450000,2381074,2451000,1.0293700000000001,136,0,1000
2500000,2415996,2501000,1.03518,137,0,1000
2550000,2450583,2551000,1.04098,139,0,1000
2600000,2484965,2601000,1.04669,144,0,1000
2650000,2518995,2651000,1.0524,148,0,1000
2700000,2552553,2701000,1.05816,151,0,1000
2750000,2585939,2751000,1.0638299999999998,153,0,1000
2800000,2619156,2801000,1.0694299999999999,157,0,1000
2850000,2652313,2851000,1.07491,160,0,1000
2900000,2685119,2901000,1.0804,161,0,1000
2950000,2717845,2951000,1.08579,162,0,1000
3000000,2750226,3001000,1.0911799999999998,164,0,1000
3050000,2782422,3051000,1.09653,167,0,1000
3100000,2814256,3101000,1.10189,172,0,1000
3150000,2845860,3151000,1.10722,174,0,1000
3200000,2877153,3201000,1.11256,179,0,1000
3250000,2908313,3251000,1.1178299999999999,185,0,1000
3300000,2939435,3301000,1.123,188,0,1000
3350000,2970106,3351000,1.12824,191,0,1000
3400000,3000563,3401000,1.13345,194,0,1000
3450000,3031052,3451000,1.13855,198,0,1000
3500000,3061277,3501000,1.14364,203,0,1000
3550000,3091322,3551000,1.1487,205,0,1000
3600000,3120909,3601000,1.15383,209,0,1000
3650000,3150448,3651000,1.15888,213,0,1000
3700000,3179727,3701000,1.16394,215,0,1000
3750000,3209066,3751000,1.16888,223,0,1000
3800000,3238255,3801000,1.1737799999999998,226,0,1000
3850000,3267237,3851000,1.17867,228,0,1000
3900000,3295822,3901000,1.1836200000000001,232,0,1000
3950000,3324252,3951000,1.18854,235,0,1000
4000000,3352713,4001000,1.19336,237,0,1000
4050000,3380885,4051000,1.19821,237,0,1000
4100000,3408715,4101000,1.20309,242,0,1000
4150000,3436631,4151000,1.20787,243,0,1000
4200000,3464409,4201000,1.21262,246,0,1000
4250000,3491859,4251000,1.2174,249,0,1000
4300000,3519221,4301000,1.22215,255,0,1000
4350000,3546465,4351000,1.22686,256,0,1000
4400000,3573780,4401000,1.23147,260,0,1000
4450000,3600594,4451000,1.2361799999999998,263,0,1000
4500000,3627340,4501000,1.24085,266,0,1000
4550000,3654146,4551000,1.24543,270,0,1000
4600000,3680753,4601000,1.2500200000000001,274,0,1000
4650000,3706959,4651000,1.2546700000000002,276,0,1000
4700000,3733034,4701000,1.2593,280,0,1000
4750000,3758970,4751000,1.26391,283,0,1000
4800000,3784965,4801000,1.26844,285,0,1000
4850000,3810750,4851000,1.27298,292,0,1000
4900000,3836289,4901000,1.27754,296,0,1000
4950000,3861782,4951000,1.28205,300,0,1000
5000000,3887295,5001000,1.2865,308,0,1000
5050000,3912548,5051000,1.2909700000000002,312,0,1000
5100000,3938053,5101000,1.29531,315,0,1000
5150000,3963021,5151000,1.29977,319,0,1000
5200000,3987840,5201000,1.30421,324,0,1000
5250000,4012634,5251000,1.3086200000000001,324,0,1000
5300000,4037178,5301000,1.31305,326,0,1000
5350000,4061673,5351000,1.31744,328,0,1000
5400000,4086192,5401000,1.3217700000000001,330,0,1000
5450000,4110590,5451000,1.32609,334,0,1000
5500000,4134919,5501000,1.33038,335,0,1000
5550000,4158978,5551000,1.3347,338,0,1000
5600000,4182944,5601000,1.33901,341,0,1000
5650000,4206890,5651000,1.34327,344,0,1000
5700000,4230617,5701000,1.34756,347,0,1000
