timestep,num_nodes,num_edges,average_degree,max_degree,num_triangles,new_edges
0,1991,1000,0.50226,1,0,1000
50000,90743,51000,0.562027,5,0,1000
100000,169585,101000,0.595572,7,0,1000
150000,243135,151000,0.621054,10,0,1000
200000,313196,201000,0.641771,14,0,1000
250000,380515,251000,0.659632,16,0,1000
300000,445237,301000,0.676044,18,0,1000
350000,507886,351000,0.6911,22,0,1000
400000,568963,401000,0.704791,25,0,1000
450000,628261,451000,0.717855,27,0,1000
500000,686138,501000,0.730174,31,0,1000
550000,742738,551000,0.74185,34,0,1000
600000,798219,601000,0.752926,38,0,1000
650000,852325,651000,0.763793,41,0,1000
700000,905508,701000,0.774151,44,0,1000
750000,957593,751000,0.784258,48,0,1000
800000,1008884,801000,0.7939470000000001,51,0,1000
850000,1059398,851000,0.803286,54,0,1000
900000,1109275,901000,0.812242,55,0,1000
950000,1158324,951000,0.8210139999999999,58,0,1000
1000000,1206684,1001000,0.8295459999999999,61,0,1000
1050000,1253997,1051000,0.8381200000000001,64,0,1000
1100000,1300653,1101000,0.846498,66,0,1000
1150000,1346825,1151000,0.8546020000000001,72,0,1000
1200000,1392275,1201000,0.862617,73,0,1000
1250000,1436972,1251000,0.8705809999999999,75,0,1000
1300000,1481260,1301000,0.8783059999999999,77,0,1000
1350000,1525049,1351000,0.8858729999999999,78,0,1000
1400000,1568247,1401000,0.8933540000000001,83,0,1000
1450000,1611093,1451000,0.900631,88,0,1000
1500000,1653264,1501000,0.9079010000000001,89,0,1000
1550000,1695089,1551000,0.9149959999999999,93,0,1000
1600000,1736129,1601000,0.9221659999999999,94,0,1000
1650000,1777012,1651000,0.9290879999999999,97,0,1000
1700000,1817648,1701000,0.935825,99,0,1000
1750000,1857734,1751000,0.9425459999999999,102,0,1000
1800000,1897133,1801000,0.949327,106,0,1000
1850000,1936284,1851000,0.9559549999999999,108,0,1000
1900000,1974998,1901000,0.962533,110,0,1000
1950000,2013536,1951000,0.968942,112,0,1000
2000000,2051611,2001000,0.975331,116,0,1000
2050000,2089530,2051000,0.98156,122,0,1000
2100000,2126854,2101000,0.987844,122,0,1000
2150000,2163888,2151000,0.994044,125,0,1000
2200000,2200336,2201000,1.0003,128,0,1000
2250000,2236742,2251000,1.00637,129,0,1000
2300000,2272734,2301000,1.01244,133,0,1000
2350000,2308456,2351000,1.01843,134,0,1000
2400000,2343822,2401000,1.0244,140,0,1000
2450000,2379017,2451000,1.03026,143,0,1000
2500000,2414197,2501000,1.03596,145,0,1000
2550000,2448995,2551000,1.04165,146,0,1000
2600000,2483308,2601000,1.04739,149,0,1000
2650000,2517243,2651000,1.05314,151,0,1000
2700000,2550984,2701000,1.05881,154,0,1000
2750000,2584722,2751000,1.06433,160,0,1000
2800000,2617838,2801000,1.06997,162,0,1000
2850000,2650911,2851000,1.07548,166,0,1000
2900000,2683726,2901000,1.0809600000000001,170,0,1000
2950000,2716373,2951000,1.08638,172,0,1000
3000000,2748681,3001000,1.0918,179,0,1000
3050000,2780986,3051000,1.09709,180,0,1000
3100000,2812837,3101000,1.10245,182,0,1000
3150000,2844638,3151000,1.1077,183,0,1000
3200000,2876069,3201000,1.1129799999999999,186,0,1000
3250000,2907294,3251000,1.11822,188,0,1000
3300000,2938309,3301000,1.12344,190,0,1000
3350000,2969150,3351000,1.1286100000000001,193,0,1000
3400000,2999552,3401000,1.13384,195,0,1000
3450000,3029989,3451000,1.13895,199,0,1000
3500000,3060355,3501000,1.14398,202,0,1000
3550000,3090289,3551000,1.1490799999999999,204,0,1000
3600000,3119983,3601000,1.1541700000000001,208,0,1000
3650000,3149664,3651000,1.15917,212,0,1000
3700000,3178892,3701000,1.16424,214,0,1000
3750000,3208077,3751000,1.16924,216,0,1000
3800000,3237283,3801000,1.17413,217,0,1000
3850000,3266120,3851000,1.17907,220,0,1000
3900000,3294918,3901000,1.18394,225,0,1000
3950000,3323304,3951000,1.18888,225,0,1000
4000000,3351617,4001000,1.19375,232,0,1000
4050000,3379848,4051000,1.1985700000000001,235,0,1000
4100000,3407922,4101000,1.20337,238,0,1000
4150000,3435779,4151000,1.20817,239,0,1000
4200000,3463277,4201000,1.2130100000000001,243,0,1000
4250000,3491067,4251000,1.2176799999999999,245,0,1000
4300000,3518471,4301000,1.22241,247,0,1000
4350000,3545667,4351000,1.2271299999999998,252,0,1000
4400000,3572986,4401000,1.23174,259,0,1000
4450000,3599927,4451000,1.23641,268,0,1000
4500000,3626865,4501000,1.24102,271,0,1000
4550000,3653519,4551000,1.24565,272,0,1000
4600000,3680110,4601000,1.25023,273,0,1000
4650000,3706349,4651000,1.2548700000000002,277,0,1000
4700000,3732693,4701000,1.2594100000000001,282,0,1000
4750000,3758681,4751000,1.26401,287,0,1000
4800000,3784618,4801000,1.2685600000000001,287,0,1000
4850000,3810381,4851000,1.2731,291,0,1000
4900000,3835946,4901000,1.27765,293,0,1000
4950000,3861541,4951000,1.28213,296,0,1000
5000000,3887210,5001000,1.28653,301,0,1000
5050000,3912470,5051000,1.291,308,0,1000
5100000,3937749,5101000,1.29541,310,0,1000
5150000,3962754,5151000,1.29985,311,0,1000
5200000,3987495,5201000,1.30433,314,0,1000
5250000,4012360,5251000,1.30871,317,0,1000
5300000,4037116,5301000,1.3130700000000002,319,0,1000
5350000,4061636,5351000,1.31745,323,0,1000
5400000,4086092,5401000,1.3218,326,0,1000
5450000,4110504,5451000,1.3261100000000001,330,0,1000
5500000,4134609,5501000,1.3304799999999999,332,0,1000
5550000,4158818,5551000,1.33475,335,0,1000
5600000,4182828,5601000,1.33905,339,0,1000
5650000,4206922,5651000,1.3432600000000001,341,0,1000
5700000,4230760,5701000,1.34751,344,0,1000
