timestep,num_nodes,num_edges,average_degree,max_degree,num_triangles,new_edges
0,1982,1000,0.504541,2,0,1000
50000,90400,51000,0.564159,4,0,1000
100000,169320,101000,0.596504,8,0,1000
150000,243146,151000,0.621026,13,0,1000
200000,313097,201000,0.6419739999999999,17,0,1000
250000,380406,251000,0.659821,19,0,1000
300000,445204,301000,0.676095,22,0,1000
350000,508107,351000,0.6907989999999999,25,0,1000
400000,568976,401000,0.704775,27,0,1000
450000,628365,451000,0.7177359999999999,30,0,1000
500000,685991,501000,0.73033,33,0,1000
550000,742662,551000,0.741926,35,0,1000
600000,797906,601000,0.7532220000000001,39,0,1000
650000,852289,651000,0.763825,40,0,1000
700000,905605,701000,0.774068,42,0,1000
750000,957734,751000,0.784143,46,0,1000
800000,1009144,801000,0.7937420000000001,48,0,1000
850000,1059698,851000,0.803059,53,0,1000
900000,1109594,901000,0.812009,57,0,1000
950000,1158354,951000,0.8209930000000001,58,0,1000
1000000,1206392,1001000,0.8297469999999999,61,0,1000
1050000,1254094,1051000,0.8380549999999999,64,0,1000
1100000,1300876,1101000,0.846353,69,0,1000
1150000,1346968,1151000,0.854512,72,0,1000
1200000,1392336,1201000,0.8625790000000001,72,0,1000
1250000,1437319,1251000,0.8703700000000001,74,0,1000
1300000,1481770,1301000,0.8780040000000001,75,0,1000
1350000,1525486,1351000,0.885619,79,0,1000
1400000,1568685,1401000,0.8931049999999999,81,0,1000
1450000,1611381,1451000,0.9004700000000001,83,0,1000
1500000,1653908,1501000,0.9075469999999999,83,0,1000
1550000,1695965,1551000,0.914524,84,0,1000
1600000,1737132,1601000,0.9216340000000001,86,0,1000
1650000,1778026,1651000,0.928558,92,0,1000
1700000,1818332,1701000,0.935473,94,0,1000
1750000,1858705,1751000,0.9420540000000001,96,0,1000
1800000,1898553,1801000,0.948617,99,0,1000
1850000,1937839,1851000,0.9551879999999999,102,0,1000
1900000,1976820,1901000,0.9616450000000001,105,0,1000
1950000,2015155,1951000,0.9681639999999999,106,0,1000
2000000,2053075,2001000,0.9746360000000001,112,0,1000
2050000,2090681,2051000,0.9810200000000001,115,0,1000
2100000,2128338,2101000,0.9871549999999999,116,0,1000
2150000,2165234,2151000,0.993426,117,0,1000
2200000,2201966,2201000,0.999561,119,0,1000
2250000,2238473,2251000,1.0056,121,0,1000
2300000,2274614,2301000,1.0116,123,0,1000
2350000,2310327,2351000,1.0176,125,0,1000
2400000,2345863,2401000,1.0235,128,0,1000
2450000,2380944,2451000,1.02942,130,0,1000
2500000,2416053,2501000,1.03516,131,0,1000
2550000,2450641,2551000,1.04095,135,0,1000
2600000,2485146,2601000,1.04662,140,0,1000
2650000,2519611,2651000,1.05215,145,0,1000
2700000,2553316,2701000,1.05784,147,0,1000
2750000,2586791,2751000,1.06348,152,0,1000
2800000,2619895,2801000,1.06913,153,0,1000
2850000,2652737,2851000,1.07474,155,0,1000
2900000,2685550,2901000,1.08023,160,0,1000
2950000,2718163,2951000,1.08566,161,0,1000
3000000,2750282,3001000,1.0911600000000001,163,0,1000
3050000,2782412,3051000,1.09653,166,0,1000
3100000,2814390,3101000,1.10184,169,0,1000
3150000,2846068,3151000,1.10714,172,0,1000
3200000,2877471,3201000,1.1124399999999999,174,0,1000
3250000,2908584,3251000,1.11773,179,0,1000
3300000,2939517,3301000,1.12297,180,0,1000
3350000,2970183,3351000,1.12821,182,0,1000
3400000,3000879,3401000,1.13333,182,0,1000
3450000,3031261,3451000,1.13847,184,0,1000
3500000,3061452,3501000,1.1435799999999998,188,0,1000
3550000,3091288,3551000,1.1487100000000001,191,0,1000
3600000,3121142,3601000,1.15374,199,0,1000
3650000,3150566,3651000,1.1588399999999999,202,0,1000
3700000,3180013,3701000,1.16383,205,0,1000
3750000,3209311,3751000,1.16879,209,0,1000
3800000,3238253,3801000,1.1737799999999998,210,0,1000
3850000,3266962,3851000,1.17877,213,0,1000
3900000,3295721,3901000,1.18366,217,0,1000
3950000,3324192,3951000,1.18856,222,0,1000
4000000,3352693,4001000,1.19337,226,0,1000
4050000,3380826,4051000,1.19823,230,0,1000
4100000,3408853,4101000,1.2030399999999999,233,0,1000
4150000,3436686,4151000,1.20785,236,0,1000
4200000,3464460,4201000,1.2126,240,0,1000
4250000,3491880,4251000,1.2174,242,0,1000
4300000,3519158,4301000,1.22217,245,0,1000
4350000,3546391,4351000,1.22688,249,0,1000
4400000,3573617,4401000,1.23153,254,0,1000
4450000,3600454,4451000,1.23623,254,0,1000
4500000,3627066,4501000,1.24095,257,0,1000
4550000,3653727,4551000,1.24558,258,0,1000
4600000,3680311,4601000,1.25017,263,0,1000
4650000,3706573,4651000,1.2548,268,0,1000
4700000,3732965,4701000,1.25932,272,0,1000
4750000,3759062,4751000,1.26388,278,0,1000
4800000,3785109,4801000,1.26839,280,0,1000
4850000,3810974,4851000,1.2729,281,0,1000
4900000,3836516,4901000,1.27746,287,0,1000
4950000,3862179,4951000,1.2819200000000002,291,0,1000
5000000,3887652,5001000,1.2863799999999999,296,0,1000
5050000,3912976,5051000,1.29083,301,0,1000
5100000,3938069,5101000,1.2953,305,0,1000
5150000,3963120,5151000,1.2997299999999998,310,0,1000
5200000,3988125,5201000,1.3041200000000002,312,0,1000
5250000,4012815,5251000,1.30856,313,0,1000
5300000,4037472,5301000,1.31295,315,0,1000
5350000,4062100,5351000,1.3173,318,0,1000
5400000,4086541,5401000,1.32166,322,0,1000
5450000,4110898,5451000,1.32599,326,0,1000
5500000,4135023,5501000,1.3303399999999999,331,0,1000
5550000,4159079,5551000,1.33467,334,0,1000
5600000,4183143,5601000,1.33895,340,0,1000
5650000,4207012,5651000,1.34323,342,0,1000
5700000,4230811,5701000,1.3475,346,0,1000
