timestep,num_nodes,num_edges,average_degree,max_degree,num_triangles,new_edges
0,1995,1000,0.501253,1,0,1000
50000,90404,51000,0.564134,5,0,1000
100000,169259,101000,0.596719,7,0,1000
150000,242885,151000,0.621693,13,0,1000
200000,312940,201000,0.642296,17,0,1000
250000,380117,251000,0.660323,22,0,1000
300000,444708,301000,0.6768489999999999,25,0,1000
350000,507281,351000,0.691924,29,0,1000
400000,568265,401000,0.705657,33,0,1000
450000,627621,451000,0.718587,38,0,1000
500000,685495,501000,0.730859,43,0,1000
550000,742001,551000,0.742587,44,0,1000
600000,797344,601000,0.7537520000000001,46,0,1000
650000,851664,651000,0.764386,48,0,1000
700000,904731,701000,0.774816,50,0,1000
750000,957000,751000,0.784744,53,0,1000
800000,1008239,801000,0.794454,55,0,1000
850000,1058632,851000,0.803868,56,0,1000
900000,1108396,901000,0.812886,58,0,1000
950000,1157263,951000,0.821767,61,0,1000
1000000,1205218,1001000,0.8305549999999999,63,0,1000
1050000,1252540,1051000,0.839095,69,0,1000
1100000,1299228,1101000,0.847426,72,0,1000
1150000,1345445,1151000,0.8554790000000001,75,0,1000
1200000,1391042,1201000,0.863382,78,0,1000
1250000,1435914,1251000,0.8712219999999999,79,0,1000
1300000,1480445,1301000,0.87879,84,0,1000
1350000,1524370,1351000,0.8862680000000001,88,0,1000
1400000,1567359,1401000,0.89386,92,0,1000
1450000,1609906,1451000,0.9012950000000001,95,0,1000
1500000,1652217,1501000,0.9084760000000001,100,0,1000
1550000,1694168,1551000,0.915494,102,0,1000
1600000,1735602,1601000,0.9224469999999999,105,0,1000
1650000,1776522,1651000,0.9293440000000001,106,0,1000
1700000,1816865,1701000,0.9362280000000001,108,0,1000
1750000,1857025,1751000,0.9429059999999999,110,0,1000
1800000,1896834,1801000,0.949477,117,0,1000
1850000,1936058,1851000,0.956066,123,0,1000
1900000,1974863,1901000,0.962598,126,0,1000
1950000,2013245,1951000,0.969082,126,0,1000
2000000,2051462,2001000,0.975402,126,0,1000
2050000,2089301,2051000,0.981668,133,0,1000
2100000,2126621,2101000,0.987952,134,0,1000
2150000,2163772,2151000,0.9940969999999999,140,0,1000
2200000,2200346,2201000,1.0003,145,0,1000
2250000,2236460,2251000,1.0065,147,0,1000
2300000,2272465,2301000,1.0125600000000001,149,0,1000
2350000,2308152,2351000,1.0185600000000001,152,0,1000
2400000,2343647,2401000,1.02447,156,0,1000
2450000,2378697,2451000,1.0304,156,0,1000
2500000,2413550,2501000,1.03623,161,0,1000
2550000,2448340,2551000,1.04193,164,0,1000
2600000,2482628,2601000,1.04768,168,0,1000
2650000,2516670,2651000,1.05338,169,0,1000
2700000,2550559,2701000,1.05898,170,0,1000
2750000,2584278,2751000,1.06451,174,0,1000
2800000,2617525,2801000,1.07009,179,0,1000
2850000,2650416,2851000,1.07568,182,0,1000
2900000,2683327,2901000,1.08112,183,0,1000
2950000,2715727,2951000,1.08663,186,0,1000
3000000,2748125,3001000,1.09202,190,0,1000
3050000,2780514,3051000,1.09728,193,0,1000
3100000,2812404,3101000,1.1026200000000002,194,0,1000
3150000,2844165,3151000,1.10788,195,0,1000
3200000,2875584,3201000,1.11317,198,0,1000
3250000,2906839,3251000,1.1184,202,0,1000
3300000,2937699,3301000,1.1236700000000002,206,0,1000
3350000,2968684,3351000,1.12878,212,0,1000
3400000,2999211,3401000,1.13396,214,0,1000
3450000,3029654,3451000,1.13907,216,0,1000
3500000,3059877,3501000,1.14416,221,0,1000
3550000,3090082,3551000,1.14916,227,0,1000
3600000,3120135,3601000,1.15412,229,0,1000
3650000,3149889,3651000,1.15909,234,0,1000
3700000,3179526,3701000,1.16401,236,0,1000
3750000,3208517,3751000,1.16908,242,0,1000
3800000,3237438,3801000,1.17408,243,0,1000
3850000,3266187,3851000,1.17905,247,0,1000
3900000,3294694,3901000,1.18402,251,0,1000
3950000,3323128,3951000,1.1889399999999999,253,0,1000
4000000,3351558,4001000,1.19377,256,0,1000
4050000,3379557,4051000,1.19868,259,0,1000
4100000,3407737,4101000,1.20344,263,0,1000
4150000,3435315,4151000,1.20833,266,0,1000
4200000,3463064,4201000,1.21309,267,0,1000
4250000,3490558,4251000,1.21786,269,0,1000
4300000,3518147,4301000,1.22252,271,0,1000
4350000,3545272,4351000,1.22727,276,0,1000
4400000,3572406,4401000,1.23194,278,0,1000
4450000,3599297,4451000,1.23663,280,0,1000
4500000,3626152,4501000,1.24126,283,0,1000
4550000,3652817,4551000,1.24589,286,0,1000
4600000,3679453,4601000,1.2504600000000001,289,0,1000
4650000,3705715,4651000,1.25509,292,0,1000
4700000,3731834,4701000,1.2597,298,0,1000
4750000,3758145,4751000,1.26419,301,0,1000
4800000,3783961,4801000,1.26878,304,0,1000
4850000,3810017,4851000,1.27322,310,0,1000
4900000,3835501,4901000,1.2778,315,0,1000
4950000,3860862,4951000,1.28236,318,0,1000
5000000,3886063,5001000,1.28691,323,0,1000
5050000,3911389,5051000,1.29136,329,0,1000
5100000,3936583,5101000,1.29579,330,0,1000
5150000,3961706,5151000,1.3002,330,0,1000
5200000,3986612,5201000,1.3046200000000001,331,0,1000
5250000,4011635,5251000,1.30894,332,0,1000
5300000,4036517,5301000,1.31326,333,0,1000
5350000,4061139,5351000,1.31761,334,0,1000
5400000,4085670,5401000,1.32194,336,0,1000
5450000,4110159,5451000,1.32623,341,0,1000
5500000,4134478,5501000,1.3305200000000001,342,0,1000
5550000,4158597,5551000,1.33483,344,0,1000
5600000,4182812,5601000,1.33905,346,0,1000
5650000,4206777,5651000,1.34331,346,0,1000
5700000,4230659,5701000,1.34754,347,0,1000
