timestep,num_nodes,num_edges,average_degree,max_degree,num_triangles,new_edges
0,1988,1000,0.5030180000000001,1,0,1000
50000,90651,51000,0.562597,6,0,1000
100000,169512,101000,0.595828,7,0,1000
150000,243228,151000,0.620817,11,0,1000
200000,313138,201000,0.64189,15,0,1000
250000,380324,251000,0.659964,18,0,1000
300000,445146,301000,0.676183,21,0,1000
350000,507807,351000,0.691207,22,0,1000
400000,568667,401000,0.705158,25,0,1000
450000,628273,451000,0.717841,27,0,1000
500000,686050,501000,0.730267,30,0,1000
550000,742565,551000,0.742023,36,0,1000
600000,798040,601000,0.753095,40,0,1000
650000,852289,651000,0.763825,43,0,1000
700000,905727,701000,0.773964,49,0,1000
750000,957939,751000,0.783975,53,0,1000
800000,1009305,801000,0.793615,53,0,1000
850000,1060004,851000,0.8028270000000001,57,0,1000
900000,1109865,901000,0.81181,60,0,1000
950000,1158731,951000,0.820725,64,0,1000
1000000,1206853,1001000,0.8294299999999999,70,0,1000
1050000,1254411,1051000,0.837843,71,0,1000
1100000,1301003,1101000,0.8462700000000001,71,0,1000
1150000,1347140,1151000,0.854403,72,0,1000
1200000,1392681,1201000,0.8623649999999999,76,0,1000
1250000,1437899,1251000,0.8700190000000001,81,0,1000
1300000,1481786,1301000,0.8779950000000001,83,0,1000
1350000,1525562,1351000,0.885575,87,0,1000
1400000,1568649,1401000,0.893125,87,0,1000
1450000,1611514,1451000,0.9003959999999999,90,0,1000
1500000,1653814,1501000,0.9075989999999999,91,0,1000
1550000,1695500,1551000,0.914774,94,0,1000
1600000,1737002,1601000,0.921703,98,0,1000
1650000,1777818,1651000,0.928666,101,0,1000
1700000,1818333,1701000,0.935472,104,0,1000
1750000,1858527,1751000,0.9421440000000001,107,0,1000
1800000,1898095,1801000,0.948846,110,0,1000
1850000,1937178,1851000,0.955514,113,0,1000
1900000,1976172,1901000,0.9619610000000001,114,0,1000
1950000,2014821,1951000,0.968324,115,0,1000
2000000,2052933,2001000,0.9747030000000001,119,0,1000
2050000,2090795,2051000,0.980967,119,0,1000
2100000,2128080,2101000,0.987275,122,0,1000
2150000,2165264,2151000,0.9934120000000001,126,0,1000
2200000,2201903,2201000,0.99959,132,0,1000
2250000,2238369,2251000,1.0056399999999999,134,0,1000
2300000,2274269,2301000,1.01175,136,0,1000
2350000,2310261,2351000,1.01763,137,0,1000
2400000,2345804,2401000,1.0235299999999998,140,0,1000
2450000,2380938,2451000,1.0294299999999998,144,0,1000
2500000,2415704,2501000,1.03531,147,0,1000
2550000,2450377,2551000,1.04106,151,0,1000
2600000,2484864,2601000,1.04674,155,0,1000
2650000,2518833,2651000,1.05247,161,0,1000
2700000,2552592,2701000,1.0581399999999999,164,0,1000
2750000,2586188,2751000,1.0637299999999998,167,0,1000
2800000,2619695,2801000,1.06921,170,0,1000
2850000,2652655,2851000,1.07477,172,0,1000
2900000,2685606,2901000,1.0802,175,0,1000
2950000,2718190,2951000,1.08565,181,0,1000
3000000,2750430,3001000,1.0911,184,0,1000
3050000,2782624,3051000,1.09645,188,0,1000
3100000,2814057,3101000,1.1019700000000001,192,0,1000
3150000,2845761,3151000,1.1072600000000001,193,0,1000
3200000,2877181,3201000,1.11255,197,0,1000
3250000,2908323,3251000,1.1178299999999999,199,0,1000
3300000,2939450,3301000,1.123,201,0,1000
3350000,2970098,3351000,1.12825,203,0,1000
3400000,3000452,3401000,1.1335,207,0,1000
3450000,3030725,3451000,1.13867,213,0,1000
3500000,3060905,3501000,1.14378,215,0,1000
3550000,3090817,3551000,1.14889,220,0,1000
3600000,3120774,3601000,1.15388,222,0,1000
3650000,3150200,3651000,1.15897,227,0,1000
3700000,3179790,3701000,1.16391,229,0,1000
3750000,3208872,3751000,1.16895,230,0,1000
3800000,3237659,3801000,1.1740000000000002,233,0,1000
3850000,3266579,3851000,1.1789100000000001,236,0,1000
3900000,3295182,3901000,1.18385,244,0,1000
3950000,3323579,3951000,1.18878,246,0,1000
4000000,3352316,4001000,1.1935,249,0,1000
4050000,3380567,4051000,1.19832,251,0,1000
4100000,3408831,4101000,1.20305,254,0,1000
4150000,3436723,4151000,1.20784,255,0,1000
4200000,3464240,4201000,1.21268,258,0,1000
4250000,3491652,4251000,1.21748,261,0,1000
4300000,3518943,4301000,1.22224,261,0,1000
4350000,3546192,4351000,1.22695,262,0,1000
4400000,3573353,4401000,1.2316200000000002,266,0,1000
4450000,3600105,4451000,1.23635,266,0,1000
4500000,3626909,4501000,1.2409999999999999,266,0,1000
4550000,3653438,4551000,1.24568,272,0,1000
4600000,3680011,4601000,1.25027,278,0,1000
4650000,3706415,4651000,1.25485,281,0,1000
4700000,3732527,4701000,1.25947,284,0,1000
4750000,3758682,4751000,1.26401,285,0,1000
4800000,3784588,4801000,1.26857,291,0,1000
4850000,3810561,4851000,1.27304,295,0,1000
4900000,3836364,4901000,1.2775100000000001,297,0,1000
4950000,3861868,4951000,1.2820200000000002,299,0,1000
5000000,3887059,5001000,1.2865799999999998,304,0,1000
5050000,3912343,5051000,1.29104,308,0,1000
5100000,3937699,5101000,1.2954299999999999,314,0,1000
5150000,3962793,5151000,1.2998399999999999,322,0,1000
5200000,3987800,5201000,1.30423,325,0,1000
5250000,4012521,5251000,1.30865,326,0,1000
5300000,4037083,5301000,1.31308,326,0,1000
5350000,4061714,5351000,1.31742,333,0,1000
5400000,4086037,5401000,1.32182,335,0,1000
5450000,4110332,5451000,1.32617,335,0,1000
5500000,4134490,5501000,1.33051,338,0,1000
5550000,4158519,5551000,1.33485,341,0,1000
5600000,4182790,5601000,1.3390600000000001,342,0,1000
5650000,4206830,5651000,1.3432899999999999,346,0,1000
5700000,4230590,5701000,1.3475700000000002,348,0,1000
