timestep,num_nodes,num_edges,average_degree,max_degree,num_triangles,new_edges
0,1994,1000,0.501505,1,0,1000
50000,90692,51000,0.562343,6,0,1000
100000,169502,101000,0.595863,8,0,1000
150000,243046,151000,0.621282,9,0,1000
200000,312963,201000,0.6422479999999999,11,0,1000
250000,380071,251000,0.660403,13,0,1000
300000,444711,301000,0.676844,17,0,1000
350000,507530,351000,0.691585,22,0,1000
400000,568473,401000,0.705398,24,0,1000
450000,628039,451000,0.718108,27,0,1000
500000,685924,501000,0.730402,31,0,1000
550000,742418,551000,0.74217,34,0,1000
600000,797802,601000,0.75332,37,0,1000
650000,852231,651000,0.763877,39,0,1000
700000,905234,701000,0.774385,42,0,1000
750000,957279,751000,0.784515,44,0,1000
800000,1008441,801000,0.794295,49,0,1000
850000,1058874,851000,0.8036840000000001,54,0,1000
900000,1108707,901000,0.812658,58,0,1000
950000,1157735,951000,0.8214319999999999,62,0,1000
1000000,1205871,1001000,0.830105,64,0,1000
1050000,1253319,1051000,0.8385729999999999,71,0,1000
1100000,1300035,1101000,0.8469,76,0,1000
1150000,1346098,1151000,0.8550639999999999,80,0,1000
1200000,1391523,1201000,0.863083,83,0,1000
1250000,1436454,1251000,0.8708950000000001,86,0,1000
1300000,1480999,1301000,0.878461,92,0,1000
1350000,1524881,1351000,0.885971,94,0,1000
1400000,1568138,1401000,0.893416,97,0,1000
1450000,1610820,1451000,0.900783,100,0,1000
1500000,1653150,1501000,0.907964,104,0,1000
1550000,1695024,1551000,0.9150309999999999,105,0,1000
1600000,1736636,1601000,0.921897,107,0,1000
1650000,1777482,1651000,0.9288420000000001,109,0,1000
1700000,1817785,1701000,0.9357540000000001,110,0,1000
1750000,1857625,1751000,0.942601,113,0,1000
1800000,1897144,1801000,0.9493219999999999,114,0,1000
1850000,1936486,1851000,0.9558549999999999,116,0,1000
1900000,1975228,1901000,0.9624209999999999,122,0,1000
1950000,2013525,1951000,0.9689469999999999,126,0,1000
2000000,2051392,2001000,0.975435,127,0,1000
2050000,2089171,2051000,0.9817290000000001,129,0,1000
2100000,2126818,2101000,0.9878610000000001,132,0,1000
2150000,2163657,2151000,0.99415,137,0,1000
2200000,2200208,2201000,1.0003600000000001,138,0,1000
2250000,2236526,2251000,1.00647,138,0,1000
2300000,2272442,2301000,1.01257,140,0,1000
2350000,2308302,2351000,1.0185,145,0,1000
2400000,2343965,2401000,1.02433,150,0,1000
2450000,2379074,2451000,1.03023,150,0,1000
2500000,2413898,2501000,1.03608,152,0,1000
2550000,2448496,2551000,1.04186,155,0,1000
2600000,2482790,2601000,1.04761,159,0,1000
2650000,2517071,2651000,1.05321,164,0,1000
2700000,2550964,2701000,1.05882,165,0,1000
2750000,2584714,2751000,1.06433,169,0,1000
2800000,2617789,2801000,1.06999,173,0,1000
2850000,2650890,2851000,1.07549,173,0,1000
2900000,2683539,2901000,1.08104,177,0,1000
2950000,2716138,2951000,1.08647,181,0,1000
3000000,2748484,3001000,1.0918700000000001,181,0,1000
3050000,2780322,3051000,1.09735,184,0,1000
3100000,2812008,3101000,1.10277,187,0,1000
3150000,2843526,3151000,1.1081299999999998,189,0,1000
3200000,2875040,3201000,1.11338,191,0,1000
3250000,2906290,3251000,1.11861,193,0,1000
3300000,2937422,3301000,1.1237700000000002,195,0,1000
3350000,2968176,3351000,1.1289799999999999,196,0,1000
3400000,2998799,3401000,1.13412,200,0,1000
3450000,3029033,3451000,1.13931,200,0,1000
3500000,3059180,3501000,1.14442,201,0,1000
3550000,3089159,3551000,1.1495,203,0,1000
3600000,3119087,3601000,1.1545,206,0,1000
3650000,3148897,3651000,1.15945,209,0,1000
3700000,3178558,3701000,1.16436,210,0,1000
3750000,3207600,3751000,1.16941,213,0,1000
3800000,3236623,3801000,1.1743700000000001,216,0,1000
3850000,3265322,3851000,1.17936,221,0,1000
3900000,3294032,3901000,1.18426,225,0,1000
3950000,3322591,3951000,1.18913,227,0,1000
4000000,3351086,4001000,1.19394,232,0,1000
4050000,3379311,4051000,1.1987700000000001,234,0,1000
4100000,3407464,4101000,1.20353,234,0,1000
4150000,3435482,4151000,1.2082700000000002,238,0,1000
4200000,3463485,4201000,1.21294,242,0,1000
4250000,3490877,4251000,1.21775,244,0,1000
4300000,3518309,4301000,1.22246,249,0,1000
4350000,3545524,4351000,1.22718,254,0,1000
4400000,3572793,4401000,1.23181,258,0,1000
4450000,3599722,4451000,1.23648,259,0,1000
4500000,3626691,4501000,1.24108,264,0,1000
4550000,3653222,4551000,1.24575,266,0,1000
4600000,3679837,4601000,1.25033,271,0,1000
4650000,3706090,4651000,1.25496,274,0,1000
4700000,3732343,4701000,1.2595299999999998,275,0,1000
4750000,3758398,4751000,1.2641,278,0,1000
4800000,3784541,4801000,1.2685799999999998,284,0,1000
4850000,3810375,4851000,1.2731,288,0,1000
4900000,3836143,4901000,1.27759,288,0,1000
4950000,3861669,4951000,1.28209,293,0,1000
5000000,3887093,5001000,1.28657,297,0,1000
5050000,3912362,5051000,1.29104,301,0,1000
5100000,3937759,5101000,1.29541,308,0,1000
5150000,3962952,5151000,1.29979,313,0,1000
5200000,3987701,5201000,1.30426,317,0,1000
5250000,4012632,5251000,1.3086200000000001,319,0,1000
5300000,4037457,5301000,1.3129600000000001,320,0,1000
5350000,4061975,5351000,1.31734,324,0,1000
5400000,4086379,5401000,1.32171,327,0,1000
5450000,4110678,5451000,1.32606,332,0,1000
5500000,4135105,5501000,1.3303200000000002,336,0,1000
5550000,4159165,5551000,1.33464,336,0,1000
5600000,4182960,5601000,1.339,339,0,1000
5650000,4206804,5651000,1.3433,342,0,1000
5700000,4230787,5701000,1.3475,346,0,1000
