timestep,num_nodes,num_edges,average_degree,max_degree,num_triangles,new_edges
0,1990,1000,0.502513,2,0,1000
50000,90571,51000,0.563094,6,0,1000
100000,169765,101000,0.5949399999999999,9,0,1000
150000,243424,151000,0.620317,12,0,1000
200000,313504,201000,0.6411399999999999,17,0,1000
250000,380658,251000,0.659385,21,0,1000
300000,445252,301000,0.676022,24,0,1000
350000,508009,351000,0.690933,28,0,1000
400000,568812,401000,0.704978,31,0,1000
450000,627916,451000,0.718249,32,0,1000
500000,685689,501000,0.7306520000000001,34,0,1000
550000,742496,551000,0.742092,37,0,1000
600000,798018,601000,0.753116,41,0,1000
650000,852382,651000,0.763742,44,0,1000
700000,905419,701000,0.774227,48,0,1000
750000,957518,751000,0.784319,51,0,1000
800000,1008833,801000,0.793987,55,0,1000
850000,1059373,851000,0.803305,61,0,1000
900000,1109046,901000,0.8124100000000001,65,0,1000
950000,1157684,951000,0.821468,74,0,1000
1000000,1205564,1001000,0.830317,76,0,1000
1050000,1253181,1051000,0.838666,79,0,1000
1100000,1299947,1101000,0.846958,80,0,1000
1150000,1346060,1151000,0.855088,81,0,1000
1200000,1391719,1201000,0.8629620000000001,85,0,1000
1250000,1436508,1251000,0.870862,88,0,1000
1300000,1481046,1301000,0.878433,95,0,1000
1350000,1524892,1351000,0.885964,100,0,1000
1400000,1568162,1401000,0.8934030000000001,104,0,1000
1450000,1610701,1451000,0.90085,107,0,1000
1500000,1652985,1501000,0.9080540000000001,109,0,1000
1550000,1694559,1551000,0.9152819999999999,113,0,1000
1600000,1736231,1601000,0.922112,118,0,1000
1650000,1777123,1651000,0.9290299999999999,124,0,1000
1700000,1817651,1701000,0.935823,128,0,1000
1750000,1857792,1751000,0.942517,129,0,1000
1800000,1897573,1801000,0.9491069999999999,133,0,1000
1850000,1936989,1851000,0.955607,137,0,1000
1900000,1975756,1901000,0.9621629999999999,137,0,1000
1950000,2014232,1951000,0.968607,141,0,1000
2000000,2052269,2001000,0.975018,143,0,1000
2050000,2090240,2051000,0.9812270000000001,147,0,1000
2100000,2127599,2101000,0.987498,148,0,1000
2150000,2164608,2151000,0.993713,149,0,1000
2200000,2201361,2201000,0.9998360000000001,150,0,1000
2250000,2237981,2251000,1.0058200000000002,155,0,1000
2300000,2273937,2301000,1.0119,159,0,1000
2350000,2309892,2351000,1.0178,162,0,1000
2400000,2345326,2401000,1.0237399999999999,166,0,1000
2450000,2380445,2451000,1.0296399999999999,171,0,1000
2500000,2415236,2501000,1.03551,173,0,1000
2550000,2449881,2551000,1.04128,176,0,1000
2600000,2484259,2601000,1.0469899999999999,179,0,1000
2650000,2518526,2651000,1.0526,185,0,1000
2700000,2552131,2701000,1.05833,191,0,1000
2750000,2585746,2751000,1.0639100000000001,192,0,1000
2800000,2619174,2801000,1.06942,198,0,1000
2850000,2652106,2851000,1.07499,202,0,1000
2900000,2684965,2901000,1.08046,203,0,1000
2950000,2717544,2951000,1.08591,207,0,1000
3000000,2749759,3001000,1.0913700000000002,212,0,1000
3050000,2781656,3051000,1.09683,213,0,1000
3100000,2813570,3101000,1.10216,215,0,1000
3150000,2845347,3151000,1.10742,219,0,1000
3200000,2876802,3201000,1.11269,226,0,1000
3250000,2908125,3251000,1.1179,228,0,1000
3300000,2939344,3301000,1.12304,228,0,1000
3350000,2970139,3351000,1.1282299999999998,231,0,1000
3400000,3000897,3401000,1.13333,233,0,1000
3450000,3031433,3451000,1.1384100000000001,233,0,1000
3500000,3061466,3501000,1.14357,234,0,1000
3550000,3091232,3551000,1.14873,236,0,1000
3600000,3121082,3601000,1.15377,240,0,1000
3650000,3150624,3651000,1.1588200000000002,243,0,1000
3700000,3179969,3701000,1.16385,245,0,1000
3750000,3209030,3751000,1.16889,246,0,1000
3800000,3237876,3801000,1.17392,248,0,1000
3850000,3266692,3851000,1.17887,250,0,1000
3900000,3295390,3901000,1.18377,252,0,1000
3950000,3323979,3951000,1.18864,254,0,1000
4000000,3352324,4001000,1.1935,256,0,1000
4050000,3380503,4051000,1.19834,258,0,1000
4100000,3408491,4101000,1.20317,264,0,1000
4150000,3436322,4151000,1.2079799999999998,266,0,1000
4200000,3463930,4201000,1.21278,268,0,1000
4250000,3491710,4251000,1.21746,271,0,1000
4300000,3519231,4301000,1.22214,272,0,1000
4350000,3546628,4351000,1.2268,275,0,1000
4400000,3573488,4401000,1.23157,276,0,1000
4450000,3600526,4451000,1.23621,278,0,1000
4500000,3627233,4501000,1.24089,282,0,1000
4550000,3653861,4551000,1.24553,284,0,1000
4600000,3680315,4601000,1.25016,287,0,1000
4650000,3706599,4651000,1.25479,289,0,1000
4700000,3732734,4701000,1.2594,294,0,1000
4750000,3758689,4751000,1.264,294,0,1000
4800000,3784411,4801000,1.26863,297,0,1000
4850000,3810391,4851000,1.2731,300,0,1000
4900000,3835966,4901000,1.2776399999999999,303,0,1000
4950000,3861483,4951000,1.28215,305,0,1000
5000000,3887013,5001000,1.28659,308,0,1000
5050000,3912471,5051000,1.291,313,0,1000
5100000,3937657,5101000,1.29544,315,0,1000
5150000,3962833,5151000,1.2998299999999998,316,0,1000
5200000,3987736,5201000,1.30425,318,0,1000
5250000,4012691,5251000,1.3086,319,0,1000
5300000,4037115,5301000,1.3130700000000002,324,0,1000
5350000,4061730,5351000,1.31742,324,0,1000
5400000,4086142,5401000,1.32178,328,0,1000
5450000,4110612,5451000,1.32608,331,0,1000
5500000,4134846,5501000,1.3304,335,0,1000
5550000,4159048,5551000,1.3346799999999999,337,0,1000
5600000,4183120,5601000,1.33895,338,0,1000
5650000,4206948,5651000,1.34325,344,0,1000
5700000,4230555,5701000,1.34758,348,0,1000
