timestep,num_nodes,num_edges,average_degree,max_degree,num_triangles,new_edges
0,1937,999,0.515746,3,0,999
50000,92202,50987,0.552992,24,0,999
100000,173241,100934,0.582622,44,10,998
150000,247720,150849,0.60895,61,31,1000
200000,316927,200733,0.633373,90,62,996
250000,381679,250590,0.656546,114,110,998
300000,442772,300412,0.67848,135,170,998
350000,500774,350201,0.6993189999999999,159,259,995
400000,555723,399989,0.719763,188,359,999
450000,608434,449734,0.739166,209,474,985
500000,658652,499422,0.758249,230,625,995
550000,706488,549126,0.777262,253,803,994
600000,752760,598809,0.795485,274,1000,989
650000,797430,648476,0.813207,294,1265,997
700000,840329,698074,0.830715,328,1535,993
750000,881550,747649,0.8481069999999999,347,1870,990
800000,921675,797204,0.864951,362,2188,988
850000,960306,846692,0.88169,385,2605,991
900000,998055,896203,0.89795,405,3082,994
950000,1034452,945652,0.914157,426,3551,990
1000000,1069845,995087,0.9301229999999999,444,4113,989
1050000,1104300,1044513,0.94586,463,4706,991
1100000,1137643,1093846,0.9615020000000001,489,5359,982
1150000,1169985,1143230,0.977132,514,6058,991
1200000,1201472,1192526,0.992554,531,6807,982
1250000,1232393,1241810,1.0076399999999999,552,7660,982
1300000,1262506,1291085,1.02264,571,8588,986
1350000,1291816,1340315,1.03754,603,9554,981
1400000,1320551,1389481,1.0522,617,10605,987
1450000,1348403,1438631,1.06691,649,11745,983
1500000,1375564,1487754,1.08156,673,13008,982
1550000,1402162,1536890,1.09609,689,14411,982
1600000,1428022,1585972,1.11061,712,15837,981
1650000,1453334,1635019,1.12501,739,17289,984
1700000,1478194,1684043,1.13926,763,18881,974
1750000,1502681,1733004,1.15327,797,20653,986
1800000,1527110,1781917,1.16686,822,22374,982
1850000,1550332,1830822,1.18092,842,24164,978
1900000,1573386,1879761,1.19472,871,26082,974
1950000,1595819,1928669,1.20858,888,28225,977
2000000,1618017,1977487,1.22217,901,30341,966
2050000,1639797,2026240,1.23567,912,32501,982
2100000,1661157,2075041,1.24915,932,34883,973
2150000,1681992,2123833,1.2626899999999999,957,37375,969
2200000,1702522,2172505,1.27605,976,40040,975
2250000,1722726,2221212,1.28936,994,42891,973
2300000,1742644,2269898,1.30256,1011,45556,971
2350000,1762242,2318496,1.31565,1037,48436,967
2400000,1781453,2367050,1.3287200000000001,1063,51384,974
2450000,1800339,2415611,1.34175,1086,54523,979
2500000,1819034,2464166,1.35466,1112,57755,975
2550000,1837205,2512676,1.36766,1135,61311,964
2600000,1855322,2561194,1.38046,1148,64872,961
2650000,1873074,2609704,1.39327,1170,68518,968
2700000,1890519,2658170,1.40605,1185,72348,968
2750000,1907768,2706597,1.41872,1204,76316,961
2800000,1924883,2754994,1.43125,1226,80312,973
2850000,1941600,2803348,1.44383,1246,84463,972
2900000,1958124,2851664,1.45632,1261,88950,964
2950000,1974615,2899952,1.46862,1277,93483,966
3000000,1990688,2948189,1.48099,1303,98054,959
3050000,2006567,2996400,1.4933,1321,102685,964
3100000,2022315,3044621,1.5055100000000001,1341,107642,973
3150000,2037792,3092771,1.5177100000000001,1363,112576,951
3200000,2052985,3140860,1.5299,1373,117969,959
3250000,2067917,3188933,1.5421,1391,123672,959
3300000,2082698,3237135,1.5543,1427,129233,965
3350000,2097261,3285208,1.56643,1444,134844,960
3400000,2111659,3333326,1.57853,1468,140720,958
3450000,2126085,3381319,1.5904,1484,146788,956
3500000,2140213,3429219,1.60228,1508,152882,947
3550000,2153870,3477077,1.6143399999999999,1522,159431,964
3600000,2167443,3524988,1.6263299999999998,1544,165891,965
3650000,2181030,3572852,1.63815,1567,172656,954
3700000,2194175,3620725,1.65015,1591,179930,969
3750000,2207484,3668611,1.6619,1622,186776,958
3800000,2220592,3716494,1.67365,1642,194305,958
3850000,2233394,3764296,1.68546,1661,201592,948
3900000,2246055,3812014,1.6972,1680,209198,960
3950000,2258929,3859737,1.7086599999999998,1701,217001,963
4000000,2271379,3907444,1.7203,1715,225169,949
4050000,2283641,3955046,1.7319,1745,233397,949
4100000,2295868,4002702,1.74344,1771,241824,965
4150000,2308201,4050323,1.75475,1795,250666,942
4200000,2320238,4097887,1.76615,1815,259384,954
4250000,2332193,4145422,1.77748,1836,268190,940
4300000,2343764,4192936,1.78898,1861,277355,946
4350000,2355457,4240424,1.8002599999999997,1882,286747,949
4400000,2366776,4287721,1.8116299999999999,1900,295852,951
4450000,2378085,4335167,1.82297,1929,305749,945
4500000,2389242,4382528,1.83428,1958,316065,946
4550000,2400511,4429823,1.8453700000000002,1977,326186,951
4600000,2411650,4477113,1.85645,1995,336267,928
4650000,2422501,4524421,1.8676700000000002,2011,346992,945
4700000,2433439,4571739,1.8787200000000002,2043,357763,960
4750000,2444129,4618939,1.8898099999999998,2068,368466,935
4800000,2454603,4666113,1.9009599999999998,2089,380027,949
4850000,2465164,4713274,1.91195,2112,391723,947
4900000,2475618,4760394,1.92291,2134,403203,951
4950000,2485932,4807411,1.93385,2151,415534,926
5000000,2496057,4854568,1.9448900000000002,2166,427386,949
5050000,2506120,4901599,1.95585,2186,439860,947
5100000,2516165,4948634,1.9667400000000002,2217,452507,933
5150000,2526190,4995512,1.9774900000000002,2241,465232,942
5200000,2535984,5042418,1.98835,2262,478123,935
5250000,2545620,5089374,1.99927,2283,491182,938
5300000,2555211,5136291,2.01012,2304,505075,929
5350000,2564848,5183146,2.02084,2330,518625,935
5400000,2574260,5229971,2.0316400000000003,2345,532800,935
5450000,2583642,5276822,2.0424,2359,546986,949
5500000,2592957,5323647,2.0531200000000003,2386,561916,943
5550000,2602154,5370502,2.06387,2396,576369,936
5600000,2611393,5417162,2.07443,2414,590928,932
5650000,2620461,5463875,2.08508,2437,606249,925
5700000,2629506,5510728,2.09573,2451,621846,934
5750000,2638238,5557384,2.10648,2479,637957,939
5800000,2647289,5604002,2.11688,2501,653397,936
5850000,2656057,5650471,2.12739,2533,669591,926
5900000,2664750,5697026,2.1379200000000003,2549,686159,926
5950000,2673435,5743559,2.14838,2565,702904,908
6000000,2681869,5789990,2.1589400000000003,2593,719755,917
6050000,2690379,5836336,2.16934,2607,737024,929
6100000,2698909,5882918,2.1797400000000002,2633,754797,941
6150000,2707306,5929341,2.19013,2651,773249,933
6200000,2715468,5975754,2.20064,2671,791194,929
6250000,2723585,6022119,2.2111,2687,809275,921
6300000,2731652,6068474,2.22154,2702,828246,937
6350000,2739727,6114700,2.2318599999999997,2727,847417,930
6400000,2747810,6160982,2.24214,2760,866889,927
6450000,2755930,6207114,2.25228,2780,886144,920
6500000,2763839,6253298,2.26254,2803,905585,926
6550000,2771701,6299454,2.27278,2824,926184,931
6600000,2779348,6345565,2.2831099999999998,2853,946837,925
6650000,2787011,6391706,2.29339,2882,966763,916
6700000,2794543,6437862,2.30373,2900,987685,917
6750000,2802212,6483902,2.31385,2931,1009377,930
6800000,2809645,6529974,2.32413,2951,1030766,934
6850000,2817110,6575980,2.3343,2975,1052500,918
6900000,2824480,6621959,2.34449,2992,1074079,919
6950000,2831998,6668013,2.35453,3013,1095881,917
7000000,2839371,6713971,2.3646,3026,1118485,922
7050000,2846642,6759884,2.37469,3049,1141892,922
7100000,2853972,6805870,2.3847,3077,1165480,921
7150000,2861186,6851658,2.39469,3100,1189217,920
7200000,2868391,6897476,2.40465,3119,1212969,933
7250000,2875488,6943288,2.41465,3136,1236821,914
7300000,2882476,6989049,2.42467,3150,1260929,916
7350000,2889515,7034868,2.4346200000000002,3175,1285464,925
7400000,2896549,7080557,2.44448,3197,1311680,908
7450000,2903506,7126246,2.45436,3218,1336779,917
7500000,2910490,7171969,2.46418,3236,1362309,919
7550000,2917353,7217547,2.47401,3256,1387401,924
7600000,2924228,7263215,2.48381,3279,1414080,918
7650000,2931092,7308792,2.4935400000000003,3301,1440688,910
7700000,2937640,7354267,2.50346,3328,1467684,909
7750000,2944191,7399694,2.51332,3359,1494573,927
7800000,2950781,7445056,2.5230799999999998,3380,1522303,913
7850000,2957394,7490437,2.53278,3407,1549676,912
7900000,2963982,7535811,2.5424599999999997,3429,1577721,906
7950000,2970498,7581166,2.55215,3460,1604730,903
8000000,2976912,7626435,2.56186,3475,1632604,909
8050000,2983244,7671652,2.57158,3494,1662538,885
8100000,2989735,7716928,2.58114,3511,1691776,899
8150000,2995943,7762190,2.5909,3536,1722470,903
8200000,3002298,7807494,2.60051,3553,1752733,910
8250000,3008426,7852583,2.6102,3574,1783067,899
8300000,3014642,7897717,2.61979,3597,1813328,891
8350000,3020762,7942789,2.6294,3616,1845371,880
8400000,3026872,7987909,2.639,3645,1875706,914
8450000,3032944,8032970,2.64857,3661,1907076,904
8500000,3039051,8078129,2.6581099999999998,3681,1939636,908
8550000,3045187,8123102,2.66752,3694,1971919,909
8600000,3051144,8168098,2.67706,3715,2005063,905
8650000,3057201,8213012,2.68645,3736,2037359,893
8700000,3063161,8257873,2.69587,3751,2070608,893
8750000,3069080,8302867,2.70533,3775,2105106,900
8800000,3075030,8347759,2.71469,3789,2138005,893
8850000,3080928,8392664,2.72407,3812,2171843,887
8900000,3086676,8437448,2.73351,3832,2207362,885
8950000,3092266,8482014,2.7429799999999998,3852,2243225,891
9000000,3097909,8526775,2.75243,3863,2278430,890
9050000,3103569,8571351,2.7617700000000003,3880,2314750,895
9100000,3109315,8616063,2.77105,3898,2351670,879
9150000,3114938,8660787,2.7804,3925,2389367,877
9200000,3120488,8705321,2.78973,3947,2426963,883
9250000,3126048,8749916,2.79903,3966,2463711,902
9300000,3131542,8794523,2.80837,3995,2501311,899
9350000,3137111,8839090,2.81759,4023,2538981,903
9400000,3142599,8883700,2.82686,4041,2577062,891
9450000,3148109,8928250,2.83607,4062,2615599,901
9500000,3153569,8972628,2.84523,4084,2654694,905
9550000,3158994,9017201,2.85445,4098,2693791,884
9600000,3164391,9061711,2.86365,4124,2734467,902
9650000,3169765,9106292,2.8728599999999997,4137,2774177,882
9700000,3175134,9150654,2.88197,4156,2814928,851
9750000,3180320,9194901,2.89119,4194,2855881,878
9800000,3185576,9239284,2.90035,4224,2896264,878
9850000,3190757,9283572,2.90952,4245,2937622,884
9900000,3195927,9327897,2.9186799999999997,4267,2980849,896
9950000,3201029,9372047,2.92782,4289,3022844,896
10000000,3206103,9416192,2.93696,4312,3066744,879
10050000,3211067,9460302,2.94616,4325,3110314,881
10100000,3216088,9504475,2.95529,4344,3153035,889
10150000,3221076,9548475,2.96437,4372,3196735,913
10200000,3225983,9592474,2.9735,4388,3241464,889
10250000,3231152,9636505,2.98237,4413,3286274,880
10300000,3236047,9680514,2.99146,4443,3330784,881
10350000,3241077,9724486,3.0003900000000003,4466,3376195,858
10400000,3245977,9768307,3.00936,4484,3422248,878
10450000,3250754,9812175,3.01843,4505,3469090,888
10500000,3255704,9856053,3.02732,4523,3515003,863
10550000,3260498,9899881,3.03631,4549,3562417,871
10600000,3265156,9943600,3.04537,4565,3611625,872
10650000,3269863,9987416,3.05438,4584,3659035,873
10700000,3274604,10031155,3.06332,4600,3706297,883
10750000,3279310,10074927,3.07227,4615,3755865,870
10800000,3284013,10118672,3.0811900000000003,4637,3803974,888
10850000,3288636,10162283,3.09012,4657,3853500,893
10900000,3293280,10205875,3.0989999999999998,4674,3901959,857
10950000,3297929,10249530,3.10787,4693,3953255,874
11000000,3302460,10293032,3.11678,4710,4004243,872
11050000,3306876,10336579,3.12578,4736,4054894,865
11100000,3311461,10380047,3.13458,4764,4105769,864
11150000,3315965,10423722,3.1435,4781,4157191,872
11200000,3320471,10467081,3.1522900000000003,4797,4210342,844
11250000,3324982,10510683,3.16112,4819,4263647,884
11300000,3329520,10554094,3.16985,4834,4315533,855
11350000,3333965,10597526,3.17866,4862,4368037,868
11400000,3338447,10640973,3.1874,4881,4421085,866
11450000,3342890,10684282,3.19612,4898,4475112,862
11500000,3347273,10727553,3.20486,4924,4530745,870
11550000,3351623,10770900,3.2136400000000003,4939,4585325,872
11600000,3356008,10814143,3.22232,4962,4640091,869
11650000,3360401,10857446,3.2310000000000003,4986,4694064,867
11700000,3364744,10900556,3.23964,5004,4748916,855
11750000,3369006,10943712,3.24835,5033,4806460,856
11800000,3373261,10986724,3.2569999999999997,5050,4862823,873
11850000,3377683,11029805,3.2654900000000002,5070,4920690,850
11900000,3381921,11073081,3.2742,5091,4979404,873
11950000,3386210,11116101,3.2827599999999997,5111,5036531,866
12000000,3390394,11159028,3.2913699999999997,5142,5094436,841
12050000,3394627,11201927,3.2999,5166,5152291,860
12100000,3398833,11244814,3.3084300000000004,5182,5211119,879
12150000,3402992,11287735,3.3169999999999997,5206,5271618,855
12200000,3407207,11330674,3.3255,5233,5331828,861
12250000,3411375,11373602,3.3340199999999998,5253,5392777,864
12300000,3415490,11416574,3.34259,5286,5454907,841
12350000,3419642,11459333,3.35103,5300,5516756,856
12400000,3423829,11502078,3.3594199999999996,5321,5578717,879
12450000,3428016,11544855,3.3677900000000003,5351,5640660,846
12500000,3432011,11587573,3.3763199999999998,5372,5704500,836
12550000,3435994,11630091,3.38478,5385,5766261,859
12600000,3439945,11672774,3.3933,5406,5829046,860
12650000,3443968,11715417,3.4017199999999996,5429,5892969,843
12700000,3447980,11758141,3.41015,5448,5956318,856
12750000,3452009,11800814,3.41854,5475,6019117,847
12800000,3455945,11843331,3.42694,5501,6082777,845
12850000,3459770,11885696,3.4354,5529,6149566,830
12900000,3463762,11928126,3.44369,5547,6215841,852
12950000,3467690,11970728,3.4520800000000005,5567,6282838,860
13000000,3471616,12013043,3.4603599999999997,5590,6349248,822
13050000,3475408,12055364,3.46876,5611,6416112,850
13100000,3479208,12097716,3.47715,5638,6484143,831
13150000,3483063,12140011,3.48544,5654,6553488,838
13200000,3486882,12182291,3.49375,5671,6621513,853
13250000,3490571,12224528,3.50216,5697,6691355,855
13300000,3494369,12266831,3.5104599999999997,5718,6761194,857
13350000,3498118,12309146,3.51879,5739,6830510,839
13400000,3501825,12351320,3.52711,5772,6900583,839
13450000,3505618,12393546,3.53534,5790,6970611,854
13500000,3509366,12435637,3.54356,5807,7041433,820
13550000,3513147,12477754,3.5517300000000005,5822,7111718,861
13600000,3516838,12519934,3.56,5847,7182629,847
13650000,3520503,12562070,3.56826,5867,7256133,828
13700000,3524164,12604181,3.5765,5890,7330461,837
13750000,3527791,12646251,3.58475,5919,7403073,841
13800000,3531518,12688201,3.59285,5941,7477762,840
13850000,3535094,12730089,3.60106,5972,7550179,839
13900000,3538746,12772004,3.6091900000000003,5998,7625471,846
13950000,3542310,12813839,3.6173699999999998,6013,7700214,847
14000000,3545879,12855735,3.62554,6032,7773394,856
14050000,3549462,12897554,3.63366,6049,7846462,828
14100000,3552971,12939541,3.64189,6067,7922536,835
14150000,3556471,12981297,3.65005,6086,8001042,830
14200000,3560016,13022860,3.65809,6094,8078515,842
14250000,3563511,13064450,3.6661699999999997,6113,8156383,832
14300000,3567009,13106203,3.6742800000000004,6130,8235073,833
14350000,3570329,13147956,3.68256,6145,8311467,836
14400000,3573816,13189522,3.6906,6162,8389359,847
14450000,3577211,13230972,3.6986800000000004,6171,8468431,831
14500000,3580699,13272523,3.7066800000000004,6187,8550911,820
14550000,3584095,13314018,3.71475,6207,8631456,824
14600000,3587592,13355533,3.7227,6222,8715435,812
14650000,3590886,13396835,3.7307900000000003,6252,8797888,817
14700000,3594267,13438179,3.73878,6272,8878501,827
14750000,3597659,13479488,3.74674,6299,8960751,831
14800000,3601051,13520900,3.7547099999999998,6318,9043695,840
14850000,3604447,13562047,3.7625900000000003,6335,9125157,810
14900000,3607741,13603377,3.77061,6354,9208810,836
14950000,3611083,13644724,3.7785699999999998,6377,9289703,821
15000000,3614264,13686060,3.7866800000000005,6404,9370344,828
15050000,3617518,13727363,3.79469,6426,9453021,822
15100000,3620805,13768522,3.80261,6444,9537763,811
15150000,3624102,13809778,3.81054,6458,9623584,833
15200000,3627356,13850884,3.81845,6479,9709395,839
15250000,3630706,13892001,3.82625,6502,9796052,825
15300000,3633861,13933081,3.8342400000000003,6523,9880982,824
15350000,3637026,13974053,3.84216,6536,9970959,833
15400000,3640132,14014926,3.85011,6552,10058702,802
15450000,3643432,14055928,3.85788,6570,10147887,827
15500000,3646637,14096899,3.86573,6593,10234909,813
15550000,3649777,14138016,3.8736699999999997,6612,10323974,822
15600000,3652969,14178852,3.8814599999999997,6621,10414712,812
15650000,3656073,14219772,3.88936,6647,10503229,839
15700000,3659250,14260597,3.8971400000000003,6663,10593752,807
15750000,3662400,14301352,3.9049099999999997,6689,10686617,810
15800000,3665543,14341985,3.91265,6716,10778128,809
15850000,3668641,14382844,3.9204800000000004,6722,10869217,816
15900000,3671745,14423586,3.92826,6747,10957297,824
15950000,3674819,14464300,3.93606,6768,11049789,811
16000000,3677896,14505174,3.9438800000000005,6790,11144393,829
16050000,3681038,14545798,3.95155,6811,11238685,806
16100000,3684108,14586430,3.95928,6826,11331014,813
16150000,3687114,14627010,3.96706,6841,11422408,803
16200000,3690132,14667533,3.9748,6857,11517334,806
16250000,3693077,14707956,3.9825699999999995,6876,11618253,812
16300000,3696081,14748475,3.9903,6898,11717666,839
16350000,3699031,14788864,3.99804,6917,11811779,796
16400000,3701972,14829153,4.00574,6932,11909188,826
16450000,3704888,14869569,4.0135,6949,12003340,800
16500000,3707868,14909812,4.02113,6969,12100925,833
16550000,3710770,14950288,4.0288900000000005,6984,12199818,828
16600000,3713723,14990803,4.0366,7003,12297235,831
16650000,3716689,15030962,4.04418,7033,12396145,815
16700000,3719602,15071109,4.05181,7059,12495873,804
16750000,3722373,15111448,4.05963,7080,12597203,821
16800000,3725335,15151613,4.0671800000000005,7094,12696785,807
16850000,3728242,15191784,4.0747800000000005,7111,12799150,797
16900000,3731089,15231850,4.082409999999999,7137,12902310,793
16950000,3734009,15271915,4.08995,7152,13002353,805
17000000,3736811,15312129,4.09765,7165,13104077,787
17050000,3739638,15352149,4.10525,7185,13207110,787
17100000,3742442,15392138,4.1128599999999995,7205,13309453,801
17150000,3745202,15431954,4.12046,7224,13412263,827
17200000,3747987,15471984,4.128080000000001,7242,13516738,797
17250000,3750735,15511784,4.135669999999999,7256,13623035,793
17300000,3753562,15551642,4.14317,7270,13730070,805
17350000,3756298,15591784,4.1508400000000005,7296,13837791,819
17400000,3759075,15631518,4.15834,7310,13944592,771
17450000,3761895,15671221,4.165780000000001,7327,14051622,789
17500000,3764610,15710962,4.17333,7347,14155561,802
17550000,3767475,15750763,4.18072,7357,14264281,780
17600000,3770165,15790518,4.188280000000001,7374,14372050,804
17650000,3772768,15830236,4.19592,7386,14480801,795
17700000,3775494,15869779,4.20336,7409,14589078,776
17750000,3778197,15909566,4.21089,7426,14697230,793
17800000,3780923,15949120,4.21831,7444,14804276,801
17850000,3783620,15988674,4.22576,7462,14917550,774
17900000,3786284,16028198,4.233230000000001,7477,15029584,808
17950000,3788980,16067583,4.24061,7500,15138513,779
18000000,3791518,16106885,4.24814,7517,15253852,797
18050000,3794196,16146397,4.25555,7541,15364481,801
18100000,3796862,16185947,4.262980000000001,7562,15482923,779
18150000,3799499,16225271,4.27037,7581,15595577,789
18200000,3802045,16264678,4.277880000000001,7599,15708967,795
18250000,3804728,16303917,4.28517,7613,15822438,772
18300000,3807351,16343177,4.29253,7632,15936795,776
18350000,3809921,16382489,4.29996,7648,16051970,812
18400000,3812519,16421782,4.30733,7671,16165519,795
18450000,3815103,16461033,4.3147,7697,16280861,785
18500000,3817634,16500388,4.32215,7712,16395424,770
18550000,3820196,16539711,4.32955,7734,16513347,784
18600000,3822788,16578753,4.3368199999999995,7747,16630668,776
18650000,3825335,16617839,4.34415,7766,16748891,768
18700000,3827889,16657028,4.35149,7786,16864946,788
18750000,3830386,16696095,4.35885,7805,16984216,805
18800000,3832835,16735032,4.366230000000001,7828,17106248,779
18850000,3835390,16774117,4.37351,7854,17227127,777
18900000,3837953,16813284,4.38079,7870,17344510,801
18950000,3840409,16852177,4.38812,7885,17466074,767
19000000,3842968,16891207,4.39535,7898,17584113,785
19050000,3845498,16930218,4.40261,7909,17706940,789
19100000,3848016,16969131,4.40984,7927,17828753,771
19150000,3850418,17008034,4.41719,7943,17951171,769
19200000,3852811,17046647,4.4244699999999995,7969,18071972,774
19250000,3855294,17085336,4.43166,7996,18192982,773
19300000,3857708,17124069,4.4389199999999995,8011,18317416,790
19350000,3860206,17162691,4.44606,8028,18443125,772
19400000,3862636,17201165,4.45322,8040,18563527,775
19450000,3865136,17239739,4.460319999999999,8060,18687987,764
19500000,3867681,17278493,4.4674,8083,18815315,758
19550000,3870069,17317347,4.47469,8096,18944535,770
19600000,3872477,17356159,4.48193,8125,19071810,767
19650000,3874909,17394590,4.4890300000000005,8141,19197580,760
19700000,3877238,17432923,4.49622,8160,19320900,757
19750000,3879640,17471385,4.50335,8175,19444897,767
19800000,3882027,17509937,4.51051,8190,19575844,771
19850000,3884444,17548405,4.5176099999999995,8204,19701805,763
19900000,3886759,17586867,4.52482,8226,19827138,759
19950000,3889146,17625324,4.53193,8244,19956721,770
20000000,3891591,17663727,4.53895,8256,20087934,767
20050000,3894054,17701905,4.54588,8280,20214303,761
20100000,3896467,17740224,4.5529,8297,20349245,782
20150000,3898754,17778466,4.56004,8310,20482727,766
20200000,3901179,17816738,4.56701,8328,20612733,786
20250000,3903550,17854852,4.574,8342,20745018,761
20300000,3905886,17893134,4.5810699999999995,8362,20879262,746
20350000,3908171,17931214,4.5881300000000005,8386,21014836,753
20400000,3910460,17969372,4.59521,8409,21149896,774
20450000,3912751,18007457,4.60225,8421,21282195,767
20500000,3914947,18045556,4.6094,8430,21414115,766
20550000,3917190,18083386,4.61642,8446,21546687,763
20600000,3919489,18121149,4.62334,8467,21681749,764
20650000,3921678,18159010,4.63042,8484,21820813,764
20700000,3923912,18196801,4.63741,8491,21957476,734
20750000,3926248,18234865,4.64435,8510,22092600,750
20800000,3928501,18272695,4.65131,8530,22230246,761
20850000,3930823,18310582,4.6582099999999995,8550,22369923,737
20900000,3933072,18348402,4.66516,8571,22505369,775
20950000,3935232,18386247,4.67221,8590,22643408,746
21000000,3937444,18423965,4.67917,8610,22783377,742
21050000,3939633,18461664,4.68614,8626,22922658,737
21100000,3941892,18499278,4.69299,8646,23060376,732
21150000,3944111,18536952,4.69991,8660,23203461,771
21200000,3946376,18574552,4.70674,8675,23343192,771
21250000,3948622,18612111,4.71357,8696,23484013,738
21300000,3950811,18649726,4.72048,8718,23626223,769
21350000,3953052,18687364,4.72733,8736,23767732,762
21400000,3955214,18724846,4.73422,8760,23909945,742
21450000,3957416,18762146,4.74101,8788,24054554,735
21500000,3959533,18799633,4.74794,8804,24196119,757
21550000,3961729,18837097,4.75477,8828,24339425,756
21600000,3963890,18874532,4.76162,8850,24485915,762
21650000,3966038,18911922,4.76847,8861,24630887,743
21700000,3968115,18949339,4.7754,8877,24780526,749
21750000,3970272,18986820,4.78225,8897,24922097,746
21800000,3972366,19024046,4.7891,8922,25071602,759
21850000,3974460,19061468,4.79599,8934,25220884,748
21900000,3976643,19098724,4.80273,8959,25368827,747
21950000,3978812,19136150,4.8095099999999995,8978,25515430,782
22000000,3980880,19173279,4.81634,8995,25662368,724
22050000,3982956,19210193,4.8231,9013,25807489,748
22100000,3985092,19247316,4.82983,9030,25956085,743
22150000,3987202,19284417,4.8365800000000005,9046,26106575,737
22200000,3989350,19321505,4.8432699999999995,9071,26258606,752
22250000,3991407,19358505,4.85005,9087,26406342,731
22300000,3993546,19395621,4.85674,9114,26559729,738
22350000,3995597,19432678,4.863519999999999,9124,26712979,748
22400000,3997761,19469424,4.870080000000001,9140,26860706,745
22450000,3999874,19506346,4.87674,9160,27013772,738
22500000,4001944,19543308,4.88345,9178,27165291,721
22550000,4003914,19580225,4.89027,9193,27319674,730
22600000,4005985,19617218,4.89698,9216,27477192,745
22650000,4008035,19653860,4.90361,9231,27632030,741
22700000,4010036,19690590,4.91033,9250,27780938,721
22750000,4012067,19727348,4.917,9274,27936685,731
22800000,4014064,19764026,4.923690000000001,9289,28093143,737
22850000,4016058,19800662,4.93037,9308,28250031,717
22900000,4018103,19837314,4.93698,9328,28407980,700
22950000,4020133,19873865,4.94358,9352,28561822,738
23000000,4022066,19910404,4.95029,9375,28720947,726
23050000,4024004,19947010,4.9570099999999995,9388,28880994,741
23100000,4026032,19983606,4.9636,9406,29038725,718
23150000,4028038,20020039,4.9701699999999995,9429,29198162,757
23200000,4029998,20056550,4.9768099999999995,9445,29356219,744
23250000,4032027,20093068,4.98337,9462,29517734,735
23300000,4033958,20129442,4.99,9471,29681927,727
23350000,4035887,20165880,4.99664,9486,29844162,700
23400000,4037886,20202233,5.00317,9507,30001431,733
23450000,4039925,20238518,5.0096300000000005,9530,30158471,734
23500000,4041899,20274906,5.01618,9537,30324066,735
23550000,4043847,20311139,5.02273,9547,30492291,747
23600000,4045807,20347439,5.0292699999999995,9561,30656121,708
23650000,4047785,20383550,5.03573,9574,30821894,702
23700000,4049609,20419519,5.04234,9585,30984740,710
23750000,4051458,20455666,5.04896,9607,31149135,742
23800000,4053285,20491754,5.0555900000000005,9624,31313105,726
23850000,4055253,20527840,5.0620400000000005,9639,31472972,718
23900000,4057189,20563887,5.06851,9663,31645291,741
23950000,4059118,20599967,5.074990000000001,9684,31813066,705
24000000,4061064,20635829,5.08138,9707,31989303,708
24050000,4062955,20671743,5.08786,9720,32152118,723
24100000,4064888,20707647,5.09427,9738,32317817,713
24150000,4066776,20743493,5.10072,9759,32488453,728
24200000,4068712,20779330,5.1071,9774,32654188,715
24250000,4070551,20815271,5.11362,9787,32826196,734
24300000,4072365,20850958,5.1201099999999995,9806,32997442,713
24350000,4074230,20886820,5.12657,9826,33171505,724
24400000,4076104,20922764,5.133030000000001,9843,33341738,710
24450000,4077967,20958465,5.1394400000000005,9852,33512841,701
24500000,4079803,20993876,5.14581,9879,33675509,704
24550000,4081668,21029517,5.15219,9896,33847314,685
24600000,4083521,21065107,5.15856,9902,34015923,696
24650000,4085360,21100890,5.165,9924,34188272,727
24700000,4087162,21136558,5.17145,9939,34359842,682
24750000,4089000,21172137,5.17783,9962,34530939,718
24800000,4090839,21207603,5.18417,9985,34701522,725
24850000,4092661,21243080,5.19053,10002,34880223,689
24900000,4094515,21278635,5.19686,10017,35057478,693
24950000,4096308,21314135,5.20325,10043,35236522,733
25000000,4098093,21349749,5.2096800000000005,10056,35414654,731
25050000,4099972,21385281,5.21596,10075,35595633,695
25100000,4101738,21420571,5.22232,10091,35766862,722
25150000,4103534,21455970,5.22866,10101,35948531,712
25200000,4105293,21491542,5.23508,10122,36134249,675
25250000,4107015,21526635,5.24143,10142,36308724,694
25300000,4108811,21562000,5.24775,10156,36482906,711
25350000,4110544,21597276,5.2541199999999995,10170,36657364,712
25400000,4112334,21632573,5.26041,10184,36837532,711
25450000,4114127,21667813,5.2666900000000005,10202,37010574,692
25500000,4115874,21702881,5.27297,10211,37191252,674
25550000,4117600,21738102,5.27931,10234,37375913,714
25600000,4119322,21773035,5.28559,10259,37551027,670
25650000,4121118,21807997,5.29177,10271,37728151,683
25700000,4122807,21843055,5.2981,10282,37913772,723
25750000,4124597,21878074,5.30429,10303,38094577,722
25800000,4126252,21912937,5.31062,10324,38277217,724
25850000,4128023,21947744,5.31677,10337,38461358,704
25900000,4129782,21982507,5.32292,10363,38643714,672
25950000,4131491,22017332,5.32915,10389,38824813,704
26000000,4133255,22052173,5.3353,10407,39010169,687
26050000,4134901,22086720,5.34154,10425,39190530,694
26100000,4136625,22121595,5.34774,10437,39378928,678
26150000,4138354,22156212,5.35387,10458,39567983,700
26200000,4140079,22190831,5.36,10476,39749379,694
26250000,4141810,22225462,5.36612,10492,39934103,690
26300000,4143489,22260164,5.372319999999999,10502,40122122,676
26350000,4145202,22295032,5.37852,10528,40309792,700
26400000,4146818,22329481,5.38473,10545,40501476,690
26450000,4148474,22364148,5.39093,10556,40693502,685
26500000,4150156,22398814,5.3971,10572,40884811,705
26550000,4151820,22433320,5.40325,10597,41072671,695
26600000,4153470,22467852,5.40942,10623,41264940,694
26650000,4155163,22502275,5.4155,10639,41449424,666
26700000,4156826,22536725,5.42162,10657,41641201,679
26750000,4158578,22571264,5.42764,10665,41834910,703
26800000,4160256,22605696,5.433730000000001,10696,42028508,693
26850000,4161954,22640161,5.43979,10707,42218600,681
26900000,4163555,22674555,5.4459599999999995,10719,42410057,710
26950000,4165160,22708813,5.45209,10729,42607161,692
27000000,4166734,22742869,5.4582,10755,42801604,691
27050000,4168379,22777154,5.46427,10767,42995981,661
27100000,4170005,22811435,5.4703599999999994,10790,43187058,677
27150000,4171670,22845470,5.47634,10799,43383989,677
27200000,4173272,22879505,5.4823900000000005,10813,43575189,703
27250000,4174942,22913536,5.48835,10827,43761297,677
27300000,4176567,22947629,5.4943800000000005,10841,43956677,686
27350000,4178176,22981521,5.500369999999999,10853,44155812,667
27400000,4179794,23015601,5.5064,10878,44351610,693
27450000,4181445,23049686,5.51237,10889,44548767,709
27500000,4182997,23083456,5.5184,10901,44748220,675
27550000,4184661,23117548,5.52435,10925,44950785,686
27600000,4186231,23151473,5.530390000000001,10941,45150689,683
27650000,4187887,23185417,5.5363,10956,45349292,679
27700000,4189478,23219258,5.54228,10971,45551905,640
27750000,4190982,23253047,5.54835,11000,45753858,695
27800000,4192572,23286874,5.55432,11011,45949137,668
27850000,4194152,23320636,5.56027,11030,46147566,674
27900000,4195729,23354305,5.56621,11056,46342736,679
27950000,4197311,23387971,5.5721300000000005,11075,46544059,668
28000000,4198839,23421850,5.57817,11097,46739708,678
28050000,4200370,23455363,5.5841199999999995,11117,46936702,708
28100000,4201874,23489037,5.59013,11130,47143912,688
28150000,4203481,23522626,5.5959900000000005,11148,47341219,679
28200000,4205011,23556232,5.60194,11174,47541962,669
28250000,4206563,23589781,5.60785,11188,47744976,651
28300000,4208096,23623388,5.61379,11202,47945498,652
28350000,4209647,23656722,5.61965,11208,48148170,660
28400000,4211046,23690057,5.6256900000000005,11223,48358331,656
28450000,4212546,23723450,5.63162,11234,48558260,662
28500000,4214029,23757080,5.63762,11251,48767825,685
28550000,4215526,23790587,5.64356,11269,48971716,653
28600000,4217014,23823782,5.64944,11284,49178302,660
28650000,4218559,23856936,5.65523,11301,49381037,675
28700000,4220093,23890228,5.66107,11309,49590825,651
28750000,4221572,23923476,5.6669599999999996,11327,49794507,663
28800000,4223136,23956534,5.67269,11344,50004842,672
28850000,4224584,23989608,5.67857,11361,50213916,670
28900000,4226104,24022992,5.68443,11369,50421171,663
28950000,4227533,24056127,5.69035,11377,50633983,684
29000000,4229037,24089366,5.69618,11397,50847328,666
29050000,4230606,24122544,5.70191,11410,51060921,651
29100000,4232104,24155585,5.7077,11425,51272621,670
29150000,4233595,24188783,5.71353,11443,51487566,657
29200000,4235107,24221820,5.71929,11466,51692734,657
29250000,4236546,24254742,5.7251199999999995,11482,51905195,634
29300000,4237989,24287712,5.73095,11491,52119507,678
29350000,4239499,24320610,5.736669999999999,11507,52333655,648
29400000,4240970,24353477,5.742430000000001,11524,52543735,646
29450000,4242441,24386393,5.7482,11543,52754859,660
29500000,4243861,24419360,5.75404,11561,52972365,643
29550000,4245289,24451851,5.75976,11570,53179661,641
29600000,4246762,24484769,5.76551,11587,53392921,631
29650000,4248224,24517775,5.7713,11597,53607845,674
29700000,4249625,24550470,5.77709,11608,53824243,626
29750000,4251053,24583161,5.78284,11623,54044131,657
29800000,4252503,24615925,5.78857,11642,54255146,653
29850000,4253993,24648508,5.79421,11650,54469709,660
29900000,4255382,24681043,5.79996,11676,54681232,659
29950000,4256766,24713599,5.80572,11686,54904162,652
30000000,4258180,24745971,5.8114,11705,55113555,609
30050000,4259628,24778471,5.81705,11727,55334649,640
30100000,4261024,24810760,5.8227199999999995,11747,55544770,660
30150000,4262450,24842917,5.82832,11760,55761501,630
30200000,4263866,24875281,5.83397,11775,55975680,651
30250000,4265248,24907585,5.83966,11800,56196029,637
30300000,4266680,24940029,5.8453,11815,56410893,631
30350000,4268116,24972561,5.85096,11830,56635727,663
30400000,4269499,25004915,5.8566400000000005,11839,56859515,658
30450000,4270906,25037051,5.86223,11853,57075502,665
30500000,4272291,25069197,5.86786,11870,57293148,636
30550000,4273626,25101380,5.8735599999999994,11885,57513526,650
30600000,4275011,25133460,5.87916,11895,57725972,646
30650000,4276405,25165625,5.88476,11917,57945508,660
30700000,4277758,25197968,5.89046,11930,58164518,676
30750000,4279140,25230059,5.896059999999999,11939,58385745,611
30800000,4280508,25262201,5.901680000000001,11953,58608783,646
30850000,4281891,25294287,5.90727,11964,58836778,630
30900000,4283298,25326190,5.912780000000001,11979,59058141,638
30950000,4284605,25358302,5.91847,11989,59278278,651
31000000,4285901,25390081,5.9240900000000005,12009,59498586,623
31050000,4287244,25422127,5.92971,12027,59732421,632
31100000,4288568,25454053,5.93533,12034,59953999,655
31150000,4289925,25485853,5.94086,12053,60173168,637
31200000,4291295,25517775,5.9464,12068,60401602,628
31250000,4292657,25549547,5.951919999999999,12079,60623496,623
31300000,4294006,25581325,5.95745,12092,60848150,640
31350000,4295273,25612929,5.96305,12115,61069846,624
31400000,4296627,25644644,5.96855,12139,61299187,633
31450000,4297997,25676481,5.97406,12159,61520611,673
31500000,4299359,25708154,5.9795300000000005,12166,61748522,641
31550000,4300618,25739543,5.98508,12177,61978561,617
31600000,4301917,25771192,5.99063,12186,62203338,629
31650000,4303218,25802641,5.99613,12199,62428118,637
31700000,4304576,25833893,6.0015,12215,62655815,629
31750000,4305917,25865021,6.00686,12236,62882795,629
31800000,4307273,25896328,6.012230000000001,12254,63112599,615
31850000,4308583,25927805,6.01771,12262,63340429,636
31900000,4309948,25959319,6.02312,12274,63569748,648
31950000,4311250,25990512,6.02853,12281,63797373,605
32000000,4312532,26021948,6.0340300000000004,12294,64028502,619
32050000,4313853,26053271,6.03944,12304,64263283,649
32100000,4315149,26084491,6.04486,12319,64491655,608
32150000,4316447,26115597,6.05025,12332,64715246,627
32200000,4317727,26146780,6.055680000000001,12350,64942286,631
32250000,4319010,26178063,6.06113,12367,65176272,639
32300000,4320308,26209290,6.06653,12379,65405609,642
32350000,4321613,26240433,6.07191,12399,65641579,632
32400000,4322912,26271384,6.07724,12416,65867908,617
32450000,4324137,26302260,6.08266,12429,66108087,601
32500000,4325388,26333178,6.08805,12443,66346373,611
32550000,4326581,26364098,6.09352,12455,66589435,615
32600000,4327938,26395238,6.0988,12470,66826584,607
32650000,4329212,26426122,6.10414,12481,67055904,599
32700000,4330443,26457153,6.10957,12495,67291473,610
32750000,4331690,26488076,6.11495,12497,67517476,616
32800000,4332909,26519011,6.120369999999999,12518,67766696,630
32850000,4334126,26550070,6.12582,12532,68004204,627
32900000,4335393,26580805,6.13112,12554,68235198,607
32950000,4336589,26611569,6.13652,12568,68475549,639
33000000,4337801,26642262,6.1418800000000005,12579,68716898,631
33050000,4339008,26672937,6.14724,12594,68955574,634
33100000,4340244,26703726,6.15259,12616,69195058,615
33150000,4341442,26734410,6.15796,12622,69438430,627
33200000,4342745,26765012,6.1631599999999995,12634,69677421,611
33250000,4343969,26795811,6.1685099999999995,12646,69923707,609
33300000,4345175,26826322,6.17382,12656,70156920,609
33350000,4346396,26856982,6.17914,12669,70403154,594
33400000,4347575,26887562,6.1845,12685,70652711,622
33450000,4348828,26918155,6.18975,12696,70896762,648
33500000,4350029,26948654,6.19505,12712,71137915,605
33550000,4351284,26978988,6.20024,12725,71370363,617
33600000,4352448,27009328,6.20555,12737,71614492,614
33650000,4353686,27039841,6.21079,12750,71851195,617
33700000,4354902,27070236,6.2160400000000005,12767,72103722,609
33750000,4356127,27100727,6.22129,12787,72340254,620
33800000,4357300,27131035,6.22657,12796,72580429,598
33850000,4358496,27161217,6.23179,12808,72814280,614
33900000,4359712,27191497,6.2369900000000005,12820,73060422,596
33950000,4360912,27221926,6.24226,12835,73304098,604
34000000,4362102,27252018,6.24745,12851,73555884,610
34050000,4363223,27281947,6.2527099999999995,12863,73796968,591
34100000,4364436,27312179,6.25789,12875,74038374,631
34150000,4365609,27342246,6.2631,12894,74293746,610
34200000,4366771,27372429,6.26835,12906,74537205,606
34250000,4367974,27402380,6.27348,12923,74785414,605
34300000,4369155,27432536,6.2786800000000005,12937,75034742,577
34350000,4370283,27462222,6.28385,12954,75286721,605
34400000,4371454,27492259,6.28904,12962,75535692,563
34450000,4372658,27522064,6.29413,12987,75779201,612
34500000,4373815,27552053,6.29932,13005,76019119,603
34550000,4375025,27582127,6.30445,13024,76272128,584
34600000,4376162,27611870,6.30961,13045,76519754,611
34650000,4377381,27641701,6.31467,13065,76762238,584
34700000,4378571,27671435,6.31974,13076,77012693,620
34750000,4379711,27701180,6.32489,13091,77263907,564
34800000,4380842,27731009,6.33006,13107,77515712,582
34850000,4381917,27760730,6.3352900000000005,13119,77766693,609
34900000,4382998,27790563,6.34054,13129,78023047,585
34950000,4384103,27820293,6.34572,13142,78272967,583
35000000,4385235,27849599,6.35077,13161,78519510,596
35050000,4386355,27879173,6.3558900000000005,13175,78756272,585
35100000,4387482,27908985,6.36105,13189,78998896,604
35150000,4388606,27938416,6.36613,13198,79253014,582
35200000,4389731,27967820,6.37119,13216,79504255,586
35250000,4390804,27997294,6.37635,13228,79761446,619
35300000,4391892,28026587,6.3814400000000004,13237,80011991,577
35350000,4393010,28055954,6.3865,13248,80263579,560
35400000,4394145,28085282,6.39152,13263,80513118,604
35450000,4395262,28114671,6.39659,13276,80773225,589
35500000,4396373,28143842,6.4016,13289,81025371,575
35550000,4397474,28173263,6.40669,13308,81280224,583
35600000,4398526,28202664,6.41184,13325,81538727,585
35650000,4399632,28231764,6.41685,13331,81795855,625
35700000,4400750,28261179,6.4219,13351,82048601,579
35750000,4401817,28290115,6.42692,13360,82293722,531
35800000,4402894,28319274,6.43197,13380,82549634,579
35850000,4404004,28348516,6.43699,13393,82817573,577
35900000,4405170,28377355,6.44183,13414,83070331,584
35950000,4406214,28406250,6.44686,13426,83324993,550
36000000,4407345,28435286,6.45179,13445,83575315,575
36050000,4408435,28464322,6.45679,13459,83829125,601
36100000,4409512,28493524,6.46183,13472,84085964,574
36150000,4410588,28522583,6.46684,13488,84350760,585
36200000,4411677,28551532,6.47181,13497,84600286,598
36250000,4412777,28580504,6.47676,13508,84858474,593
36300000,4413880,28609499,6.48171,13523,85112192,603
36350000,4414950,28638259,6.48666,13538,85367883,566
36400000,4415952,28667064,6.491709999999999,13557,85623828,556
36450000,4417027,28695817,6.49664,13574,85874863,569
36500000,4418042,28724482,6.5016300000000005,13592,86128692,564
36550000,4419131,28753268,6.50654,13610,86381903,557
36600000,4420228,28781986,6.511430000000001,13624,86652192,578
36650000,4421290,28810578,6.51633,13634,86913586,557
36700000,4422394,28839120,6.52116,13645,87165108,566
36750000,4423453,28867683,6.52605,13659,87426739,583
36800000,4424514,28896136,6.53092,13667,87677606,565
36850000,4425619,28924618,6.5357199999999995,13686,87935586,531
36900000,4426682,28953194,6.54061,13698,88201236,584
36950000,4427736,28981600,6.54547,13711,88467389,559
37000000,4428820,29010001,6.55028,13724,88714931,567
37050000,4429948,29038365,6.55501,13734,88968616,567
37100000,4430969,29066738,6.55991,13752,89230389,570
37150000,4432022,29095249,6.564780000000001,13765,89491854,580
37200000,4433065,29123402,6.56959,13775,89754428,562
37250000,4434110,29151570,6.574389999999999,13780,90014267,545
37300000,4435160,29179963,6.5792399999999995,13797,90281435,581
37350000,4436189,29208112,6.58405,13806,90548177,565
37400000,4437235,29236158,6.58882,13821,90809676,580
37450000,4438328,29264495,6.59359,13832,91062856,576
37500000,4439370,29292556,6.5983600000000004,13848,91327993,569
37550000,4440434,29320970,6.60318,13860,91582660,566
37600000,4441446,29349154,6.60802,13878,91851963,580
37650000,4442437,29377343,6.612889999999999,13887,92110055,582
37700000,4443438,29405300,6.61769,13901,92368619,550
37750000,4444419,29433496,6.62257,13922,92643230,567
37800000,4445454,29461566,6.62735,13946,92909407,588
37850000,4446462,29489439,6.632110000000001,13963,93179109,562
37900000,4447489,29517213,6.636830000000001,13974,93442446,559
37950000,4448536,29545173,6.64155,13990,93700285,550
38000000,4449551,29573018,6.64629,14004,93971473,578
38050000,4450525,29600762,6.65107,14022,94235233,562
38100000,4451503,29628305,6.6558,14035,94490843,565
38150000,4452502,29656129,6.66055,14059,94755684,523
38200000,4453503,29683775,6.665260000000001,14065,95020165,537
38250000,4454497,29711466,6.669989999999999,14082,95296564,558
38300000,4455506,29739155,6.6747,14098,95560322,554
38350000,4456497,29766623,6.67938,14107,95834778,562
38400000,4457507,29794384,6.684089999999999,14114,96108255,545
38450000,4458457,29821820,6.68882,14123,96372692,546
38500000,4459458,29849370,6.6935,14142,96644668,550
38550000,4460484,29876979,6.69815,14158,96920561,551
38600000,4461444,29904357,6.702839999999999,14173,97192033,535
38650000,4462454,29931734,6.70746,14187,97462668,495
38700000,4463446,29959100,6.7121,14197,97726355,527
38750000,4464447,29986717,6.71678,14209,97997660,550
38800000,4465417,30014182,6.72147,14226,98262297,549
38850000,4466376,30041361,6.72612,14238,98532445,569
38900000,4467350,30068690,6.73077,14251,98801052,542
38950000,4468354,30096048,6.73538,14263,99064435,566
39000000,4469389,30123391,6.73993,14274,99327549,564
39050000,4470372,30150615,6.74454,14287,99580240,518
39100000,4471361,30177789,6.74913,14293,99839028,544
39150000,4472353,30204817,6.75367,14295,100120118,568
39200000,4473231,30231815,6.758380000000001,14309,100389182,534
39250000,4474176,30258778,6.762980000000001,14319,100654594,521
39300000,4475100,30285938,6.76766,14335,100931670,517
39350000,4476086,30313007,6.77221,14348,101201054,557
39400000,4477037,30340211,6.77685,14359,101476139,505
39450000,4477994,30367240,6.781439999999999,14375,101746837,550
39500000,4479026,30394196,6.785889999999999,14388,102016055,557
39550000,4479948,30421207,6.79053,14411,102286160,553
39600000,4480836,30448133,6.79519,14423,102552291,537
39650000,4481793,30474978,6.79973,14434,102820972,553
39700000,4482697,30501571,6.804289999999999,14441,103080480,526
39750000,4483634,30528398,6.80885,14456,103356326,514
39800000,4484610,30555126,6.8133300000000006,14471,103630337,526
39850000,4485529,30581923,6.81791,14489,103906483,541
39900000,4486477,30608730,6.822439999999999,14504,104190127,522
39950000,4487389,30635224,6.826960000000001,14518,104468586,520
40000000,4488361,30661970,6.83144,14533,104740505,521
40050000,4489321,30688660,6.83592,14543,105008965,533
40100000,4490283,30715284,6.840389999999999,14552,105273000,525
40150000,4491244,30741726,6.844810000000001,14562,105535610,522
40200000,4492182,30768346,6.849310000000001,14584,105807014,522
40250000,4493179,30795095,6.853739999999999,14598,106078656,536
40300000,4494103,30821687,6.85825,14614,106356843,545
40350000,4495006,30847946,6.8627199999999995,14624,106630990,527
40400000,4495950,30874410,6.86716,14640,106904465,539
40450000,4496897,30900932,6.87161,14654,107179206,530
40500000,4497784,30927420,6.87615,14667,107460644,546
40550000,4498692,30953792,6.8806199999999995,14680,107739551,500
40600000,4499610,30980045,6.88505,14692,108013731,521
40650000,4500479,31006430,6.8895800000000005,14697,108293721,513
40700000,4501403,31032822,6.89403,14706,108572279,510
40750000,4502283,31059162,6.89854,14716,108845064,560
40800000,4503213,31085457,6.90295,14727,109119204,541
40850000,4504130,31111596,6.90735,14739,109397852,535
40900000,4505053,31137789,6.91175,14749,109670575,528
40950000,4505954,31163885,6.9161600000000005,14761,109947861,514
41000000,4506836,31189958,6.92059,14773,110220157,558
41050000,4507759,31215943,6.924939999999999,14780,110495344,545
41100000,4508692,31241980,6.92928,14793,110782362,528
41150000,4509630,31268145,6.93364,14810,111057994,550
41200000,4510505,31294211,6.93807,14832,111336311,549
41250000,4511388,31320216,6.942480000000001,14834,111604963,544
41300000,4512259,31346160,6.94689,14849,111882489,548
41350000,4513166,31371969,6.9512100000000006,14859,112155417,548
41400000,4514096,31397824,6.95551,14865,112440126,491
41450000,4514972,31423814,6.959910000000001,14870,112718250,522
41500000,4515864,31449680,6.96427,14889,113003032,535
41550000,4516705,31475513,6.96869,14900,113279425,523
41600000,4517592,31501234,6.97301,14917,113564947,548
41650000,4518498,31527200,6.977360000000001,14924,113855257,547
41700000,4519413,31552925,6.98164,14942,114136040,509
41750000,4520248,31578551,6.98602,14953,114418601,528
41800000,4521130,31604128,6.99032,14970,114687252,515
41850000,4522018,31629740,6.994610000000001,14976,114971004,524
41900000,4522902,31655369,6.99891,14994,115246006,485
41950000,4523785,31680763,7.00315,15006,115513822,519
42000000,4524629,31706153,7.007460000000001,15021,115798756,491
42050000,4525475,31731478,7.01175,15028,116080798,493
42100000,4526318,31756904,7.01606,15036,116367309,505
42150000,4527166,31782393,7.02037,15051,116650356,505
42200000,4528016,31807724,7.02465,15068,116935341,514
42250000,4528851,31833047,7.02895,15082,117212830,506
42300000,4529679,31858396,7.03326,15093,117500582,528
42350000,4530499,31883857,7.0376,15109,117787573,491
42400000,4531340,31909226,7.0419,15118,118065142,513
42450000,4532161,31934502,7.0462,15129,118351161,504
42500000,4532976,31959680,7.050489999999999,15136,118637227,495
42550000,4533798,31984861,7.054760000000001,15155,118924361,497
42600000,4534617,32010074,7.05905,15165,119209125,513
42650000,4535486,32035338,7.0632600000000005,15176,119489919,505
42700000,4536317,32060353,7.067489999999999,15184,119763781,526
42750000,4537166,32085398,7.071680000000001,15198,120047773,506
42800000,4537956,32110481,7.07598,15207,120339052,484
42850000,4538816,32135535,7.08016,15218,120620481,497
42900000,4539619,32160456,7.0844,15234,120902321,472
42950000,4540437,32185345,7.0886,15244,121178136,495
43000000,4541274,32210105,7.09275,15262,121443359,518
43050000,4542073,32234981,7.09698,15270,121725868,517
43100000,4542884,32259783,7.10117,15286,121997558,514
43150000,4543674,32284628,7.1054,15296,122273963,492
43200000,4544545,32309419,7.109489999999999,15312,122560033,484
43250000,4545357,32333969,7.113630000000001,15321,122841558,521
43300000,4546138,32358480,7.1178,15330,123124153,493
43350000,4546913,32383132,7.122000000000001,15354,123409377,501
43400000,4547734,32407732,7.12613,15361,123680811,479
43450000,4548547,32432316,7.130260000000001,15376,123967622,472
43500000,4549332,32456861,7.1344199999999995,15386,124254218,471
43550000,4550174,32481426,7.1385,15394,124532873,480
43600000,4551080,32506109,7.1425,15400,124817369,496
43650000,4551844,32530626,7.1466899999999995,15406,125102687,472
43700000,4552639,32555095,7.1508199999999995,15422,125387180,502
43750000,4553386,32579603,7.15503,15434,125664685,495
43800000,4554222,32604210,7.15912,15445,125950684,490
43850000,4555047,32628727,7.1632,15463,126229044,498
43900000,4555835,32653165,7.167330000000001,15472,126516831,482
43950000,4556700,32677536,7.17132,15480,126799994,471
44000000,4557534,32702075,7.175389999999999,15492,127086439,481
44050000,4558290,32726354,7.17952,15501,127373114,472
44100000,4559088,32750729,7.183610000000001,15516,127655217,466
44150000,4559876,32774862,7.18767,15532,127940583,471
44200000,4560682,32799151,7.19172,15543,128224235,505
44250000,4561471,32823268,7.195760000000001,15554,128513729,491
44300000,4562299,32847384,7.199739999999999,15571,128799085,480
44350000,4563076,32871602,7.20383,15581,129082042,510
44400000,4563891,32895540,7.2077800000000005,15592,129370502,471
44450000,4564665,32919580,7.21183,15603,129660871,485
44500000,4565425,32943498,7.21587,15609,129949522,512
44550000,4566200,32967643,7.219930000000001,15621,130237282,479
44600000,4567012,32991704,7.223910000000001,15639,130516461,479
44650000,4567752,33015553,7.22797,15648,130801727,448
44700000,4568522,33039507,7.23199,15657,131080216,481
44750000,4569341,33063549,7.23596,15671,131362815,463
44800000,4570057,33087332,7.24003,15688,131651796,475
44850000,4570807,33111172,7.24405,15703,131951731,466
44900000,4571571,33135009,7.248060000000001,15710,132244767,508
44950000,4572365,33158708,7.2519800000000005,15722,132543171,469
45000000,4573125,33182466,7.25597,15732,132833805,457
45050000,4573912,33206237,7.25992,15740,133118256,477
45100000,4574663,33229936,7.263910000000001,15750,133404171,457
45150000,4575410,33253429,7.267860000000001,15764,133677889,465
45200000,4576221,33277183,7.2717600000000004,15774,133955351,488
45250000,4576971,33300878,7.27575,15784,134237163,492
45300000,4577699,33324526,7.27975,15784,134523083,463
45350000,4578459,33348251,7.28373,15792,134803002,493
45400000,4579276,33371614,7.28753,15799,135081384,474
45450000,4580081,33395096,7.29138,15815,135377772,478
45500000,4580812,33418434,7.295310000000001,15824,135663118,440
45550000,4581532,33441870,7.29928,15834,135948065,466
45600000,4582283,33465231,7.30318,15844,136219276,448
45650000,4583037,33488591,7.3070699999999995,15855,136510024,444
45700000,4583817,33511828,7.3109,15869,136795784,504
45750000,4584572,33535241,7.3148,15880,137087943,479
45800000,4585322,33558539,7.318689999999999,15896,137377459,427
45850000,4586081,33582020,7.3226,15906,137671209,466
45900000,4586828,33605231,7.326460000000001,15915,137955229,474
45950000,4587622,33628505,7.33027,15927,138246848,461
46000000,4588388,33651610,7.33408,15937,138543132,450
46050000,4589150,33674770,7.337910000000001,15943,138823203,464
46100000,4589865,33697785,7.34178,15953,139104179,472
46150000,4590577,33720823,7.3456600000000005,15964,139382620,445
46200000,4591306,33743828,7.34951,15974,139666553,464
46250000,4592063,33766847,7.3533100000000005,15979,139944293,485
46300000,4592785,33789865,7.35716,15985,140220555,457
46350000,4593503,33812919,7.36103,15997,140516285,441
46400000,4594203,33835937,7.36492,16009,140803423,462
46450000,4594944,33858644,7.36867,16018,141084266,490
46500000,4595724,33881376,7.37237,16036,141372882,449
46550000,4596511,33904179,7.3760699999999995,16043,141652155,462
46600000,4597215,33927048,7.379910000000001,16051,141933314,435
46650000,4597949,33949999,7.38373,16069,142229512,462
46700000,4598637,33972706,7.387560000000001,16079,142515911,466
46750000,4599357,33995603,7.391380000000001,16084,142806291,471
46800000,4600111,34018233,7.39509,16094,143080871,475
46850000,4600811,34040935,7.3989,16102,143367314,456
46900000,4601523,34063571,7.40267,16113,143654038,453
46950000,4602238,34086167,7.40643,16123,143940450,447
47000000,4602968,34108831,7.41018,16129,144226572,428
47050000,4603692,34131437,7.413930000000001,16138,144507438,431
47100000,4604424,34154066,7.417660000000001,16146,144798822,460
47150000,4605164,34176758,7.4214,16156,145089850,463
47200000,4605824,34199119,7.42519,16173,145376216,469
47250000,4606527,34221468,7.428910000000001,16183,145660711,462
47300000,4607219,34244040,7.432689999999999,16197,145947160,459
47350000,4607915,34266670,7.43648,16213,146234996,452
47400000,4608588,34289094,7.44026,16213,146512738,460
47450000,4609308,34311562,7.443969999999999,16226,146798674,451
47500000,4609984,34333924,7.44773,16236,147081572,443
47550000,4610679,34356170,7.45143,16249,147373629,422
47600000,4611392,34378548,7.4551300000000005,16260,147670881,413
47650000,4612085,34400748,7.45883,16269,147949403,436
47700000,4612760,34422966,7.46255,16284,148237753,453
47750000,4613452,34445121,7.466239999999999,16293,148525536,432
47800000,4614160,34467298,7.4699,16306,148807349,438
47850000,4614855,34489293,7.47354,16319,149096422,437
47900000,4615520,34511478,7.47727,16330,149389183,471
47950000,4616203,34533596,7.48095,16339,149682532,428
48000000,4616885,34555464,7.48458,16340,149964786,420
48050000,4617511,34577369,7.48831,16358,150244408,435
48100000,4618216,34599550,7.491969999999999,16369,150535270,423
48150000,4618903,34621449,7.4956,16378,150828751,425
48200000,4619554,34643512,7.49932,16378,151121432,461
48250000,4620225,34665288,7.50294,16392,151408227,446
48300000,4620897,34687110,7.5065800000000005,16401,151699136,438
48350000,4621539,34708947,7.510260000000001,16407,151992199,434
48400000,4622231,34730731,7.51385,16418,152280725,412
48450000,4622929,34752531,7.51743,16432,152560178,446
48500000,4623606,34774348,7.521039999999999,16443,152859722,451
48550000,4624263,34796174,7.5247,16452,153139148,436
48600000,4624936,34817958,7.52831,16459,153439440,418
48650000,4625660,34839609,7.531810000000001,16469,153720565,470
48700000,4626329,34861310,7.535419999999999,16483,154005769,466
48750000,4626987,34883101,7.53905,16500,154293852,432
48800000,4627671,34904449,7.54255,16510,154570889,422
48850000,4628290,34926140,7.54623,16516,154855946,444
48900000,4628942,34947791,7.54984,16527,155148385,404
48950000,4629621,34969380,7.5534,16539,155438243,461
49000000,4630326,34990954,7.55691,16551,155728276,406
49050000,4630961,35012168,7.56045,16560,156009662,420
49100000,4631622,35033581,7.564,16571,156295392,434
49150000,4632263,35055170,7.56761,16576,156584973,435
49200000,4632940,35076451,7.5711,16587,156866366,423
49250000,4633554,35097386,7.574610000000001,16598,157145139,424
49300000,4634206,35118713,7.57815,16607,157433925,423
49350000,4634816,35139827,7.58171,16621,157716668,434
49400000,4635479,35161004,7.585189999999999,16640,157997785,440
49450000,4636147,35182139,7.588660000000001,16649,158279372,423
49500000,4636730,35203338,7.592280000000001,16658,158559080,440
49550000,4637375,35224261,7.5957300000000005,16663,158836809,417
49600000,4638054,35245362,7.59917,16672,159122320,407
49650000,4638678,35266559,7.60272,16672,159406937,428
49700000,4639358,35287444,7.6061,16678,159690622,419
49750000,4640008,35308485,7.60957,16697,159979232,431
49800000,4640633,35329678,7.613119999999999,16708,160265382,416
49850000,4641238,35350414,7.6165899999999995,16719,160555529,410
49900000,4641841,35371217,7.620080000000001,16728,160844527,416
49950000,4642438,35392086,7.6236,16738,161129074,387
50000000,4643090,35412992,7.62703,16746,161410299,417
50050000,4643750,35433757,7.63042,16753,161695451,407
50100000,4644403,35454467,7.63381,16762,161982756,423
50150000,4645033,35475312,7.63726,16770,162281385,422
50200000,4645661,35496029,7.640680000000001,16777,162553713,404
50250000,4646297,35516597,7.64407,16787,162825884,411
50300000,4646919,35537385,7.64752,16801,163111548,383
50350000,4647575,35558174,7.6509100000000005,16812,163392786,418
50400000,4648176,35578959,7.654389999999999,16820,163670626,400
50450000,4648845,35599574,7.657719999999999,16837,163953667,392
50500000,4649470,35620314,7.661160000000001,16845,164226180,413
50550000,4650114,35640689,7.66448,16849,164511881,392
50600000,4650692,35661154,7.66792,16860,164791427,370
50650000,4651300,35681652,7.67133,16862,165079996,413
50700000,4651951,35702060,7.674639999999999,16872,165372772,401
50750000,4652617,35722398,7.677919999999999,16880,165650289,385
50800000,4653236,35742666,7.68125,16891,165935366,378
50850000,4653795,35762925,7.68468,16899,166224333,421
50900000,4654373,35783220,7.688089999999999,16914,166519035,412
50950000,4654959,35803807,7.69154,16916,166814335,423
51000000,4655558,35824005,7.694889999999999,16933,167091017,420
51050000,4656190,35844128,7.698169999999999,16941,167366005,403
51100000,4656839,35864410,7.70145,16949,167652258,423
51150000,4657474,35884517,7.70472,16958,167937719,400
51200000,4658080,35904895,7.708089999999999,16970,168227934,411
51250000,4658669,35924981,7.71143,16975,168515047,436
51300000,4659206,35945017,7.71484,16986,168788055,418
51350000,4659827,35965078,7.71811,16995,169066906,399
51400000,4660429,35985172,7.721430000000001,16999,169346914,408
51450000,4661006,36005085,7.72475,17013,169630710,370
51500000,4661589,36024850,7.72802,17023,169911947,373
51550000,4662219,36044934,7.73128,17035,170205069,411
51600000,4662816,36064930,7.73458,17039,170492027,405
51650000,4663402,36084839,7.7378800000000005,17048,170774968,407
51700000,4663971,36104820,7.741219999999999,17058,171063550,381
51750000,4664570,36124775,7.7445,17064,171345253,412
51800000,4665143,36144510,7.7477800000000006,17080,171633487,402
51850000,4665767,36164156,7.750960000000001,17086,171920085,413
51900000,4666342,36183775,7.7542100000000005,17088,172202189,406
51950000,4666900,36203612,7.75753,17101,172488628,383
52000000,4667495,36223289,7.76076,17108,172765706,383
52050000,4668066,36242926,7.764010000000001,17115,173052243,421
52100000,4668714,36262620,7.76715,17122,173330470,397
52150000,4669325,36282224,7.770339999999999,17143,173601597,403
52200000,4669930,36301761,7.773510000000001,17154,173876511,394
52250000,4670479,36321297,7.7767800000000005,17161,174155187,411
52300000,4671044,36340617,7.77998,17175,174429795,375
52350000,4671625,36359994,7.7831600000000005,17186,174707709,402
52400000,4672240,36379409,7.786289999999999,17195,175007618,393
52450000,4672773,36398743,7.78954,17205,175292587,382
52500000,4673333,36418104,7.79275,17226,175577453,396
52550000,4673828,36437475,7.796069999999999,17232,175859228,382
52600000,4674420,36456703,7.799189999999999,17237,176132795,397
52650000,4674972,36475953,7.802389999999999,17246,176410734,396
52700000,4675535,36495023,7.80553,17257,176696425,367
52750000,4676107,36514291,7.8086899999999995,17269,176976548,372
52800000,4676675,36533515,7.81186,17277,177252339,409
52850000,4677208,36552766,7.81508,17284,177541552,378
52900000,4677780,36571856,7.8182100000000005,17292,177818805,370
52950000,4678328,36590858,7.82135,17303,178077946,391
53000000,4678842,36609887,7.824560000000001,17310,178346088,378
53050000,4679357,36628794,7.8277399999999995,17312,178623474,380
53100000,4679934,36647885,7.83086,17324,178901327,372
53150000,4680461,36666904,7.834039999999999,17331,179165869,397
53200000,4681025,36685978,7.8371699999999995,17336,179438443,400
53250000,4681589,36704748,7.84023,17351,179726053,360
53300000,4682188,36723538,7.84324,17362,180008089,362
53350000,4682727,36742105,7.846310000000001,17375,180272801,363
53400000,4683334,36761237,7.8493699999999995,17384,180548307,386
53450000,4683864,36780064,7.8525,17392,180824631,369
53500000,4684414,36798710,7.8555600000000005,17401,181091723,371
53550000,4684982,36817379,7.8586,17406,181360694,364
53600000,4685484,36835972,7.86172,17411,181637063,379
53650000,4686071,36854774,7.86475,17415,181918463,377
53700000,4686639,36873494,7.867789999999999,17425,182188878,351
53750000,4687183,36892153,7.87086,17436,182475911,381
53800000,4687749,36910720,7.87387,17444,182752156,374
53850000,4688278,36929267,7.876939999999999,17456,183029043,379
53900000,4688812,36947659,7.8799600000000005,17467,183303425,378
53950000,4689323,36966167,7.88305,17483,183575317,357
54000000,4689831,36984587,7.88612,17491,183838925,403
54050000,4690372,37003137,7.88917,17504,184120558,357
54100000,4690881,37021587,7.89225,17513,184396708,355
54150000,4691404,37039940,7.8952800000000005,17523,184673981,348
54200000,4691936,37058415,7.89832,17533,184944675,330
54250000,4692451,37076826,7.9013800000000005,17548,185215409,370
54300000,4692981,37095005,7.9043600000000005,17555,185490596,340
54350000,4693506,37113342,7.90738,17561,185765086,371
54400000,4693995,37131558,7.9104399999999995,17571,186037836,369
54450000,4694542,37149956,7.91344,17579,186324082,384
54500000,4695053,37168225,7.9164699999999995,17585,186599660,368
54550000,4695550,37186404,7.9195,17594,186879164,356
54600000,4696061,37204495,7.92249,17601,187150435,341
54650000,4696615,37222698,7.92543,17614,187422294,371
54700000,4697128,37240937,7.92845,17619,187708686,343
54750000,4697652,37258940,7.9314,17626,187983488,408
54800000,4698204,37276981,7.9343,17631,188250870,377
54850000,4698751,37295039,7.93722,17641,188521004,326
54900000,4699291,37312996,7.94013,17648,188794520,350
54950000,4699799,37331134,7.94313,17662,189071119,346
55000000,4700306,37349133,7.946110000000001,17668,189344734,324
55050000,4700792,37367161,7.94912,17678,189624589,352
55100000,4701299,37385055,7.95207,17687,189911018,342
55150000,4701814,37403186,7.95505,17692,190193741,375
55200000,4702296,37421069,7.95804,17696,190463233,352
55250000,4702799,37438823,7.96097,17707,190730004,352
55300000,4703278,37456594,7.96393,17713,190995857,336
55350000,4703759,37474249,7.96687,17729,191272223,326
55400000,4704250,37491868,7.96979,17742,191549718,341
55450000,4704737,37509528,7.97272,17754,191825268,353
55500000,4705210,37527155,7.97566,17764,192095161,343
55550000,4705697,37544829,7.97859,17772,192359361,325
55600000,4706204,37562585,7.9815,17779,192629025,359
55650000,4706702,37580077,7.984380000000001,17791,192900582,333
55700000,4707208,37597612,7.987239999999999,17798,193169477,360
55750000,4707737,37615197,7.99008,17808,193447615,363
55800000,4708268,37632800,7.99292,17810,193710939,342
55850000,4708732,37650347,7.99586,17817,193980010,358
55900000,4709239,37667996,7.99874,17830,194259512,359
55950000,4709727,37685314,8.00159,17839,194528269,351
56000000,4710241,37702562,8.004380000000001,17845,194795074,340
56050000,4710727,37719757,8.00721,17852,195069815,321
56100000,4711202,37736980,8.01005,17855,195325495,337
56150000,4711702,37754224,8.01286,17862,195586578,334
56200000,4712181,37771338,8.01568,17867,195864285,342
56250000,4712646,37788472,8.01853,17871,196131321,372
56300000,4713140,37805669,8.02133,17876,196393692,363
56350000,4713649,37822672,8.02407,17886,196661003,331
56400000,4714152,37839782,8.02685,17896,196932466,321
56450000,4714640,37856992,8.02967,17905,197195487,358
56500000,4715163,37874049,8.03239,17913,197458982,346
56550000,4715627,37890950,8.03519,17927,197727168,324
56600000,4716114,37907855,8.037939999999999,17935,197982226,346
56650000,4716639,37924827,8.04065,17940,198240095,347
56700000,4717109,37941778,8.043439999999999,17954,198510768,357
56750000,4717584,37958627,8.0462,17964,198769986,327
56800000,4718052,37975493,8.04898,17971,199034025,358
56850000,4718499,37992166,8.05175,17976,199306572,352
56900000,4718970,38009044,8.05452,17986,199563976,358
56950000,4719436,38025809,8.05728,17990,199826594,333
57000000,4719901,38042526,8.060030000000001,18001,200084146,343
57050000,4720363,38059163,8.06276,18009,200346193,325
57100000,4720807,38075779,8.06552,18019,200595678,345
57150000,4721295,38092392,8.06821,18023,200853737,336
57200000,4721758,38109060,8.07095,18031,201112838,312
57250000,4722251,38125660,8.07362,18040,201368522,329
57300000,4722710,38142206,8.07634,18047,201629184,325
57350000,4723192,38158737,8.07901,18061,201893120,329
57400000,4723659,38175264,8.081710000000001,18071,202149941,318
57450000,4724119,38191717,8.08441,18083,202412064,321
57500000,4724583,38208308,8.08713,18091,202671702,319
57550000,4725043,38224665,8.0898,18097,202926036,334
57600000,4725475,38241106,8.09254,18097,203173533,313
57650000,4725906,38257508,8.09527,18109,203427598,314
57700000,4726388,38273988,8.09794,18118,203690854,349
57750000,4726849,38290214,8.10058,18122,203948444,313
57800000,4727321,38306513,8.10322,18134,204216675,331
57850000,4727800,38322795,8.105839999999999,18140,204475344,333
57900000,4728269,38339399,8.10855,18147,204747969,327
57950000,4728754,38355564,8.111139999999999,18156,204999124,339
58000000,4729214,38371669,8.11375,18165,205252657,334
58050000,4729665,38387835,8.1164,18172,205515567,316
58100000,4730138,38403978,8.119,18182,205779051,294
58150000,4730604,38420131,8.12161,18189,206040810,321
58200000,4731044,38436156,8.124239999999999,18191,206301523,327
58250000,4731479,38452339,8.12692,18199,206553393,327
58300000,4731941,38468373,8.12951,18210,206803203,315
58350000,4732388,38484442,8.13214,18221,207055152,315
58400000,4732871,38500383,8.13468,18238,207310872,289
58450000,4733293,38516342,8.137319999999999,18245,207576305,339
58500000,4733737,38532318,8.13994,18251,207836653,330
58550000,4734170,38548276,8.142560000000001,18259,208088900,309
58600000,4734609,38563975,8.14512,18270,208344362,293
58650000,4735049,38579760,8.1477,18282,208594920,306
58700000,4735472,38595372,8.150269999999999,18290,208839978,319
58750000,4735934,38611301,8.15284,18294,209091046,329
58800000,4736365,38626927,8.155389999999999,18295,209338680,310
58850000,4736751,38642468,8.15801,18299,209589697,303
58900000,4737165,38658065,8.16059,18306,209836622,281
58950000,4737612,38673644,8.163110000000001,18309,210084321,289
59000000,4738043,38689178,8.16565,18317,210324229,293
59050000,4738492,38704768,8.16816,18326,210583010,301
59100000,4738941,38720255,8.17066,18331,210830636,293
59150000,4739370,38735584,8.17315,18334,211085193,302
59200000,4739781,38751109,8.17572,18343,211341573,300
59250000,4740237,38766705,8.17822,18346,211593348,285
59300000,4740659,38782084,8.18074,18356,211859305,309
59350000,4741075,38797483,8.18327,18359,212107774,297
59400000,4741474,38812794,8.18581,18365,212352448,288
59450000,4741901,38828204,8.18832,18370,212612046,312
59500000,4742320,38843417,8.1908,18377,212856518,276
59550000,4742752,38858767,8.1933,18383,213118803,305
59600000,4743164,38873903,8.19577,18393,213364763,327
59650000,4743593,38889159,8.19825,18396,213621186,327
59700000,4744007,38904218,8.20071,18410,213865380,333
59750000,4744382,38919425,8.20327,18418,214120262,317
59800000,4744831,38934682,8.2057,18427,214376160,301
59850000,4745245,38949702,8.20815,18435,214622858,293
59900000,4745642,38964576,8.2106,18439,214874390,300
59950000,4746030,38979537,8.21308,18441,215121654,284
60000000,4746448,38994496,8.21551,18447,215376684,308
60050000,4746855,39009591,8.217989999999999,18459,215629365,317
60100000,4747251,39024666,8.22048,18463,215880715,277
60150000,4747669,39039771,8.22293,18468,216137915,316
60200000,4748090,39054757,8.22536,18474,216394503,315
60250000,4748470,39069575,8.22782,18482,216638917,292
60300000,4748879,39084362,8.23023,18487,216881985,290
60350000,4749299,39099238,8.23263,18492,217140902,303
60400000,4749697,39114132,8.23508,18497,217393951,280
60450000,4750127,39128973,8.23746,18507,217642313,289
60500000,4750543,39143721,8.23984,18518,217882350,298
60550000,4750954,39158070,8.24215,18526,218123703,272
60600000,4751351,39172897,8.244580000000001,18534,218369302,313
60650000,4751762,39187662,8.24697,18538,218607848,300
60700000,4752136,39202259,8.2494,18545,218842538,288
60750000,4752513,39216797,8.2518,18549,219092681,279
60800000,4752868,39231399,8.25426,18555,219320800,290
60850000,4753271,39246092,8.25665,18561,219565175,294
60900000,4753715,39260636,8.258939999999999,18570,219797820,273
60950000,4754133,39275158,8.26127,18571,220040030,312
61000000,4754511,39289759,8.26368,18581,220282596,262
61050000,4754896,39304178,8.26604,18591,220511970,296
61100000,4755282,39318373,8.268360000000001,18596,220747789,279
61150000,4755647,39332715,8.27074,18608,220986246,293
61200000,4756036,39347033,8.27307,18617,221220328,287
61250000,4756405,39361368,8.27545,18625,221462442,287
61300000,4756778,39375520,8.27777,18632,221698341,240
61350000,4757197,39389762,8.28004,18634,221945787,293
61400000,4757589,39404031,8.28235,18641,222193065,289
61450000,4757934,39418182,8.28473,18649,222444373,298
61500000,4758314,39432469,8.28707,18655,222678688,296
61550000,4758715,39446392,8.28929,18665,222909031,311
61600000,4759059,39460349,8.29163,18665,223144820,275
61650000,4759499,39474322,8.2938,18678,223383448,272
61700000,4759864,39488287,8.2961,18683,223632786,315
61750000,4760258,39502320,8.29836,18691,223864530,291
61800000,4760621,39516277,8.30066,18700,224100924,271
61850000,4761003,39530252,8.30293,18706,224348556,259
61900000,4761386,39544164,8.30518,18714,224591244,268
61950000,4761738,39557886,8.30745,18728,224813237,272
62000000,4762094,39571664,8.30972,18737,225041959,265
62050000,4762471,39585478,8.311960000000001,18745,225273658,285
62100000,4762869,39599398,8.31419,18753,225501783,284
62150000,4763208,39613220,8.3165,18758,225733345,281
62200000,4763583,39626859,8.318710000000001,18765,225977061,274
62250000,4763967,39640445,8.320889999999999,18774,226201330,275
62300000,4764355,39654286,8.32312,18780,226432405,284
62350000,4764678,39667882,8.32541,18788,226673890,278
62400000,4765042,39681564,8.327639999999999,18790,226911183,261
62450000,4765444,39695089,8.32978,18804,227156481,267
62500000,4765791,39708596,8.33201,18809,227389756,276
62550000,4766141,39722044,8.33422,18814,227626994,288
62600000,4766503,39735574,8.33642,18822,227853683,275
62650000,4766837,39749001,8.33865,18830,228079155,247
62700000,4767196,39762490,8.34085,18835,228305301,268
62750000,4767564,39775732,8.342989999999999,18841,228537338,292
62800000,4767916,39789150,8.345189999999999,18841,228776241,258
62850000,4768273,39802660,8.3474,18841,228998737,277
62900000,4768631,39816023,8.34957,18849,229235243,288
62950000,4768981,39829278,8.35174,18858,229462186,270
63000000,4769353,39842467,8.35385,18862,229692192,278
63050000,4769696,39855796,8.35605,18869,229917493,276
63100000,4770053,39869156,8.35822,18877,230153792,288
63150000,4770372,39882218,8.3604,18877,230388521,265
63200000,4770718,39895447,8.36257,18883,230604455,245
63250000,4771065,39908649,8.36473,18888,230840944,263
63300000,4771391,39921810,8.36691,18895,231061230,259
63350000,4771765,39935113,8.36904,18899,231310223,289
63400000,4772137,39948070,8.37111,18905,231538553,271
63450000,4772476,39961000,8.37322,18910,231760525,249
63500000,4772867,39973941,8.37525,18920,231980724,259
63550000,4773207,39986922,8.377369999999999,18929,232205676,248
63600000,4773511,39999834,8.379539999999999,18934,232431155,236
63650000,4773887,40012716,8.38158,18942,232654972,237
63700000,4774206,40025524,8.3837,18950,232876870,268
63750000,4774542,40038409,8.385810000000001,18955,233109851,270
63800000,4774899,40051198,8.38786,18963,233332404,252
63850000,4775267,40063983,8.38989,18966,233556031,253
63900000,4775615,40076676,8.39194,18974,233778765,234
63950000,4775961,40089363,8.393989999999999,18981,233998352,243
64000000,4776314,40102163,8.39605,18989,234227472,249
64050000,4776632,40114681,8.39811,18995,234447698,250
64100000,4776970,40127205,8.400139999999999,18998,234671272,231
64150000,4777325,40140034,8.4022,19007,234885165,266
64200000,4777634,40152557,8.40428,19014,235107200,233
64250000,4777989,40165265,8.406310000000001,19024,235328976,240
64300000,4778334,40177876,8.408339999999999,19024,235562258,229
64350000,4778663,40190291,8.41036,19030,235787634,252
64400000,4778960,40202787,8.412460000000001,19038,236015109,250
64450000,4779294,40215183,8.41446,19050,236239123,232
64500000,4779630,40227535,8.41645,19055,236462857,236
64550000,4779947,40239959,8.41849,19061,236681903,263
64600000,4780262,40252124,8.42048,19066,236885665,237
64650000,4780594,40264397,8.42247,19072,237105897,255
64700000,4780915,40276702,8.42448,19072,237322303,235
64750000,4781260,40288834,8.42641,19082,237538768,240
64800000,4781578,40301052,8.4284,19091,237764692,223
64850000,4781892,40313363,8.43042,19091,237984236,242
64900000,4782217,40325337,8.43235,19104,238192133,231
64950000,4782566,40337340,8.43425,19113,238405031,252
65000000,4782912,40349387,8.436160000000001,19118,238617931,239
65050000,4783238,40361534,8.43812,19125,238830593,225
65100000,4783575,40373569,8.44004,19129,239032679,246
65150000,4783881,40385531,8.442,19135,239256377,244
65200000,4784204,40397639,8.44396,19143,239470382,229
65250000,4784526,40409567,8.445889999999999,19150,239680601,235
65300000,4784828,40421432,8.44783,19155,239898527,252
65350000,4785131,40433080,8.44973,19155,240102623,225
65400000,4785451,40444923,8.45164,19167,240311914,235
65450000,4785735,40456708,8.4536,19174,240519677,241
65500000,4786020,40468473,8.45556,19179,240736976,239
65550000,4786336,40480400,8.45749,19183,240946872,231
65600000,4786639,40491984,8.45938,19184,241156938,245
65650000,4786921,40503676,8.461319999999999,19191,241369453,247
65700000,4787239,40515261,8.46318,19201,241568090,236
65750000,4787545,40526853,8.465060000000001,19206,241771668,219
65800000,4787847,40538400,8.46694,19211,241982353,232
65850000,4788158,40549938,8.4688,19219,242184829,230
65900000,4788460,40561594,8.4707,19221,242394103,232
65950000,4788777,40573192,8.472560000000001,19224,242603553,242
66000000,4789078,40584782,8.47445,19224,242807607,238
66050000,4789357,40596292,8.476360000000001,19236,243022935,213
66100000,4789623,40607658,8.47826,19239,243228849,224
66150000,4789903,40618952,8.48012,19248,243440445,208
66200000,4790164,40630375,8.48204,19253,243636859,250
66250000,4790502,40641792,8.483830000000001,19258,243839709,243
66300000,4790776,40653140,8.485710000000001,19264,244045829,234
66350000,4791067,40664573,8.48758,19264,244256483,220
66400000,4791381,40675793,8.48937,19271,244445000,220
66450000,4791676,40687105,8.49121,19280,244648717,242
66500000,4791989,40698424,8.49301,19283,244852184,223
66550000,4792292,40709801,8.49485,19295,245057053,200
66600000,4792591,40720988,8.49665,19304,245270990,236
66650000,4792896,40732032,8.49842,19309,245462865,216
66700000,4793205,40743089,8.50018,19313,245664952,219
66750000,4793489,40754200,8.50199,19316,245866689,214
66800000,4793782,40765084,8.503739999999999,19323,246062040,224
66850000,4794082,40776067,8.5055,19328,246251740,224
66900000,4794394,40787016,8.50723,19330,246450172,236
66950000,4794683,40798102,8.509030000000001,19336,246645343,216
67000000,4794963,40808872,8.51078,19337,246834923,221
67050000,4795191,40819746,8.51264,19347,247054043,221
67100000,4795478,40830653,8.51441,19347,247250518,198
67150000,4795749,40841340,8.51615,19347,247447235,223
67200000,4796051,40852419,8.51793,19359,247653004,238
67250000,4796326,40863166,8.519680000000001,19366,247851912,210
67300000,4796617,40874005,8.521419999999999,19375,248051347,189
67350000,4796897,40884684,8.52315,19380,248235485,210
67400000,4797177,40895596,8.52493,19386,248428050,200
67450000,4797462,40906308,8.526660000000001,19389,248611784,206
67500000,4797776,40916929,8.528310000000001,19396,248807257,215
67550000,4798086,40927683,8.53,19399,248993133,217
67600000,4798366,40938401,8.53174,19403,249193057,222
67650000,4798622,40948922,8.53348,19407,249386092,204
67700000,4798930,40959256,8.53508,19407,249569046,210
67750000,4799191,40969615,8.53678,19415,249756701,226
67800000,4799481,40980106,8.53845,19420,249955954,218
67850000,4799764,40990425,8.54009,19426,250135159,202
67900000,4800082,41000827,8.54169,19432,250327058,231
67950000,4800334,41011054,8.54338,19438,250506634,210
68000000,4800579,41021327,8.54508,19447,250696748,203
68050000,4800848,41031709,8.54676,19450,250883294,218
68100000,4801131,41042196,8.54844,19452,251066033,218
68150000,4801401,41052413,8.550089999999999,19452,251254190,223
68200000,4801673,41062644,8.551739999999999,19463,251439570,219
68250000,4801927,41072769,8.55339,19472,251614505,198
68300000,4802185,41083024,8.555069999999999,19474,251799811,207
68350000,4802465,41093156,8.55668,19480,251985782,205
68400000,4802737,41103348,8.55832,19484,252163572,216
68450000,4802967,41113529,8.560030000000001,19488,252346736,185
68500000,4803204,41123640,8.56171,19494,252537478,209
68550000,4803446,41133584,8.56335,19495,252724340,200
68600000,4803705,41143507,8.56495,19504,252904025,190
68650000,4803979,41153499,8.56654,19511,253084296,229
68700000,4804265,41163531,8.56812,19513,253269617,204
68750000,4804484,41173526,8.56981,19519,253453660,203
68800000,4804737,41183368,8.57141,19521,253638784,197
68850000,4804993,41193297,8.57302,19526,253826556,200
68900000,4805233,41203147,8.574639999999999,19526,254017877,191
68950000,4805461,41212848,8.57625,19530,254196865,201
69000000,4805713,41222566,8.57783,19537,254380831,185
69050000,4805967,41232388,8.579419999999999,19541,254557976,207
69100000,4806226,41242285,8.581010000000001,19545,254733624,199
69150000,4806498,41252014,8.58255,19550,254907499,211
69200000,4806758,41261700,8.5841,19550,255084974,209
69250000,4806990,41271397,8.5857,19554,255270657,204
69300000,4807230,41280922,8.58726,19557,255455194,168
69350000,4807477,41290448,8.5888,19560,255628180,204
69400000,4807706,41299899,8.59035,19567,255809712,199
69450000,4807941,41309408,8.59191,19567,255985119,189
69500000,4808209,41318911,8.59341,19574,256164160,187
69550000,4808453,41328309,8.59493,19576,256335311,207
69600000,4808724,41337615,8.59638,19582,256509759,183
69650000,4808943,41346949,8.59793,19585,256680562,191
69700000,4809208,41356283,8.5994,19587,256856609,203
69750000,4809444,41365607,8.60091,19592,257031727,169
69800000,4809699,41375010,8.60241,19598,257208557,167
69850000,4809931,41384187,8.6039,19600,257369007,175
69900000,4810167,41393413,8.6054,19607,257537388,190
69950000,4810380,41402640,8.60694,19611,257712242,172
70000000,4810619,41411859,8.60843,19614,257885493,183
70050000,4810840,41421130,8.609960000000001,19614,258061092,179
70100000,4811055,41430240,8.611469999999999,19620,258230061,168
70150000,4811252,41439296,8.613,19622,258399787,166
70200000,4811495,41448367,8.61445,19625,258569490,145
70250000,4811724,41457292,8.61589,19630,258740913,164
70300000,4812008,41466296,8.61725,19633,258905538,195
70350000,4812225,41475273,8.618730000000001,19637,259075127,162
70400000,4812442,41484183,8.62019,19643,259242162,190
70450000,4812683,41493128,8.62162,19649,259403726,179
70500000,4812895,41501910,8.62307,19652,259575307,184
70550000,4813122,41510674,8.62448,19658,259741898,184
70600000,4813335,41519385,8.625910000000001,19659,259892631,200
70650000,4813525,41528197,8.6274,19664,260065471,191
70700000,4813777,41537031,8.62878,19664,260240158,177
70750000,4814008,41545848,8.6302,19670,260404175,188
70800000,4814229,41554645,8.63163,19678,260564018,160
70850000,4814451,41563243,8.63302,19682,260731056,148
70900000,4814655,41571889,8.63445,19687,260894617,172
70950000,4814882,41580609,8.63585,19696,261060502,205
71000000,4815094,41589196,8.637260000000001,19698,261220595,170
71050000,4815321,41597702,8.63861,19704,261385220,186
71100000,4815551,41606259,8.63998,19709,261546605,194
71150000,4815768,41614750,8.64135,19716,261708394,192
71200000,4815988,41623112,8.64269,19719,261859490,170
71250000,4816185,41631544,8.64409,19725,262015548,179
71300000,4816418,41639902,8.64541,19727,262172940,169
71350000,4816657,41648437,8.64675,19730,262334791,170
71400000,4816889,41656907,8.64809,19737,262492783,184
71450000,4817087,41665350,8.64949,19744,262645511,169
71500000,4817307,41673791,8.65085,19744,262798624,177
71550000,4817504,41681917,8.65218,19750,262954898,148
71600000,4817699,41690198,8.65355,19754,263115265,161
71650000,4817935,41698426,8.65483,19761,263268824,161
71700000,4818116,41706458,8.65618,19763,263422184,161
71750000,4818333,41714549,8.65746,19769,263580778,146
71800000,4818548,41722725,8.65878,19772,263736918,163
71850000,4818760,41730850,8.66008,19772,263894290,156
71900000,4818978,41738842,8.66135,19772,264050340,173
71950000,4819175,41747059,8.6627,19784,264209151,170
72000000,4819392,41754987,8.66395,19788,264359562,149
72050000,4819609,41762966,8.66522,19794,264509215,139
72100000,4819795,41770988,8.66655,19799,264669615,158
72150000,4820000,41779062,8.667860000000001,19805,264814952,149
72200000,4820218,41786938,8.6691,19808,264964645,149
72250000,4820437,41794728,8.67032,19814,265110803,159
72300000,4820644,41802522,8.671560000000001,19814,265254506,154
72350000,4820883,41810342,8.67276,19821,265404761,159
72400000,4821059,41818067,8.67404,19821,265546546,128
72450000,4821249,41825874,8.67532,19821,265698036,162
72500000,4821435,41833690,8.67661,19821,265836855,173
72550000,4821617,41841520,8.6779,19828,265991880,165
72600000,4821796,41849090,8.67915,19831,266141695,163
72650000,4822010,41856790,8.68036,19835,266287199,146
72700000,4822211,41864333,8.681560000000001,19841,266426518,147
72750000,4822391,41871976,8.68282,19842,266579822,154
72800000,4822555,41879569,8.6841,19850,266723087,148
72850000,4822748,41887101,8.685319999999999,19850,266867444,129
72900000,4822932,41894602,8.686539999999999,19850,267006420,135
72950000,4823116,41902087,8.68776,19854,267152248,151
73000000,4823285,41909551,8.689010000000001,19858,267294718,142
73050000,4823455,41916855,8.69021,19864,267429594,148
73100000,4823626,41924062,8.6914,19869,267571040,135
73150000,4823837,41931361,8.69253,19872,267704860,154
73200000,4824013,41938621,8.693719999999999,19873,267842308,158
73250000,4824181,41945877,8.69492,19876,267985514,160
73300000,4824351,41953155,8.69612,19886,268122218,144
73350000,4824519,41960509,8.69735,19892,268263922,147
73400000,4824704,41967660,8.69849,19896,268400011,146
73450000,4824894,41974892,8.69965,19900,268532954,162
73500000,4825096,41982100,8.70078,19906,268678431,132
73550000,4825273,41989236,8.701939999999999,19910,268813467,133
73600000,4825436,41996351,8.70312,19911,268949956,147
73650000,4825614,42003325,8.704239999999999,19916,269096317,136
73700000,4825779,42010282,8.70539,19921,269223329,137
73750000,4825965,42017246,8.7065,19924,269351391,130
73800000,4826139,42024188,8.70762,19930,269485801,141
73850000,4826315,42031127,8.708739999999999,19933,269616178,150
73900000,4826485,42037944,8.70985,19937,269753626,144
73950000,4826675,42044796,8.71092,19940,269885864,140
74000000,4826830,42051650,8.712060000000001,19944,270019579,131
74050000,4827001,42058425,8.71316,19944,270151962,145
74100000,4827179,42065246,8.71425,19944,270287142,126
74150000,4827370,42071968,8.7153,19947,270409809,134
74200000,4827525,42078682,8.71641,19949,270538620,139
74250000,4827696,42085466,8.71751,19950,270666851,154
74300000,4827861,42092079,8.718580000000001,19950,270799596,132
74350000,4828022,42098795,8.71968,19950,270935780,129
74400000,4828180,42105411,8.72076,19950,271064240,136
74450000,4828352,42112002,8.72182,19956,271190562,125
74500000,4828520,42118514,8.72286,19956,271312481,143
74550000,4828680,42124992,8.72391,19956,271446201,137
74600000,4828819,42131360,8.72498,19965,271582943,116
74650000,4828974,42137889,8.72605,19972,271707143,129
74700000,4829114,42144274,8.72712,19972,271829792,130
74750000,4829278,42150726,8.72816,19976,271956215,118
74800000,4829423,42157100,8.72922,19976,272086037,128
74850000,4829581,42163582,8.73028,19982,272210347,122
74900000,4829749,42169928,8.73129,19985,272333871,129
74950000,4829911,42176216,8.7323,19988,272444111,123
75000000,4830083,42182552,8.7333,19991,272570026,143
75050000,4830251,42188753,8.73428,19996,272698517,110
75100000,4830428,42195121,8.73528,19996,272819583,117
75150000,4830559,42201308,8.73632,20001,272935100,103
75200000,4830688,42207405,8.73735,20006,273050425,120
75250000,4830839,42213650,8.73837,20009,273178990,138
75300000,4830984,42219723,8.739360000000001,20011,273293761,135
75350000,4831130,42225764,8.74035,20016,273406880,107
75400000,4831280,42231643,8.74129,20019,273525229,107
75450000,4831429,42237665,8.74227,20024,273643397,123
75500000,4831571,42243708,8.743269999999999,20026,273763231,125
75550000,4831720,42249710,8.74424,20031,273885519,120
75600000,4831879,42255556,8.74516,20031,273996266,114
75650000,4832034,42261474,8.7461,20036,274113155,115
75700000,4832175,42267394,8.747069999999999,20037,274230067,111
75750000,4832315,42273204,8.74802,20037,274345079,123
75800000,4832459,42279089,8.74898,20043,274457874,118
75850000,4832625,42284959,8.749889999999999,20043,274573728,105
75900000,4832760,42290648,8.75083,20046,274678908,103
75950000,4832890,42296356,8.75177,20049,274795822,125
76000000,4833046,42302033,8.75267,20051,274905695,111
76050000,4833179,42307574,8.75357,20051,275015570,128
76100000,4833307,42313126,8.754489999999999,20056,275120273,90
76150000,4833438,42318700,8.7554,20059,275230372,99
76200000,4833577,42324285,8.756310000000001,20060,275344056,101
76250000,4833697,42329763,8.75722,20065,275443832,116
76300000,4833819,42335252,8.75814,20066,275547177,105
76350000,4833952,42340789,8.759039999999999,20069,275651468,112
76400000,4834072,42346142,8.75993,20071,275764436,106
76450000,4834230,42351615,8.76078,20071,275876629,94
76500000,4834383,42357050,8.761619999999999,20071,275986183,126
76550000,4834529,42362518,8.76249,20076,276093194,101
76600000,4834654,42367960,8.76339,20078,276189859,120
76650000,4834778,42373318,8.76427,20080,276295943,98
76700000,4834932,42378633,8.765089999999999,20082,276398509,122
76750000,4835066,42383898,8.765939999999999,20083,276500606,102
76800000,4835186,42389085,8.7668,20083,276609688,95
76850000,4835327,42394273,8.767610000000001,20083,276716657,100
76900000,4835442,42399379,8.768460000000001,20088,276819132,117
76950000,4835572,42404580,8.7693,20090,276918889,111
77000000,4835687,42409615,8.77013,20094,277018215,107
77050000,4835805,42414689,8.77097,20094,277112242,98
77100000,4835929,42419813,8.7718,20101,277208841,108
77150000,4836044,42424861,8.772639999999999,20103,277311626,100
77200000,4836172,42429894,8.77345,20105,277401605,110
77250000,4836296,42434759,8.774230000000001,20106,277498856,97
77300000,4836425,42439551,8.774980000000001,20108,277589381,100
77350000,4836533,42444520,8.77582,20113,277690310,96
77400000,4836648,42449287,8.776589999999999,20116,277779613,89
77450000,4836769,42454203,8.777389999999999,20116,277874377,105
77500000,4836877,42458952,8.77817,20118,277969726,97
77550000,4837000,42463711,8.778939999999999,20123,278059536,106
77600000,4837101,42468499,8.779739999999999,20123,278153535,103
77650000,4837221,42473104,8.78048,20123,278240513,91
77700000,4837339,42477767,8.78123,20123,278336137,90
77750000,4837440,42482303,8.78198,20134,278427013,84
77800000,4837565,42486954,8.78271,20134,278514716,99
77850000,4837667,42491575,8.78348,20135,278603442,95
77900000,4837783,42496145,8.78422,20135,278691740,97
77950000,4837876,42500664,8.784980000000001,20138,278777757,80
78000000,4837979,42505116,8.78572,20138,278870677,72
78050000,4838084,42509551,8.786439999999999,20138,278953210,87
78100000,4838216,42514085,8.787139999999999,20149,279042859,94
78150000,4838311,42518490,8.78788,20149,279131269,94
78200000,4838429,42522914,8.78858,20153,279218496,93
78250000,4838529,42527269,8.7893,20153,279306906,84
78300000,4838643,42531605,8.78999,20157,279387761,80
78350000,4838751,42535888,8.79068,20157,279473328,63
78400000,4838863,42540044,8.79133,20157,279549174,84
78450000,4838963,42544333,8.79204,20157,279626658,97
78500000,4839080,42548459,8.79268,20164,279708279,84
78550000,4839170,42552521,8.79335,20164,279787241,81
78600000,4839274,42556705,8.794030000000001,20170,279871577,88
78650000,4839375,42560951,8.79472,20171,279960653,79
78700000,4839464,42564995,8.79539,20171,280042776,75
78750000,4839554,42569035,8.79607,20174,280120755,95
78800000,4839656,42573036,8.796710000000001,20177,280208035,87
78850000,4839747,42576963,8.79735,20179,280289041,73
78900000,4839845,42580921,8.797989999999999,20180,280369754,74
78950000,4839947,42584831,8.79862,20184,280448672,71
79000000,4840047,42588791,8.79925,20187,280532380,69
79050000,4840156,42592671,8.79986,20188,280612524,79
79100000,4840250,42596636,8.8005,20192,280690263,78
79150000,4840347,42600420,8.801110000000001,20197,280763085,73
79200000,4840440,42604168,8.80171,20199,280838097,77
79250000,4840531,42607942,8.80233,20199,280907221,71
79300000,4840622,42611617,8.80292,20199,280979235,76
79350000,4840711,42615397,8.80354,20199,281052984,74
79400000,4840805,42619038,8.80412,20199,281120063,64
79450000,4840883,42622688,8.804730000000001,20199,281192315,65
79500000,4840969,42626267,8.80532,20199,281261389,62
79550000,4841053,42630030,8.80594,20199,281339281,62
79600000,4841133,42633600,8.80653,20209,281408025,74
79650000,4841233,42637167,8.807089999999999,20209,281483143,59
79700000,4841323,42640631,8.80764,20214,281555593,53
79750000,4841414,42644073,8.80819,20218,281627410,45
79800000,4841495,42647596,8.808769999999999,20222,281699004,65
79850000,4841574,42651019,8.809330000000001,20223,281766176,62
79900000,4841652,42654340,8.80987,20223,281838298,63
79950000,4841744,42657754,8.810410000000001,20229,281904198,72
80000000,4841846,42661073,8.81091,20229,281969428,72
80050000,4841930,42664363,8.81144,20232,282034036,53
80100000,4842022,42667589,8.81194,20232,282090708,59
80150000,4842106,42670932,8.81247,20232,282154600,71
80200000,4842190,42674115,8.81298,20232,282217277,57
80250000,4842261,42677339,8.81351,20235,282280655,68
80300000,4842345,42680599,8.814039999999999,20236,282349699,69
80350000,4842433,42683898,8.81456,20237,282417364,63
80400000,4842516,42687092,8.81506,20237,282479987,54
80450000,4842571,42690189,8.8156,20237,282539619,49
80500000,4842661,42693272,8.81608,20244,282601535,57
80550000,4842740,42696374,8.81657,20247,282662781,67
80600000,4842824,42699454,8.817060000000001,20247,282723206,58
80650000,4842904,42702458,8.81753,20248,282777523,53
80700000,4842971,42705454,8.81803,20251,282840383,61
80750000,4843048,42708302,8.818480000000001,20251,282895754,54
80800000,4843109,42711062,8.81893,20251,282949067,53
80850000,4843177,42713865,8.81939,20261,283004674,47
80900000,4843247,42716747,8.81986,20261,283061239,56
80950000,4843325,42719560,8.8203,20261,283118645,62
81000000,4843389,42722415,8.82077,20263,283175692,58
81050000,4843432,42725040,8.82123,20266,283228021,60
81100000,4843498,42727795,8.82168,20268,283279011,66
81150000,4843573,42730474,8.8221,20271,283333391,52
81200000,4843640,42733160,8.82253,20271,283385419,55
81250000,4843707,42735794,8.82295,20271,283435902,53
81300000,4843771,42738351,8.823360000000001,20271,283484033,47
81350000,4843830,42740836,8.82377,20276,283533018,47
81400000,4843901,42743443,8.82418,20277,283583090,66
81450000,4843959,42745877,8.82457,20278,283631176,56
81500000,4844001,42748302,8.825,20279,283681546,42
81550000,4844069,42750757,8.825380000000001,20279,283727039,56
81600000,4844126,42753114,8.82576,20279,283776726,41
81650000,4844192,42755505,8.826139999999999,20282,283823215,47
81700000,4844256,42757889,8.82651,20282,283863116,42
81750000,4844304,42760311,8.82693,20282,283919338,42
81800000,4844369,42762593,8.82728,20282,283963013,58
81850000,4844416,42764810,8.82765,20282,284006402,32
81900000,4844472,42767050,8.82801,20288,284051145,46
81950000,4844526,42769268,8.82837,20290,284090263,42
82000000,4844572,42771423,8.82873,20293,284138231,42
82050000,4844623,42773549,8.829080000000001,20293,284176746,41
82100000,4844681,42775622,8.8294,20296,284221694,40
82150000,4844732,42777795,8.82975,20297,284264364,35
82200000,4844784,42779894,8.83009,20297,284308917,38
82250000,4844854,42781954,8.83039,20300,284352171,30
82300000,4844900,42783898,8.83071,20300,284387679,39
82350000,4844938,42785843,8.83104,20300,284424176,44
82400000,4845000,42787790,8.83133,20303,284465890,44
82450000,4845042,42789707,8.83165,20303,284508370,33
82500000,4845088,42791634,8.83196,20303,284546211,32
82550000,4845127,42793471,8.83227,20305,284585935,36
82600000,4845165,42795275,8.83257,20305,284619137,34
82650000,4845207,42796988,8.83285,20308,284652214,28
82700000,4845254,42798726,8.83312,20308,284686582,34
82750000,4845302,42800437,8.83339,20308,284715990,28
82800000,4845347,42802184,8.83367,20311,284755414,35
82850000,4845387,42803866,8.83394,20312,284788543,36
82900000,4845437,42805536,8.8342,20312,284818255,35
82950000,4845482,42807105,8.834439999999999,20312,284853386,33
83000000,4845524,42808645,8.83468,20312,284886565,28
83050000,4845565,42810264,8.83494,20313,284915572,33
83100000,4845604,42811703,8.83516,20313,284944651,37
83150000,4845635,42813203,8.83542,20313,284972729,34
83200000,4845678,42814645,8.83564,20313,285003473,20
83250000,4845710,42816123,8.83588,20313,285033638,18
83300000,4845743,42817626,8.83613,20313,285063960,25
83350000,4845788,42818963,8.83633,20317,285092576,31
83400000,4845827,42820309,8.83653,20317,285118539,25
83450000,4845855,42821689,8.83677,20317,285144837,20
83500000,4845877,42822986,8.83699,20317,285173454,26
83550000,4845895,42824187,8.83721,20319,285201023,28
83600000,4845918,42825463,8.83743,20319,285228648,20
83650000,4845950,42826649,8.83762,20319,285251563,21
83700000,4845981,42827900,8.837819999999999,20319,285273396,29
83750000,4846008,42829057,8.83801,20321,285296595,27
83800000,4846033,42830180,8.838189999999999,20323,285318985,26
83850000,4846062,42831235,8.83836,20323,285338638,21
83900000,4846091,42832311,8.83853,20325,285359778,18
83950000,4846119,42833301,8.83868,20325,285377262,14
84000000,4846149,42834331,8.83884,20325,285398453,19
84050000,4846167,42835306,8.83901,20325,285416918,17
84100000,4846184,42836246,8.83917,20325,285434835,16
84150000,4846212,42837155,8.839310000000001,20325,285451150,10
84200000,4846240,42838030,8.83944,20325,285468299,18
84250000,4846266,42838876,8.83956,20325,285484582,5
84300000,4846281,42839693,8.8397,20325,285498967,9
84350000,4846303,42840511,8.839830000000001,20325,285513750,22
84400000,4846324,42841342,8.83997,20325,285528909,14
84450000,4846346,42842115,8.84009,20325,285546305,17
84500000,4846368,42842821,8.84019,20325,285557630,14
84550000,4846388,42843522,8.8403,20325,285573301,10
84600000,4846409,42844197,8.8404,20328,285588881,10
84650000,4846426,42844859,8.84051,20328,285602519,10
84700000,4846445,42845426,8.840589999999999,20328,285614438,14
84750000,4846462,42845993,8.84067,20329,285623283,11
84800000,4846474,42846553,8.84077,20329,285633405,9
84850000,4846490,42847020,8.84084,20329,285642156,13
84900000,4846510,42847513,8.8409,20329,285653666,6
84950000,4846518,42847957,8.84098,20329,285663176,9
85000000,4846528,42848368,8.84104,20329,285669559,9
85050000,4846539,42848738,8.8411,20329,285679243,13
85100000,4846548,42849117,8.84116,20329,285687053,8
85150000,4846559,42849479,8.84122,20329,285693863,7
85200000,4846567,42849777,8.84126,20329,285699261,3
85250000,4846577,42850078,8.84131,20329,285707570,6
85300000,4846585,42850347,8.84135,20331,285712324,4
85350000,4846590,42850541,8.841380000000001,20333,285716289,3
85400000,4846595,42850709,8.8414,20333,285719676,2
85450000,4846600,42850870,8.84143,20333,285722334,6
85500000,4846602,42850996,8.84145,20333,285725698,2
85550000,4846603,42851084,8.84147,20333,285727259,0
85600000,4846603,42851162,8.84148,20333,285729067,3
85650000,4846607,42851213,8.84149,20333,285729818,0
85700000,4846609,42851237,8.84149,20333,285730264,0
