timestep,num_nodes,num_edges,average_degree,max_degree,num_triangles,new_edges
0,1963,1000,0.509424,3,0,1000
50000,93028,50983,0.548039,29,0,1000
100000,175023,100944,0.576747,51,11,999
150000,250405,150875,0.602524,71,32,997
200000,320766,200775,0.6259239999999999,97,51,999
250000,386524,250637,0.648438,122,90,996
300000,448155,300474,0.670469,149,129,993
350000,506534,350289,0.691541,173,188,996
400000,562109,400063,0.7117180000000001,202,279,993
450000,615017,449804,0.731368,229,393,998
500000,665658,499503,0.75039,252,562,998
550000,714297,549199,0.7688659999999999,277,721,993
600000,760778,598851,0.7871560000000001,297,925,994
650000,805315,648499,0.8052739999999999,320,1149,990
700000,848390,698097,0.8228489999999999,343,1440,991
750000,889829,747675,0.8402459999999999,368,1744,984
800000,929735,797176,0.8574229999999999,387,2080,986
850000,968385,846656,0.8742969999999999,401,2515,988
900000,1005934,896163,0.890877,427,2963,992
950000,1042324,945638,0.9072399999999999,449,3413,984
1000000,1077371,995063,0.9236030000000001,474,3985,990
1050000,1111832,1044480,0.939423,502,4603,989
1100000,1145369,1093866,0.955034,527,5242,987
1150000,1177924,1143258,0.97057,548,5983,985
1200000,1209602,1192559,0.9859100000000001,567,6791,984
1250000,1240179,1241847,1.00134,590,7637,986
1300000,1270556,1291098,1.01617,615,8543,994
1350000,1299781,1340306,1.03118,644,9530,990
1400000,1328316,1389469,1.0460399999999999,668,10608,987
1450000,1356071,1438657,1.0609,685,11749,982
1500000,1383311,1487790,1.0755299999999999,709,12976,983
1550000,1409992,1536920,1.09002,722,14250,980
1600000,1436391,1586003,1.10416,742,15641,983
1650000,1462106,1635031,1.11827,762,17095,970
1700000,1486982,1684070,1.1325399999999999,783,18591,979
1750000,1511351,1733144,1.14675,810,20173,983
1800000,1535408,1782169,1.1607100000000001,834,21893,981
1850000,1558739,1831091,1.1747299999999998,863,23638,982
1900000,1581697,1879994,1.18859,884,25556,978
1950000,1604477,1928882,1.2021899999999999,905,27667,983
2000000,1626319,1977729,1.2160799999999998,921,29814,975
2050000,1648028,2026576,1.2297,946,31957,976
2100000,1669178,2075436,1.24339,972,34384,980
2150000,1689936,2124212,1.25698,996,36873,973
2200000,1710532,2172946,1.27033,1026,39389,982
2250000,1730545,2221624,1.28377,1040,42094,973
2300000,1750483,2270341,1.29698,1074,44715,972
2350000,1770066,2318982,1.31011,1093,47544,962
2400000,1789211,2367673,1.32331,1116,50536,969
2450000,1808436,2416250,1.3361,1137,53532,979
2500000,1826786,2464819,1.34927,1158,56856,968
2550000,1845112,2513389,1.36219,1188,60179,974
2600000,1863181,2561886,1.37501,1206,63581,964
2650000,1880908,2610414,1.38785,1245,67282,961
2700000,1898333,2658903,1.40065,1276,70997,978
2750000,1915656,2707326,1.41326,1302,74803,963
2800000,1932692,2755756,1.4258600000000001,1322,78683,967
2850000,1949249,2804048,1.4385299999999999,1340,82985,974
2900000,1965830,2852331,1.45096,1359,87297,975
2950000,1982063,2900651,1.46345,1381,91739,968
3000000,1997954,2948887,1.47595,1404,96412,959
3050000,2013739,2997131,1.48834,1427,101176,961
3100000,2029228,3045398,1.5007700000000002,1450,106151,958
3150000,2044721,3093631,1.51298,1471,111173,973
3200000,2060000,3141811,1.52515,1494,116228,961
3250000,2075085,3189905,1.53724,1520,121441,962
3300000,2090083,3237978,1.54921,1530,127074,954
3350000,2104667,3286024,1.5613,1541,132862,954
3400000,2119060,3334108,1.57339,1556,138535,970
3450000,2133048,3382107,1.5855700000000001,1591,144628,960
3500000,2146957,3430061,1.59764,1618,150822,944
3550000,2160961,3477979,1.6094600000000001,1645,157030,952
3600000,2174512,3525859,1.62145,1674,163540,953
3650000,2188026,3573759,1.63333,1690,170204,962
3700000,2201260,3621596,1.64524,1719,176952,956
3750000,2214530,3669382,1.6569599999999998,1737,183730,953
3800000,2227557,3717191,1.6687299999999998,1760,190932,953
3850000,2240455,3764961,1.6804400000000002,1783,198286,958
3900000,2253167,3812630,1.69212,1795,205926,945
3950000,2265973,3860351,1.7036200000000001,1829,213682,956
4000000,2278493,3908075,1.7152,1842,221637,957
4050000,2290759,3955747,1.7268299999999999,1872,229505,950
4100000,2302848,4003316,1.73842,1893,237928,947
4150000,2314801,4050884,1.7499900000000002,1918,246484,950
4200000,2326769,4098394,1.76141,1933,254951,953
4250000,2338371,4145922,1.7730000000000001,1946,264039,958
4300000,2349825,4193440,1.7845799999999998,1971,273213,949
4350000,2361377,4240923,1.79595,1991,282879,958
4400000,2372831,4288292,1.80725,2008,292636,946
4450000,2384240,4335802,1.81853,2037,302541,961
4500000,2395122,4383066,1.83,2059,312462,955
4550000,2406226,4430408,1.84123,2073,322434,947
4600000,2417402,4477702,1.85228,2099,332714,943
4650000,2428317,4525027,1.8634400000000002,2130,343402,944
4700000,2438792,4572310,1.87483,2155,354356,942
4750000,2449521,4619561,1.8859,2175,365370,953
4800000,2460198,4666785,1.8969099999999999,2189,376827,940
4850000,2470578,4714002,1.9080599999999999,2212,388098,935
4900000,2480982,4761065,1.9190200000000002,2231,399457,940
4950000,2491288,4808247,1.93002,2255,411878,942
5000000,2501312,4855295,1.9411,2267,423904,945
5050000,2511514,4902368,1.95196,2285,436350,939
5100000,2521379,4949330,1.96295,2309,449005,946
5150000,2531158,4996389,1.97395,2335,461310,940
5200000,2540899,5043449,1.98491,2348,474385,946
5250000,2550765,5090219,1.99557,2375,487527,935
5300000,2560317,5137207,2.00647,2394,500889,945
5350000,2569852,5184132,2.01729,2408,514104,943
5400000,2579466,5230959,2.02792,2438,528409,932
5450000,2588746,5277769,2.03874,2467,543013,924
5500000,2598065,5324586,2.04944,2492,557251,934
5550000,2607211,5371315,2.06018,2517,572413,928
5600000,2616052,5418134,2.07111,2545,587736,943
5650000,2625167,5464939,2.08175,2569,603169,944
5700000,2634010,5511686,2.09251,2590,618832,934
5750000,2642926,5558404,2.1031299999999997,2614,633956,930
5800000,2651543,5605017,2.11387,2629,649802,929
5850000,2660046,5651625,2.12463,2645,665690,931
5900000,2668818,5698219,2.13511,2674,682290,927
5950000,2677366,5744711,2.14566,2691,698530,922
6000000,2685953,5791301,2.15614,2716,715246,924
6050000,2694631,5837785,2.16645,2735,732454,930
6100000,2703040,5884304,2.17692,2755,750218,929
6150000,2711389,5930757,2.18735,2775,767642,933
6200000,2719856,5977138,2.19759,2800,785433,950
6250000,2728203,6023507,2.20787,2823,803254,927
6300000,2736219,6069959,2.21837,2847,821974,930
6350000,2744185,6116261,2.2288099999999997,2869,841199,916
6400000,2752023,6162567,2.23929,2885,860809,938
6450000,2760068,6208842,2.24953,2906,879661,920
6500000,2767901,6255070,2.2598599999999998,2919,899337,922
6550000,2775708,6301237,2.27014,2945,919669,932
6600000,2783307,6347413,2.2805299999999997,2969,940423,916
6650000,2791150,6393507,2.2906400000000002,2995,960388,914
6700000,2798736,6439608,2.3009,3018,980820,931
6750000,2806364,6485666,2.31106,3030,1001758,923
6800000,2813893,6531786,2.3212599999999997,3042,1023047,923
6850000,2821470,6577857,2.3313599999999997,3060,1044515,919
6900000,2828931,6623813,2.34145,3081,1066723,924
6950000,2836308,6669834,2.3515900000000003,3104,1089085,930
7000000,2843714,6715634,2.36157,3129,1111797,916
7050000,2851114,6761548,2.37155,3152,1133822,923
7100000,2858324,6807382,2.3816,3171,1156474,918
7150000,2865441,6853204,2.39168,3196,1179853,925
7200000,2872649,6899017,2.40162,3214,1203502,920
7250000,2879615,6944781,2.4117,3231,1227754,909
7300000,2886468,6990482,2.42181,3239,1252010,909
7350000,2893390,7036183,2.43181,3271,1276843,929
7400000,2900265,7081848,2.44179,3288,1302457,919
7450000,2907141,7127394,2.45169,3305,1327052,910
7500000,2913826,7173050,2.4617299999999998,3327,1352738,927
7550000,2920583,7218726,2.47167,3355,1378589,912
7600000,2927318,7264400,2.48159,3378,1404539,916
7650000,2933986,7310027,2.4915,3399,1430970,914
7700000,2940718,7355593,2.50129,3417,1457789,906
7750000,2947389,7401112,2.51107,3433,1485413,914
7800000,2953946,7446477,2.52086,3464,1512689,909
7850000,2960512,7491953,2.53063,3482,1540877,904
7900000,2967122,7537457,2.54033,3505,1568755,923
7950000,2973569,7582799,2.5500700000000003,3523,1597968,907
8000000,2980002,7628307,2.55983,3532,1626239,906
8050000,2986253,7673626,2.56965,3555,1655616,902
8100000,2992465,7718857,2.57943,3571,1684555,898
8150000,2998740,7764154,2.58914,3588,1713635,889
8200000,3004836,7809402,2.5989400000000002,3614,1743686,915
8250000,3011120,7854640,2.60854,3639,1773883,897
8300000,3017283,7899683,2.6181400000000004,3662,1804442,907
8350000,3023476,7944919,2.62774,3684,1835412,890
8400000,3029598,7990156,2.63737,3708,1867465,886
8450000,3035553,8035276,2.6470599999999997,3723,1899141,903
8500000,3041497,8080328,2.65669,3751,1930716,876
8550000,3047579,8125314,2.66615,3771,1962488,898
8600000,3053538,8170310,2.6756900000000003,3790,1993972,892
8650000,3059530,8215319,2.6851599999999998,3809,2026550,903
8700000,3065290,8260249,2.69477,3837,2059662,911
8750000,3071168,8305074,2.70421,3849,2093366,869
8800000,3077004,8349914,2.71365,3871,2127926,896
8850000,3082648,8394749,2.72323,3894,2162972,919
8900000,3088405,8439711,2.73271,3911,2197541,898
8950000,3094192,8484647,2.74212,3943,2231929,897
9000000,3099930,8529483,2.7515099999999997,3966,2266488,900
9050000,3105618,8574207,2.76087,3992,2303014,881
9100000,3111131,8618937,2.77035,4013,2339725,884
9150000,3116689,8663654,2.77976,4034,2376746,903
9200000,3122299,8708221,2.78904,4057,2414757,899
9250000,3127798,8752878,2.79842,4076,2450770,896
9300000,3133483,8797415,2.80755,4097,2488431,887
9350000,3138884,8841985,2.81692,4117,2526278,888
9400000,3144329,8886552,2.82622,4134,2564793,882
9450000,3149833,8931140,2.83543,4154,2602757,892
9500000,3155210,8975636,2.8447,4185,2641017,869
9550000,3160516,9020151,2.8540099999999997,4206,2681231,889
9600000,3165986,9064607,2.86312,4224,2720443,895
9650000,3171169,9108971,2.87243,4241,2760257,903
9700000,3176406,9153259,2.88164,4253,2801129,881
9750000,3181785,9197720,2.89074,4279,2842041,885
9800000,3187033,9242224,2.89995,4297,2882512,891
9850000,3192114,9286431,2.90918,4314,2924117,894
9900000,3197370,9330692,2.91824,4337,2966590,888
9950000,3202561,9374896,2.92731,4359,3008747,889
10000000,3207497,9419047,2.93657,4377,3052611,863
10050000,3212553,9463249,2.94571,4405,3095176,890
10100000,3217674,9507337,2.95472,4427,3138452,883
10150000,3222707,9551497,2.96381,4449,3182587,867
10200000,3227733,9595484,2.97282,4464,3225926,885
10250000,3232594,9639388,2.9819400000000003,4484,3270785,892
10300000,3237596,9683456,2.99094,4513,3315535,879
10350000,3242424,9727419,3.00005,4530,3359564,887
10400000,3247208,9771387,3.00917,4551,3406061,883
10450000,3251927,9815332,3.01831,4568,3452936,863
10500000,3256704,9859308,3.02739,4588,3500626,878
10550000,3261388,9903240,3.03651,4605,3548481,896
10600000,3266172,9947030,3.04547,4631,3596487,867
10650000,3270874,9990724,3.05445,4650,3645052,875
10700000,3275562,10034252,3.06337,4677,3692519,874
10750000,3280162,10078071,3.0724299999999998,4710,3740573,871
10800000,3284693,10121794,3.0815,4728,3790318,879
10850000,3289390,10165591,3.09042,4746,3839334,867
10900000,3294202,10209311,3.09918,4758,3888733,866
10950000,3298975,10252944,3.10792,4775,3937955,877
11000000,3303616,10296479,3.11673,4795,3987491,876
11050000,3308248,10340116,3.1255599999999997,4817,4038996,865
11100000,3312695,10383597,3.13449,4842,4091073,876
11150000,3317190,10427015,3.1433299999999997,4856,4143287,863
11200000,3321696,10470535,3.15217,4879,4194825,868
11250000,3326249,10513996,3.16092,4915,4247737,874
11300000,3330771,10557470,3.16968,4932,4300749,879
11350000,3335226,10600857,3.17845,4956,4353967,875
11400000,3339629,10644109,3.18721,4975,4405155,857
11450000,3343933,10687453,3.19607,4994,4458695,849
11500000,3348302,10730767,3.2048400000000004,5019,4515382,872
11550000,3352692,10774026,3.21354,5040,4570255,862
11600000,3357083,10817315,3.22224,5064,4625843,878
11650000,3361308,10860541,3.23105,5084,4682662,866
11700000,3365665,10903656,3.2396700000000003,5107,4738949,838
11750000,3369962,10946865,3.24836,5119,4795075,851
11800000,3374214,10990001,3.25706,5142,4850986,859
11850000,3378402,11033014,3.26575,5167,4906140,856
11900000,3382691,11076043,3.27433,5189,4964107,849
11950000,3386905,11119071,3.2829599999999997,5212,5024052,857
12000000,3391077,11162163,3.2916300000000005,5237,5083601,848
12050000,3395272,11205152,3.3002199999999995,5259,5142465,860
12100000,3399553,11248181,3.3087199999999997,5284,5201409,849
12150000,3403661,11291045,3.3173199999999996,5304,5262220,835
12200000,3407658,11333912,3.3260099999999997,5326,5322344,855
12250000,3411789,11376595,3.3345,5344,5382505,863
12300000,3415828,11419437,3.34309,5360,5443778,867
12350000,3419850,11462201,3.35167,5379,5506365,836
12400000,3424017,11505051,3.3601,5406,5567847,844
12450000,3428046,11547726,3.3686,5418,5630440,856
12500000,3432120,11590571,3.37709,5438,5693176,859
12550000,3436152,11633213,3.38554,5452,5756879,863
12600000,3440201,11675903,3.39396,5479,5820618,846
12650000,3444197,11718574,3.4024099999999997,5501,5884359,866
12700000,3448192,11761158,3.4108199999999997,5525,5947962,842
12750000,3452141,11803704,3.4192400000000003,5539,6012957,860
12800000,3456046,11846206,3.4276800000000005,5558,6078561,830
12850000,3460049,11888748,3.43601,5578,6143265,843
12900000,3463947,11931189,3.4443900000000003,5585,6208072,850
12950000,3467884,11973652,3.4527300000000003,5607,6274041,847
13000000,3471755,12016129,3.4611099999999997,5628,6341735,841
13050000,3475591,12058509,3.4694800000000003,5657,6410183,843
13100000,3479405,12100868,3.4778599999999997,5682,6476593,833
13150000,3483247,12143187,3.4861699999999995,5697,6543903,866
13200000,3487028,12185534,3.49453,5715,6612471,839
13250000,3490765,12227795,3.5029,5741,6681865,831
13300000,3494523,12269959,3.5112,5767,6752227,847
13350000,3498170,12312152,3.5196,5780,6821911,833
13400000,3502004,12354392,3.5278099999999997,5798,6892822,855
13450000,3505751,12396558,3.53606,5819,6962850,847
13500000,3509398,12438755,3.54441,5840,7034813,840
13550000,3513156,12480893,3.5526199999999997,5860,7105042,856
13600000,3516783,12522945,3.56091,5876,7176199,836
13650000,3520451,12564990,3.56914,5897,7249340,845
13700000,3524165,12606845,3.57726,5918,7321756,833
13750000,3527775,12648927,3.5855300000000003,5924,7394703,851
13800000,3531422,12690972,3.5937300000000003,5947,7468152,835
13850000,3535057,12732975,3.60192,5971,7540933,855
13900000,3538594,12775058,3.61021,5987,7617028,845
13950000,3542115,12816850,3.6184199999999995,6005,7693124,838
14000000,3545737,12858638,3.6265099999999997,6042,7766931,842
14050000,3549326,12900365,3.6346,6067,7842045,858
14100000,3552850,12942186,3.64276,6088,7917281,847
14150000,3556309,12983974,3.6509699999999996,6109,7993181,826
14200000,3559815,13025722,3.6591,6127,8072161,831
14250000,3563347,13067352,3.66716,6150,8149510,842
14300000,3566742,13109072,3.67536,6169,8228081,827
14350000,3570257,13150716,3.68341,6187,8308910,851
14400000,3573628,13192423,3.69161,6210,8386542,835
14450000,3577049,13233964,3.6996900000000004,6221,8466258,828
14500000,3580466,13275601,3.70779,6240,8545968,819
14550000,3583824,13316994,3.7158599999999997,6265,8625305,824
14600000,3587281,13358491,3.72385,6282,8706598,855
14650000,3590638,13399957,3.7319199999999997,6319,8790308,813
14700000,3594020,13441366,3.73993,6338,8873634,843
14750000,3597442,13482884,3.74791,6356,8956487,829
14800000,3600830,13524218,3.7558599999999998,6368,9038944,805
14850000,3604196,13565602,3.76384,6385,9123288,824
14900000,3607578,13606939,3.7717699999999996,6402,9205730,848
14950000,3610871,13648251,3.7797699999999996,6415,9287660,854
15000000,3614185,13689528,3.7877199999999998,6438,9372974,821
15050000,3617553,13730872,3.7956199999999995,6453,9458152,833
15100000,3620784,13771980,3.8035900000000002,6484,9541017,820
15150000,3624157,13813095,3.8114,6498,9625880,827
15200000,3627391,13854236,3.81934,6516,9710267,829
15250000,3630642,13895270,3.8272199999999996,6528,9797698,815
15300000,3633898,13936319,3.83509,6547,9886850,811
15350000,3637177,13977460,3.84294,6568,9975788,828
15400000,3640348,14018357,3.85083,6592,10063456,815
15450000,3643529,14059373,3.85872,6615,10152555,811
15500000,3646694,14100374,3.8666199999999997,6633,10240543,804
15550000,3649939,14141191,3.87436,6653,10328807,831
15600000,3653089,14182163,3.8822400000000004,6663,10416759,832
15650000,3656115,14223169,3.8902400000000004,6679,10506499,825
15700000,3659301,14264076,3.8980300000000003,6696,10597773,804
15750000,3662424,14304929,3.9058599999999997,6715,10686733,849
15800000,3665483,14345668,3.9137199999999996,6737,10778018,832
15850000,3668633,14386391,3.9214599999999997,6756,10870559,810
15900000,3671697,14427085,3.92927,6767,10964430,807
15950000,3674720,14467891,3.9371400000000003,6787,11056611,829
16000000,3677747,14508649,3.94498,6799,11153821,815
16050000,3680823,14549320,3.9527400000000004,6818,11247397,821
16100000,3683901,14589958,3.96046,6840,11339524,801
16150000,3686917,14630643,3.96826,6855,11434210,827
16200000,3689957,14671124,3.9759599999999997,6866,11531473,815
16250000,3692992,14711857,3.98372,6891,11629431,808
16300000,3695989,14752541,3.9915,6907,11725507,778
16350000,3698997,14793044,3.9992,6931,11822180,789
16400000,3701887,14833465,4.007,6940,11922641,817
16450000,3704883,14873892,4.01467,6967,12017787,812
16500000,3707870,14914130,4.02229,6980,12118064,816
16550000,3710783,14954482,4.03001,7000,12215046,797
16600000,3713765,14994662,4.03759,7015,12312728,790
16650000,3716683,15034872,4.04524,7029,12411886,811
16700000,3719680,15075075,4.05279,7046,12514098,784
16750000,3722580,15115399,4.06046,7064,12614597,803
16800000,3725442,15155577,4.06813,7086,12715042,817
16850000,3728409,15195940,4.07572,7109,12815910,817
16900000,3731359,15236072,4.08325,7128,12915529,832
16950000,3734198,15276348,4.09093,7154,13018476,812
17000000,3737084,15316564,4.09853,7171,13123799,802
17050000,3739962,15356568,4.10608,7191,13226964,815
17100000,3742847,15396619,4.1136099999999995,7210,13331486,811
17150000,3745720,15436597,4.12113,7228,13434250,789
17200000,3748438,15476702,4.12884,7246,13539065,806
17250000,3751272,15516654,4.136369999999999,7270,13642816,808
17300000,3754074,15556432,4.14388,7286,13746532,784
17350000,3756858,15596342,4.15143,7303,13853147,802
17400000,3759694,15636140,4.15889,7319,13959196,809
17450000,3762497,15676055,4.1664,7331,14063914,774
17500000,3765278,15715850,4.17389,7350,14172247,794
17550000,3767973,15755655,4.18147,7365,14279812,784
17600000,3770818,15795404,4.18885,7387,14385945,806
17650000,3773647,15835132,4.19624,7403,14494663,781
17700000,3776377,15874897,4.20374,7420,14602917,803
17750000,3779043,15914440,4.21124,7433,14711307,778
17800000,3781682,15953995,4.21876,7447,14820557,795
17850000,3784338,15993523,4.22624,7471,14930240,762
17900000,3787048,16033127,4.23367,7490,15039654,774
17950000,3789748,16072723,4.24111,7504,15148635,778
18000000,3792356,16112314,4.24863,7521,15261166,793
18050000,3794967,16151612,4.25606,7540,15371167,764
18100000,3797622,16190962,4.26345,7555,15484106,773
18150000,3800418,16230376,4.2706800000000005,7569,15598076,803
18200000,3803055,16269621,4.27804,7592,15708983,784
18250000,3805704,16309117,4.28544,7606,15826351,785
18300000,3808403,16348358,4.29271,7614,15939869,782
18350000,3811030,16387617,4.30005,7636,16056753,773
18400000,3813677,16427068,4.30741,7658,16175405,793
18450000,3816265,16466500,4.31482,7674,16290228,793
18500000,3818824,16505708,4.3222,7684,16407302,781
18550000,3821291,16544706,4.32961,7697,16523931,781
18600000,3823820,16583920,4.337,7714,16638599,773
18650000,3826440,16622860,4.3442099999999995,7734,16754113,784
18700000,3829028,16661923,4.3514800000000005,7751,16872423,774
18750000,3831463,16700996,4.35891,7776,16990678,760
18800000,3834059,16739956,4.36612,7791,17109874,765
18850000,3836593,16778957,4.3734,7802,17232303,786
18900000,3839071,16817733,4.38068,7820,17352145,745
18950000,3841553,16856612,4.38797,7837,17474220,789
19000000,3844071,16895505,4.39521,7853,17595290,782
19050000,3846623,16934462,4.402419999999999,7871,17715726,780
19100000,3849264,16973479,4.40954,7888,17836995,785
19150000,3851666,17012329,4.41688,7911,17961688,803
19200000,3854154,17051076,4.42408,7925,18081079,791
19250000,3856588,17089919,4.43136,7959,18203744,768
19300000,3859031,17128717,4.43861,7977,18331064,788
19350000,3861583,17167446,4.4457,7988,18453701,753
19400000,3864035,17206103,4.45288,8002,18577394,773
19450000,3866531,17244797,4.46002,8016,18703587,772
19500000,3868992,17283358,4.46715,8033,18829948,773
19550000,3871428,17322017,4.47432,8041,18955586,791
19600000,3873809,17360618,4.48154,8068,19083207,777
19650000,3876309,17399226,4.4886099999999995,8081,19209175,802
19700000,3878711,17437687,4.4957400000000005,8094,19338190,784
19750000,3881178,17476246,4.50282,8126,19467457,774
19800000,3883534,17514627,4.50997,8140,19595746,754
19850000,3885827,17553085,4.5172099999999995,8160,19723906,803
19900000,3888207,17591434,4.5243,8180,19855886,765
19950000,3890621,17629755,4.53135,8200,19984663,759
20000000,3893016,17668043,4.53839,8229,20113031,773
20050000,3895369,17706352,4.54549,8256,20242271,777
20100000,3897837,17744616,4.55243,8274,20374767,777
20150000,3900197,17782881,4.559480000000001,8286,20503293,752
20200000,3902545,17821082,4.56653,8304,20633236,766
20250000,3904772,17859216,4.57369,8321,20764609,768
20300000,3907020,17897434,4.58084,8339,20899972,745
20350000,3909307,17935524,4.5879,8364,21030516,760
20400000,3911659,17973605,4.59488,8381,21165964,781
20450000,3913944,18011710,4.60193,8391,21299160,740
20500000,3916312,18049805,4.60888,8409,21435225,796
20550000,3918655,18087709,4.6158,8433,21569290,755
20600000,3920917,18125607,4.6228,8450,21704316,760
20650000,3923214,18163381,4.62972,8475,21842271,798
20700000,3925480,18201438,4.6367400000000005,8499,21979023,779
20750000,3927688,18239441,4.64381,8520,22116008,746
20800000,3929916,18277367,4.65083,8535,22251553,764
20850000,3932196,18315166,4.65774,8551,22392186,760
20900000,3934388,18353010,4.66477,8582,22531787,750
20950000,3936587,18390881,4.67178,8598,22669975,776
21000000,3938878,18428675,4.67866,8617,22805030,771
21050000,3941106,18466419,4.68559,8634,22947087,728
21100000,3943248,18504178,4.69262,8652,23088919,772
21150000,3945525,18542032,4.69951,8671,23231507,764
21200000,3947682,18579589,4.70646,8693,23375241,759
21250000,3949858,18617114,4.71336,8718,23514985,730
21300000,3952008,18654624,4.72029,8731,23659309,752
21350000,3954180,18692395,4.72725,8740,23798801,748
21400000,3956368,18730009,4.73414,8764,23942197,744
21450000,3958518,18767441,4.74103,8783,24091250,758
21500000,3960598,18804929,4.748,8806,24234682,756
21550000,3962692,18842286,4.754919999999999,8826,24377177,742
21600000,3964802,18879608,4.7618,8846,24523850,726
21650000,3966910,18916947,4.76869,8859,24672690,746
21700000,3969059,18954246,4.7755,8873,24818435,744
21750000,3971234,18991553,4.78228,8892,24963591,726
21800000,3973299,19028817,4.7891699999999995,8913,25112133,734
21850000,3975478,19066092,4.79592,8929,25259976,739
21900000,3977649,19103397,4.80269,8950,25405480,749
21950000,3979689,19140683,4.80959,8965,25557558,771
22000000,3981800,19177887,4.81639,8981,25707664,752
22050000,3983935,19214909,4.8231,8998,25860499,738
22100000,3986051,19252063,4.82986,9022,26008509,762
22150000,3988179,19289179,4.83659,9048,26157786,744
22200000,3990283,19326165,4.84331,9060,26309463,757
22250000,3992335,19363215,4.8501,9080,26465662,768
22300000,3994396,19400100,4.85683,9098,26618425,736
22350000,3996435,19437034,4.86359,9116,26766241,742
22400000,3998494,19474022,4.870340000000001,9130,26923408,738
22450000,4000612,19510854,4.87697,9153,27073696,737
22500000,4002677,19547715,4.88366,9174,27228114,728
22550000,4004765,19584456,4.89029,9196,27380943,742
22600000,4006800,19621406,4.89703,9209,27532979,752
22650000,4008912,19658168,4.90362,9227,27684113,727
22700000,4010915,19694801,4.9103,9238,27836435,725
22750000,4012891,19731459,4.91702,9256,27994331,738
22800000,4014906,19768359,4.9237400000000004,9269,28155405,749
22850000,4016970,19805041,4.93034,9286,28313042,736
22900000,4019081,19841541,4.93684,9304,28468963,736
22950000,4021061,19878156,4.94351,9323,28625502,752
23000000,4023056,19914827,4.95017,9340,28785395,737
23050000,4025116,19951457,4.95674,9358,28943755,744
23100000,4027097,19987810,4.96333,9377,29104551,730
23150000,4029149,20024348,4.969869999999999,9388,29261309,711
23200000,4031177,20060872,4.976430000000001,9407,29419777,725
23250000,4033155,20097498,4.98307,9423,29579943,734
23300000,4035281,20133877,4.98946,9439,29740928,726
23350000,4037281,20170355,4.99602,9456,29899824,715
23400000,4039196,20206738,5.00266,9472,30063308,727
23450000,4041137,20243109,5.00926,9500,30228636,746
23500000,4043146,20279297,5.01572,9513,30387130,716
23550000,4045110,20315358,5.0222,9524,30549869,720
23600000,4047082,20351576,5.0287,9541,30707983,735
23650000,4048996,20387951,5.03531,9558,30872557,717
23700000,4050917,20424144,5.04186,9571,31039786,732
23750000,4052840,20460173,5.04835,9586,31206008,717
23800000,4054664,20496268,5.05499,9600,31369034,735
23850000,4056553,20532304,5.06152,9622,31535365,742
23900000,4058430,20568242,5.06803,9637,31697961,728
23950000,4060358,20604294,5.0745,9654,31868983,720
24000000,4062266,20640261,5.08097,9672,32034226,744
24050000,4064105,20676142,5.0875,9688,32204090,714
24100000,4066001,20712157,5.09399,9705,32372019,708
24150000,4067861,20748087,5.10049,9721,32542751,709
24200000,4069651,20783981,5.107069999999999,9735,32713577,718
24250000,4071488,20819976,5.1136,9748,32883660,733
24300000,4073489,20855753,5.11987,9766,33051789,731
24350000,4075388,20891446,5.12625,9785,33217933,702
24400000,4077303,20927256,5.132619999999999,9803,33389007,725
24450000,4079210,20962890,5.13896,9821,33564085,713
24500000,4081064,20998613,5.14538,9830,33738384,720
24550000,4082885,21034240,5.15181,9849,33914030,703
24600000,4084696,21069849,5.15824,9861,34085102,711
24650000,4086465,21105418,5.1647099999999995,9876,34258472,694
24700000,4088238,21140828,5.171130000000001,9887,34432850,712
24750000,4090022,21176162,5.1775199999999995,9912,34607195,707
24800000,4091840,21211803,5.18393,9927,34783173,726
24850000,4093723,21247241,5.1902,9946,34957647,678
24900000,4095497,21282535,5.1965699999999995,9961,35133904,700
24950000,4097248,21317954,5.20299,9975,35309180,698
25000000,4099127,21353426,5.20926,9992,35484415,717
25050000,4100945,21388853,5.21559,10007,35660508,731
25100000,4102691,21424063,5.22195,10023,35839529,705
25150000,4104513,21459335,5.22823,10042,36014366,721
25200000,4106333,21494709,5.23453,10064,36190547,678
25250000,4108069,21530000,5.2409099999999995,10088,36366774,713
25300000,4109768,21565371,5.24735,10100,36545872,720
25350000,4111449,21600610,5.253769999999999,10122,36725838,657
25400000,4113304,21635845,5.25997,10143,36906978,701
25450000,4115086,21670798,5.26618,10159,37082492,687
25500000,4116830,21706036,5.27251,10172,37267309,689
25550000,4118554,21741235,5.27885,10194,37457475,693
25600000,4120311,21776432,5.28514,10213,37637009,709
25650000,4122078,21811470,5.29138,10233,37817202,715
25700000,4123831,21846399,5.2976,10253,38001232,701
25750000,4125679,21881540,5.30374,10265,38180529,697
25800000,4127371,21916407,5.31002,10276,38361856,719
25850000,4129037,21951309,5.316330000000001,10291,38547676,700
25900000,4130744,21986242,5.32259,10309,38730587,702
25950000,4132475,22021052,5.32878,10325,38914262,707
26000000,4134152,22055836,5.335030000000001,10340,39102907,688
26050000,4135827,22090592,5.34128,10361,39284776,683
26100000,4137538,22125328,5.34746,10374,39469290,696
26150000,4139281,22160189,5.35363,10392,39660992,721
26200000,4141008,22195011,5.3598099999999995,10408,39847167,711
26250000,4142732,22229632,5.36594,10425,40025196,681
26300000,4144449,22264219,5.37206,10437,40211203,715
26350000,4146187,22298804,5.37815,10452,40397271,696
26400000,4147865,22333265,5.38428,10473,40582952,697
26450000,4149582,22367713,5.39035,10488,40768832,692
26500000,4151216,22402383,5.39658,10504,40961462,693
26550000,4152877,22436819,5.4027199999999995,10525,41151618,693
26600000,4154635,22471294,5.40873,10533,41337768,682
26650000,4156255,22505876,5.4149400000000005,10550,41530202,700
26700000,4157940,22540283,5.4210199999999995,10563,41715853,715
26750000,4159595,22574617,5.4271199999999995,10586,41905519,657
26800000,4161164,22609004,5.43334,10597,42100781,709
26850000,4162785,22643188,5.439430000000001,10615,42291560,690
26900000,4164363,22677462,5.4456,10633,42481267,657
26950000,4166014,22711577,5.451630000000001,10651,42674556,685
27000000,4167605,22745833,5.45777,10672,42866261,680
27050000,4169181,22780027,5.46391,10685,43065149,676
27100000,4170737,22814316,5.47009,10695,43261447,679
27150000,4172430,22848546,5.4760800000000005,10712,43455243,668
27200000,4174056,22882766,5.48214,10722,43655162,705
27250000,4175651,22916886,5.48822,10744,43852994,677
27300000,4177282,22950925,5.494219999999999,10762,44049491,659
27350000,4178861,22985074,5.500319999999999,10780,44246485,666
27400000,4180442,23019125,5.506390000000001,10791,44446494,684
27450000,4182040,23053221,5.51243,10809,44650698,679
27500000,4183601,23087235,5.51851,10818,44846983,673
27550000,4185103,23121196,5.52464,10836,45039902,658
27600000,4186666,23155163,5.53069,10848,45240359,702
27650000,4188238,23188876,5.53667,10862,45437239,667
27700000,4189845,23222761,5.54263,10874,45634700,661
27750000,4191475,23256382,5.5485,10893,45831873,678
27800000,4193030,23290241,5.55451,10905,46031817,677
27850000,4194549,23323976,5.5605400000000005,10916,46233209,672
27900000,4196174,23357614,5.566409999999999,10931,46433243,687
27950000,4197761,23391324,5.57233,10953,46632050,713
28000000,4199214,23424964,5.5784199999999995,10974,46830190,674
28050000,4200693,23458650,5.58447,10994,47032613,698
28100000,4202223,23492182,5.59042,11005,47234467,664
28150000,4203738,23525841,5.59641,11020,47438673,652
28200000,4205235,23559297,5.60237,11039,47644195,680
28250000,4206783,23592948,5.6083099999999995,11059,47844936,695
28300000,4208377,23626299,5.61411,11077,48050783,666
28350000,4209907,23659901,5.62005,11094,48259054,672
28400000,4211394,23693286,5.626,11111,48460704,645
28450000,4212933,23726652,5.63186,11128,48666911,681
28500000,4214433,23760111,5.6378,11145,48870089,678
28550000,4215929,23793427,5.6437,11164,49075816,679
28600000,4217517,23826680,5.6494599999999995,11175,49287143,663
28650000,4218977,23859919,5.65538,11195,49494090,658
28700000,4220518,23893158,5.66119,11217,49702381,683
28750000,4222035,23926399,5.6670300000000005,11231,49912066,642
28800000,4223508,23959774,5.67296,11252,50119890,654
28850000,4225018,23992993,5.67879,11269,50331859,683
28900000,4226516,24026175,5.68463,11283,50547002,683
28950000,4227987,24059322,5.6904900000000005,11303,50753305,656
29000000,4229513,24092421,5.69626,11329,50959839,645
29050000,4231056,24125544,5.70201,11340,51169468,642
29100000,4232552,24158706,5.70783,11354,51383995,653
29150000,4233974,24191677,5.7137,11368,51596181,645
29200000,4235521,24224588,5.71939,11383,51804349,663
29250000,4237010,24257444,5.72513,11394,52012195,620
29300000,4238510,24290449,5.7308900000000005,11408,52219185,652
29350000,4239995,24323500,5.736680000000001,11420,52426509,676
29400000,4241423,24356252,5.74247,11443,52638731,656
29450000,4242896,24388967,5.74819,11457,52856220,618
29500000,4244447,24421762,5.75381,11471,53071339,692
29550000,4245852,24454561,5.75964,11498,53283513,635
29600000,4247280,24487170,5.76538,11511,53493389,633
29650000,4248736,24519896,5.7711,11532,53706667,676
29700000,4250206,24552811,5.77685,11545,53919765,676
29750000,4251633,24585415,5.78258,11561,54132406,631
29800000,4253097,24618013,5.78826,11584,54347834,669
29850000,4254496,24650652,5.79402,11597,54565371,652
29900000,4255943,24683362,5.79974,11606,54782901,666
29950000,4257393,24716001,5.80543,11621,55002684,659
30000000,4258799,24748548,5.81116,11640,55214474,638
30050000,4260175,24781050,5.81691,11656,55433857,642
30100000,4261550,24813571,5.82266,11671,55650445,634
30150000,4263006,24845877,5.82825,11683,55865999,646
30200000,4264391,24878248,5.83395,11708,56079137,650
30250000,4265845,24910637,5.83956,11721,56296479,620
30300000,4267247,24943101,5.84524,11731,56526906,662
30350000,4268696,24975277,5.8508,11747,56743065,654
30400000,4270102,25007564,5.8564300000000005,11770,56967295,644
30450000,4271502,25039814,5.86206,11782,57188883,642
30500000,4272888,25072000,5.8676900000000005,11795,57410128,655
30550000,4274281,25104047,5.87328,11821,57635652,610
30600000,4275684,25136205,5.87887,11842,57859522,650
30650000,4277047,25168354,5.884519999999999,11858,58077156,642
30700000,4278423,25200495,5.89014,11868,58297613,634
30750000,4279828,25232573,5.8957,11881,58520913,633
30800000,4281198,25264789,5.90134,11897,58744928,635
30850000,4282505,25296884,5.907030000000001,11910,58971510,634
30900000,4283899,25328765,5.91255,11919,59200365,617
30950000,4285287,25360772,5.9181,11945,59412444,624
31000000,4286620,25392845,5.92375,11959,59631188,615
31050000,4287923,25424846,5.92941,11980,59854510,622
31100000,4289212,25456814,5.93508,11990,60081459,660
31150000,4290523,25488855,5.94073,12008,60310087,653
31200000,4291844,25521012,5.9464,12018,60543869,640
31250000,4293144,25552733,5.95199,12032,60768991,635
31300000,4294503,25584421,5.95748,12046,60994678,626
31350000,4295885,25616212,5.962969999999999,12063,61219395,635
31400000,4297174,25647780,5.96852,12073,61449521,634
31450000,4298462,25679183,5.9740400000000005,12081,61674341,614
31500000,4299799,25710701,5.979509999999999,12095,61896071,627
31550000,4301112,25742309,5.985040000000001,12115,62125377,620
31600000,4302396,25773900,5.99059,12134,62344214,652
31650000,4303732,25805527,5.99608,12147,62568635,613
31700000,4305056,25837120,6.001580000000001,12164,62797686,631
31750000,4306398,25868671,6.00703,12176,63017443,638
31800000,4307769,25900094,6.01241,12191,63247126,617
31850000,4309053,25931450,6.0179,12204,63476561,621
31900000,4310309,25963038,6.02347,12221,63714511,601
31950000,4311660,25994575,6.0289,12230,63947651,634
32000000,4312966,26025947,6.03435,12239,64177301,646
32050000,4314240,26057101,6.03979,12257,64407983,629
32100000,4315484,26088263,6.0452699999999995,12267,64642802,606
32150000,4316759,26119489,6.05072,12282,64874925,617
32200000,4318135,26150656,6.05601,12293,65102362,622
32250000,4319402,26181924,6.06147,12310,65333491,630
32300000,4320683,26213089,6.06689,12329,65571192,650
32350000,4321937,26244151,6.07231,12339,65803319,631
32400000,4323198,26275209,6.07773,12353,66032431,627
32450000,4324446,26306268,6.08315,12370,66258611,612
32500000,4325745,26337192,6.088480000000001,12382,66492428,630
32550000,4326950,26368162,6.09394,12396,66728136,620
32600000,4328246,26399139,6.09927,12415,66958083,627
32650000,4329503,26430036,6.10464,12432,67187760,589
32700000,4330833,26460993,6.10991,12446,67412668,630
32750000,4332111,26491879,6.11524,12458,67643002,620
32800000,4333427,26522850,6.1205300000000005,12472,67879467,637
32850000,4334733,26553754,6.1258099999999995,12499,68112406,602
32900000,4335932,26584629,6.13124,12508,68347437,598
32950000,4337213,26615525,6.13655,12525,68595047,642
33000000,4338413,26646395,6.14197,12543,68826912,621
33050000,4339659,26677135,6.14729,12556,69067979,592
33100000,4340920,26707839,6.15258,12566,69302069,611
33150000,4342192,26738572,6.15785,12582,69538404,628
33200000,4343479,26769360,6.16311,12597,69781869,593
33250000,4344766,26800055,6.16835,12612,70014672,593
33300000,4346016,26830680,6.17363,12627,70250099,614
33350000,4347229,26861300,6.17895,12642,70495661,620
33400000,4348422,26891696,6.18424,12656,70729790,586
33450000,4349675,26922221,6.1894800000000005,12668,70969623,603
33500000,4350921,26952834,6.19474,12680,71210371,620
33550000,4352121,26983168,6.2,12693,71449752,603
33600000,4353352,27013550,6.20523,12719,71689489,620
33650000,4354546,27043921,6.2105,12730,71925864,610
33700000,4355792,27074428,6.215730000000001,12745,72167588,594
33750000,4356926,27104692,6.22106,12761,72421991,626
33800000,4358159,27135044,6.22626,12784,72672700,609
33850000,4359288,27165219,6.23157,12798,72916225,576
33900000,4360502,27195375,6.23675,12809,73155292,610
33950000,4361686,27225548,6.24198,12823,73401286,620
34000000,4362909,27255706,6.24714,12835,73651205,587
34050000,4364070,27285682,6.25235,12852,73892598,600
34100000,4365259,27316025,6.2576,12862,74131519,624
34150000,4366396,27346199,6.26288,12871,74384985,614
34200000,4367563,27376232,6.26808,12895,74626748,615
34250000,4368768,27406207,6.27321,12918,74863528,591
34300000,4369926,27436267,6.27843,12937,75108015,607
34350000,4371090,27466173,6.2836,12958,75349138,611
34400000,4372291,27496074,6.28871,12966,75591987,590
34450000,4373465,27525974,6.29386,12982,75838087,587
34500000,4374617,27555814,6.29902,13000,76083114,599
34550000,4375792,27585585,6.30414,13009,76324255,567
34600000,4376982,27615405,6.30923,13028,76573979,607
34650000,4378149,27645096,6.31433,13035,76823866,585
34700000,4379353,27674842,6.31939,13045,77066757,600
34750000,4380534,27704667,6.3245,13056,77323040,585
34800000,4381682,27734560,6.32966,13076,77575363,605
34850000,4382851,27764057,6.3347,13090,77816387,571
34900000,4384022,27793624,6.33975,13106,78070366,582
34950000,4385155,27823240,6.344869999999999,13115,78324870,606
35000000,4386257,27852878,6.35003,13122,78581779,590
35050000,4387423,27882494,6.3551,13146,78833843,596
35100000,4388578,27912059,6.36016,13162,79088617,590
35150000,4389740,27941651,6.36522,13173,79348033,598
35200000,4390844,27971276,6.37036,13183,79608804,578
35250000,4392018,28000769,6.375380000000001,13199,79857342,592
35300000,4393218,28030098,6.38031,13215,80105049,569
35350000,4394311,28059513,6.38542,13222,80356801,573
35400000,4395450,28088790,6.39042,13235,80604532,588
35450000,4396522,28118014,6.39551,13257,80854171,580
35500000,4397681,28147416,6.40051,13275,81105464,590
35550000,4398847,28176736,6.405480000000001,13282,81360003,607
35600000,4399980,28205949,6.41047,13300,81615746,550
35650000,4401063,28235142,6.41553,13312,81862966,598
35700000,4402200,28264251,6.42048,13331,82113000,565
35750000,4403319,28293288,6.42545,13348,82363296,571
35800000,4404438,28322352,6.43041,13362,82620565,590
35850000,4405551,28351347,6.43537,13376,82872431,567
35900000,4406648,28380320,6.44034,13392,83117086,581
35950000,4407772,28409515,6.44532,13407,83366703,601
36000000,4408859,28438319,6.45027,13420,83613856,553
36050000,4409911,28467503,6.45535,13439,83867108,573
36100000,4410997,28496368,6.4603,13456,84120203,564
36150000,4412052,28525301,6.46531,13473,84373295,565
36200000,4413127,28554232,6.47029,13482,84632891,574
36250000,4414246,28583096,6.4751900000000004,13497,84884244,538
36300000,4415356,28612050,6.480119999999999,13508,85142328,597
36350000,4416397,28640814,6.48511,13519,85398757,570
36400000,4417473,28669776,6.49009,13533,85651974,566
36450000,4418515,28698580,6.49507,13546,85912517,568
36500000,4419664,28727345,6.49989,13558,86173107,605
36550000,4420665,28756057,6.504919999999999,13565,86429705,582
36600000,4421714,28784923,6.5099,13582,86691879,592
36650000,4422775,28813488,6.5148,13596,86950481,603
36700000,4423779,28841985,6.51976,13605,87208567,579
36750000,4424824,28870351,6.52463,13620,87471158,540
36800000,4425877,28899014,6.52956,13636,87731603,581
36850000,4426942,28927623,6.53445,13649,87986375,568
36900000,4428015,28956052,6.539280000000001,13663,88242286,581
36950000,4429048,28984466,6.54418,13684,88502081,543
37000000,4430143,29012895,6.54897,13694,88767189,550
37050000,4431233,29041462,6.55381,13707,89042512,589
37100000,4432285,29069686,6.5586199999999995,13713,89301971,575
37150000,4433348,29098015,6.563439999999999,13725,89555939,558
37200000,4434418,29126385,6.56825,13737,89812298,557
37250000,4435477,29154770,6.57309,13761,90078925,558
37300000,4436500,29182691,6.57786,13772,90336201,577
37350000,4437530,29210899,6.5826899999999995,13782,90603067,558
37400000,4438557,29239091,6.58752,13804,90867270,571
37450000,4439589,29267305,6.59235,13816,91124956,578
37500000,4440654,29295615,6.59714,13831,91390145,578
37550000,4441674,29323713,6.60195,13843,91655719,533
37600000,4442647,29351830,6.60683,13855,91917445,572
37650000,4443668,29379670,6.61158,13874,92174331,591
37700000,4444660,29407759,6.61642,13885,92438248,595
37750000,4445672,29435900,6.62125,13900,92702112,541
37800000,4446658,29464067,6.626110000000001,13913,92964493,556
37850000,4447725,29491958,6.6308,13927,93219658,564
37900000,4448775,29519886,6.635510000000001,13938,93498831,573
37950000,4449772,29547710,6.640280000000001,13949,93769275,567
38000000,4450832,29575502,6.644939999999999,13966,94038567,566
38050000,4451883,29603241,6.6496,13977,94304968,559
38100000,4452930,29631105,6.65429,13989,94570313,580
38150000,4453925,29659000,6.65907,13992,94831673,548
38200000,4454914,29686630,6.66379,14010,95095772,560
38250000,4455944,29714298,6.6684600000000005,14019,95361488,538
38300000,4456915,29741833,6.673189999999999,14041,95623064,555
38350000,4457929,29769444,6.677860000000001,14056,95895124,551
38400000,4458965,29797166,6.68253,14074,96166661,573
38450000,4459961,29824759,6.68722,14087,96433234,545
38500000,4460944,29852378,6.69194,14104,96703491,539
38550000,4461895,29879881,6.696680000000001,14121,96978712,544
38600000,4462919,29907514,6.7013300000000005,14134,97253531,555
38650000,4463910,29934777,6.70595,14147,97521808,569
38700000,4464919,29962270,6.7106,14162,97788935,553
38750000,4465932,29989680,6.715210000000001,14176,98055832,574
38800000,4466889,30016852,6.719860000000001,14186,98331747,541
38850000,4467875,30044147,6.724480000000001,14192,98595705,559
38900000,4468869,30071428,6.729089999999999,14205,98858759,527
38950000,4469773,30098771,6.73385,14222,99127169,534
39000000,4470727,30125950,6.73849,14232,99406067,537
39050000,4471699,30153037,6.74308,14246,99675986,546
39100000,4472633,30180354,6.7477800000000006,14262,99953841,544
39150000,4473651,30207699,6.75236,14275,100227041,573
39200000,4474627,30234913,6.75697,14285,100500512,562
39250000,4475672,30262026,6.76145,14300,100766018,554
39300000,4476633,30289086,6.766039999999999,14314,101034131,569
39350000,4477602,30316002,6.770589999999999,14327,101308894,528
39400000,4478549,30343024,6.775189999999999,14340,101579439,553
39450000,4479464,30369987,6.7798300000000005,14355,101853899,542
39500000,4480376,30396956,6.78447,14366,102119624,553
39550000,4481303,30423760,6.789039999999999,14382,102383440,533
39600000,4482253,30450696,6.79361,14399,102659866,545
39650000,4483250,30477469,6.79807,14407,102925733,557
39700000,4484245,30504277,6.80254,14419,103194300,547
39750000,4485167,30531039,6.807110000000001,14430,103467123,540
39800000,4486112,30557927,6.8116699999999994,14448,103746110,537
39850000,4487010,30584573,6.81625,14460,104011925,517
39900000,4487976,30611052,6.82068,14477,104282461,499
39950000,4488946,30637895,6.825189999999999,14489,104549567,541
40000000,4489867,30664607,6.829739999999999,14501,104826159,542
40050000,4490764,30691340,6.83432,14514,105100363,553
40100000,4491654,30717933,6.838889999999999,14524,105370264,525
40150000,4492602,30744551,6.843369999999999,14541,105649954,553
40200000,4493492,30771069,6.847919999999999,14553,105920474,529
40250000,4494458,30797622,6.852360000000001,14565,106195882,549
40300000,4495393,30824031,6.8568,14581,106463624,541
40350000,4496359,30850671,6.861260000000001,14596,106740481,531
40400000,4497291,30877040,6.8657,14605,107021201,517
40450000,4498193,30903564,6.87022,14620,107305970,556
40500000,4499140,30929669,6.874569999999999,14629,107581332,542
40550000,4500064,30956034,6.87902,14646,107862031,514
40600000,4501004,30982518,6.88347,14660,108144206,533
40650000,4501879,31008787,6.88797,14675,108419732,531
40700000,4502767,31034900,6.892410000000001,14687,108701011,546
40750000,4503638,31061184,6.896910000000001,14696,108982496,522
40800000,4504512,31087479,6.90141,14708,109263827,548
40850000,4505440,31113749,6.905819999999999,14725,109535236,510
40900000,4506323,31139923,6.91027,14735,109810325,534
40950000,4507223,31166014,6.914680000000001,14745,110088856,503
41000000,4508124,31192120,6.91909,14756,110366832,508
41050000,4509031,31218209,6.923489999999999,14767,110644568,511
41100000,4509925,31244258,6.92789,14778,110914895,514
41150000,4510810,31270322,6.93231,14786,111199461,545
41200000,4511653,31296045,6.936710000000001,14798,111479699,515
41250000,4512599,31322030,6.94102,14821,111752681,533
41300000,4513483,31348030,6.9454199999999995,14840,112029048,514
41350000,4514346,31373900,6.94982,14855,112309774,533
41400000,4515216,31399769,6.954210000000001,14867,112590907,503
41450000,4516114,31425697,6.95857,14881,112866546,508
41500000,4517058,31451652,6.962860000000001,14897,113147533,526
41550000,4517871,31477457,6.96732,14912,113427988,524
41600000,4518720,31503181,6.9717,14924,113712275,512
41650000,4519574,31528837,6.97606,14938,113996951,534
41700000,4520488,31554417,6.98031,14952,114274494,529
41750000,4521387,31579987,6.98458,14959,114554056,512
41800000,4522220,31605774,6.989,14968,114830877,477
41850000,4523063,31631472,6.99337,14984,115107292,515
41900000,4523917,31656955,6.9976899999999995,14989,115383329,504
41950000,4524751,31682549,7.00205,15000,115665575,513
42000000,4525621,31707975,7.00633,15010,115938185,526
42050000,4526489,31733542,7.01063,15029,116225142,498
42100000,4527394,31758965,7.0148399999999995,15046,116510410,493
42150000,4528229,31784300,7.01915,15059,116781533,520
42200000,4529075,31809693,7.023439999999999,15074,117054273,487
42250000,4529965,31835014,7.02765,15082,117331290,522
42300000,4530838,31860216,7.031860000000001,15092,117607210,490
42350000,4531712,31885417,7.036060000000001,15099,117880480,540
42400000,4532536,31910731,7.040369999999999,15117,118159562,510
42450000,4533410,31936123,7.0446100000000005,15131,118432266,534
42500000,4534269,31961442,7.04886,15146,118725983,496
42550000,4535084,31986717,7.05317,15154,119014925,538
42600000,4535962,32011947,7.05737,15163,119299971,504
42650000,4536785,32036994,7.061610000000001,15175,119584206,516
42700000,4537622,32061931,7.0658,15180,119868478,511
42750000,4538459,32087084,7.07004,15191,120153911,487
42800000,4539253,32112113,7.074319999999999,15199,120443206,476
42850000,4540092,32137110,7.07852,15214,120728686,490
42900000,4540958,32162004,7.08265,15232,120996864,499
42950000,4541820,32186918,7.08679,15240,121277340,496
43000000,4542667,32212007,7.09099,15248,121566743,514
43050000,4543499,32236945,7.09518,15252,121850398,498
43100000,4544361,32261840,7.099310000000001,15269,122134178,458
43150000,4545154,32286701,7.10354,15282,122416853,467
43200000,4545965,32311737,7.10778,15294,122704739,513
43250000,4546698,32336544,7.112089999999999,15302,122992337,493
43300000,4547539,32361367,7.1162399999999995,15317,123273137,487
43350000,4548371,32386092,7.120369999999999,15336,123555165,483
43400000,4549200,32410772,7.1245,15342,123837021,468
43450000,4550055,32435429,7.12858,15361,124113396,497
43500000,4550862,32460067,7.1327300000000005,15374,124394268,490
43550000,4551658,32484676,7.136889999999999,15385,124672439,502
43600000,4552435,32509452,7.14111,15399,124955523,502
43650000,4553231,32533963,7.14525,15410,125238562,510
43700000,4554025,32558300,7.14935,15422,125517496,481
43750000,4554873,32582853,7.153410000000001,15427,125800383,516
43800000,4555711,32607356,7.15747,15437,126083264,512
43850000,4556548,32631701,7.1615,15451,126361565,495
43900000,4557361,32656177,7.165589999999999,15474,126653340,469
43950000,4558180,32680586,7.16966,15477,126944689,485
44000000,4558947,32704958,7.1738,15494,127218191,482
44050000,4559765,32729176,7.17782,15508,127503244,505
44100000,4560575,32753460,7.18187,15516,127784819,490
44150000,4561375,32777704,7.18593,15529,128065644,489
44200000,4562182,32802109,7.19,15543,128347128,483
44250000,4562953,32826208,7.19407,15548,128628070,446
44300000,4563765,32850404,7.19809,15558,128906999,490
44350000,4564523,32874713,7.20222,15566,129183664,482
44400000,4565283,32898762,7.206289999999999,15580,129470073,499
44450000,4566070,32922773,7.210310000000001,15587,129752097,482
44500000,4566860,32946786,7.21432,15597,130032220,494
44550000,4567656,32970607,7.21828,15611,130310248,469
44600000,4568436,32994518,7.2222800000000005,15615,130594235,492
44650000,4569247,33018560,7.226260000000001,15638,130882434,494
44700000,4570002,33042583,7.23032,15650,131163346,478
44750000,4570768,33066396,7.234319999999999,15665,131448265,454
44800000,4571533,33090342,7.23835,15672,131733051,478
44850000,4572289,33114098,7.24235,15679,132011011,480
44900000,4573020,33137660,7.246339999999999,15696,132289289,436
44950000,4573788,33161533,7.25034,15705,132585617,483
45000000,4574521,33185231,7.25436,15721,132876985,463
45050000,4575281,33209021,7.258360000000001,15728,133167212,512
45100000,4576067,33232708,7.262289999999999,15739,133451245,485
45150000,4576798,33256573,7.26634,15751,133733749,462
45200000,4577564,33280123,7.27027,15765,134005744,451
45250000,4578291,33303950,7.2743199999999995,15772,134293084,479
45300000,4579093,33327386,7.278160000000001,15788,134571405,465
45350000,4579887,33351026,7.28206,15796,134853097,500
45400000,4580622,33374557,7.28603,15805,135137835,475
45450000,4581399,33398241,7.289969999999999,15816,135428154,464
45500000,4582157,33421798,7.2939,15824,135718982,466
45550000,4582910,33445169,7.2978,15833,136011580,498
45600000,4583694,33468629,7.30167,15849,136291291,468
45650000,4584442,33492010,7.30558,15863,136575847,460
45700000,4585186,33515289,7.30947,15868,136858050,490
45750000,4585903,33538451,7.31338,15883,137129733,464
45800000,4586620,33561711,7.317310000000001,15900,137418214,481
45850000,4587375,33585131,7.321210000000001,15904,137707075,472
45900000,4588108,33608492,7.325130000000001,15919,137990224,474
45950000,4588874,33631618,7.32895,15926,138277834,457
46000000,4589574,33654849,7.332889999999999,15941,138558905,466
46050000,4590292,33677983,7.33678,15948,138848654,457
46100000,4591049,33701089,7.340610000000001,15958,139125774,467
46150000,4591783,33724052,7.34444,15970,139419493,443
46200000,4592555,33747179,7.34824,15983,139710781,430
46250000,4593329,33770116,7.35199,15988,139998049,478
46300000,4594029,33792949,7.35584,15999,140284291,478
46350000,4594726,33815879,7.359719999999999,16011,140560504,453
46400000,4595499,33838805,7.3634699999999995,16021,140843748,455
46450000,4596246,33861582,7.36723,16035,141134920,454
46500000,4597001,33884568,7.37102,16050,141423537,455
46550000,4597721,33907480,7.37485,16066,141706495,447
46600000,4598423,33930196,7.378660000000001,16070,141992390,432
46650000,4599173,33953020,7.38242,16081,142286065,452
46700000,4599885,33975603,7.386189999999999,16096,142565704,458
46750000,4600603,33998471,7.39,16110,142855577,459
46800000,4601324,34021178,7.3937800000000005,16116,143140109,474
46850000,4602001,34043941,7.397639999999999,16133,143437452,461
46900000,4602720,34066513,7.401389999999999,16142,143713859,454
46950000,4603462,34089246,7.405130000000001,16148,143995610,435
47000000,4604191,34111970,7.4089,16156,144288111,426
47050000,4604909,34134668,7.412669999999999,16170,144573902,431
47100000,4605612,34157160,7.41642,16180,144857293,437
47150000,4606333,34179849,7.42019,16191,145149020,468
47200000,4607025,34202433,7.42397,16205,145433860,449
47250000,4607732,34224745,7.4276800000000005,16217,145713858,472
47300000,4608373,34247095,7.431489999999999,16234,146005368,422
47350000,4609068,34269353,7.4352,16244,146296471,465
47400000,4609735,34291885,7.439010000000001,16251,146583964,474
47450000,4610472,34314385,7.442710000000001,16264,146873888,431
47500000,4611184,34336461,7.446339999999999,16269,147149241,386
47550000,4611899,34358628,7.45,16289,147433271,439
47600000,4612602,34380910,7.453689999999999,16304,147721693,453
47650000,4613310,34403087,7.45735,16318,148005928,451
47700000,4614005,34425161,7.4610199999999995,16327,148293093,418
47750000,4614708,34447237,7.46466,16343,148583560,440
47800000,4615395,34469301,7.46833,16351,148864072,441
47850000,4616069,34491546,7.472060000000001,16358,149146785,476
47900000,4616719,34513526,7.47577,16364,149433940,457
47950000,4617406,34535548,7.479430000000001,16371,149723038,422
48000000,4618150,34557579,7.482989999999999,16387,150020903,443
48050000,4618875,34579464,7.486560000000001,16398,150301345,425
48100000,4619589,34601150,7.4900899999999995,16412,150590263,445
48150000,4620264,34622906,7.493710000000001,16423,150868195,422
48200000,4620946,34644702,7.497319999999999,16434,151152996,444
48250000,4621627,34666627,7.500960000000001,16443,151445625,452
48300000,4622309,34688356,7.50455,16456,151726410,421
48350000,4623005,34710019,7.50811,16472,152010642,438
48400000,4623680,34731745,7.511710000000001,16480,152287391,422
48450000,4624346,34753538,7.515339999999999,16489,152574268,476
48500000,4625024,34775233,7.51893,16497,152853678,433
48550000,4625660,34796971,7.5226,16507,153143367,437
48600000,4626329,34818637,7.52619,16514,153435773,428
48650000,4627065,34840355,7.5296899999999996,16523,153733375,455
48700000,4627697,34861829,7.5333,16535,154015875,446
48750000,4628337,34883269,7.53689,16546,154299613,415
48800000,4628965,34904779,7.54051,16558,154588613,409
48850000,4629613,34926117,7.54407,16565,154873594,442
48900000,4630247,34947518,7.5476600000000005,16575,155162080,420
48950000,4630870,34968993,7.55128,16581,155445946,451
49000000,4631518,34990477,7.554860000000001,16590,155729165,414
49050000,4632144,35012031,7.558489999999999,16607,156016518,414
49100000,4632817,35033403,7.562010000000001,16614,156315627,425
49150000,4633491,35054794,7.56553,16627,156607371,435
49200000,4634124,35076301,7.56913,16636,156897774,445
49250000,4634811,35097546,7.572589999999999,16652,157183411,424
49300000,4635464,35118893,7.57613,16662,157466846,436
49350000,4636108,35139997,7.57963,16672,157750418,435
49400000,4636791,35161236,7.5831,16685,158033699,421
49450000,4637417,35182333,7.58662,16703,158323106,452
49500000,4638050,35203511,7.59015,16715,158608998,422
49550000,4638712,35224614,7.59362,16720,158894859,440
49600000,4639398,35245906,7.59709,16734,159178601,424
49650000,4640031,35266850,7.600560000000001,16741,159465663,417
49700000,4640659,35288053,7.6041,16745,159753354,415
49750000,4641299,35308910,7.60755,16745,160036298,423
49800000,4641922,35329851,7.611039999999999,16764,160319734,408
49850000,4642563,35350861,7.614510000000001,16776,160613957,408
49900000,4643133,35371861,7.6181,16783,160904433,392
49950000,4643732,35392707,7.62161,16788,161189157,417
50000000,4644363,35413395,7.625030000000001,16799,161465441,442
50050000,4644969,35434223,7.62852,16809,161751492,432
50100000,4645552,35454992,7.63203,16817,162055177,391
50150000,4646198,35475531,7.635389999999999,16823,162341419,432
50200000,4646761,35496441,7.638960000000001,16840,162623958,413
50250000,4647368,35517083,7.642410000000001,16846,162913105,397
50300000,4648038,35537657,7.64573,16859,163184734,389
50350000,4648670,35558240,7.64912,16866,163462830,406
50400000,4649284,35578901,7.65255,16882,163752873,408
50450000,4649917,35599494,7.655939999999999,16884,164030800,396
50500000,4650494,35620066,7.65942,16895,164314217,421
50550000,4651119,35640675,7.66282,16900,164604534,414
50600000,4651743,35661114,7.666180000000001,16911,164877370,423
50650000,4652363,35681429,7.66953,16926,165152174,407
50700000,4652945,35701947,7.67298,16939,165434947,415
50750000,4653558,35722294,7.67634,16948,165714171,411
50800000,4654206,35742810,7.67968,16951,165998119,435
50850000,4654798,35763248,7.683089999999999,16967,166285243,405
50900000,4655392,35783636,7.686489999999999,16967,166568396,417
50950000,4656009,35803799,7.6898,16985,166855808,400
51000000,4656613,35824314,7.6932100000000005,16994,167141436,419
51050000,4657207,35844504,7.6965699999999995,17002,167427542,363
51100000,4657784,35864778,7.6999699999999995,17009,167708732,385
51150000,4658390,35884886,7.70328,17021,167990217,401
51200000,4658977,35905231,7.70668,17034,168274640,428
51250000,4659561,35925362,7.710030000000001,17048,168557994,399
51300000,4660179,35945494,7.71333,17056,168842203,407
51350000,4660776,35965625,7.716660000000001,17067,169120976,405
51400000,4661380,35985694,7.71997,17079,169408923,396
51450000,4661961,36005793,7.723310000000001,17079,169693277,383
51500000,4662536,36025797,7.72665,17098,169968240,407
51550000,4663113,36045747,7.72998,17101,170254584,418
51600000,4663677,36065591,7.7333,17114,170533265,410
51650000,4664249,36085453,7.736610000000001,17124,170809380,398
51700000,4664844,36105528,7.73992,17130,171098319,394
51750000,4665354,36125150,7.74328,17145,171374117,384
51800000,4665929,36144773,7.74653,17155,171654271,386
51850000,4666526,36164459,7.74976,17167,171926234,397
51900000,4667120,36184136,7.75299,17175,172195874,398
51950000,4667703,36204020,7.75628,17188,172476266,400
52000000,4668311,36223568,7.759460000000001,17203,172755081,438
52050000,4668874,36243227,7.76273,17214,173037400,358
52100000,4669489,36262820,7.765910000000001,17220,173326227,395
52150000,4670036,36282476,7.76921,17227,173622089,402
52200000,4670565,36302165,7.772539999999999,17241,173902487,386
52250000,4671120,36321631,7.77579,17248,174189819,397
52300000,4671693,36340948,7.778969999999999,17258,174468131,392
52350000,4672265,36360501,7.7822,17264,174746508,378
52400000,4672815,36379990,7.78545,17280,175014027,378
52450000,4673366,36399522,7.78872,17289,175297844,405
52500000,4673890,36418880,7.791980000000001,17292,175575645,384
52550000,4674437,36438106,7.79519,17300,175850172,369
52600000,4675010,36457646,7.7984100000000005,17311,176137178,377
52650000,4675614,36476806,7.8015,17320,176417538,416
52700000,4676176,36495905,7.80465,17326,176701738,386
52750000,4676718,36515225,7.807869999999999,17341,176979198,374
52800000,4677298,36534276,7.810980000000001,17349,177246581,381
52850000,4677857,36553509,7.81416,17363,177529134,366
52900000,4678390,36572346,7.81729,17366,177796975,381
52950000,4678976,36591388,7.82038,17374,178073488,369
53000000,4679575,36610467,7.823460000000001,17380,178352519,374
53050000,4680123,36629619,7.826639999999999,17387,178627047,363
53100000,4680662,36648887,7.82985,17396,178899555,374
53150000,4681192,36667902,7.83303,17403,179176769,368
53200000,4681729,36686813,7.83617,17412,179459966,391
53250000,4682261,36705755,7.83932,17417,179734963,386
53300000,4682787,36724715,7.84249,17428,180009995,386
53350000,4683364,36743700,7.84558,17435,180285089,390
53400000,4683908,36762458,7.848669999999999,17442,180564368,383
53450000,4684448,36781399,7.85181,17449,180852272,381
53500000,4685043,36800529,7.8549,17458,181145580,366
53550000,4685567,36819227,7.85801,17471,181420021,376
53600000,4686089,36838227,7.86119,17482,181703167,394
53650000,4686600,36856769,7.86429,17488,181977464,353
53700000,4687114,36875537,7.867430000000001,17500,182256831,403
53750000,4687648,36894281,7.8705300000000005,17507,182532738,367
53800000,4688217,36913048,7.8735800000000005,17516,182806932,359
53850000,4688757,36931703,7.87665,17521,183081301,384
53900000,4689292,36950198,7.8797,17529,183359590,403
53950000,4689874,36968809,7.882689999999999,17536,183624418,369
54000000,4690440,36987230,7.885660000000001,17547,183893975,373
54050000,4690979,37005756,7.8887100000000006,17562,184173938,380
54100000,4691488,37024319,7.89181,17569,184449226,373
54150000,4692049,37042598,7.894760000000001,17576,184724258,356
54200000,4692613,37061109,7.897760000000001,17583,184999836,362
54250000,4693124,37079731,7.900860000000001,17588,185274259,345
54300000,4693673,37098155,7.903860000000001,17596,185542660,366
54350000,4694172,37116613,7.906960000000001,17609,185831690,376
54400000,4694677,37134881,7.91,17618,186089046,384
54450000,4695219,37153081,7.912960000000001,17627,186356722,365
54500000,4695766,37171473,7.915960000000001,17631,186617692,352
54550000,4696305,37189694,7.9189300000000005,17638,186893953,376
54600000,4696806,37207837,7.921939999999999,17646,187164758,365
54650000,4697330,37226094,7.92495,17652,187433721,365
54700000,4697833,37244223,7.927960000000001,17657,187709521,373
54750000,4698345,37262386,7.930960000000001,17664,187980836,371
54800000,4698875,37280465,7.933910000000001,17673,188253917,351
54850000,4699349,37298371,7.93692,17684,188527126,369
54900000,4699856,37316256,7.93987,17691,188797533,356
54950000,4700377,37334184,7.942810000000001,17698,189068178,363
55000000,4700889,37352018,7.94573,17707,189334690,374
55050000,4701412,37369918,7.94866,17711,189596698,366
55100000,4701941,37388033,7.95162,17715,189869258,367
55150000,4702454,37406031,7.95458,17722,190143069,369
55200000,4702956,37423953,7.95754,17734,190417669,362
55250000,4703438,37441699,7.9605,17745,190692594,366
55300000,4703930,37459515,7.96345,17752,190977949,359
55350000,4704474,37477161,7.96628,17760,191243632,355
55400000,4704987,37494979,7.9692,17769,191520476,350
55450000,4705526,37512582,7.97203,17781,191785493,347
55500000,4706019,37530370,7.97497,17787,192066835,334
55550000,4706500,37548075,7.97792,17787,192332645,360
55600000,4706956,37565808,7.980910000000001,17796,192598739,361
55650000,4707446,37583383,7.98382,17813,192873525,320
55700000,4707919,37600828,7.98672,17819,193146014,359
55750000,4708416,37618348,7.9896,17823,193413658,369
55800000,4708916,37635978,7.992489999999999,17830,193689554,372
55850000,4709430,37653433,7.99533,17837,193961818,336
55900000,4709898,37670808,7.99822,17847,194220779,329
55950000,4710358,37688368,8.00117,17853,194506530,343
56000000,4710801,37705622,8.00408,17861,194771826,349
56050000,4711298,37722875,8.0069,17865,195042861,362
56100000,4711792,37740293,8.00975,17874,195310388,338
56150000,4712277,37757446,8.01257,17886,195584731,357
56200000,4712792,37774750,8.015369999999999,17894,195844864,339
56250000,4713274,37791868,8.018180000000001,17899,196123360,332
56300000,4713763,37809042,8.02099,17906,196398995,349
56350000,4714261,37826238,8.02379,17913,196661526,333
56400000,4714743,37843389,8.02661,17923,196927419,360
56450000,4715211,37860562,8.02945,17934,197202684,344
56500000,4715696,37877388,8.03219,17945,197465005,345
56550000,4716180,37894465,8.034989999999999,17954,197733539,324
56600000,4716647,37911374,8.03778,17959,197997287,360
56650000,4717146,37928173,8.04049,17974,198264624,316
56700000,4717617,37945039,8.04326,17980,198530779,307
56750000,4718076,37961741,8.04602,17990,198796093,333
56800000,4718565,37978415,8.04872,17994,199057317,325
56850000,4718984,37995256,8.05158,17999,199317719,336
56900000,4719454,38012171,8.05436,18005,199581149,329
56950000,4719948,38028890,8.05706,18011,199840169,363
57000000,4720453,38045832,8.05978,18020,200115003,344
57050000,4720909,38062614,8.062560000000001,18023,200377278,328
57100000,4721405,38079426,8.06527,18033,200634127,340
57150000,4721843,38096086,8.06805,18036,200906969,339
57200000,4722300,38112829,8.07082,18044,201182407,369
57250000,4722753,38129468,8.07357,18044,201452949,297
57300000,4723191,38146203,8.076360000000001,18060,201714950,329
57350000,4723660,38162738,8.07906,18063,201970215,367
57400000,4724102,38179043,8.081760000000001,18065,202229831,348
57450000,4724566,38195359,8.08442,18075,202496535,333
57500000,4725010,38211727,8.08712,18080,202762746,359
57550000,4725468,38228301,8.089839999999999,18088,203031684,326
57600000,4725954,38244681,8.09248,18098,203297400,319
57650000,4726430,38261007,8.09512,18105,203560120,329
57700000,4726866,38277381,8.09784,18112,203833738,349
57750000,4727302,38293630,8.100530000000001,18117,204097464,311
57800000,4727779,38309982,8.10317,18124,204353723,318
57850000,4728204,38326156,8.10586,18127,204603307,312
57900000,4728696,38342292,8.10843,18138,204860794,346
57950000,4729137,38358339,8.11107,18143,205112133,296
58000000,4729560,38374374,8.11373,18149,205366382,332
58050000,4730035,38390628,8.11635,18155,205616397,349
58100000,4730483,38406722,8.11899,18162,205874326,337
58150000,4730966,38423008,8.1216,18169,206146986,361
58200000,4731405,38439083,8.124239999999999,18175,206403620,326
58250000,4731849,38455239,8.12689,18187,206650988,317
58300000,4732274,38471250,8.12955,18191,206910479,323
58350000,4732693,38487284,8.13222,18205,207168515,326
58400000,4733142,38503183,8.1348,18208,207419412,315
58450000,4733633,38519260,8.137360000000001,18214,207679182,310
58500000,4734109,38535307,8.13993,18224,207928717,308
58550000,4734529,38551062,8.14253,18242,208185618,312
58600000,4735010,38566956,8.14506,18250,208445835,296
58650000,4735413,38582787,8.14771,18262,208706033,316
58700000,4735851,38598732,8.15033,18270,208958455,310
58750000,4736286,38614392,8.15288,18276,209211511,311
58800000,4736696,38630132,8.1555,18284,209462994,330
58850000,4737148,38645716,8.15801,18292,209713483,320
58900000,4737593,38661510,8.16058,18301,209975738,325
58950000,4738040,38677135,8.163110000000001,18309,210223309,310
59000000,4738457,38692713,8.16568,18318,210470626,297
59050000,4738863,38708185,8.168239999999999,18322,210728223,326
59100000,4739275,38723876,8.17084,18332,210986746,320
59150000,4739706,38739556,8.17341,18338,211237945,306
59200000,4740119,38754854,8.17592,18348,211494249,300
59250000,4740554,38770303,8.17843,18356,211748875,316
59300000,4740975,38785728,8.18096,18359,211982515,305
59350000,4741386,38801240,8.18352,18366,212233916,309
59400000,4741819,38816726,8.18604,18371,212495650,305
59450000,4742216,38832220,8.18862,18377,212747572,283
59500000,4742630,38847464,8.19112,18384,212992117,317
59550000,4743078,38862904,8.1936,18395,213237734,293
59600000,4743495,38877886,8.19604,18406,213491849,277
59650000,4743939,38893082,8.19848,18415,213741531,313
59700000,4744377,38908384,8.20095,18425,213993737,304
59750000,4744790,38923495,8.20342,18437,214251079,295
59800000,4745170,38938687,8.205960000000001,18444,214503854,304
59850000,4745603,38953628,8.20836,18455,214757676,292
59900000,4746039,38968762,8.2108,18463,214999965,318
59950000,4746468,38983763,8.21322,18468,215252044,299
60000000,4746913,38998796,8.21561,18473,215495414,306
60050000,4747341,39013927,8.218060000000001,18484,215748027,292
60100000,4747735,39028905,8.22053,18494,215999427,296
60150000,4748125,39043768,8.22299,18505,216234437,294
60200000,4748490,39058587,8.225480000000001,18508,216484718,273
60250000,4748900,39073480,8.2279,18516,216731041,311
60300000,4749278,39088288,8.230360000000001,18522,216980393,326
60350000,4749678,39103296,8.23283,18526,217220247,309
60400000,4750078,39118033,8.23524,18533,217471728,277
60450000,4750497,39132872,8.237639999999999,18543,217716665,301
60500000,4750902,39147525,8.24002,18551,217964595,293
60550000,4751305,39162213,8.242410000000001,18556,218203952,290
60600000,4751710,39176815,8.24478,18562,218453437,308
60650000,4752127,39191386,8.24713,18572,218699654,316
60700000,4752512,39205926,8.24952,18578,218935552,284
60750000,4752908,39220696,8.25194,18586,219179531,297
60800000,4753283,39235326,8.25436,18591,219428068,296
60850000,4753700,39249814,8.256689999999999,18598,219671181,305
60900000,4754087,39264427,8.259089999999999,18607,219915111,283
60950000,4754475,39278811,8.261439999999999,18616,220153869,290
61000000,4754840,39293177,8.26383,18621,220388058,298
61050000,4755225,39307739,8.26622,18630,220634951,286
61100000,4755624,39322121,8.26855,18632,220879060,303
61150000,4756011,39336319,8.27086,18641,221111362,306
61200000,4756383,39350497,8.2732,18647,221345328,269
61250000,4756762,39364698,8.27552,18657,221593812,282
61300000,4757167,39378848,8.27779,18665,221833607,282
61350000,4757522,39393128,8.28018,18673,222064460,304
61400000,4757890,39407297,8.28252,18678,222291735,279
61450000,4758257,39421527,8.28487,18684,222534057,282
61500000,4758608,39435587,8.28721,18690,222766937,281
61550000,4758980,39449690,8.289530000000001,18698,223000433,294
61600000,4759361,39463664,8.2918,18702,223233656,290
61650000,4759742,39477640,8.29407,18708,223472078,279
61700000,4760129,39491603,8.296330000000001,18716,223713798,307
61750000,4760519,39505563,8.298580000000001,18720,223943885,285
61800000,4760899,39519542,8.30086,18727,224174020,279
61850000,4761273,39533571,8.30315,18732,224415638,248
61900000,4761652,39547437,8.3054,18742,224657487,303
61950000,4762009,39561143,8.30766,18751,224894808,265
62000000,4762389,39575163,8.30994,18751,225123686,281
62050000,4762737,39589011,8.31224,18761,225362924,289
62100000,4763099,39602863,8.31452,18770,225599519,286
62150000,4763465,39616692,8.31678,18775,225837864,279
62200000,4763819,39630560,8.31907,18780,226071598,256
62250000,4764185,39644313,8.32132,18783,226306562,277
62300000,4764570,39657988,8.32352,18793,226541832,296
62350000,4764947,39671654,8.32573,18796,226782498,270
62400000,4765366,39685448,8.32789,18801,227014937,243
62450000,4765736,39699069,8.3301,18808,227239371,268
62500000,4766080,39712635,8.33235,18808,227466640,260
62550000,4766449,39726274,8.33456,18815,227709139,281
62600000,4766790,39739868,8.33682,18823,227944660,260
62650000,4767131,39753370,8.33906,18833,228178014,256
62700000,4767510,39766815,8.34121,18837,228406613,285
62750000,4767853,39780187,8.34342,18843,228640779,281
62800000,4768226,39793606,8.34558,18847,228875317,289
62850000,4768567,39806809,8.34775,18856,229107872,248
62900000,4768946,39820124,8.34988,18857,229342936,253
62950000,4769299,39833285,8.35202,18862,229573015,271
63000000,4769697,39846696,8.35414,18869,229808156,277
63050000,4770039,39859895,8.3563,18875,230042615,261
63100000,4770392,39873067,8.35845,18877,230262698,258
63150000,4770750,39886403,8.360610000000001,18882,230493151,269
63200000,4771058,39899531,8.36283,18886,230717371,224
63250000,4771419,39912526,8.36492,18887,230950460,283
63300000,4771787,39925799,8.36705,18894,231177709,245
63350000,4772135,39938788,8.36917,18902,231407490,247
63400000,4772509,39951903,8.371260000000001,18915,231633579,265
63450000,4772852,39964967,8.373389999999999,18921,231854195,246
63500000,4773237,39977870,8.37542,18929,232075796,293
63550000,4773586,39990835,8.37752,18932,232300601,277
63600000,4773912,40003877,8.37968,18941,232528726,243
63650000,4774251,40016826,8.3818,18945,232750203,264
63700000,4774550,40029639,8.38396,18956,232970748,253
63750000,4774848,40042510,8.38613,18961,233192850,250
63800000,4775183,40055337,8.38823,18966,233422205,248
63850000,4775536,40068246,8.390310000000001,18970,233653125,242
63900000,4775876,40080943,8.392380000000001,18974,233885177,242
63950000,4776236,40093718,8.39442,18985,234114968,260
64000000,4776578,40106345,8.396460000000001,18988,234327438,279
64050000,4776931,40119111,8.39851,18992,234548768,230
64100000,4777284,40131830,8.40055,19000,234770310,261
64150000,4777600,40144350,8.402619999999999,19006,234997692,238
64200000,4777922,40156814,8.40466,19019,235212566,252
64250000,4778240,40169285,8.40671,19027,235436185,256
64300000,4778602,40181724,8.40868,19036,235656247,245
64350000,4778909,40194194,8.41075,19044,235873297,247
64400000,4779236,40206663,8.41278,19049,236097457,251
64450000,4779570,40219118,8.4148,19055,236314091,257
64500000,4779902,40231305,8.41676,19059,236527885,224
64550000,4780253,40243617,8.41872,19067,236746721,237
64600000,4780564,40255969,8.420760000000001,19069,236950737,245
64650000,4780862,40268398,8.422830000000001,19076,237170204,234
64700000,4781173,40280669,8.42485,19078,237388350,220
64750000,4781506,40292819,8.426810000000001,19082,237604703,250
64800000,4781804,40305158,8.42886,19084,237824275,242
64850000,4782151,40317481,8.43083,19087,238025772,263
64900000,4782446,40329637,8.43285,19098,238243929,245
64950000,4782724,40341674,8.43487,19100,238458538,244
65000000,4783070,40353876,8.436810000000001,19108,238689959,223
65050000,4783393,40365809,8.43874,19114,238908858,232
65100000,4783680,40377922,8.44077,19124,239128681,241
65150000,4783995,40389989,8.442730000000001,19131,239343309,223
65200000,4784262,40401925,8.44476,19139,239553859,237
65250000,4784562,40413666,8.44668,19142,239760491,227
65300000,4784879,40425516,8.4486,19149,239978917,240
65350000,4785173,40437466,8.45058,19152,240196770,232
65400000,4785482,40449204,8.45248,19152,240391729,252
65450000,4785788,40461150,8.45444,19157,240599892,243
65500000,4786115,40472910,8.45632,19166,240798183,241
65550000,4786425,40484654,8.458219999999999,19171,241019705,225
65600000,4786763,40496417,8.46008,19176,241227107,228
65650000,4787073,40508168,8.46199,19181,241449304,239
65700000,4787375,40519803,8.46389,19187,241655650,233
65750000,4787653,40531456,8.46583,19188,241861168,236
65800000,4787925,40543031,8.46777,19198,242072742,224
65850000,4788266,40554437,8.46955,19205,242265323,244
65900000,4788546,40565940,8.47145,19207,242462407,228
65950000,4788883,40577479,8.47327,19215,242670652,248
66000000,4789185,40588987,8.47513,19222,242878585,220
66050000,4789501,40600368,8.47695,19226,243082721,235
66100000,4789775,40611991,8.47889,19232,243291588,239
66150000,4790074,40623347,8.48073,19233,243493236,227
66200000,4790415,40634728,8.482510000000001,19240,243699145,210
66250000,4790684,40646241,8.48443,19247,243906549,231
66300000,4791008,40657614,8.48623,19252,244109979,219
66350000,4791309,40668855,8.48805,19258,244300529,210
66400000,4791596,40680037,8.48987,19263,244501543,234
66450000,4791891,40691270,8.49169,19269,244706946,203
66500000,4792176,40702519,8.49354,19275,244905795,227
66550000,4792483,40713580,8.4953,19279,245103383,235
66600000,4792754,40724619,8.497119999999999,19279,245301320,217
66650000,4793041,40735847,8.49896,19283,245503605,220
66700000,4793311,40747100,8.50083,19287,245702113,227
66750000,4793603,40758169,8.50262,19295,245904753,231
66800000,4793894,40769347,8.504430000000001,19295,246101927,226
66850000,4794199,40780255,8.50617,19299,246296574,205
66900000,4794473,40791228,8.50797,19307,246499135,200
66950000,4794783,40802001,8.50967,19311,246690020,216
67000000,4795054,40812844,8.51145,19317,246885695,211
67050000,4795350,40823807,8.51321,19322,247088204,225
67100000,4795635,40834676,8.51497,19327,247288154,206
67150000,4795893,40845734,8.51682,19331,247484499,231
67200000,4796205,40856427,8.51849,19335,247678498,207
67250000,4796488,40867329,8.52026,19340,247870989,202
67300000,4796753,40877963,8.52201,19343,248062230,243
67350000,4797019,40888767,8.52379,19346,248267934,210
67400000,4797287,40899480,8.52554,19351,248457491,219
67450000,4797586,40910362,8.527280000000001,19360,248648900,183
67500000,4797862,40920857,8.52898,19367,248841247,221
67550000,4798170,40931563,8.530660000000001,19372,249037285,228
67600000,4798466,40942247,8.53236,19376,249237945,243
67650000,4798735,40952604,8.53404,19381,249425709,204
67700000,4799001,40962964,8.535730000000001,19383,249616676,204
67750000,4799277,40973433,8.53742,19391,249804686,219
67800000,4799526,40983708,8.53912,19395,249995308,207
67850000,4799817,40994143,8.54077,19398,250184974,219
67900000,4800091,41004495,8.54244,19409,250374367,224
67950000,4800368,41014984,8.544130000000001,19418,250554950,217
68000000,4800682,41025224,8.54571,19425,250742329,201
68050000,4800965,41035420,8.54733,19432,250927243,213
68100000,4801218,41045539,8.54898,19438,251111836,203
68150000,4801478,41055820,8.55066,19446,251299891,215
68200000,4801754,41066166,8.55233,19451,251493800,205
68250000,4802009,41076326,8.553989999999999,19455,251682091,193
68300000,4802242,41086446,8.55568,19462,251862418,199
68350000,4802517,41096706,8.55733,19464,252058012,204
68400000,4802770,41106781,8.55897,19468,252253969,216
68450000,4803007,41116617,8.5606,19473,252435670,191
68500000,4803276,41126610,8.5622,19477,252623529,178
68550000,4803504,41136631,8.563880000000001,19482,252804548,198
68600000,4803752,41146512,8.565489999999999,19489,252990950,172
68650000,4804044,41156443,8.567039999999999,19498,253175908,207
68700000,4804324,41166406,8.56862,19504,253354203,202
68750000,4804574,41176313,8.57023,19509,253545240,183
68800000,4804831,41186230,8.57184,19514,253721631,198
68850000,4805087,41196016,8.57342,19518,253902137,185
68900000,4805330,41205866,8.57503,19527,254091825,190
68950000,4805596,41215497,8.57656,19530,254269476,213
69000000,4805845,41225179,8.57813,19530,254448259,192
69050000,4806087,41234848,8.57971,19544,254629127,168
69100000,4806317,41244516,8.58131,19548,254816456,189
69150000,4806553,41254190,8.58291,19554,254993720,198
69200000,4806804,41263817,8.58446,19556,255170050,192
69250000,4807035,41273458,8.58605,19561,255350667,194
69300000,4807265,41283010,8.58763,19567,255518618,182
69350000,4807513,41292636,8.589189999999999,19571,255703638,226
69400000,4807796,41302235,8.59068,19579,255888658,201
69450000,4808048,41311728,8.5922,19581,256070831,181
69500000,4808307,41321255,8.59372,19581,256246458,192
69550000,4808567,41330763,8.59523,19588,256425531,188
69600000,4808807,41340135,8.59675,19597,256591213,181
69650000,4809052,41349414,8.59825,19601,256765334,188
69700000,4809268,41358616,8.59977,19607,256938923,175
69750000,4809496,41367824,8.601280000000001,19607,257102456,191
69800000,4809742,41377070,8.60276,19607,257271929,173
69850000,4809951,41386382,8.604330000000001,19623,257443947,182
69900000,4810194,41395779,8.605839999999999,19625,257616264,189
69950000,4810419,41404888,8.607339999999999,19628,257779986,203
70000000,4810668,41413989,8.60878,19636,257947300,169
70050000,4810928,41423198,8.61023,19642,258124519,191
70100000,4811152,41432227,8.61171,19642,258286608,177
70150000,4811385,41441292,8.61317,19647,258453347,197
70200000,4811612,41450291,8.61464,19652,258609482,188
70250000,4811836,41459245,8.6161,19654,258781139,177
70300000,4812048,41468156,8.617569999999999,19659,258948981,180
70350000,4812283,41477148,8.619019999999999,19663,259123706,204
70400000,4812508,41486224,8.6205,19667,259293446,185
70450000,4812731,41495166,8.621960000000001,19670,259461628,178
70500000,4812942,41504153,8.62345,19674,259632328,173
70550000,4813201,41513035,8.624830000000001,19680,259796477,168
70600000,4813441,41521903,8.62624,19685,259961552,170
70650000,4813687,41530643,8.62762,19687,260122590,183
70700000,4813908,41539382,8.62904,19690,260299075,183
70750000,4814157,41548036,8.63039,19697,260458765,186
70800000,4814386,41556777,8.631789999999999,19704,260616995,162
70850000,4814632,41565396,8.63314,19711,260781272,191
70900000,4814862,41573973,8.63451,19718,260943153,162
70950000,4815075,41582584,8.63592,19721,261104534,185
71000000,4815326,41591234,8.637260000000001,19726,261264968,159
71050000,4815543,41599827,8.63866,19730,261434348,155
71100000,4815742,41608355,8.64007,19732,261592641,172
71150000,4815963,41616903,8.64145,19736,261753785,169
71200000,4816182,41625234,8.64279,19738,261911242,166
71250000,4816394,41633702,8.644160000000001,19747,262068902,169
71300000,4816602,41642167,8.64555,19754,262239349,165
71350000,4816823,41650635,8.64691,19758,262403505,165
71400000,4817051,41658964,8.64823,19762,262556980,171
71450000,4817284,41667139,8.649510000000001,19767,262706733,165
71500000,4817494,41675409,8.65085,19774,262866739,120
71550000,4817689,41683441,8.65217,19775,263029804,148
71600000,4817925,41691688,8.65345,19777,263184217,154
71650000,4818149,41699945,8.654760000000001,19781,263337387,155
71700000,4818352,41707994,8.65607,19787,263485552,166
71750000,4818551,41716144,8.6574,19787,263635889,163
71800000,4818735,41724206,8.65875,19787,263787530,149
71850000,4818939,41732182,8.660039999999999,19798,263947244,173
71900000,4819126,41740317,8.661389999999999,19801,264100661,152
71950000,4819328,41748257,8.66267,19801,264253683,154
72000000,4819537,41756278,8.663960000000001,19804,264409446,167
72050000,4819732,41764087,8.665230000000001,19806,264559903,148
72100000,4819921,41771959,8.66652,19812,264705294,161
72150000,4820106,41779798,8.667819999999999,19814,264848919,153
72200000,4820296,41787648,8.6691,19818,265012139,163
72250000,4820501,41795571,8.67038,19822,265158595,180
72300000,4820686,41803417,8.671669999999999,19827,265309632,159
72350000,4820918,41811146,8.67286,19830,265450876,148
72400000,4821139,41818933,8.67408,19834,265590807,158
72450000,4821355,41826761,8.675310000000001,19838,265734503,119
72500000,4821582,41834495,8.67651,19839,265884207,160
72550000,4821786,41842126,8.677719999999999,19844,266030837,163
72600000,4821996,41849751,8.678930000000001,19845,266184259,139
72650000,4822179,41857348,8.68017,19848,266332856,162
72700000,4822346,41864906,8.68144,19852,266475420,150
72750000,4822519,41872605,8.68272,19852,266624465,165
72800000,4822740,41880230,8.683910000000001,19859,266760588,157
72850000,4822916,41887687,8.685139999999999,19862,266901471,151
72900000,4823115,41895196,8.68634,19862,267044764,163
72950000,4823318,41902767,8.68754,19867,267186770,157
73000000,4823486,41910236,8.68879,19867,267331742,150
73050000,4823644,41917667,8.69004,19872,267479134,159
73100000,4823835,41925016,8.69122,19874,267632220,135
73150000,4824019,41932230,8.69238,19877,267777820,133
73200000,4824202,41939424,8.69355,19882,267921667,154
73250000,4824398,41946770,8.69472,19889,268059799,149
73300000,4824577,41954017,8.6959,19894,268202979,139
73350000,4824760,41961164,8.69705,19897,268343857,137
73400000,4824950,41968289,8.69818,19898,268478883,144
73450000,4825147,41975514,8.69932,19903,268622347,156
73500000,4825312,41982603,8.7005,19905,268766221,135
73550000,4825489,41989556,8.70162,19907,268896919,151
73600000,4825653,41996656,8.70279,19913,269030922,148
73650000,4825810,42003701,8.70397,19919,269164520,155
73700000,4825998,42010726,8.70509,19926,269300286,138
73750000,4826174,42017689,8.70621,19929,269424392,136
73800000,4826336,42024582,8.70735,19931,269557977,144
73850000,4826500,42031463,8.70848,19932,269690532,134
73900000,4826688,42038421,8.70958,19932,269829564,136
73950000,4826857,42045299,8.7107,19940,269959551,113
74000000,4827037,42052137,8.711789999999999,19940,270096391,126
74050000,4827200,42059006,8.71292,19951,270223395,122
74100000,4827369,42065973,8.71406,19953,270364087,145
74150000,4827547,42072658,8.715119999999999,19954,270501633,133
74200000,4827718,42079311,8.71619,19959,270631151,125
74250000,4827884,42086062,8.71729,19964,270764116,121
74300000,4828038,42092784,8.7184,19966,270882825,119
74350000,4828218,42099457,8.71946,19968,271012651,136
74400000,4828372,42106029,8.72054,19972,271140856,134
74450000,4828521,42112605,8.721639999999999,19977,271263850,136
74500000,4828680,42119110,8.7227,19986,271392748,123
74550000,4828834,42125581,8.72376,19988,271512950,120
74600000,4828989,42132086,8.72483,19991,271633658,127
74650000,4829112,42138486,8.72593,19994,271755838,129
74700000,4829257,42144840,8.726980000000001,19995,271879802,122
74750000,4829400,42151143,8.72803,19995,272004721,125
74800000,4829567,42157426,8.72903,20003,272119262,136
74850000,4829747,42163768,8.73002,20006,272234905,128
74900000,4829910,42170175,8.73105,20010,272354072,139
74950000,4830059,42176637,8.73212,20010,272487229,121
75000000,4830229,42182825,8.733089999999999,20012,272604826,126
75050000,4830373,42189075,8.734119999999999,20017,272721459,126
75100000,4830525,42195393,8.73516,20018,272843509,122
75150000,4830688,42201620,8.73615,20022,272958369,114
75200000,4830845,42207678,8.737119999999999,20023,273080326,128
75250000,4831025,42213767,8.73806,20023,273200996,122
75300000,4831183,42219873,8.73903,20028,273317320,129
75350000,4831335,42226012,8.74003,20031,273439963,146
75400000,4831475,42232008,8.741019999999999,20032,273556367,119
75450000,4831633,42237912,8.74195,20039,273664279,112
75500000,4831784,42243944,8.74293,20041,273778746,134
75550000,4831955,42249835,8.743839999999999,20042,273894116,102
75600000,4832111,42255778,8.74479,20048,274010451,114
75650000,4832248,42261728,8.74577,20054,274132708,134
75700000,4832402,42267570,8.7467,20056,274253902,125
75750000,4832544,42273277,8.74762,20056,274353741,92
75800000,4832673,42279147,8.7486,20062,274466082,122
75850000,4832816,42284986,8.74955,20062,274579934,117
75900000,4832963,42290744,8.75048,20062,274692317,106
75950000,4833107,42296285,8.75137,20062,274793421,112
76000000,4833231,42301973,8.75232,20069,274898805,103
76050000,4833370,42307579,8.75323,20070,275004457,99
76100000,4833513,42313245,8.75414,20076,275112715,109
76150000,4833650,42318792,8.75504,20076,275223044,115
76200000,4833796,42324404,8.755939999999999,20078,275329486,102
76250000,4833923,42329920,8.75685,20081,275437597,103
76300000,4834062,42335334,8.757710000000001,20084,275537152,116
76350000,4834180,42340797,8.75863,20087,275647752,120
76400000,4834304,42346215,8.75953,20094,275755026,104
76450000,4834436,42351749,8.76043,20100,275871562,120
76500000,4834563,42357190,8.761330000000001,20101,275978509,107
76550000,4834685,42362545,8.762210000000001,20101,276080666,97
76600000,4834812,42367783,8.763069999999999,20104,276186469,112
76650000,4834950,42373193,8.76394,20104,276287930,115
76700000,4835085,42378436,8.76478,20104,276384876,95
76750000,4835216,42383579,8.7656,20113,276484589,93
76800000,4835353,42388776,8.76643,20114,276593921,89
76850000,4835492,42394064,8.76727,20115,276689492,124
76900000,4835630,42399283,8.7681,20118,276789853,107
76950000,4835767,42404377,8.7689,20118,276882469,108
77000000,4835912,42409478,8.7697,20127,276979166,118
77050000,4836046,42414576,8.77051,20130,277076893,92
77100000,4836168,42419583,8.77132,20130,277177500,84
77150000,4836301,42424639,8.77213,20135,277277755,89
77200000,4836424,42429699,8.77295,20136,277377485,112
77250000,4836544,42434646,8.77375,20140,277477679,96
77300000,4836667,42439623,8.774560000000001,20143,277581387,80
77350000,4836797,42444500,8.77533,20143,277680265,93
77400000,4836903,42449419,8.77616,20148,277785118,102
77450000,4837039,42454275,8.77691,20150,277878360,85
77500000,4837165,42458992,8.777660000000001,20151,277965286,93
77550000,4837289,42463723,8.778410000000001,20153,278049927,94
77600000,4837394,42468364,8.77918,20153,278134462,87
77650000,4837507,42473098,8.77996,20153,278227811,102
77700000,4837611,42477862,8.78075,20157,278319806,82
77750000,4837727,42482490,8.7815,20158,278410937,96
77800000,4837869,42487170,8.782210000000001,20158,278508058,98
77850000,4837981,42491664,8.78293,20164,278598050,66
77900000,4838077,42496262,8.783710000000001,20166,278688442,70
77950000,4838181,42500823,8.784460000000001,20169,278779509,82
78000000,4838291,42505388,8.785210000000001,20169,278866713,93
78050000,4838376,42509768,8.785960000000001,20176,278948920,84
78100000,4838459,42514186,8.786719999999999,20182,279032530,78
78150000,4838573,42518572,8.78742,20184,279117253,87
78200000,4838658,42522863,8.78815,20186,279198857,91
78250000,4838763,42527167,8.78885,20187,279281033,83
78300000,4838861,42531462,8.78956,20187,279371187,83
78350000,4838962,42535766,8.79027,20187,279458808,85
78400000,4839042,42539927,8.790980000000001,20187,279547634,85
78450000,4839154,42544235,8.79167,20187,279627320,80
78500000,4839272,42548437,8.79232,20192,279707963,77
78550000,4839376,42552714,8.79302,20194,279800280,93
78600000,4839467,42556821,8.7937,20198,279879343,92
78650000,4839561,42560917,8.79438,20201,279957755,89
78700000,4839662,42565129,8.795060000000001,20201,280041853,86
78750000,4839749,42569214,8.79575,20204,280121683,82
78800000,4839847,42573317,8.79642,20206,280195500,77
78850000,4839938,42577429,8.7971,20206,280278142,75
78900000,4840022,42581352,8.79776,20209,280353127,69
78950000,4840121,42585342,8.7984,20212,280433142,61
79000000,4840222,42589215,8.79902,20215,280514277,73
79050000,4840328,42593239,8.799660000000001,20217,280594037,78
79100000,4840414,42597095,8.8003,20217,280671888,76
79150000,4840516,42600933,8.80091,20217,280752001,91
79200000,4840611,42604772,8.80153,20217,280828675,80
79250000,4840711,42608539,8.80212,20217,280897183,68
79300000,4840812,42612304,8.802719999999999,20217,280968967,83
79350000,4840886,42616066,8.803360000000001,20217,281043751,87
79400000,4840976,42619753,8.80396,20217,281111706,71
79450000,4841050,42623309,8.80456,20217,281182315,66
79500000,4841139,42626879,8.80513,20227,281251419,70
79550000,4841258,42630517,8.80567,20228,281317175,68
79600000,4841331,42634058,8.80627,20230,281387887,79
79650000,4841420,42637602,8.80684,20230,281457810,59
79700000,4841497,42641050,8.80741,20230,281524426,76
79750000,4841581,42644593,8.80799,20230,281595252,80
79800000,4841657,42648071,8.80857,20234,281665776,67
79850000,4841749,42651574,8.80913,20237,281732861,77
79900000,4841824,42654936,8.80968,20237,281800022,56
79950000,4841925,42658358,8.810210000000001,20237,281865857,67
80000000,4841999,42661726,8.81077,20237,281930681,68
80050000,4842069,42664963,8.81131,20242,281990864,62
80100000,4842164,42668183,8.8118,20243,282052331,68
80150000,4842224,42671438,8.81236,20243,282116179,75
80200000,4842302,42674775,8.81291,20246,282187027,70
80250000,4842390,42678004,8.813419999999999,20247,282250432,72
80300000,4842464,42681119,8.813930000000001,20247,282311083,65
80350000,4842524,42684228,8.81446,20250,282376442,68
80400000,4842598,42687389,8.81498,20250,282436364,66
80450000,4842695,42690516,8.81545,20253,282497590,65
80500000,4842773,42693414,8.8159,20256,282554762,59
80550000,4842874,42696464,8.81635,20256,282614798,61
80600000,4842945,42699492,8.81684,20259,282677655,73
80650000,4843020,42702488,8.81733,20259,282737420,56
80700000,4843085,42705354,8.8178,20262,282799765,68
80750000,4843161,42708239,8.81826,20265,282852189,52
80800000,4843231,42711143,8.81873,20265,282908827,66
80850000,4843299,42713978,8.819189999999999,20265,282964636,48
80900000,4843379,42716806,8.81963,20268,283029922,53
80950000,4843445,42719592,8.82008,20268,283089400,59
81000000,4843520,42722368,8.82052,20270,283143905,53
81050000,4843578,42725070,8.820969999999999,20273,283199510,60
81100000,4843637,42727756,8.82142,20273,283255152,52
81150000,4843689,42730431,8.82188,20276,283307183,56
81200000,4843752,42733040,8.8223,20276,283359830,62
81250000,4843815,42735662,8.82273,20276,283413256,66
81300000,4843860,42738225,8.82318,20277,283466559,55
81350000,4843924,42740744,8.82358,20277,283516539,54
81400000,4843983,42743171,8.82397,20277,283565350,55
81450000,4844049,42745674,8.82437,20277,283616765,58
81500000,4844106,42748123,8.82477,20281,283667002,52
81550000,4844174,42750670,8.82517,20283,283719357,68
81600000,4844245,42753047,8.82553,20283,283766612,36
81650000,4844300,42755407,8.82592,20283,283810506,37
81700000,4844360,42757751,8.8263,20286,283858629,45
81750000,4844410,42760071,8.82668,20286,283905559,41
81800000,4844475,42762359,8.82704,20286,283951874,41
81850000,4844524,42764599,8.82741,20289,283994476,48
81900000,4844576,42766809,8.82777,20289,284040631,40
81950000,4844628,42768972,8.82812,20289,284087828,48
82000000,4844687,42771154,8.82847,20292,284128178,48
82050000,4844738,42773381,8.82883,20292,284173472,35
82100000,4844785,42775495,8.829180000000001,20294,284213395,39
82150000,4844834,42777579,8.82952,20294,284252540,46
82200000,4844886,42779607,8.82985,20294,284293086,50
82250000,4844935,42781582,8.830169999999999,20294,284335893,48
82300000,4844977,42783553,8.8305,20296,284376058,38
82350000,4845019,42785449,8.830810000000001,20296,284416003,38
82400000,4845065,42787365,8.83112,20296,284454517,34
82450000,4845109,42789196,8.83142,20296,284489899,38
82500000,4845161,42791047,8.831710000000001,20297,284528113,38
82550000,4845206,42792863,8.832,20299,284564764,31
82600000,4845242,42794647,8.8323,20301,284602280,38
82650000,4845277,42796433,8.83261,20303,284642546,35
82700000,4845321,42798162,8.832880000000001,20305,284674164,34
82750000,4845361,42799921,8.833169999999999,20308,284707577,30
82800000,4845398,42801651,8.83346,20308,284741885,36
82850000,4845446,42803414,8.833739999999999,20308,284775654,35
82900000,4845494,42805080,8.834,20308,284811305,46
82950000,4845523,42806683,8.83428,20308,284844514,32
83000000,4845558,42808280,8.834539999999999,20312,284872685,38
83050000,4845601,42809850,8.83479,20314,284897308,25
83100000,4845640,42811379,8.83503,20314,284928315,42
83150000,4845665,42812866,8.835289999999999,20314,284957253,37
83200000,4845715,42814295,8.8355,20317,284986044,23
83250000,4845754,42815757,8.83573,20317,285017651,27
83300000,4845791,42817222,8.83596,20317,285048027,32
83350000,4845825,42818588,8.83618,20317,285080569,26
83400000,4845862,42819972,8.8364,20319,285108937,31
83450000,4845900,42821320,8.83661,20319,285134669,18
83500000,4845919,42822575,8.83683,20319,285159641,22
83550000,4845941,42823864,8.837060000000001,20319,285185704,25
83600000,4845974,42825182,8.83727,20322,285208800,18
83650000,4846009,42826405,8.83746,20322,285233300,19
83700000,4846044,42827612,8.837639999999999,20322,285259615,25
83750000,4846077,42828776,8.837819999999999,20324,285284037,24
83800000,4846108,42829921,8.838,20324,285306072,24
83850000,4846143,42830963,8.83816,20324,285328808,14
83900000,4846173,42832091,8.838330000000001,20324,285350759,19
83950000,4846197,42833115,8.8385,20324,285370570,23
84000000,4846219,42834105,8.83866,20324,285391573,17
84050000,4846235,42835129,8.83885,20324,285410658,25
84100000,4846251,42836104,8.83902,20324,285428245,17
84150000,4846283,42837053,8.839160000000001,20324,285446543,16
84200000,4846304,42837947,8.8393,20324,285464070,14
84250000,4846332,42838826,8.83943,20324,285484135,26
84300000,4846358,42839654,8.83956,20324,285501369,11
84350000,4846378,42840486,8.83969,20324,285517931,14
84400000,4846394,42841225,8.83981,20324,285533349,17
84450000,4846408,42842016,8.83995,20324,285549985,13
84500000,4846422,42842740,8.84008,20324,285562980,11
84550000,4846432,42843415,8.8402,20324,285576737,13
84600000,4846445,42844067,8.84031,20324,285591011,15
84650000,4846458,42844700,8.84041,20324,285604702,14
84700000,4846474,42845315,8.84051,20329,285617562,11
84750000,4846484,42845876,8.84061,20329,285633429,7
84800000,4846497,42846374,8.840689999999999,20331,285643793,16
84850000,4846508,42846881,8.84077,20331,285653416,9
84900000,4846520,42847374,8.84085,20331,285661221,9
84950000,4846531,42847848,8.84093,20331,285667456,11
85000000,4846538,42848285,8.84101,20331,285676184,8
85050000,4846548,42848675,8.84107,20331,285683120,5
85100000,4846560,42849057,8.84113,20331,285690047,3
85150000,4846571,42849407,8.84118,20331,285696316,8
85200000,4846575,42849702,8.84123,20331,285701709,9
85250000,4846582,42849991,8.841280000000001,20331,285706721,3
85300000,4846588,42850245,8.84132,20331,285711109,2
85350000,4846591,42850482,8.84137,20331,285716106,7
85400000,4846598,42850667,8.841389999999999,20333,285719119,5
85450000,4846600,42850842,8.84142,20333,285722813,3
85500000,4846604,42851002,8.84145,20333,285726244,2
85550000,4846606,42851101,8.84147,20333,285727846,5
85600000,4846606,42851176,8.84148,20333,285728449,1
85650000,4846607,42851213,8.84149,20333,285729700,0
85700000,4846609,42851237,8.84149,20333,285730264,1
