timestep,num_nodes,num_edges,average_degree,max_degree,num_triangles,new_edges
0,1965,1000,0.5089060000000001,3,0,1000
50000,93491,50980,0.545293,23,4,999
100000,175445,100934,0.575303,45,11,999
150000,250934,150864,0.60121,72,24,1000
200000,321152,200754,0.625106,90,49,993
250000,386933,250630,0.6477350000000001,113,80,997
300000,448687,300466,0.669656,138,139,997
350000,507315,350272,0.690443,164,225,997
400000,563113,400057,0.710438,183,324,993
450000,616052,449810,0.7301489999999999,220,437,990
500000,666610,499522,0.749347,240,584,993
550000,714881,549196,0.768234,263,751,995
600000,761407,598875,0.786537,285,959,993
650000,805939,648525,0.804682,307,1183,986
700000,849035,698158,0.8222959999999999,337,1439,991
750000,890277,747744,0.8399,352,1754,997
800000,930357,797339,0.857025,382,2118,992
850000,968698,846820,0.874184,416,2499,992
900000,1006408,896327,0.8906200000000001,442,2913,990
950000,1042946,945811,0.9068649999999999,459,3376,990
1000000,1078564,995246,0.922751,486,3932,980
1050000,1113170,1044666,0.9384600000000001,509,4530,985
1100000,1146578,1094018,0.954159,533,5127,980
1150000,1179518,1143351,0.9693370000000001,553,5855,992
1200000,1211101,1192653,0.984768,567,6634,984
1250000,1242192,1241948,0.9998040000000001,591,7467,985
1300000,1272036,1291189,1.01506,620,8383,983
1350000,1301172,1340425,1.03017,648,9337,985
1400000,1330129,1389645,1.04474,675,10363,986
1450000,1357929,1438789,1.05955,694,11506,984
1500000,1385267,1487906,1.07409,715,12750,976
1550000,1411780,1537076,1.08875,747,14027,986
1600000,1437673,1586131,1.1032600000000001,768,15444,984
1650000,1463355,1635182,1.11742,792,16880,987
1700000,1488248,1684169,1.13165,823,18438,988
1750000,1512554,1733107,1.14581,847,20081,975
1800000,1536387,1782009,1.1598700000000002,873,21793,979
1850000,1559949,1831010,1.1737600000000001,903,23572,981
1900000,1582934,1879914,1.18761,923,25466,984
1950000,1605415,1928760,1.20141,944,27423,982
2000000,1627611,1977621,1.21505,968,29449,980
2050000,1649144,2026377,1.22874,988,31681,978
2100000,1670294,2075157,1.2423899999999999,1012,33960,983
2150000,1691165,2123888,1.25587,1037,36289,978
2200000,1711412,2172589,1.26947,1058,38766,959
2250000,1731925,2221323,1.28257,1075,41292,973
2300000,1751832,2269982,1.29578,1108,44113,971
2350000,1771462,2318583,1.30885,1136,46888,974
2400000,1790599,2367256,1.32205,1150,50053,976
2450000,1809318,2415770,1.33518,1171,53200,971
2500000,1828291,2464375,1.34791,1187,56453,978
2550000,1846394,2512875,1.36096,1207,59903,962
2600000,1864498,2561350,1.37375,1226,63374,968
2650000,1881979,2609763,1.38671,1245,67031,959
2700000,1899369,2658209,1.39952,1278,70812,965
2750000,1916618,2706606,1.41218,1298,74731,962
2800000,1933543,2754961,1.4248299999999998,1315,78711,968
2850000,1950141,2803239,1.43745,1336,82965,968
2900000,1966596,2851500,1.44997,1357,87283,969
2950000,1982736,2899798,1.46252,1380,91711,963
3000000,1998608,2948098,1.47508,1399,96231,967
3050000,2014482,2996336,1.4874,1429,100917,972
3100000,2030029,3044594,1.49978,1445,105889,978
3150000,2045383,3092759,1.51207,1471,110997,957
3200000,2060470,3140924,1.52437,1495,116148,973
3250000,2075395,3189113,1.53663,1507,121389,966
3300000,2090103,3237125,1.54879,1536,126917,953
3350000,2104778,3285178,1.56082,1554,132637,953
3400000,2118885,3333247,1.57311,1570,138518,956
3450000,2133053,3381227,1.5851600000000001,1591,144394,948
3500000,2147130,3429168,1.59709,1614,150576,952
3550000,2161145,3477117,1.6089200000000001,1637,157310,954
3600000,2174800,3525094,1.6208799999999999,1656,163741,963
3650000,2188154,3572987,1.6328799999999999,1668,170488,946
3700000,2201514,3620844,1.64471,1700,177237,949
3750000,2214352,3668623,1.65675,1724,184488,960
3800000,2227350,3716433,1.6685400000000001,1745,191803,960
3850000,2240336,3764142,1.6801700000000002,1776,199181,951
3900000,2253010,3811852,1.6918900000000001,1794,206751,961
3950000,2265396,3859586,1.7037099999999998,1816,214572,964
4000000,2277718,3907377,1.71548,1839,222512,955
4050000,2289929,3954982,1.72712,1846,230649,953
4100000,2302026,4002522,1.7387,1874,238983,951
4150000,2313922,4050081,1.7503099999999998,1897,247575,937
4200000,2325855,4097653,1.76178,1921,256401,953
4250000,2337454,4145196,1.77338,1943,265409,945
4300000,2349143,4192770,1.7848099999999998,1965,274666,941
4350000,2360803,4240248,1.7961,1996,283893,957
4400000,2372198,4287752,1.8075,2020,293465,942
4450000,2383411,4335189,1.8189,2035,303539,948
4500000,2394571,4382572,1.83021,2052,313486,944
4550000,2405800,4429965,1.8413700000000002,2075,323678,954
4600000,2416671,4477369,1.8527,2100,334073,957
4650000,2427588,4524679,1.8638599999999999,2122,344722,951
4700000,2438341,4572042,1.87506,2138,355600,935
4750000,2449050,4619358,1.88618,2171,366734,948
4800000,2459598,4666634,1.8973200000000001,2195,378154,934
4850000,2469948,4713800,1.9084599999999998,2222,389820,944
4900000,2480424,4760979,1.9194200000000001,2244,401563,940
4950000,2490693,4808142,1.9304400000000002,2277,413576,946
5000000,2500907,4855257,1.9414,2291,425548,937
5050000,2510665,4902307,1.95259,2310,437928,946
5100000,2520654,4949296,1.9635,2326,450747,956
5150000,2530377,4996316,1.97453,2348,463163,935
5200000,2540089,5043276,1.98547,2363,475692,936
5250000,2549791,5090299,1.99636,2389,489228,928
5300000,2559423,5137235,2.00718,2401,502438,950
5350000,2568844,5184117,2.0180700000000003,2421,516263,934
5400000,2578202,5231002,2.02893,2449,530310,938
5450000,2587320,5277728,2.0398400000000003,2464,544522,928
5500000,2596441,5324514,2.0507,2485,559271,932
5550000,2605590,5371282,2.06145,2507,573830,946
5600000,2614659,5418019,2.0721700000000003,2530,588716,940
5650000,2623630,5464767,2.0829,2559,603710,940
5700000,2632561,5511518,2.0936,2576,618604,926
5750000,2641499,5558239,2.1042,2595,634176,925
5800000,2650351,5604912,2.11478,2615,650542,941
5850000,2659145,5651536,2.12532,2637,667195,927
5900000,2667912,5698177,2.1358200000000003,2653,683630,937
5950000,2676569,5744745,2.1463099999999997,2680,699834,932
6000000,2684862,5791243,2.157,2704,716972,922
6050000,2693276,5837697,2.16751,2724,734354,920
6100000,2701608,5884191,2.17803,2749,751907,934
6150000,2709959,5930722,2.1884900000000003,2775,769986,930
6200000,2718213,5977117,2.1989099999999997,2799,787648,930
6250000,2726547,6023487,2.2092,2816,806379,925
6300000,2734733,6069837,2.2195400000000003,2828,825271,931
6350000,2742636,6116175,2.2300400000000002,2850,844427,931
6400000,2750715,6162455,2.24031,2881,863747,914
6450000,2758458,6208641,2.25077,2900,883511,921
6500000,2766267,6254856,2.26112,2917,903920,909
6550000,2773912,6300918,2.27149,2932,924056,937
6600000,2781846,6347127,2.28162,2959,944691,933
6650000,2789523,6393240,2.29188,2975,965213,933
6700000,2797180,6439298,2.30207,2995,985615,913
6750000,2804666,6485328,2.3123400000000003,3023,1006199,923
6800000,2812253,6531360,2.32247,3048,1027934,915
6850000,2819592,6577384,2.3327400000000003,3080,1050727,932
6900000,2826933,6623347,2.34294,3104,1072970,919
6950000,2834491,6669372,2.3529299999999997,3128,1095721,931
7000000,2841866,6715290,2.36299,3149,1118513,920
7050000,2849230,6761219,2.373,3171,1141539,910
7100000,2856505,6807060,2.383,3188,1165095,926
7150000,2863792,6852827,2.39292,3217,1188493,912
7200000,2870860,6898682,2.403,3227,1212173,912
7250000,2878067,6944489,2.4129,3247,1236971,922
7300000,2885068,6990233,2.4229,3270,1261173,922
7350000,2892075,7036039,2.43287,3295,1285638,904
7400000,2899009,7081710,2.4428,3323,1310338,915
7450000,2905977,7127430,2.45268,3342,1336084,899
7500000,2912775,7173116,2.46264,3361,1361304,914
7550000,2919643,7218723,2.47247,3381,1386867,910
7600000,2926380,7264237,2.48233,3408,1413619,900
7650000,2933141,7309740,2.49212,3434,1440510,921
7700000,2939865,7355304,2.50192,3452,1467855,907
7750000,2946394,7400912,2.51185,3472,1495177,888
7800000,2952989,7446371,2.52164,3497,1523039,918
7850000,2959567,7491832,2.53139,3527,1551524,919
7900000,2966052,7537314,2.5411900000000003,3544,1579444,907
7950000,2972462,7582820,2.5510200000000003,3558,1608675,914
8000000,2978847,7628181,2.56078,3578,1637349,910
8050000,2985166,7673516,2.57055,3602,1666382,907
8100000,2991544,7718688,2.58017,3633,1694810,890
8150000,2998049,7763912,2.58965,3658,1724496,895
8200000,3004069,7809107,2.59951,3672,1755153,887
8250000,3010313,7854396,2.6091599999999997,3697,1785606,925
8300000,3016353,7899527,2.6189,3712,1817115,918
8350000,3022394,7944580,2.62857,3731,1848455,899
8400000,3028513,7989689,2.63816,3751,1879295,898
8450000,3034571,8034793,2.64775,3777,1911196,904
8500000,3040521,8079845,2.6573900000000004,3796,1942567,929
8550000,3046550,8124833,2.6669,3818,1975382,905
8600000,3052624,8169848,2.67634,3837,2008016,889
8650000,3058741,8214824,2.68569,3858,2041370,896
8700000,3064731,8259810,2.69512,3887,2073833,909
8750000,3070574,8304880,2.70467,3902,2107253,904
8800000,3076337,8349684,2.7141599999999997,3931,2142014,890
8850000,3082133,8394339,2.72355,3947,2176177,878
8900000,3087792,8439291,2.73312,3973,2211785,890
8950000,3093575,8484094,2.74249,3993,2247219,879
9000000,3099130,8529045,2.75208,4017,2283246,894
9050000,3104742,8573894,2.76155,4031,2319993,911
9100000,3110384,8618560,2.7709,4043,2356281,892
9150000,3115980,8663170,2.78024,4075,2392767,892
9200000,3121555,8707774,2.78956,4092,2430262,891
9250000,3127102,8752315,2.79886,4117,2467715,886
9300000,3132426,8796890,2.8083299999999998,4137,2505244,908
9350000,3137877,8841401,2.8176400000000004,4159,2542792,904
9400000,3143431,8885949,2.8268299999999997,4177,2580803,895
9450000,3149058,8930537,2.8359400000000003,4196,2620075,910
9500000,3154456,8975003,2.84518,4222,2658259,885
9550000,3159816,9019514,2.8544400000000003,4252,2697207,873
9600000,3165172,9063859,2.86362,4270,2737198,889
9650000,3170422,9108259,2.87289,4292,2777118,879
9700000,3175733,9152465,2.8819999999999997,4315,2817952,893
9750000,3181010,9196779,2.89115,4333,2858131,879
9800000,3186189,9241137,2.90037,4358,2899570,878
9850000,3191422,9285300,2.9094599999999997,4374,2941409,869
9900000,3196456,9329564,2.91872,4394,2983937,888
9950000,3201491,9373835,2.9279599999999997,4411,3026684,872
10000000,3206556,9418006,2.9371099999999997,4429,3070329,897
10050000,3211544,9462204,2.94631,4448,3112943,894
10100000,3216580,9506268,2.9554,4476,3155895,864
10150000,3221614,9550380,2.96447,4505,3199562,868
10200000,3226675,9594495,2.97349,4532,3243853,891
10250000,3231707,9638456,2.98247,4558,3288209,890
10300000,3236766,9682561,2.99143,4582,3334041,895
10350000,3241709,9726585,3.00045,4601,3379354,879
10400000,3246652,9770427,3.0093900000000002,4613,3424394,868
10450000,3251534,9814292,3.01836,4631,3471351,871
10500000,3256299,9858160,3.0274099999999997,4650,3517318,880
10550000,3261144,9902128,3.0364,4674,3564983,869
10600000,3265946,9946005,3.04537,4689,3611998,882
10650000,3270730,9989686,3.0542700000000003,4709,3660171,895
10700000,3275539,10033511,3.06316,4727,3708486,871
10750000,3280297,10077277,3.07206,4747,3758610,883
10800000,3284994,10120981,3.08097,4761,3806617,865
10850000,3289688,10164764,3.08989,4782,3856453,894
10900000,3294234,10208460,3.0988900000000004,4807,3906052,878
10950000,3298818,10252052,3.1078,4836,3955723,868
11000000,3303439,10295573,3.11662,4862,4006915,879
11050000,3308140,10339093,3.12535,4889,4058274,861
11100000,3312659,10382468,3.1341799999999997,4899,4109091,877
11150000,3317207,10426121,3.14304,4919,4160646,879
11200000,3321752,10469568,3.1518200000000003,4947,4212579,853
11250000,3326377,10512904,3.16047,4968,4264570,852
11300000,3330747,10556344,3.1693599999999997,4983,4317353,875
11350000,3335200,10599733,3.17814,5001,4370528,878
11400000,3339608,10642920,3.18688,5016,4423686,850
11450000,3344020,10686352,3.1956599999999997,5037,4478054,859
11500000,3348486,10729577,3.20431,5060,4533581,842
11550000,3352876,10772819,3.2130099999999997,5078,4588121,857
11600000,3357251,10816083,3.22171,5100,4642914,849
11650000,3361612,10859356,3.2304,5117,4697670,878
11700000,3365911,10902649,3.2391400000000004,5143,4752657,864
11750000,3370233,10945865,3.24781,5160,4808184,880
11800000,3374437,10988895,3.25651,5184,4863990,842
11850000,3378808,11031993,3.26505,5204,4919775,871
11900000,3383045,11075052,3.27369,5226,4977663,850
11950000,3387315,11118013,3.28225,5242,5036280,858
12000000,3391463,11161103,3.29094,5265,5095625,874
12050000,3395760,11204065,3.29943,5282,5153416,856
12100000,3399899,11246935,3.3080199999999995,5306,5212657,847
12150000,3403968,11289860,3.3166800000000003,5321,5272391,870
12200000,3408087,11332839,3.3252800000000002,5341,5330122,849
12250000,3412171,11375771,3.33388,5358,5391689,839
12300000,3416358,11418577,3.3423199999999995,5373,5451286,840
12350000,3420446,11461364,3.3508400000000003,5398,5512505,849
12400000,3424439,11504146,3.35943,5412,5575058,840
12450000,3428288,11546867,3.3681099999999997,5437,5639364,844
12500000,3432429,11589626,3.3765099999999997,5453,5701344,874
12550000,3436310,11632383,3.3851400000000003,5494,5764761,855
12600000,3440378,11675108,3.39355,5510,5825925,848
12650000,3444521,11717710,3.40184,5525,5891012,833
12700000,3448491,11760288,3.4102699999999997,5542,5955576,856
12750000,3452422,11802951,3.41875,5560,6020231,850
12800000,3456400,11845467,3.42711,5578,6086615,857
12850000,3460290,11888033,3.4355599999999997,5597,6150288,851
12900000,3464210,11930620,3.4439699999999998,5610,6216816,861
12950000,3468097,11973002,3.4523300000000003,5623,6285270,864
13000000,3471992,12015413,3.46067,5650,6352570,847
13050000,3475798,12057811,3.4690800000000004,5667,6420762,859
13100000,3479518,12100224,3.47756,5684,6487840,844
13150000,3483205,12142522,3.48602,5696,6557113,848
13200000,3487027,12184831,3.49433,5716,6626556,838
13250000,3490761,12227221,3.50274,5740,6696171,838
13300000,3494476,12269463,3.5111,5756,6765061,846
13350000,3498205,12311662,3.5194199999999998,5782,6833038,834
13400000,3501973,12353859,3.52769,5804,6903950,840
13450000,3505695,12395969,3.53595,5827,6974913,832
13500000,3509338,12438038,3.5442699999999996,5842,7046083,849
13550000,3513094,12480214,3.55249,5867,7118388,843
13600000,3516867,12522329,3.56065,5881,7189493,851
13650000,3520580,12564290,3.56881,5890,7262066,862
13700000,3524151,12606214,3.57709,5913,7335632,851
13750000,3527742,12648234,3.5853599999999997,5931,7408035,846
13800000,3531241,12690101,3.59367,5941,7482422,812
13850000,3534721,12732011,3.60198,5956,7557964,833
13900000,3538281,12774010,3.6102300000000005,5980,7635226,862
13950000,3541856,12815860,3.6184,5992,7709941,834
14000000,3545435,12857753,3.6265699999999996,6015,7788381,848
14050000,3549018,12899609,3.6347,6031,7862685,829
14100000,3552662,12941441,3.6427400000000003,6051,7939117,857
14150000,3556192,12983064,3.6508300000000005,6069,8016233,831
14200000,3559753,13024810,3.6589099999999997,6089,8094097,826
14250000,3563220,13066581,3.66707,6105,8171369,858
14300000,3566712,13108332,3.67519,6119,8251313,833
14350000,3570268,13149918,3.6831699999999996,6132,8330500,838
14400000,3573730,13191408,3.6912199999999995,6150,8409074,846
14450000,3577211,13232997,3.69925,6169,8488173,826
14500000,3580659,13274551,3.70729,6194,8568833,833
14550000,3584146,13315912,3.7152300000000005,6220,8649715,825
14600000,3587455,13357421,3.7233699999999996,6246,8731564,846
14650000,3590857,13398885,3.73139,6260,8813354,852
14700000,3594223,13440294,3.7394199999999995,6295,8895509,829
14750000,3597493,13481684,3.7475199999999997,6314,8979324,817
14800000,3600873,13523206,3.7555400000000003,6337,9063154,828
14850000,3604222,13564424,3.7634800000000004,6350,9144811,848
14900000,3607518,13605713,3.77149,6383,9225617,833
14950000,3610844,13647059,3.77947,6400,9309138,813
15000000,3614149,13688318,3.7874199999999996,6426,9394865,826
15050000,3617461,13729667,3.7953900000000003,6446,9478720,828
15100000,3620750,13770847,3.8033099999999997,6469,9564300,824
15150000,3624046,13812166,3.81126,6484,9650824,850
15200000,3627376,13853309,3.8191,6496,9736968,801
15250000,3630655,13894545,3.82701,6523,9822946,827
15300000,3633750,13935609,3.83505,6540,9909722,840
15350000,3637008,13976797,3.84294,6557,9996778,820
15400000,3640190,14017862,3.85086,6570,10083589,820
15450000,3643392,14058990,3.8587599999999997,6598,10172237,825
15500000,3646437,14099892,3.8667599999999998,6621,10257347,798
15550000,3649607,14140792,3.8746099999999997,6642,10345798,830
15600000,3652693,14181669,3.8825199999999995,6662,10435696,828
15650000,3655891,14222685,3.89035,6683,10523742,824
15700000,3658938,14263524,3.8982699999999997,6699,10614320,817
15750000,3662000,14304214,3.9061199999999996,6718,10704697,826
15800000,3665136,14345142,3.91395,6739,10795704,807
15850000,3668334,14385808,3.92162,6762,10888580,798
15900000,3671338,14426565,3.92951,6791,10983332,809
15950000,3674427,14467250,3.9372800000000003,6822,11077063,819
16000000,3677491,14507903,3.94505,6839,11168188,797
16050000,3680533,14548477,3.9528199999999996,6859,11262284,810
16100000,3683533,14589061,3.9606199999999996,6879,11355717,798
16150000,3686536,14629645,3.9684,6890,11448934,809
16200000,3689516,14670061,3.97615,6912,11542598,805
16250000,3692563,14710491,3.9838199999999997,6939,11642936,799
16300000,3695543,14750968,3.9915599999999998,6957,11738880,808
16350000,3698506,14791413,3.9992900000000002,6972,11833845,805
16400000,3701440,14832052,4.0071,6993,11930858,810
16450000,3704393,14872363,4.0147900000000005,7008,12029913,816
16500000,3707285,14912819,4.02257,7025,12128913,824
16550000,3710294,14953117,4.03017,7042,12229904,781
16600000,3713400,14993419,4.03765,7068,12328501,813
16650000,3716347,15033556,4.04525,7079,12428518,823
16700000,3719237,15073734,4.05291,7101,12528212,809
16750000,3722156,15113925,4.06053,7113,12629317,808
16800000,3725042,15154195,4.06819,7128,12730475,842
16850000,3727941,15194292,4.0757900000000005,7156,12834323,801
16900000,3730819,15234319,4.0833699999999995,7177,12936093,817
16950000,3733721,15274333,4.09091,7193,13036313,808
17000000,3736588,15314451,4.09851,7208,13135349,771
17050000,3739522,15354515,4.1060099999999995,7222,13237441,793
17100000,3742442,15394549,4.1135,7232,13338320,800
17150000,3745221,15434588,4.1211400000000005,7247,13440706,799
17200000,3748035,15474509,4.1287,7265,13544416,799
17250000,3750897,15514480,4.13621,7278,13648588,802
17300000,3753671,15554381,4.1437800000000005,7303,13752627,789
17350000,3756427,15594278,4.1513599999999995,7321,13860155,788
17400000,3759207,15634071,4.158869999999999,7339,13965237,791
17450000,3762017,15673929,4.16636,7360,14073987,785
17500000,3764807,15713784,4.1738599999999995,7380,14180878,815
17550000,3767620,15753570,4.18131,7400,14286149,798
17600000,3770385,15793335,4.18879,7419,14390540,768
17650000,3773193,15833129,4.19621,7434,14499392,800
17700000,3775913,15872791,4.2037,7453,14607067,798
17750000,3778590,15912443,4.2112099999999995,7471,14716462,770
17800000,3781285,15952110,4.2187,7487,14824104,763
17850000,3784010,15991727,4.22613,7510,14933654,774
17900000,3786709,16031370,4.23359,7530,15045102,794
17950000,3789310,16071036,4.24115,7549,15160079,793
18000000,3792072,16110617,4.2485,7569,15271267,789
18050000,3794709,16150154,4.25597,7589,15382874,795
18100000,3797285,16189626,4.26347,7599,15496409,777
18150000,3799876,16229044,4.27094,7621,15611318,799
18200000,3802353,16268362,4.2785,7647,15727207,813
18250000,3804972,16307632,4.28587,7672,15841392,787
18300000,3807552,16347050,4.29332,7686,15956849,782
18350000,3810128,16386336,4.300730000000001,7704,16071956,787
18400000,3812704,16425554,4.30811,7734,16186909,787
18450000,3815398,16464922,4.31539,7753,16303109,777
18500000,3818001,16504240,4.3227400000000005,7762,16419702,789
18550000,3820592,16543311,4.33004,7775,16533836,795
18600000,3823123,16582426,4.3374,7787,16649255,779
18650000,3825701,16621514,4.3447,7807,16768499,795
18700000,3828302,16660558,4.35194,7827,16886232,788
18750000,3830846,16699679,4.3592699999999995,7838,17007287,800
18800000,3833308,16738676,4.36664,7852,17125499,794
18850000,3835857,16777768,4.3739300000000005,7869,17244673,774
18900000,3838401,16816718,4.3811800000000005,7895,17367167,780
18950000,3840933,16855720,4.38844,7915,17488805,778
19000000,3843400,16894723,4.39578,7942,17606738,782
19050000,3845951,16933574,4.40296,7962,17731005,800
19100000,3848453,16972411,4.41019,7989,17851418,762
19150000,3850897,17011288,4.41749,8011,17973381,776
19200000,3853321,17049988,4.42475,8017,18095384,776
19250000,3855840,17088853,4.43194,8044,18218760,787
19300000,3858337,17127520,4.43909,8062,18341686,786
19350000,3860869,17166156,4.4461900000000005,8082,18465294,781
19400000,3863346,17204887,4.45336,8101,18591655,782
19450000,3865797,17243464,4.46052,8110,18716116,779
19500000,3868253,17281993,4.46765,8126,18840587,766
19550000,3870593,17320628,4.4749300000000005,8138,18963843,748
19600000,3873085,17359249,4.4820199999999994,8157,19090551,769
19650000,3875459,17397878,4.489240000000001,8178,19219688,764
19700000,3877871,17436219,4.49634,8194,19344809,774
19750000,3880301,17474712,4.50344,8205,19473687,759
19800000,3882700,17513213,4.51058,8228,19603751,743
19850000,3885024,17551562,4.51775,8232,19736275,771
19900000,3887363,17589945,4.5249,8247,19865796,780
19950000,3889700,17628290,4.53204,8261,19992798,754
20000000,3892021,17666556,4.5391699999999995,8283,20125171,777
20050000,3894343,17704823,4.54629,8301,20255012,771
20100000,3896654,17743136,4.5534300000000005,8311,20385080,750
20150000,3899030,17781326,4.56045,8337,20515788,759
20200000,3901443,17819498,4.56741,8361,20648847,757
20250000,3903791,17857714,4.57445,8383,20780536,767
20300000,3906111,17895848,4.5815,8389,20914406,780
20350000,3908528,17934164,4.58847,8408,21046742,789
20400000,3910794,17972459,4.5956,8422,21181189,748
20450000,3913050,18010500,4.60268,8441,21315042,753
20500000,3915337,18048583,4.60971,8456,21447579,752
20550000,3917623,18086825,4.61679,8476,21582935,775
20600000,3920006,18124721,4.62365,8495,21717297,780
20650000,3922255,18162699,4.63068,8501,21851124,767
20700000,3924572,18200653,4.63761,8517,21986497,753
20750000,3926888,18238498,4.64452,8535,22122518,766
20800000,3929116,18276552,4.6515699999999995,8550,22258805,767
20850000,3931366,18314399,4.658530000000001,8565,22400291,752
20900000,3933568,18352200,4.66554,8584,22539360,737
20950000,3935735,18389891,4.672540000000001,8593,22678525,760
21000000,3937912,18427741,4.67957,8613,22820809,761
21050000,3940078,18465434,4.68657,8633,22959673,748
21100000,3942273,18503075,4.6935,8655,23102042,739
21150000,3944429,18540766,4.70049,8672,23240786,760
21200000,3946592,18578456,4.70747,8696,23383950,775
21250000,3948870,18616077,4.7142800000000005,8707,23526550,766
21300000,3951054,18653679,4.72119,8729,23667881,757
21350000,3953234,18691226,4.72808,8747,23808264,763
21400000,3955492,18728597,4.7348300000000005,8764,23951340,755
21450000,3957640,18766005,4.74172,8778,24096967,745
21500000,3959798,18803459,4.74859,8797,24242251,751
21550000,3961995,18840961,4.75542,8818,24386820,734
21600000,3964169,18878318,4.76224,8840,24527650,742
21650000,3966260,18915804,4.76918,8852,24674771,746
21700000,3968371,18953157,4.77605,8876,24823034,750
21750000,3970433,18990423,4.78296,8895,24973596,744
21800000,3972573,19027762,4.78978,8914,25119740,773
21850000,3974740,19064881,4.79651,8934,25262876,716
21900000,3976784,19101912,4.80336,8942,25414326,756
21950000,3978912,19139214,4.81016,8957,25562870,753
22000000,3981039,19176419,4.81694,8980,25707829,750
22050000,3983122,19213623,4.82376,8991,25852151,756
22100000,3985235,19250635,4.83049,9018,26005313,722
22150000,3987299,19287819,4.8373099999999996,9033,26154766,743
22200000,3989432,19324759,4.84399,9049,26302319,742
22250000,3991505,19361730,4.85073,9067,26451762,721
22300000,3993591,19398687,4.85745,9091,26603357,745
22350000,3995640,19435657,4.8642199999999995,9106,26754774,740
22400000,3997712,19472635,4.87094,9127,26909000,741
22450000,3999731,19509581,4.87772,9148,27061504,761
22500000,4001782,19546563,4.88446,9165,27215064,748
22550000,4003844,19583347,4.89114,9185,27369377,725
22600000,4005857,19620109,4.89786,9193,27519474,728
22650000,4007885,19656949,4.90457,9218,27676795,764
22700000,4009950,19693678,4.9112,9236,27829333,747
22750000,4011952,19730514,4.91793,9245,27983654,728
22800000,4013992,19767241,4.924580000000001,9255,28141594,724
22850000,4016041,19803832,4.93118,9273,28298909,734
22900000,4018067,19840385,4.937790000000001,9283,28454979,693
22950000,4020090,19876960,4.9444099999999995,9304,28614526,722
23000000,4022042,19913589,4.95111,9319,28771220,725
23050000,4024056,19950027,4.95769,9335,28927821,733
23100000,4025996,19986461,4.96435,9348,29084929,714
23150000,4028019,20022880,4.9709,9373,29245475,720
23200000,4030135,20059264,4.97732,9391,29404590,732
23250000,4032106,20095787,4.9839400000000005,9402,29564550,742
23300000,4034044,20132063,4.99054,9411,29723368,697
23350000,4036037,20168419,4.99708,9432,29887206,757
23400000,4038010,20204857,5.00367,9443,30041911,729
23450000,4039948,20241237,5.010269999999999,9457,30198521,718
23500000,4041912,20277289,5.01676,9480,30353977,707
23550000,4043894,20313752,5.0233099999999995,9492,30514062,731
23600000,4045812,20349938,5.02988,9513,30680135,735
23650000,4047752,20386243,5.03644,9536,30844077,732
23700000,4049630,20422667,5.04309,9552,31013831,715
23750000,4051583,20458990,5.0496300000000005,9573,31179157,725
23800000,4053521,20495198,5.05615,9583,31344368,725
23850000,4055477,20531224,5.06259,9594,31507281,725
23900000,4057407,20567293,5.06907,9608,31667787,742
23950000,4059292,20603385,5.07561,9625,31837880,725
24000000,4061149,20639195,5.08211,9642,32003535,716
24050000,4063024,20675100,5.0886,9657,32168012,731
24100000,4064897,20711061,5.0951,9666,32338559,722
24150000,4066728,20746944,5.10163,9682,32505984,704
24200000,4068572,20782673,5.1081,9692,32676638,727
24250000,4070487,20818618,5.11453,9712,32848942,731
24300000,4072334,20854354,5.12098,9724,33019151,710
24350000,4074201,20890130,5.12742,9744,33187692,724
24400000,4076168,20925947,5.13373,9758,33356104,711
24450000,4078013,20961697,5.1401699999999995,9774,33527539,701
24500000,4079871,20997177,5.14653,9794,33703099,719
24550000,4081705,21032787,5.15294,9812,33875270,707
24600000,4083481,21068450,5.15943,9827,34043535,697
24650000,4085348,21104143,5.16581,9847,34211850,730
24700000,4087202,21139721,5.1721699999999995,9867,34388952,713
24750000,4088916,21175343,5.178719999999999,9888,34566989,715
24800000,4090700,21211006,5.18518,9911,34741131,698
24850000,4092422,21246439,5.19165,9924,34913654,703
24900000,4094227,21281837,5.19801,9939,35085962,718
24950000,4095976,21317387,5.20447,9961,35266054,704
25000000,4097775,21352810,5.2108300000000005,9981,35441265,711
25050000,4099569,21388314,5.21721,9997,35620847,695
25100000,4101409,21423893,5.22354,10013,35798210,711
25150000,4103163,21459350,5.22995,10028,35972239,708
25200000,4105022,21494680,5.236190000000001,10044,36149533,711
25250000,4106793,21530049,5.24255,10065,36330482,714
25300000,4108598,21565283,5.248819999999999,10082,36506182,713
25350000,4110386,21600585,5.25512,10094,36682272,713
25400000,4112196,21635664,5.261340000000001,10109,36865482,718
25450000,4113977,21670768,5.2676,10130,37048556,704
25500000,4115683,21706009,5.273969999999999,10147,37225177,718
25550000,4117439,21741176,5.28027,10155,37405344,691
25600000,4119210,21776115,5.28648,10170,37585371,706
25650000,4120930,21811164,5.2927800000000005,10180,37763892,698
25700000,4122626,21846250,5.29911,10197,37950556,709
25750000,4124370,21881225,5.30535,10221,38134051,709
25800000,4126083,21916045,5.31159,10235,38320756,699
25850000,4127954,21951135,5.31768,10245,38505593,715
25900000,4129724,21985914,5.3238199999999996,10262,38690593,695
25950000,4131467,22020810,5.330019999999999,10277,38873267,693
26000000,4133211,22055674,5.3362099999999995,10290,39059082,693
26050000,4134828,22090462,5.34253,10317,39247884,675
26100000,4136558,22125133,5.34868,10336,39435458,688
26150000,4138189,22159943,5.35499,10355,39624772,680
26200000,4139913,22194917,5.3612,10370,39814895,688
26250000,4141663,22229826,5.367369999999999,10386,40000001,661
26300000,4143339,22264413,5.37354,10401,40185626,721
26350000,4145043,22299090,5.3797,10413,40371722,687
26400000,4146695,22333812,5.38593,10435,40560850,712
26450000,4148353,22368386,5.39211,10450,40745312,683
26500000,4150024,22402822,5.39824,10467,40938103,674
26550000,4151729,22437180,5.4043,10488,41125999,689
26600000,4153404,22471559,5.4104,10499,41317392,712
26650000,4155093,22505886,5.41646,10510,41501612,691
26700000,4156783,22540446,5.4225699999999994,10531,41690022,706
26750000,4158456,22574964,5.4286900000000005,10544,41879360,691
26800000,4160144,22609273,5.43473,10561,42069002,676
26850000,4161837,22643559,5.44076,10578,42253468,685
26900000,4163518,22677963,5.44683,10599,42442838,687
26950000,4165186,22712226,5.45287,10606,42633457,691
27000000,4166824,22746619,5.45898,10627,42827684,689
27050000,4168400,22780957,5.46516,10650,43024313,682
27100000,4170033,22815042,5.47119,10669,43221652,688
27150000,4171683,22849259,5.4772300000000005,10689,43417994,709
27200000,4173393,22883422,5.483169999999999,10704,43613418,678
27250000,4174979,22917394,5.4892199999999995,10723,43808870,699
27300000,4176591,22951336,5.49523,10741,44003751,656
27350000,4178130,22985290,5.50133,10763,44201445,667
27400000,4179775,23019243,5.50729,10775,44395872,669
27450000,4181418,23053261,5.51326,10786,44589043,652
27500000,4183067,23087057,5.51917,10806,44782502,670
27550000,4184626,23121135,5.52526,10821,44975990,698
27600000,4186299,23155100,5.53116,10831,45170764,692
27650000,4187908,23189042,5.53714,10845,45368314,680
27700000,4189482,23222903,5.54314,10871,45568937,673
27750000,4191068,23256616,5.5490900000000005,10893,45769003,660
27800000,4192633,23290407,5.55508,10907,45970267,665
27850000,4194164,23324411,5.56116,10930,46175692,660
27900000,4195780,23358156,5.56706,10941,46375770,680
27950000,4197284,23391846,5.5730900000000005,10961,46576065,681
28000000,4198896,23425469,5.5789599999999995,10985,46770496,677
28050000,4200421,23459006,5.584919999999999,11002,46981310,680
28100000,4201911,23492583,5.59093,11018,47183940,679
28150000,4203433,23526265,5.59692,11032,47380014,675
28200000,4205017,23559915,5.60281,11064,47575621,689
28250000,4206557,23593449,5.60873,11078,47777144,692
28300000,4207999,23627146,5.61482,11088,47978295,675
28350000,4209440,23660575,5.62084,11108,48180055,640
28400000,4210951,23693926,5.62674,11126,48387093,694
28450000,4212585,23727309,5.63248,11133,48591424,696
28500000,4214118,23760661,5.63835,11148,48796772,672
28550000,4215580,23794110,5.64433,11166,48998773,678
28600000,4217056,23827289,5.65022,11181,49202847,657
28650000,4218479,23860453,5.6561699999999995,11189,49403619,674
28700000,4219989,23893783,5.66205,11205,49612475,695
28750000,4221485,23926899,5.66789,11222,49824861,646
28800000,4223011,23960035,5.673690000000001,11249,50029074,682
28850000,4224555,23993209,5.67946,11272,50237166,642
28900000,4225995,24026419,5.68539,11288,50443946,642
28950000,4227521,24059538,5.69117,11310,50654537,680
29000000,4229009,24092475,5.69696,11327,50859126,650
29050000,4230512,24125612,5.70276,11336,51073984,652
29100000,4232004,24158492,5.70852,11349,51278071,672
29150000,4233542,24191613,5.71427,11363,51490919,667
29200000,4235033,24224700,5.72007,11388,51707041,650
29250000,4236553,24257715,5.72581,11408,51920746,658
29300000,4238051,24290606,5.73155,11421,52130633,647
29350000,4239525,24323607,5.7373400000000006,11435,52342949,694
29400000,4240978,24356427,5.743119999999999,11447,52552436,666
29450000,4242514,24389215,5.74876,11455,52766881,644
29500000,4244017,24421981,5.75445,11471,52977940,658
29550000,4245460,24454773,5.7602199999999995,11487,53189893,659
29600000,4246883,24487501,5.76599,11503,53408014,637
29650000,4248393,24520089,5.7716199999999995,11520,53619759,648
29700000,4249867,24552765,5.7773,11534,53835451,662
29750000,4251284,24585483,5.7830699999999995,11549,54048405,646
29800000,4252747,24618106,5.78875,11562,54262216,658
29850000,4254230,24650609,5.79438,11582,54478093,670
29900000,4255635,24683052,5.80009,11602,54692871,625
29950000,4257106,24715659,5.80574,11611,54913338,622
30000000,4258441,24748130,5.81155,11622,55128961,649
30050000,4259850,24780487,5.81722,11640,55343287,621
30100000,4261306,24812951,5.82285,11661,55556564,633
30150000,4262731,24845340,5.8285,11675,55779214,653
30200000,4264138,24877638,5.83415,11693,55997015,682
30250000,4265607,24910080,5.83975,11708,56208396,655
30300000,4267104,24942398,5.845280000000001,11719,56421741,640
30350000,4268470,24974717,5.85098,11729,56643574,615
30400000,4269867,25007026,5.85663,11744,56859849,640
30450000,4271219,25039500,5.86238,11756,57085266,659
30500000,4272706,25071903,5.86792,11768,57305986,634
30550000,4274075,25103971,5.87354,11788,57526363,643
30600000,4275416,25136135,5.879230000000001,11810,57753476,672
30650000,4276759,25168136,5.88486,11825,57973242,630
30700000,4278079,25200309,5.890569999999999,11845,58194721,632
30750000,4279431,25232265,5.89617,11862,58412282,632
30800000,4280836,25264273,5.90171,11875,58640870,639
30850000,4282130,25296256,5.9074,11888,58868886,643
30900000,4283450,25328331,5.913069999999999,11900,59100949,665
30950000,4284845,25360403,5.91863,11917,59325763,638
31000000,4286192,25392375,5.9242300000000006,11935,59551008,629
31050000,4287582,25424165,5.92972,11955,59768390,600
31100000,4288854,25455792,5.93534,11962,59991392,661
31150000,4290155,25487572,5.94094,11982,60217667,641
31200000,4291547,25519301,5.94641,11995,60441027,603
31250000,4292844,25551208,5.95205,12008,60663997,637
31300000,4294243,25582832,5.95747,12021,60890718,646
31350000,4295626,25614784,5.9629900000000005,12039,61120620,669
31400000,4296941,25646566,5.96856,12051,61340753,632
31450000,4298308,25678157,5.974019999999999,12067,61571487,658
31500000,4299629,25709887,5.97956,12087,61802662,630
31550000,4300957,25741708,5.98511,12101,62036335,646
31600000,4302290,25773283,5.9906,12111,62261095,615
31650000,4303603,25804622,5.99605,12128,62494764,635
31700000,4304870,25835976,6.00157,12144,62724426,629
31750000,4306167,25867510,6.00708,12162,62957827,621
31800000,4307477,25898893,6.01254,12175,63189586,612
31850000,4308829,25930208,6.017919999999999,12185,63423660,620
31900000,4310130,25961680,6.02341,12206,63657956,636
31950000,4311479,25993011,6.02879,12214,63881623,614
32000000,4312808,26024494,6.03423,12231,64112912,644
32050000,4314078,26055751,6.0397,12241,64341495,628
32100000,4315426,26087073,6.04507,12256,64573437,639
32150000,4316715,26118335,6.05051,12276,64805740,624
32200000,4317987,26149526,6.05595,12298,65041001,652
32250000,4319291,26180668,6.06133,12311,65268799,598
32300000,4320591,26212113,6.06679,12329,65500510,606
32350000,4321887,26243207,6.07216,12333,65734563,609
32400000,4323213,26274314,6.0775,12355,65961919,626
32450000,4324476,26305464,6.08293,12369,66191524,620
32500000,4325729,26336576,6.08836,12384,66428252,619
32550000,4327112,26367747,6.09361,12401,66659763,600
32600000,4328399,26398779,6.09897,12416,66897232,609
32650000,4329703,26429727,6.10428,12430,67136572,634
32700000,4330893,26460549,6.109719999999999,12442,67372911,625
32750000,4332201,26491377,6.11499,12452,67612223,595
32800000,4333530,26522153,6.12022,12473,67841362,635
32850000,4334798,26553022,6.12555,12492,68081941,631
32900000,4336010,26583879,6.13095,12502,68319810,608
32950000,4337260,26614602,6.13627,12515,68560309,632
33000000,4338461,26645365,6.14166,12536,68795694,625
33050000,4339780,26676095,6.14688,12553,69038771,607
33100000,4341037,26706773,6.15216,12565,69281063,606
33150000,4342248,26737430,6.15751,12582,69518100,616
33200000,4343560,26768166,6.162730000000001,12598,69758480,600
33250000,4344837,26798815,6.1679699999999995,12617,69999733,604
33300000,4346093,26829315,6.1732,12631,70240980,593
33350000,4347302,26859872,6.17852,12646,70478413,630
33400000,4348535,26890324,6.18377,12650,70711156,605
33450000,4349812,26920716,6.1889400000000006,12667,70943715,629
33500000,4351004,26951364,6.1942900000000005,12680,71187260,591
33550000,4352172,26981829,6.1996199999999995,12693,71433364,611
33600000,4353384,27012277,6.20489,12710,71672466,604
33650000,4354604,27042666,6.21013,12732,71901964,601
33700000,4355813,27073069,6.21539,12742,72149016,623
33750000,4357045,27103288,6.2205699999999995,12758,72397794,620
33800000,4358241,27133843,6.22587,12763,72642774,596
33850000,4359389,27164126,6.23118,12773,72885015,613
33900000,4360572,27194324,6.23641,12790,73131369,583
33950000,4361747,27224526,6.2416599999999995,12804,73367731,594
34000000,4362950,27254774,6.2468699999999995,12820,73615621,595
34050000,4364232,27284931,6.25194,12837,73859324,603
34100000,4365390,27315028,6.25718,12850,74099207,604
34150000,4366585,27345135,6.26236,12869,74344735,589
34200000,4367796,27375153,6.2675,12884,74586378,620
34250000,4369000,27405232,6.27266,12887,74841169,584
34300000,4370166,27435250,6.27785,12901,75094599,577
34350000,4371331,27465211,6.28303,12908,75340271,599
34400000,4372516,27495050,6.28815,12925,75584193,605
34450000,4373668,27525005,6.29335,12934,75836580,596
34500000,4374725,27554945,6.2986699999999995,12941,76087166,575
34550000,4375865,27584735,6.30384,12956,76322104,638
34600000,4377029,27614520,6.30896,12972,76570077,602
34650000,4378213,27644379,6.314080000000001,12985,76815944,622
34700000,4379265,27674153,6.31936,12995,77067916,609
34750000,4380370,27703728,6.32452,13018,77313683,585
34800000,4381456,27733398,6.32972,13029,77556312,568
34850000,4382677,27762836,6.3346800000000005,13042,77805989,595
34900000,4383808,27792376,6.33978,13053,78059141,590
34950000,4385049,27821953,6.34473,13067,78304831,606
35000000,4386209,27851582,6.34981,13078,78562945,574
35050000,4387357,27880979,6.35485,13092,78813618,584
35100000,4388479,27910349,6.35991,13108,79058066,616
35150000,4389589,27940072,6.36508,13125,79312399,586
35200000,4390696,27969647,6.37021,13136,79565683,608
35250000,4391855,27999106,6.37523,13148,79825805,566
35300000,4392990,28028477,6.380269999999999,13170,80073002,612
35350000,4394100,28057700,6.38531,13182,80325576,589
35400000,4395211,28087029,6.39037,13188,80571258,590
35450000,4396340,28116438,6.39542,13190,80829377,593
35500000,4397406,28145767,6.40054,13217,81076467,563
35550000,4398502,28175158,6.40563,13232,81330716,572
35600000,4399615,28204446,6.41066,13245,81584152,560
35650000,4400677,28233580,6.41574,13263,81831538,551
35700000,4401870,28262604,6.42059,13274,82078677,598
35750000,4402903,28291733,6.4257,13300,82328716,577
35800000,4403933,28321033,6.43085,13313,82586122,540
35850000,4405069,28350334,6.43584,13329,82837954,575
35900000,4406178,28379368,6.44081,13339,83086237,566
35950000,4407286,28408268,6.44575,13357,83350390,573
36000000,4408414,28437292,6.45069,13369,83605971,562
36050000,4409600,28466225,6.455509999999999,13384,83863100,579
36100000,4410749,28495144,6.46039,13406,84122416,548
36150000,4411867,28523903,6.465269999999999,13416,84369773,556
36200000,4412938,28552741,6.47023,13431,84623499,588
36250000,4414029,28581593,6.475169999999999,13443,84883893,582
36300000,4415169,28610450,6.48004,13446,85137991,572
36350000,4416278,28639435,6.48497,13467,85396752,592
36400000,4417402,28668177,6.48983,13479,85648851,561
36450000,4418456,28696858,6.49477,13488,85905740,564
36500000,4419549,28725347,6.49961,13499,86151567,557
36550000,4420629,28753923,6.5044900000000005,13523,86413686,581
36600000,4421687,28782546,6.5094,13533,86670457,567
36650000,4422768,28811081,6.51426,13548,86917613,581
36700000,4423807,28839659,6.51919,13559,87177267,551
36750000,4424889,28868166,6.52404,13569,87424439,573
36800000,4425906,28896777,6.5290099999999995,13586,87688453,572
36850000,4426955,28925254,6.53389,13602,87945837,580
36900000,4428056,28953684,6.53869,13614,88198884,578
36950000,4429132,28982020,6.5435,13629,88451316,554
37000000,4430146,29010406,6.54841,13645,88714535,559
37050000,4431120,29038945,6.5534099999999995,13662,88973310,579
37100000,4432154,29067486,6.55832,13671,89232804,570
37150000,4433147,29095796,6.5632399999999995,13681,89489362,578
37200000,4434222,29124074,6.56802,13692,89752843,560
37250000,4435243,29152369,6.572889999999999,13710,90016935,566
37300000,4436231,29180534,6.577780000000001,13717,90280509,548
37350000,4437265,29208713,6.58259,13735,90538558,559
37400000,4438299,29236890,6.58741,13750,90794350,566
37450000,4439312,29264971,6.592230000000001,13768,91054042,541
37500000,4440420,29293041,6.59691,13781,91312601,546
37550000,4441535,29320999,6.60155,13799,91566570,544
37600000,4442577,29349158,6.606339999999999,13812,91827335,571
37650000,4443594,29377370,6.6111699999999995,13826,92094336,573
37700000,4444657,29405240,6.6158600000000005,13839,92357119,568
37750000,4445702,29433253,6.620610000000001,13850,92614647,573
37800000,4446756,29461089,6.6253,13863,92875667,552
37850000,4447754,29489083,6.63011,13873,93142944,568
37900000,4448799,29517090,6.63484,13888,93415182,572
37950000,4449797,29545141,6.639660000000001,13893,93679844,542
38000000,4450792,29572995,6.644430000000001,13918,93942525,558
38050000,4451791,29600780,6.64918,13928,94208403,539
38100000,4452850,29628590,6.65385,13944,94471220,554
38150000,4453909,29656371,6.6585,13952,94740031,556
38200000,4454910,29683893,6.663189999999999,13966,95004293,551
38250000,4455893,29711616,6.66794,13980,95269802,535
38300000,4456894,29739239,6.6726399999999995,13989,95541311,526
38350000,4457854,29766871,6.6774,14004,95807027,558
38400000,4458872,29794440,6.682060000000001,14011,96075073,547
38450000,4459835,29821996,6.686789999999999,14028,96343132,579
38500000,4460844,29849634,6.69148,14048,96607513,548
38550000,4461795,29877138,6.696210000000001,14063,96881080,550
38600000,4462793,29904743,6.7009,14080,97155317,582
38650000,4463813,29932316,6.70555,14104,97425255,589
38700000,4464766,29959838,6.71028,14112,97692161,540
38750000,4465749,29987396,6.714980000000001,14124,97960265,555
38800000,4466744,30014690,6.719589999999999,14133,98230351,545
38850000,4467726,30042013,6.72423,14143,98503958,552
38900000,4468643,30069441,6.72899,14149,98771000,548
38950000,4469589,30096635,6.73365,14168,99043895,539
39000000,4470545,30124033,6.738339999999999,14177,99311551,548
39050000,4471536,30151425,6.74297,14188,99581377,562
39100000,4472501,30178651,6.7476,14192,99854193,547
39150000,4473541,30205767,6.752089999999999,14208,100121742,545
39200000,4474444,30232832,6.75678,14223,100393352,534
39250000,4475346,30259875,6.7614600000000005,14233,100668163,525
39300000,4476308,30286886,6.766039999999999,14244,100948323,526
39350000,4477330,30314140,6.770580000000001,14255,101222130,557
39400000,4478282,30340903,6.775119999999999,14262,101490432,559
39450000,4479254,30367744,6.77964,14273,101763976,537
39500000,4480171,30394733,6.78428,14283,102032811,549
39550000,4481099,30421801,6.78892,14301,102297213,540
39600000,4482031,30448753,6.79352,14307,102568387,577
39650000,4482983,30475599,6.79806,14325,102845648,575
39700000,4483914,30502589,6.80267,14337,103121898,530
39750000,4484850,30529392,6.807230000000001,14351,103391701,523
39800000,4485821,30556426,6.811780000000001,14359,103669618,531
39850000,4486731,30582982,6.816319999999999,14372,103940590,533
39900000,4487680,30609659,6.820819999999999,14383,104207481,539
39950000,4488607,30636321,6.82535,14398,104487938,544
40000000,4489533,30662861,6.829860000000001,14412,104768133,547
40050000,4490446,30689674,6.83444,14422,105046858,525
40100000,4491371,30716461,6.838989999999999,14429,105317873,542
40150000,4492319,30743062,6.84347,14444,105581499,547
40200000,4493189,30769599,6.84805,14462,105861442,551
40250000,4494155,30796299,6.852519999999999,14475,106133734,511
40300000,4495088,30822742,6.85698,14490,106411616,553
40350000,4495969,30849175,6.86152,14496,106682599,525
40400000,4496856,30875603,6.866039999999999,14507,106941160,531
40450000,4497762,30901822,6.870489999999999,14523,107208733,535
40500000,4498761,30928221,6.87483,14536,107481360,543
40550000,4499667,30954846,6.87936,14550,107757371,539
40600000,4500545,30981105,6.88386,14562,108031525,536
40650000,4501479,31007268,6.88824,14570,108310665,530
40700000,4502404,31033475,6.89265,14588,108586041,518
40750000,4503323,31059806,6.8970899999999995,14598,108861797,540
40800000,4504190,31086160,6.901610000000001,14619,109140017,530
40850000,4505091,31112394,6.90605,14632,109422052,520
40900000,4505979,31138384,6.9104600000000005,14641,109700100,520
40950000,4506882,31164488,6.91487,14651,109972287,511
41000000,4507835,31190731,6.919230000000001,14667,110253682,514
41050000,4508750,31216792,6.9236,14677,110533571,539
41100000,4509681,31243032,6.927989999999999,14687,110810397,508
41150000,4510584,31269005,6.932360000000001,14696,111085881,524
41200000,4511488,31295032,6.9367399999999995,14711,111360920,533
41250000,4512385,31320874,6.941089999999999,14720,111646856,528
41300000,4513228,31346900,6.94556,14724,111928100,509
41350000,4514087,31372747,6.9499699999999995,14737,112206053,535
41400000,4514954,31398597,6.95436,14749,112484310,508
41450000,4515850,31424307,6.95867,14753,112756950,487
41500000,4516788,31450247,6.962969999999999,14772,113038961,505
41550000,4517710,31476152,6.967280000000001,14788,113316379,500
41600000,4518601,31502015,6.97163,14798,113602800,519
41650000,4519497,31527920,6.97598,14813,113882486,533
41700000,4520317,31553779,6.98044,14826,114170626,529
41750000,4521172,31579387,6.984780000000001,14838,114456426,498
41800000,4522014,31604958,6.98913,14848,114733161,513
41850000,4522919,31630623,6.993410000000001,14860,115008613,505
41900000,4523809,31656258,6.9977,14877,115290517,498
41950000,4524646,31681814,7.00205,14893,115565650,507
42000000,4525533,31707351,7.00632,14902,115844741,497
42050000,4526415,31733042,7.01063,14916,116123412,532
42100000,4527260,31758450,7.014939999999999,14925,116402533,494
42150000,4528104,31783783,7.01923,14934,116681309,488
42200000,4528980,31809109,7.023460000000001,14944,116961698,462
42250000,4529900,31834320,7.0276,14955,117244857,496
42300000,4530779,31859712,7.031839999999999,14963,117519676,502
42350000,4531692,31885196,7.03605,14979,117802713,495
42400000,4532521,31910499,7.04034,14995,118079878,494
42450000,4533355,31935666,7.0446,15002,118354914,500
42500000,4534183,31960815,7.04886,15013,118641921,500
42550000,4535083,31985920,7.053,15025,118933796,500
42600000,4535859,32011090,7.057339999999999,15038,119217084,519
42650000,4536728,32036358,7.061560000000001,15048,119495487,511
42700000,4537543,32061489,7.06583,15057,119771432,504
42750000,4538354,32086661,7.070110000000001,15068,120046696,486
42800000,4539222,32111858,7.0743100000000005,15081,120334722,507
42850000,4540006,32136896,7.0786,15092,120623613,505
42900000,4540833,32161919,7.08282,15103,120910269,498
42950000,4541677,32186703,7.08696,15116,121187541,492
43000000,4542523,32211375,7.091080000000001,15124,121464444,449
43050000,4543420,32236294,7.095160000000001,15133,121735658,481
43100000,4544268,32261319,7.09934,15144,122013944,490
43150000,4545141,32286076,7.10343,15156,122291309,501
43200000,4545919,32310808,7.10765,15170,122561267,508
43250000,4546729,32335356,7.11178,15186,122840558,485
43300000,4547565,32360091,7.11592,15196,123122142,476
43350000,4548421,32384906,7.12003,15210,123406588,481
43400000,4549231,32409630,7.1242,15217,123696289,495
43450000,4550033,32434270,7.128360000000001,15232,123967375,493
43500000,4550833,32459031,7.13255,15247,124254231,488
43550000,4551662,32483560,7.136639999999999,15261,124540173,545
43600000,4552445,32508057,7.140789999999999,15269,124827314,485
43650000,4553263,32532782,7.144939999999999,15280,125118542,506
43700000,4554067,32557249,7.14905,15288,125403197,487
43750000,4554899,32581750,7.1531199999999995,15300,125685284,510
43800000,4555742,32606269,7.15718,15307,125964817,479
43850000,4556535,32630807,7.16132,15317,126238270,480
43900000,4557385,32655188,7.16533,15333,126514184,502
43950000,4558213,32679647,7.1694,15346,126801087,481
44000000,4559027,32704085,7.1734800000000005,15357,127093149,508
44050000,4559809,32728545,7.1776100000000005,15369,127367432,503
44100000,4560574,32752944,7.181760000000001,15384,127652851,472
44150000,4561357,32777215,7.18585,15394,127935630,478
44200000,4562189,32801447,7.18985,15397,128220608,478
44250000,4562984,32825623,7.19389,15406,128499897,485
44300000,4563750,32849775,7.19798,15421,128786588,462
44350000,4564499,32873628,7.20202,15433,129058150,470
44400000,4565275,32897590,7.20605,15450,129343292,462
44450000,4566094,32921771,7.21005,15463,129627417,501
44500000,4566858,32945887,7.21413,15471,129906707,472
44550000,4567630,32969954,7.21818,15487,130178203,470
44600000,4568403,32993776,7.222169999999999,15497,130461204,475
44650000,4569245,33017820,7.2261,15519,130754476,447
44700000,4570065,33041736,7.23004,15534,131033425,473
44750000,4570804,33065617,7.234089999999999,15544,131329106,463
44800000,4571556,33089319,7.23809,15559,131612433,448
44850000,4572320,33113249,7.24211,15567,131892519,473
44900000,4573066,33137060,7.24614,15571,132182219,516
44950000,4573864,33160920,7.250089999999999,15586,132473598,489
45000000,4574631,33184693,7.25407,15600,132755028,476
45050000,4575413,33208399,7.2580100000000005,15605,133033829,482
45100000,4576171,33231933,7.26195,15619,133313256,470
45150000,4576948,33255634,7.2659,15632,133609626,483
45200000,4577679,33279336,7.26991,15645,133890528,467
45250000,4578508,33302895,7.273739999999999,15656,134175263,473
45300000,4579201,33326394,7.277769999999999,15659,134461507,490
45350000,4579936,33349881,7.281739999999999,15672,134754369,447
45400000,4580738,33373393,7.285589999999999,15679,135029633,442
45450000,4581491,33396943,7.28954,15689,135313605,462
45500000,4582248,33420326,7.29343,15702,135606289,477
45550000,4583019,33443855,7.297339999999999,15713,135895334,463
45600000,4583813,33467201,7.30117,15728,136185335,497
45650000,4584514,33490604,7.305160000000001,15737,136477096,487
45700000,4585296,33514121,7.3090399999999995,15745,136766865,500
45750000,4586037,33537579,7.3129800000000005,15758,137046950,468
45800000,4586742,33560799,7.316910000000001,15766,137339069,478
45850000,4587469,33584196,7.320860000000001,15785,137621200,471
45900000,4588205,33607314,7.32472,15789,137905351,455
45950000,4588977,33630704,7.3285800000000005,15801,138195182,452
46000000,4589722,33653667,7.3324,15813,138472650,464
46050000,4590496,33676875,7.33622,15831,138765577,434
46100000,4591230,33700022,7.340089999999999,15843,139055211,462
46150000,4591977,33723068,7.34391,15853,139343215,447
46200000,4592688,33746189,7.347810000000001,15862,139638060,462
46250000,4593392,33769136,7.35168,15877,139918889,481
46300000,4594164,33792189,7.355460000000001,15884,140204743,468
46350000,4594894,33815140,7.35929,15903,140478541,477
46400000,4595595,33838015,7.36314,15910,140769878,481
46450000,4596335,33860944,7.36694,15916,141063709,458
46500000,4597068,33883863,7.370760000000001,15926,141341434,487
46550000,4597800,33906784,7.374569999999999,15933,141630456,462
46600000,4598552,33929660,7.37834,15946,141920186,426
46650000,4599262,33952483,7.382160000000001,15952,142207781,452
46700000,4599946,33975291,7.386019999999999,15966,142494904,478
46750000,4600681,33998085,7.38979,15975,142779985,473
46800000,4601340,34020796,7.393669999999999,15979,143060241,414
46850000,4602033,34043572,7.3975100000000005,15993,143338564,451
46900000,4602803,34066275,7.4012,16007,143625676,465
46950000,4603479,34088687,7.40498,16022,143909347,436
47000000,4604179,34111270,7.408760000000001,16028,144205325,450
47050000,4604870,34133867,7.412560000000001,16036,144488048,473
47100000,4605603,34156472,7.416289999999999,16044,144780426,473
47150000,4606336,34178995,7.42,16053,145071298,450
47200000,4607027,34201512,7.423769999999999,16058,145358450,460
47250000,4607749,34223950,7.42748,16071,145654301,445
47300000,4608449,34246322,7.4312,16081,145940745,454
47350000,4609161,34268622,7.434889999999999,16093,146224035,466
47400000,4609855,34290983,7.43863,16101,146512188,440
47450000,4610553,34313112,7.4423,16116,146783957,468
47500000,4611242,34335518,7.44605,16138,147076083,451
47550000,4611945,34357875,7.44976,16142,147355840,423
47600000,4612655,34380073,7.4534199999999995,16155,147647530,415
47650000,4613314,34402228,7.457160000000001,16160,147936776,454
47700000,4613955,34424341,7.46092,16166,148224163,459
47750000,4614605,34446558,7.46468,16178,148514956,454
47800000,4615304,34468687,7.46835,16194,148804987,454
47850000,4616027,34490613,7.47193,16204,149085562,457
47900000,4616669,34512664,7.47566,16217,149369769,455
47950000,4617403,34534699,7.47925,16234,149652707,430
48000000,4618133,34556759,7.4828399999999995,16248,149945710,445
48050000,4618874,34578917,7.486439999999999,16261,150237241,434
48100000,4619531,34600914,7.490139999999999,16276,150528156,445
48150000,4620166,34622898,7.493860000000001,16279,150819903,468
48200000,4620861,34644764,7.49747,16291,151109051,446
48250000,4621560,34666821,7.501110000000001,16301,151393075,437
48300000,4622198,34688704,7.504810000000001,16308,151687959,440
48350000,4622864,34710404,7.50842,16320,151979396,444
48400000,4623560,34732182,7.5120000000000005,16332,152257962,449
48450000,4624228,34754222,7.515680000000001,16340,152539490,474
48500000,4624883,34775974,7.51932,16355,152828296,437
48550000,4625523,34797498,7.522930000000001,16359,153106900,444
48600000,4626223,34819127,7.52647,16368,153391314,417
48650000,4626928,34840813,7.530010000000001,16378,153687232,435
48700000,4627617,34862586,7.533589999999999,16388,153961615,453
48750000,4628274,34884498,7.537260000000001,16396,154262319,446
48800000,4628937,34906093,7.540839999999999,16405,154548375,404
48850000,4629599,34927697,7.54443,16413,154839577,456
48900000,4630227,34949272,7.54807,16421,155132955,410
48950000,4630887,34970787,7.551639999999999,16431,155420188,404
49000000,4631552,34992316,7.5552,16440,155704844,434
49050000,4632200,35013715,7.55877,16455,155994060,463
49100000,4632846,35034975,7.5623,16464,156273814,438
49150000,4633550,35056497,7.5658,16476,156553428,446
49200000,4634199,35077864,7.56935,16487,156831563,421
49250000,4634811,35099186,7.57295,16502,157118379,384
49300000,4635424,35120520,7.57655,16510,157403274,410
49350000,4636039,35141734,7.58012,16529,157683891,431
49400000,4636672,35162995,7.58367,16539,157979590,417
49450000,4637293,35184039,7.58719,16546,158262414,422
49500000,4637921,35205223,7.590730000000001,16554,158545414,443
49550000,4638559,35226328,7.594239999999999,16561,158826277,419
49600000,4639187,35247351,7.597739999999999,16567,159108181,427
49650000,4639823,35268463,7.60125,16578,159400658,429
49700000,4640440,35289532,7.60478,16588,159678111,447
49750000,4641050,35310592,7.60832,16597,159958611,406
49800000,4641680,35331374,7.61176,16609,160240342,417
49850000,4642323,35352223,7.6152,16616,160523424,411
49900000,4642955,35373179,7.61868,16627,160794630,425
49950000,4643582,35394166,7.62217,16633,161072327,433
50000000,4644233,35415025,7.625589999999999,16638,161351925,413
50050000,4644856,35435973,7.62908,16650,161638019,422
50100000,4645497,35456765,7.6325,16659,161920001,411
50150000,4646139,35477623,7.63594,16672,162189847,403
50200000,4646799,35498230,7.639289999999999,16682,162455651,400
50250000,4647434,35518895,7.642689999999999,16689,162739610,403
50300000,4648048,35539599,7.64613,16691,163029192,442
50350000,4648711,35560329,7.6495,16704,163314530,429
50400000,4649374,35581096,7.652880000000001,16714,163601281,417
50450000,4650013,35601715,7.6562600000000005,16726,163894877,400
50500000,4650618,35622179,7.659669999999999,16735,164180994,413
50550000,4651241,35642649,7.66304,16744,164457412,405
50600000,4651814,35663081,7.66649,16748,164749522,408
50650000,4652392,35683629,7.66995,16756,165037704,408
50700000,4652996,35704093,7.673360000000001,16768,165326048,397
50750000,4653597,35724450,7.67674,16777,165610470,420
50800000,4654218,35744646,7.68005,16790,165893001,399
50850000,4654789,35765022,7.683489999999999,16794,166168516,400
50900000,4655419,35785358,7.68682,16805,166444177,406
50950000,4656012,35805624,7.690189999999999,16819,166722468,411
51000000,4656589,35825735,7.693560000000001,16832,167012756,402
51050000,4657177,35846098,7.696960000000001,16840,167300863,425
51100000,4657766,35866199,7.7003,16849,167579827,412
51150000,4658409,35886643,7.70363,16855,167863908,436
51200000,4658991,35906846,7.707000000000001,16866,168148175,395
51250000,4659614,35926928,7.71028,16875,168426626,418
51300000,4660233,35947088,7.71358,16884,168714526,411
51350000,4660817,35966928,7.71687,16894,168992800,396
51400000,4661458,35986986,7.720110000000001,16902,169264943,392
51450000,4662052,36006905,7.7234,16913,169543276,410
51500000,4662643,36026755,7.72668,16932,169828441,426
51550000,4663264,36046725,7.72993,16936,170117767,400
51600000,4663872,36066578,7.73318,16943,170397427,398
51650000,4664441,36086465,7.7365,16947,170683799,373
51700000,4665058,36106445,7.73976,16959,170965300,402
51750000,4665647,36126279,7.74304,16971,171243582,408
51800000,4666235,36146084,7.74631,16984,171529012,416
51850000,4666821,36165846,7.749569999999999,16990,171812906,413
51900000,4667400,36185599,7.752839999999999,16998,172089596,418
51950000,4668021,36205205,7.756010000000001,17007,172367385,387
52000000,4668561,36224601,7.75926,17023,172638250,359
52050000,4669118,36244387,7.762580000000001,17038,172913962,398
52100000,4669653,36264140,7.7659199999999995,17043,173197014,372
52150000,4670219,36283830,7.769189999999999,17058,173480124,388
52200000,4670761,36303404,7.772480000000001,17069,173768742,393
52250000,4671331,36323085,7.77575,17077,174054190,367
52300000,4671919,36342676,7.7789600000000005,17087,174347839,376
52350000,4672499,36362178,7.78217,17093,174633656,360
52400000,4673103,36381613,7.78532,17096,174908082,394
52450000,4673704,36401079,7.7884899999999995,17105,175190366,396
52500000,4674274,36420546,7.7917,17111,175469334,390
52550000,4674800,36439813,7.79495,17115,175751492,394
52600000,4675384,36459143,7.79811,17126,176026971,388
52650000,4675975,36478316,7.80122,17136,176305032,381
52700000,4676535,36497672,7.80443,17142,176584662,374
52750000,4677111,36516765,7.80755,17148,176852300,376
52800000,4677687,36536079,7.81071,17158,177136104,394
52850000,4678284,36555344,7.813839999999999,17168,177422532,399
52900000,4678850,36574408,7.8169699999999995,17179,177701934,373
52950000,4679416,36593417,7.82008,17189,177978784,367
53000000,4679969,36612506,7.823239999999999,17199,178261812,380
53050000,4680521,36631718,7.82642,17207,178535706,378
53100000,4681068,36650550,7.82953,17215,178802925,396
53150000,4681612,36669825,7.832730000000001,17222,179088072,381
53200000,4682144,36688814,7.8359,17232,179370195,379
53250000,4682701,36707623,7.838989999999999,17243,179638981,389
53300000,4683247,36726697,7.84214,17259,179924096,367
53350000,4683797,36745673,7.845269999999999,17262,180194292,388
53400000,4684329,36764572,7.84842,17269,180479729,397
53450000,4684886,36783431,7.85151,17278,180770393,374
53500000,4685421,36802201,7.85462,17288,181044083,375
53550000,4685998,36820976,7.857660000000001,17297,181328028,383
53600000,4686524,36839646,7.860760000000001,17306,181600597,377
53650000,4687035,36858379,7.8639,17314,181882988,374
53700000,4687540,36877011,7.867030000000001,17324,182161795,396
53750000,4688063,36895671,7.8701300000000005,17330,182452234,371
53800000,4688586,36914154,7.8732,17344,182733969,358
53850000,4689149,36932686,7.8762,17349,183004637,358
53900000,4689680,36951290,7.8792800000000005,17357,183280147,379
53950000,4690209,36969813,7.882339999999999,17370,183557524,354
54000000,4690783,36988276,7.8853100000000005,17380,183827003,360
54050000,4691306,37006825,7.888380000000001,17394,184101006,366
54100000,4691824,37025349,7.89146,17407,184370949,375
54150000,4692324,37043810,7.89456,17416,184651457,361
54200000,4692806,37062367,7.8977,17423,184928868,383
54250000,4693370,37080732,7.90066,17431,185207597,360
54300000,4693882,37099212,7.903739999999999,17435,185488928,385
54350000,4694395,37117557,7.90678,17438,185769440,355
54400000,4694950,37136029,7.9097800000000005,17445,186042701,359
54450000,4695442,37153949,7.91277,17459,186314514,372
54500000,4695936,37172123,7.9158100000000005,17468,186584556,350
54550000,4696495,37190307,7.91874,17476,186850274,364
54600000,4697055,37208537,7.92167,17483,187113661,357
54650000,4697582,37226731,7.92466,17497,187383268,353
54700000,4698037,37244765,7.92773,17500,187656680,358
54750000,4698585,37262969,7.930680000000001,17512,187923293,356
54800000,4699110,37281198,7.933669999999999,17520,188205872,365
54850000,4699660,37299334,7.9366,17522,188472640,350
54900000,4700155,37317199,7.93957,17532,188750031,363
54950000,4700682,37335245,7.94252,17536,189023526,359
55000000,4701176,37353259,7.9455100000000005,17543,189296736,373
55050000,4701676,37371057,7.94845,17554,189562288,351
55100000,4702202,37389033,7.951389999999999,17567,189829133,355
55150000,4702683,37406712,7.954330000000001,17570,190100152,370
55200000,4703186,37424764,7.957319999999999,17581,190373733,366
55250000,4703714,37442558,7.960210000000001,17590,190633107,371
55300000,4704210,37460045,7.963089999999999,17598,190901106,382
55350000,4704696,37477658,7.966010000000001,17608,191173505,352
55400000,4705187,37495270,7.96892,17614,191447058,367
55450000,4705626,37512973,7.971939999999999,17624,191731846,337
55500000,4706107,37530604,7.97487,17632,192008700,343
55550000,4706584,37548248,7.977810000000001,17638,192284938,340
55600000,4707067,37565876,7.980739999999999,17646,192548257,367
55650000,4707561,37583533,7.98365,17652,192827802,371
55700000,4708094,37601123,7.986489999999999,17666,193095038,355
55750000,4708589,37618598,7.9893600000000005,17679,193356002,334
55800000,4709061,37635973,7.99225,17685,193629274,355
55850000,4709583,37653306,7.9950399999999995,17695,193905147,320
55900000,4710062,37670974,7.99798,17699,194177372,333
55950000,4710551,37688270,8.00082,17705,194442851,346
56000000,4711050,37705582,8.00365,17712,194701094,342
56050000,4711529,37722787,8.00649,17719,194969614,318
56100000,4712023,37740197,8.00934,17730,195235039,323
56150000,4712525,37757705,8.0122,17744,195506952,339
56200000,4712976,37774983,8.0151,17752,195766350,368
56250000,4713448,37792101,8.01793,17760,196035451,315
56300000,4713939,37809347,8.02075,17772,196287431,354
56350000,4714388,37826476,8.02362,17776,196550060,358
56400000,4714873,37843606,8.02643,17785,196812986,325
56450000,4715355,37860758,8.02925,17793,197086062,331
56500000,4715808,37877933,8.032119999999999,17799,197348370,329
56550000,4716287,37894893,8.0349,17805,197602152,364
56600000,4716759,37911578,8.03763,17808,197861513,333
56650000,4717218,37928532,8.04045,17814,198122689,328
56700000,4717679,37945559,8.04327,17821,198375182,354
56750000,4718145,37962352,8.04603,17829,198640990,310
56800000,4718602,37979326,8.04885,17836,198899321,346
56850000,4719050,37996257,8.051680000000001,17844,199182561,325
56900000,4719481,38013207,8.05453,17850,199450860,382
56950000,4719954,38030115,8.057310000000001,17859,199730938,328
57000000,4720385,38046681,8.060080000000001,17868,199996167,328
57050000,4720863,38063591,8.06285,17872,200265747,329
57100000,4721333,38080376,8.0656,17880,200527927,310
57150000,4721809,38096984,8.0683,17890,200792019,318
57200000,4722276,38113691,8.07104,17898,201060028,322
57250000,4722749,38130352,8.07376,17905,201337894,329
57300000,4723213,38147001,8.07649,17917,201600624,318
57350000,4723661,38163562,8.07923,17928,201869634,320
57400000,4724121,38180186,8.08197,17938,202128184,321
57450000,4724622,38196693,8.0846,17948,202395033,320
57500000,4725096,38213200,8.08729,17955,202660411,336
57550000,4725554,38229538,8.089960000000001,17960,202911935,323
57600000,4726017,38245891,8.09263,17969,203172833,347
57650000,4726447,38262212,8.09534,17983,203433599,343
57700000,4726867,38278425,8.09805,17989,203690192,320
57750000,4727346,38294765,8.10069,17996,203947252,329
57800000,4727833,38310979,8.10329,18003,204201523,341
57850000,4728305,38327418,8.10595,18008,204461230,317
57900000,4728789,38343616,8.10855,18017,204713469,315
57950000,4729260,38359801,8.11116,18024,204969188,315
58000000,4729699,38375994,8.11383,18036,205242094,309
58050000,4730134,38392189,8.11651,18047,205502808,325
58100000,4730562,38408519,8.11923,18053,205753178,318
58150000,4730994,38424493,8.12186,18056,205992811,329
58200000,4731435,38440541,8.1245,18063,206253295,324
58250000,4731911,38456559,8.12707,18071,206516477,315
58300000,4732345,38472607,8.129710000000001,18082,206762118,311
58350000,4732765,38488603,8.13237,18094,207029234,347
58400000,4733223,38504598,8.134960000000001,18099,207292361,333
58450000,4733668,38520366,8.13753,18110,207546996,319
58500000,4734058,38536181,8.1402,18113,207801993,307
58550000,4734492,38551732,8.14274,18124,208046919,293
58600000,4734950,38567521,8.14529,18137,208290495,316
58650000,4735385,38583172,8.147839999999999,18143,208541719,316
58700000,4735856,38598800,8.15033,18149,208798765,331
58750000,4736290,38614360,8.15287,18154,209058635,295
58800000,4736703,38629912,8.155439999999999,18160,209316994,304
58850000,4737122,38645468,8.15801,18160,209567303,321
58900000,4737544,38661007,8.16056,18170,209825525,301
58950000,4738021,38676669,8.163039999999999,18181,210076584,309
59000000,4738448,38692423,8.16563,18187,210333157,281
59050000,4738867,38707902,8.16818,18194,210588689,305
59100000,4739275,38723587,8.17078,18204,210841593,315
59150000,4739751,38739057,8.17323,18213,211089859,302
59200000,4740199,38754601,8.17573,18220,211340663,317
59250000,4740622,38769946,8.178239999999999,18228,211594621,293
59300000,4741088,38785561,8.18073,18235,211857981,302
59350000,4741496,38800923,8.18327,18243,212106324,315
59400000,4741928,38816400,8.185780000000001,18249,212363364,317
59450000,4742349,38831688,8.18828,18262,212613660,284
59500000,4742781,38847199,8.19081,18265,212865644,309
59550000,4743227,38862322,8.19322,18280,213113663,310
59600000,4743683,38877531,8.19564,18287,213352000,302
59650000,4744110,38892687,8.1981,18296,213599483,303
59700000,4744544,38907947,8.200569999999999,18302,213847412,283
59750000,4744984,38923181,8.20302,18305,214109272,299
59800000,4745382,38938163,8.20549,18308,214353171,312
59850000,4745793,38953065,8.20791,18314,214603374,291
59900000,4746193,38968003,8.21037,18322,214844018,288
59950000,4746602,38982929,8.212810000000001,18329,215097994,297
60000000,4746975,38997877,8.21531,18339,215345027,298
60050000,4747410,39012753,8.21769,18343,215586750,290
60100000,4747831,39027852,8.220139999999999,18347,215829884,303
60150000,4748238,39042914,8.222610000000001,18361,216082161,312
60200000,4748662,39057824,8.225019999999999,18364,216327524,289
60250000,4749068,39072656,8.22744,18367,216575459,299
60300000,4749469,39087698,8.22991,18373,216829500,295
60350000,4749832,39102378,8.23237,18381,217074873,295
60400000,4750211,39117023,8.2348,18387,217325919,288
60450000,4750604,39131787,8.237219999999999,18392,217581030,308
60500000,4751013,39146543,8.23962,18396,217831892,309
60550000,4751409,39161244,8.24203,18402,218073523,301
60600000,4751845,39176098,8.2444,18413,218324657,312
60650000,4752215,39190724,8.246830000000001,18422,218566926,306
60700000,4752588,39205263,8.24925,18433,218806941,289
60750000,4752972,39219665,8.251610000000001,18443,219055764,296
60800000,4753386,39234195,8.25395,18443,219308884,260
60850000,4753798,39248796,8.2563,18452,219541249,265
60900000,4754185,39263236,8.25867,18458,219778863,282
60950000,4754585,39277599,8.26099,18464,220028073,268
61000000,4754982,39291937,8.26332,18472,220261662,296
61050000,4755347,39306349,8.26572,18479,220503552,297
61100000,4755702,39320918,8.26816,18487,220755684,299
61150000,4756088,39335206,8.2705,18492,220997938,264
61200000,4756474,39349504,8.27283,18492,221233414,274
61250000,4756875,39363851,8.27515,18509,221468602,296
61300000,4757243,39378104,8.277510000000001,18512,221719233,292
61350000,4757586,39392151,8.279860000000001,18522,221944177,267
61400000,4757975,39406244,8.28215,18532,222180913,287
61450000,4758342,39420445,8.28449,18532,222415296,281
61500000,4758691,39434691,8.28688,18543,222662639,287
61550000,4759106,39448791,8.28912,18547,222911070,269
61600000,4759439,39462694,8.29146,18558,223143065,286
61650000,4759800,39476723,8.29378,18562,223382753,278
61700000,4760221,39490706,8.29598,18565,223628148,288
61750000,4760594,39504801,8.29829,18579,223870910,274
61800000,4760985,39518763,8.30054,18587,224110343,277
61850000,4761350,39532658,8.30283,18590,224354277,284
61900000,4761709,39546592,8.30513,18600,224595904,261
61950000,4762088,39560453,8.30738,18610,224819097,278
62000000,4762475,39574396,8.30963,18620,225046810,271
62050000,4762834,39588101,8.31188,18624,225282367,275
62100000,4763236,39601927,8.31408,18634,225517795,279
62150000,4763570,39615593,8.31637,18643,225750782,274
62200000,4763905,39629343,8.31867,18646,225987070,256
62250000,4764296,39643034,8.32086,18660,226221766,264
62300000,4764670,39656662,8.32307,18662,226466176,280
62350000,4764997,39670127,8.32532,18673,226696784,302
62400000,4765381,39683748,8.32751,18679,226936228,272
62450000,4765753,39697408,8.32972,18679,227179753,275
62500000,4766118,39710958,8.33193,18688,227419479,292
62550000,4766448,39724623,8.33422,18690,227654577,270
62600000,4766823,39738304,8.33643,18700,227886225,264
62650000,4767163,39751853,8.33868,18704,228114887,279
62700000,4767496,39765399,8.34094,18709,228350677,287
62750000,4767856,39778822,8.34313,18713,228583832,273
62800000,4768236,39792298,8.345289999999999,18717,228819975,263
62850000,4768554,39805631,8.34753,18725,229046712,275
62900000,4768912,39818952,8.349689999999999,18731,229282704,270
62950000,4769242,39832233,8.3519,18734,229513638,287
63000000,4769603,39845341,8.35402,18741,229731833,257
63050000,4769945,39858702,8.35622,18750,229967093,258
63100000,4770310,39871994,8.358369999999999,18753,230189498,234
63150000,4770647,39885235,8.36055,18759,230416967,247
63200000,4771003,39898254,8.36266,18764,230649705,239
63250000,4771348,39911360,8.3648,18771,230881762,277
63300000,4771691,39924417,8.36693,18778,231119505,240
63350000,4772021,39937411,8.36908,18781,231336074,259
63400000,4772362,39950379,8.3712,18781,231559164,252
63450000,4772738,39963233,8.37323,18792,231778786,253
63500000,4773085,39976374,8.37537,18795,232002502,273
63550000,4773450,39989075,8.37739,18804,232220236,245
63600000,4773800,40001706,8.379430000000001,18811,232437658,232
63650000,4774129,40014576,8.38154,18817,232659860,273
63700000,4774458,40027329,8.38364,18822,232873531,243
63750000,4774812,40040012,8.38567,18822,233093292,275
63800000,4775151,40052862,8.38777,18826,233309198,249
63850000,4775466,40065652,8.38989,18841,233534504,243
63900000,4775808,40078342,8.39195,18841,233753752,276
63950000,4776177,40091086,8.39397,18847,233973006,242
64000000,4776510,40103869,8.39606,18854,234188989,266
64050000,4776858,40116673,8.39813,18862,234411773,252
64100000,4777181,40129210,8.40019,18872,234633645,246
64150000,4777550,40141835,8.40218,18872,234864801,245
64200000,4777871,40154415,8.40425,18888,235090741,234
64250000,4778209,40166935,8.40627,18894,235298136,274
64300000,4778559,40179385,8.40826,18900,235514034,272
64350000,4778912,40191885,8.410260000000001,18906,235733023,264
64400000,4779241,40204156,8.41225,18912,235945086,256
64450000,4779575,40216605,8.41426,18925,236166369,242
64500000,4779913,40229049,8.416269999999999,18931,236393564,218
64550000,4780212,40241448,8.418339999999999,18934,236612797,232
64600000,4780551,40253643,8.42029,18940,236832575,243
64650000,4780872,40265837,8.42228,18946,237053375,253
64700000,4781199,40278147,8.42428,18948,237266267,257
64750000,4781533,40290335,8.42624,18954,237490188,226
64800000,4781864,40302481,8.428189999999999,18968,237703867,235
64850000,4782172,40314708,8.43021,18978,237927665,244
64900000,4782501,40327061,8.432210000000001,18981,238147116,235
64950000,4782815,40339224,8.4342,18986,238368194,263
65000000,4783146,40351338,8.43615,18992,238586211,254
65050000,4783482,40363326,8.43806,18999,238798657,231
65100000,4783839,40375403,8.439960000000001,19005,239012754,239
65150000,4784142,40387299,8.44191,19010,239222033,240
65200000,4784464,40399324,8.44386,19019,239434645,242
65250000,4784805,40411229,8.445739999999999,19032,239651884,259
65300000,4785122,40423111,8.44767,19038,239867365,244
65350000,4785444,40435024,8.449589999999999,19041,240088232,237
65400000,4785778,40446894,8.45148,19046,240316998,246
65450000,4786110,40458910,8.4534,19051,240529845,227
65500000,4786439,40470722,8.45529,19054,240738437,243
65550000,4786736,40482455,8.45721,19069,240939171,236
65600000,4787042,40494169,8.45912,19075,241151026,242
65650000,4787359,40505833,8.461,19080,241361165,236
65700000,4787644,40517399,8.46291,19080,241567427,258
65750000,4787931,40528970,8.46482,19085,241771250,228
65800000,4788227,40540614,8.46673,19090,241979211,219
65850000,4788523,40552204,8.46862,19097,242178214,249
65900000,4788815,40563824,8.47053,19102,242384406,231
65950000,4789109,40575445,8.472439999999999,19111,242595487,205
66000000,4789410,40587037,8.47433,19118,242800504,228
66050000,4789711,40598638,8.47622,19121,243007554,226
66100000,4790011,40610132,8.47809,19132,243211669,221
66150000,4790321,40621501,8.47991,19136,243423003,222
66200000,4790641,40633053,8.481760000000001,19140,243637188,231
66250000,4790938,40644402,8.4836,19144,243834967,206
66300000,4791229,40655699,8.485439999999999,19154,244045416,227
66350000,4791525,40667042,8.48729,19157,244249129,251
66400000,4791845,40678398,8.48909,19163,244447426,221
66450000,4792123,40689636,8.49094,19168,244643119,245
66500000,4792392,40700919,8.49282,19176,244849788,213
66550000,4792653,40712215,8.494710000000001,19185,245058578,225
66600000,4792954,40723283,8.49649,19188,245259787,246
66650000,4793232,40734251,8.498280000000001,19193,245458913,233
66700000,4793541,40745591,8.5001,19198,245662309,222
66750000,4793821,40756682,8.50192,19205,245861112,236
66800000,4794103,40767682,8.50371,19208,246061776,217
66850000,4794409,40778520,8.50543,19215,246252420,191
66900000,4794694,40789571,8.50723,19225,246446855,222
66950000,4794979,40800446,8.508989999999999,19227,246639933,230
67000000,4795253,40811261,8.510760000000001,19234,246835826,229
67050000,4795498,40822041,8.51258,19238,247029755,227
67100000,4795790,40833008,8.514339999999999,19248,247241697,216
67150000,4796044,40843736,8.51613,19248,247437599,196
67200000,4796313,40854492,8.5179,19258,247629902,225
67250000,4796610,40865262,8.51961,19261,247823268,219
67300000,4796878,40876141,8.521410000000001,19268,248022097,219
67350000,4797169,40886865,8.52312,19272,248210264,214
67400000,4797451,40897545,8.52485,19275,248407881,218
67450000,4797702,40908237,8.52663,19277,248604136,197
67500000,4797975,40918876,8.528360000000001,19281,248796346,210
67550000,4798245,40929552,8.53011,19292,248994943,213
67600000,4798524,40940168,8.531830000000001,19298,249183323,245
67650000,4798756,40950545,8.53358,19305,249366498,211
67700000,4799026,40961030,8.53528,19314,249545325,199
67750000,4799278,40971528,8.53702,19324,249729928,199
67800000,4799550,40982068,8.538730000000001,19329,249917536,200
67850000,4799828,40992533,8.54042,19332,250116884,196
67900000,4800095,41002653,8.54205,19340,250301417,217
67950000,4800365,41012969,8.54372,19346,250481946,200
68000000,4800634,41023519,8.54544,19353,250673565,217
68050000,4800920,41033942,8.5471,19357,250864550,242
68100000,4801208,41044088,8.5487,19369,251047175,177
68150000,4801460,41054204,8.550360000000001,19372,251229062,201
68200000,4801742,41064500,8.552,19377,251422028,206
68250000,4802005,41074520,8.55362,19384,251608083,190
68300000,4802277,41084761,8.55527,19388,251792222,204
68350000,4802530,41094874,8.55692,19396,251980193,189
68400000,4802801,41104831,8.55851,19401,252162082,183
68450000,4803085,41115035,8.560130000000001,19403,252342866,205
68500000,4803336,41125160,8.56179,19414,252531446,211
68550000,4803615,41135200,8.56338,19416,252721004,196
68600000,4803880,41145380,8.56503,19422,252905763,203
68650000,4804104,41155189,8.56667,19430,253084814,208
68700000,4804362,41165127,8.56828,19435,253267636,188
68750000,4804617,41175095,8.5699,19446,253452210,191
68800000,4804870,41185098,8.571530000000001,19448,253632002,202
68850000,4805124,41195171,8.57318,19452,253817446,196
68900000,4805388,41204979,8.57475,19455,254005194,183
68950000,4805638,41214726,8.57633,19458,254188249,194
69000000,4805845,41224488,8.57799,19467,254370683,197
69050000,4806069,41234086,8.57959,19472,254542580,182
69100000,4806329,41243854,8.58115,19475,254712659,179
69150000,4806571,41253409,8.58271,19477,254902331,187
69200000,4806835,41263046,8.58424,19483,255076348,162
69250000,4807077,41272687,8.58582,19486,255248900,203
69300000,4807316,41282489,8.58743,19495,255424907,194
69350000,4807573,41291999,8.58895,19497,255601406,201
69400000,4807829,41301618,8.590489999999999,19503,255779964,209
69450000,4808072,41311096,8.592030000000001,19509,255958657,177
69500000,4808320,41320651,8.59357,19513,256143692,190
69550000,4808546,41330066,8.595130000000001,19523,256315444,177
69600000,4808788,41339502,8.59666,19526,256487682,164
69650000,4809011,41348997,8.598230000000001,19526,256666898,174
69700000,4809256,41358460,8.59976,19537,256832421,211
69750000,4809490,41367840,8.601289999999999,19543,257005036,199
69800000,4809726,41377175,8.60281,19543,257178212,175
69850000,4809954,41386498,8.604339999999999,19543,257352993,206
69900000,4810195,41395475,8.605780000000001,19560,257517698,185
69950000,4810423,41404561,8.60726,19565,257689461,198
70000000,4810646,41413736,8.60877,19571,257863677,184
70050000,4810891,41422818,8.61022,19572,258040551,184
70100000,4811115,41431852,8.61169,19575,258216565,192
70150000,4811347,41441032,8.61319,19586,258390199,173
70200000,4811562,41450211,8.61471,19590,258561184,186
70250000,4811813,41459229,8.61613,19590,258731579,184
70300000,4812043,41468258,8.6176,19601,258903350,196
70350000,4812257,41477104,8.61905,19605,259071150,179
70400000,4812493,41486045,8.62049,19605,259236622,181
70450000,4812718,41494942,8.621939999999999,19612,259403247,185
70500000,4812941,41503883,8.623389999999999,19620,259575109,171
70550000,4813161,41512784,8.62485,19623,259743484,160
70600000,4813383,41521723,8.62631,19629,259912770,173
70650000,4813579,41530412,8.62776,19638,260077884,174
70700000,4813788,41539250,8.62922,19638,260234675,169
70750000,4814025,41548053,8.63063,19647,260395016,172
70800000,4814265,41556799,8.632010000000001,19654,260567950,173
70850000,4814458,41565423,8.633460000000001,19654,260728169,175
70900000,4814699,41574185,8.63485,19660,260892456,182
70950000,4814922,41582818,8.636239999999999,19661,261055866,200
71000000,4815137,41591490,8.63765,19669,261217068,186
71050000,4815348,41600125,8.63907,19670,261379722,172
71100000,4815571,41608595,8.64043,19676,261540562,171
71150000,4815763,41617222,8.64188,19678,261702462,141
71200000,4815978,41625602,8.64323,19683,261860751,159
71250000,4816195,41633973,8.64458,19687,262016833,153
71300000,4816412,41642166,8.64589,19689,262168459,143
71350000,4816617,41650546,8.647260000000001,19694,262324999,169
71400000,4816814,41658786,8.64862,19697,262481605,146
71450000,4817047,41667119,8.64993,19704,262636753,153
71500000,4817251,41675414,8.65129,19708,262799884,178
71550000,4817474,41683699,8.6526,19712,262956978,173
71600000,4817692,41692001,8.653939999999999,19716,263107573,171
71650000,4817921,41700334,8.65525,19721,263267509,174
71700000,4818120,41708454,8.65658,19722,263414384,176
71750000,4818315,41716641,8.65793,19726,263572623,162
71800000,4818529,41724601,8.6592,19729,263722433,155
71850000,4818710,41732676,8.66055,19731,263871696,163
71900000,4818924,41740864,8.66186,19737,264020084,164
71950000,4819119,41748860,8.66317,19737,264171862,150
72000000,4819309,41756872,8.664489999999999,19737,264331491,162
72050000,4819509,41764925,8.6658,19742,264486841,167
72100000,4819685,41772879,8.66714,19753,264640333,183
72150000,4819874,41780800,8.668439999999999,19753,264784798,162
72200000,4820075,41788674,8.66971,19756,264935856,156
72250000,4820268,41796549,8.671,19760,265076288,157
72300000,4820480,41804442,8.672260000000001,19766,265221855,167
72350000,4820672,41812225,8.67353,19768,265375328,153
72400000,4820870,41819946,8.67477,19773,265519000,140
72450000,4821046,41827546,8.67603,19773,265667911,164
72500000,4821248,41835187,8.67725,19778,265814163,171
72550000,4821425,41842731,8.6785,19787,265954133,138
72600000,4821608,41850410,8.67976,19787,266104522,155
72650000,4821772,41857899,8.68102,19794,266244315,176
72700000,4821974,41865399,8.682210000000001,19795,266387458,167
72750000,4822161,41872945,8.68344,19799,266535582,140
72800000,4822325,41880466,8.6847,19803,266685933,158
72850000,4822519,41887856,8.685889999999999,19805,266826939,149
72900000,4822722,41895390,8.68708,19811,266972138,164
72950000,4822893,41902787,8.688310000000001,19813,267108234,138
73000000,4823090,41910164,8.68948,19819,267245598,141
73050000,4823288,41917574,8.690660000000001,19825,267385756,127
73100000,4823476,41924933,8.69185,19827,267533626,159
73150000,4823651,41932237,8.69305,19834,267679395,144
73200000,4823843,41939559,8.69422,19841,267825515,142
73250000,4824023,41946766,8.69539,19843,267972163,139
73300000,4824232,41954112,8.696539999999999,19843,268111228,156
73350000,4824387,41961298,8.69775,19849,268251741,124
73400000,4824561,41968536,8.69893,19854,268395872,147
73450000,4824743,41975705,8.70009,19854,268528723,136
73500000,4824912,41982800,8.701260000000001,19854,268661480,145
73550000,4825075,41989917,8.70244,19861,268804555,149
73600000,4825296,41997104,8.70353,19871,268938735,160
73650000,4825477,42004116,8.70466,19872,269079004,141
73700000,4825655,42010962,8.70575,19879,269214742,143
73750000,4825821,42017844,8.70688,19882,269347402,147
73800000,4826001,42024709,8.707980000000001,19884,269483544,128
73850000,4826175,42031708,8.70911,19890,269627863,155
73900000,4826322,42038505,8.71026,19891,269761425,136
73950000,4826488,42045353,8.71138,19891,269896644,137
74000000,4826660,42052149,8.71247,19897,270035013,125
74050000,4826827,42058882,8.713569999999999,19899,270154220,130
74100000,4827007,42065627,8.71464,19904,270283312,124
74150000,4827162,42072399,8.715760000000001,19904,270413359,143
74200000,4827313,42079137,8.71689,19904,270540989,105
74250000,4827468,42085970,8.71802,19912,270671862,132
74300000,4827662,42092561,8.71904,19915,270796015,145
74350000,4827858,42099239,8.72007,19922,270919753,141
74400000,4828036,42105932,8.72113,19924,271050145,139
74450000,4828180,42112382,8.72221,19924,271177562,129
74500000,4828342,42118828,8.72325,19932,271300037,114
74550000,4828519,42125289,8.724269999999999,19934,271425915,122
74600000,4828691,42131761,8.7253,19937,271560276,146
74650000,4828857,42138174,8.72632,19940,271694261,135
74700000,4829039,42144728,8.72735,19945,271823943,128
74750000,4829201,42151244,8.72841,19945,271948280,106
74800000,4829361,42157610,8.729439999999999,19949,272076748,129
74850000,4829498,42163935,8.7305,19952,272204044,122
74900000,4829668,42170283,8.73151,19952,272325595,124
74950000,4829810,42176603,8.732560000000001,19953,272448685,148
75000000,4829955,42182863,8.73359,19959,272567783,126
75050000,4830110,42189018,8.734589999999999,19963,272689931,126
75100000,4830265,42195212,8.73559,19968,272817239,127
75150000,4830399,42201428,8.73663,19973,272944918,130
75200000,4830554,42207596,8.737630000000001,19978,273066047,119
75250000,4830713,42213685,8.7386,19981,273190704,118
75300000,4830864,42219761,8.73959,19983,273304601,133
75350000,4831027,42226003,8.74059,19986,273426899,132
75400000,4831170,42232172,8.7416,19989,273547987,124
75450000,4831317,42238222,8.74259,19997,273662021,120
75500000,4831473,42244141,8.74353,19997,273771220,109
75550000,4831611,42250018,8.7445,20001,273893044,118
75600000,4831782,42255996,8.74543,20007,274012681,111
75650000,4831928,42261973,8.7464,20008,274130980,113
75700000,4832063,42267726,8.74735,20014,274245573,121
75750000,4832251,42273602,8.74822,20014,274363401,119
75800000,4832379,42279291,8.74917,20016,274468508,125
75850000,4832536,42285008,8.75007,20021,274585301,102
75900000,4832679,42290643,8.75097,20025,274695131,116
75950000,4832808,42296321,8.75191,20028,274803073,91
76000000,4832965,42302013,8.75281,20032,274916676,118
76050000,4833116,42307586,8.753689999999999,20034,275021262,118
76100000,4833226,42313087,8.75463,20034,275127132,108
76150000,4833375,42318676,8.755510000000001,20040,275234414,110
76200000,4833515,42324198,8.7564,20043,275346254,126
76250000,4833667,42329795,8.75728,20047,275457345,124
76300000,4833801,42335336,8.758189999999999,20047,275567135,109
76350000,4833936,42340784,8.75907,20055,275677314,107
76400000,4834082,42346399,8.75997,20064,275787508,105
76450000,4834201,42351823,8.760869999999999,20069,275893061,110
76500000,4834338,42357336,8.76177,20074,275995892,109
76550000,4834485,42362724,8.76261,20074,276102867,102
76600000,4834635,42368184,8.76347,20078,276210409,94
76650000,4834774,42373477,8.76431,20079,276318215,104
76700000,4834895,42378698,8.76517,20081,276421993,88
76750000,4835002,42383917,8.766060000000001,20084,276521237,102
76800000,4835130,42389201,8.766919999999999,20086,276628462,96
76850000,4835263,42394462,8.76777,20086,276726450,123
76900000,4835393,42399666,8.76861,20091,276822570,112
76950000,4835513,42404842,8.76946,20093,276917691,108
77000000,4835644,42409936,8.77028,20093,277021060,109
77050000,4835791,42414998,8.77106,20098,277117128,111
77100000,4835911,42420080,8.771889999999999,20101,277219800,102
77150000,4836037,42425015,8.772680000000001,20101,277318199,105
77200000,4836175,42429799,8.77342,20101,277410011,100
77250000,4836302,42434783,8.77422,20107,277507678,88
77300000,4836442,42439709,8.774989999999999,20108,277606065,100
77350000,4836559,42444650,8.775789999999999,20109,277705435,95
77400000,4836670,42449545,8.77661,20112,277805203,103
77450000,4836787,42454368,8.777389999999999,20116,277897370,117
77500000,4836895,42459070,8.77817,20117,277986386,81
77550000,4837019,42463886,8.778939999999999,20127,278080760,83
77600000,4837125,42468664,8.77973,20127,278177730,90
77650000,4837233,42473371,8.780510000000001,20127,278276653,84
77700000,4837352,42478013,8.78125,20128,278375617,91
77750000,4837457,42482611,8.782010000000001,20130,278465423,99
77800000,4837588,42487245,8.78273,20132,278558744,101
77850000,4837684,42491763,8.783489999999999,20133,278654473,106
77900000,4837798,42496426,8.78425,20137,278742008,91
77950000,4837930,42500960,8.78495,20138,278826858,69
78000000,4838037,42505402,8.78567,20140,278912727,85
78050000,4838159,42509982,8.7864,20141,279004103,103
78100000,4838245,42514417,8.78716,20141,279096219,87
78150000,4838369,42518779,8.78783,20141,279181497,90
78200000,4838471,42523272,8.78858,20141,279265642,85
78250000,4838593,42527687,8.78927,20147,279351526,105
78300000,4838704,42531950,8.78995,20148,279432334,91
78350000,4838816,42536242,8.79063,20152,279513274,101
78400000,4838914,42540576,8.79135,20153,279599378,89
78450000,4839029,42544823,8.792019999999999,20154,279684508,66
78500000,4839129,42548997,8.7927,20156,279769762,88
78550000,4839231,42553187,8.79338,20157,279851206,84
78600000,4839343,42557356,8.794039999999999,20162,279938885,80
78650000,4839439,42561397,8.7947,20165,280020249,79
78700000,4839544,42565401,8.79533,20169,280102811,87
78750000,4839636,42569398,8.79599,20171,280177644,91
78800000,4839735,42573466,8.79665,20176,280263981,79
78850000,4839825,42577532,8.79733,20176,280340555,82
78900000,4839913,42581482,8.797989999999999,20180,280416386,75
78950000,4840018,42585520,8.798630000000001,20183,280492959,89
79000000,4840108,42589441,8.79927,20185,280571671,75
79050000,4840175,42593231,8.79994,20189,280650930,76
79100000,4840270,42597006,8.80054,20189,280722221,57
79150000,4840362,42600735,8.80115,20189,280797895,84
79200000,4840457,42604645,8.80178,20196,280878644,80
79250000,4840552,42608545,8.80241,20196,280951149,80
79300000,4840649,42612205,8.80299,20197,281023611,76
79350000,4840748,42615900,8.80358,20201,281093808,62
79400000,4840845,42619609,8.80417,20201,281164573,66
79450000,4840927,42623274,8.804780000000001,20207,281232541,86
79500000,4841033,42626927,8.80534,20207,281306576,78
79550000,4841125,42630546,8.80592,20209,281384931,70
79600000,4841214,42634150,8.8065,20212,281453681,69
79650000,4841315,42637672,8.807039999999999,20214,281521719,76
79700000,4841397,42641220,8.80763,20214,281595927,58
79750000,4841479,42644736,8.8082,20214,281662134,69
79800000,4841562,42648222,8.808769999999999,20214,281729131,71
79850000,4841652,42651675,8.80932,20220,281801664,70
79900000,4841725,42655035,8.80988,20223,281860212,72
79950000,4841815,42658422,8.81042,20224,281925388,76
80000000,4841902,42661762,8.81095,20225,281993416,81
80050000,4841968,42665098,8.81152,20225,282055283,69
80100000,4842048,42668468,8.81207,20225,282124520,60
80150000,4842130,42671785,8.812610000000001,20225,282189390,52
80200000,4842216,42675096,8.813130000000001,20231,282249286,79
80250000,4842299,42678238,8.81363,20234,282309471,62
80300000,4842372,42681381,8.81415,20234,282368871,62
80350000,4842453,42684442,8.814630000000001,20234,282430731,71
80400000,4842549,42687581,8.81511,20234,282490008,54
80450000,4842612,42690607,8.81562,20234,282544413,48
80500000,4842693,42693730,8.81611,20243,282600167,60
80550000,4842770,42696692,8.81658,20243,282656063,56
80600000,4842842,42699664,8.81707,20246,282716938,64
80650000,4842923,42702595,8.81753,20251,282769082,57
80700000,4842992,42705668,8.81803,20251,282833146,60
80750000,4843063,42708500,8.818489999999999,20254,282890596,48
80800000,4843137,42711275,8.81893,20257,282943891,48
80850000,4843205,42714128,8.81939,20258,282996849,65
80900000,4843280,42716898,8.81983,20258,283052044,51
80950000,4843346,42719671,8.82028,20258,283106716,55
81000000,4843396,42722437,8.82076,20263,283163988,49
81050000,4843468,42725175,8.82119,20263,283216877,44
81100000,4843539,42727970,8.821639999999999,20263,283271075,55
81150000,4843604,42730599,8.82207,20263,283318603,36
81200000,4843666,42733271,8.822510000000001,20263,283370523,52
81250000,4843725,42735841,8.82293,20264,283419241,42
81300000,4843787,42738454,8.823360000000001,20269,283473941,50
81350000,4843859,42741030,8.82376,20270,283524253,49
81400000,4843928,42743573,8.824160000000001,20270,283573196,47
81450000,4843986,42746099,8.82457,20272,283628457,45
81500000,4844046,42748488,8.82496,20272,283676975,61
81550000,4844111,42750878,8.825330000000001,20272,283724227,42
81600000,4844161,42753301,8.82574,20272,283773887,42
81650000,4844222,42755744,8.826130000000001,20272,283826465,54
81700000,4844278,42758078,8.82651,20281,283873619,53
81750000,4844328,42760442,8.82691,20281,283920130,62
81800000,4844387,42762730,8.82727,20281,283966585,61
81850000,4844444,42765028,8.827639999999999,20281,284009651,40
81900000,4844495,42767281,8.82802,20283,284054905,45
81950000,4844556,42769426,8.82835,20283,284095643,42
82000000,4844605,42771589,8.828710000000001,20285,284138723,48
82050000,4844670,42773726,8.82903,20286,284179928,48
82100000,4844734,42775846,8.82935,20286,284222490,48
82150000,4844788,42777928,8.82968,20289,284262615,49
82200000,4844842,42780012,8.830010000000001,20289,284310376,50
82250000,4844905,42781895,8.83029,20291,284346130,39
82300000,4844947,42783926,8.830630000000001,20292,284384044,39
82350000,4844992,42785942,8.830960000000001,20292,284423224,38
82400000,4845030,42787789,8.83127,20295,284460357,34
82450000,4845065,42789624,8.83159,20296,284499281,39
82500000,4845096,42791521,8.83192,20298,284536234,30
82550000,4845159,42793353,8.832189999999999,20299,284570306,37
82600000,4845192,42795141,8.8325,20299,284607768,29
82650000,4845238,42796927,8.83278,20299,284644906,36
82700000,4845280,42798715,8.83307,20302,284677961,37
82750000,4845326,42800505,8.83336,20302,284709045,40
82800000,4845379,42802217,8.83362,20305,284742744,23
82850000,4845424,42803885,8.83388,20305,284778034,40
82900000,4845463,42805499,8.83414,20305,284808492,23
82950000,4845492,42807154,8.834430000000001,20305,284844618,36
83000000,4845524,42808737,8.8347,20305,284877841,40
83050000,4845571,42810302,8.83493,20310,284908839,22
83100000,4845616,42811819,8.83517,20310,284939591,25
83150000,4845665,42813345,8.83539,20313,284968854,29
83200000,4845699,42814854,8.83564,20313,284996698,41
83250000,4845740,42816228,8.83585,20313,285023744,24
83300000,4845774,42817646,8.83608,20315,285052514,28
83350000,4845802,42819076,8.836319999999999,20315,285080701,30
83400000,4845846,42820443,8.83653,20315,285107939,22
83450000,4845877,42821722,8.836730000000001,20316,285133521,22
83500000,4845910,42823019,8.83694,20317,285162069,22
83550000,4845942,42824288,8.83714,20317,285188664,28
83600000,4845973,42825477,8.83733,20317,285213951,21
83650000,4846006,42826721,8.837530000000001,20317,285240440,32
83700000,4846027,42827883,8.83773,20317,285265702,26
83750000,4846054,42829000,8.83791,20320,285283761,24
83800000,4846082,42830065,8.83808,20320,285305912,18
83850000,4846099,42831187,8.838280000000001,20320,285329474,20
83900000,4846119,42832280,8.83847,20320,285351433,18
83950000,4846143,42833264,8.83863,20322,285372311,20
84000000,4846181,42834235,8.83876,20322,285392851,17
84050000,4846203,42835239,8.83893,20322,285415215,25
84100000,4846235,42836234,8.83907,20322,285435530,14
84150000,4846260,42837135,8.83922,20322,285453987,18
84200000,4846282,42838023,8.839360000000001,20322,285471813,15
84250000,4846297,42838880,8.83951,20322,285489534,15
84300000,4846317,42839679,8.83964,20322,285504545,11
84350000,4846336,42840473,8.83977,20322,285520160,9
84400000,4846360,42841241,8.83988,20322,285534021,12
84450000,4846381,42842004,8.84,20330,285548654,22
84500000,4846391,42842715,8.84013,20330,285564593,15
84550000,4846408,42843405,8.84024,20330,285578214,6
84600000,4846418,42844058,8.84036,20330,285593040,16
84650000,4846438,42844688,8.84045,20330,285606533,11
84700000,4846455,42845287,8.840539999999999,20330,285618237,12
84750000,4846472,42845862,8.84063,20330,285629491,11
84800000,4846493,42846408,8.8407,20330,285637509,8
84850000,4846503,42846928,8.84079,20330,285647390,9
84900000,4846511,42847427,8.84088,20330,285658264,8
84950000,4846525,42847880,8.84095,20330,285670838,6
85000000,4846538,42848300,8.84101,20330,285677043,9
85050000,4846546,42848693,8.84108,20330,285685050,7
85100000,4846554,42849079,8.84114,20330,285691788,10
85150000,4846565,42849460,8.8412,20330,285699329,1
85200000,4846573,42849775,8.84125,20330,285704783,5
85250000,4846580,42850069,8.8413,20330,285709269,3
85300000,4846588,42850303,8.841330000000001,20330,285713037,5
85350000,4846592,42850492,8.84137,20330,285715411,1
85400000,4846598,42850678,8.841389999999999,20332,285718994,4
85450000,4846600,42850858,8.84143,20332,285722860,1
85500000,4846603,42850986,8.84145,20332,285724765,3
85550000,4846606,42851086,8.841460000000001,20333,285727371,3
85600000,4846607,42851170,8.84148,20333,285728739,1
85650000,4846608,42851216,8.84149,20333,285729584,4
85700000,4846609,42851235,8.84149,20333,285730262,0
