timestep,num_nodes,num_edges,average_degree,max_degree,num_triangles,new_edges
0,1950,1000,0.512821,3,0,1000
50000,93060,50985,0.547872,21,0,1000
100000,175221,100934,0.576038,44,2,999
150000,250556,150871,0.6021449999999999,77,13,998
200000,320678,200771,0.626083,99,30,992
250000,386592,250648,0.648353,127,64,995
300000,448264,300472,0.670301,138,110,997
350000,506906,350278,0.691012,165,172,995
400000,562736,400043,0.710889,197,260,990
450000,616183,449802,0.729981,217,356,996
500000,667123,499578,0.748854,251,502,994
550000,716046,549290,0.767116,274,667,994
600000,762767,598943,0.785224,292,850,994
650000,807737,648586,0.802967,314,1066,988
700000,850917,698173,0.8204950000000001,335,1315,992
750000,892427,747749,0.837883,353,1601,990
800000,932721,797256,0.854764,371,1958,988
850000,971856,846774,0.871296,399,2310,990
900000,1009754,896261,0.887603,431,2719,992
950000,1046542,945725,0.903667,445,3173,991
1000000,1081902,995156,0.9198209999999999,476,3708,985
1050000,1116288,1044561,0.935745,490,4263,992
1100000,1149696,1093949,0.9515120000000001,515,4895,985
1150000,1182325,1143267,0.966965,533,5554,985
1200000,1214112,1192575,0.982261,550,6319,988
1250000,1244944,1241822,0.997492,566,7109,983
1300000,1275070,1291044,1.01253,588,8031,979
1350000,1304456,1340261,1.02745,605,8973,988
1400000,1333096,1389474,1.04229,625,9973,982
1450000,1360917,1438598,1.05708,638,11018,986
1500000,1388239,1487736,1.0716700000000001,665,12194,979
1550000,1415157,1536862,1.0859999999999999,685,13496,976
1600000,1441372,1585968,1.10032,717,14817,980
1650000,1467094,1635011,1.11446,739,16228,981
1700000,1492152,1684043,1.1286,755,17637,983
1750000,1516733,1732993,1.14258,783,19208,975
1800000,1540669,1781970,1.15662,805,20741,983
1850000,1564293,1830901,1.1704299999999999,820,22520,982
1900000,1587359,1879821,1.18424,844,24372,979
1950000,1609975,1928742,1.1979899999999999,867,26364,979
2000000,1632119,1977607,1.2116799999999999,887,28467,979
2050000,1653986,2026386,1.22515,920,30613,979
2100000,1675191,2075152,1.23876,943,32792,977
2150000,1696316,2123897,1.25206,971,35185,964
2200000,1716725,2172638,1.26557,991,37717,974
2250000,1737131,2221345,1.27874,1006,40310,977
2300000,1757144,2269947,1.2918399999999999,1028,42974,976
2350000,1776718,2318550,1.3049600000000001,1051,45853,984
2400000,1795856,2367177,1.31813,1073,48785,966
2450000,1814705,2415732,1.3312,1098,51766,970
2500000,1833400,2464256,1.34409,1127,54986,968
2550000,1851884,2512789,1.3568799999999999,1154,58237,967
2600000,1869968,2561294,1.3697,1168,61772,967
2650000,1887797,2609753,1.3824299999999998,1185,65408,964
2700000,1905356,2658209,1.3951200000000001,1211,69147,963
2750000,1922390,2706564,1.40792,1230,73007,958
2800000,1939451,2754950,1.42048,1258,77090,971
2850000,1956097,2803267,1.43309,1277,81182,954
2900000,1972553,2851553,1.4456200000000001,1304,85359,964
2950000,1988754,2899919,1.4581600000000001,1329,89659,968
3000000,2004605,2948214,1.47072,1360,94239,958
3050000,2020335,2996485,1.48316,1374,98985,964
3100000,2035889,3044680,1.4955,1397,103777,966
3150000,2051038,3092795,1.5079200000000001,1423,108823,972
3200000,2065986,3140953,1.5203200000000001,1439,114121,964
3250000,2081207,3189115,1.53234,1461,119278,963
3300000,2095816,3237194,1.5446,1486,124841,968
3350000,2110523,3285263,1.55661,1504,130339,961
3400000,2124829,3333259,1.5687200000000001,1522,136188,958
3450000,2139048,3381220,1.58071,1550,142088,958
3500000,2152991,3429182,1.59275,1564,148212,963
3550000,2166853,3477157,1.6047,1586,154431,952
3600000,2180471,3525006,1.61663,1621,160842,964
3650000,2193880,3572926,1.62859,1638,167463,957
3700000,2207271,3620777,1.6403900000000002,1660,174341,973
3750000,2220616,3668680,1.6521,1682,181210,954
3800000,2233478,3716456,1.66398,1703,188365,954
3850000,2246327,3764184,1.6757099999999998,1728,195443,956
3900000,2259118,3812045,1.6874,1754,203136,966
3950000,2271773,3859750,1.699,1775,211027,958
4000000,2284292,3907505,1.7106,1796,218788,964
4050000,2296585,3955141,1.7221799999999998,1816,226892,958
4100000,2308688,4002804,1.7338,1843,234833,960
4150000,2320743,4050473,1.7453299999999998,1863,243197,969
4200000,2332523,4098080,1.7569299999999999,1897,251988,969
4250000,2344375,4145636,1.76833,1913,260896,943
4300000,2356055,4193212,1.7797599999999998,1940,269916,954
4350000,2367501,4240655,1.79119,1963,279213,942
4400000,2378860,4288077,1.8025799999999998,1985,288459,941
4450000,2390046,4335536,1.814,2018,298315,947
4500000,2401295,4383012,1.8252700000000002,2045,308142,955
4550000,2412435,4430369,1.83647,2063,318219,922
4600000,2423284,4477758,1.84781,2087,328288,947
4650000,2434007,4525086,1.8591099999999998,2106,339056,956
4700000,2444951,4572365,1.8701299999999998,2127,349566,942
4750000,2455486,4619643,1.88136,2142,360302,925
4800000,2465989,4666810,1.89247,2163,371509,943
4850000,2476327,4713983,1.90362,2190,382955,949
4900000,2486621,4761228,1.91474,2214,394482,952
4950000,2496869,4808391,1.92577,2238,406366,943
5000000,2506903,4855547,1.93687,2258,418571,935
5050000,2517038,4902672,1.9477900000000001,2274,430580,942
5100000,2526942,4949706,1.9587700000000001,2288,442938,934
5150000,2536822,4996757,1.9696900000000002,2304,455604,949
5200000,2546590,5043708,1.9805700000000002,2325,468639,924
5250000,2556171,5090572,1.99148,2350,481226,935
5300000,2565595,5137442,2.00244,2380,494750,939
5350000,2575196,5184344,2.0131799999999997,2393,508691,950
5400000,2584665,5231189,2.02393,2414,522798,941
5450000,2593902,5278076,2.0348,2439,536736,936
5500000,2603046,5324883,2.04564,2461,550984,934
5550000,2612149,5371708,2.0564299999999998,2479,565541,929
5600000,2621235,5418420,2.06712,2508,580530,935
5650000,2630127,5464970,2.07784,2526,595863,922
5700000,2638962,5511652,2.0885700000000003,2550,611273,944
5750000,2647856,5558344,2.09919,2570,627109,934
5800000,2656556,5605013,2.10988,2593,643020,939
5850000,2665355,5651722,2.1204400000000003,2619,659357,933
5900000,2673926,5698368,2.13109,2639,676344,934
5950000,2682392,5744952,2.14173,2664,693334,931
6000000,2690896,5791404,2.1522200000000002,2694,710440,921
6050000,2699420,5837859,2.16263,2720,728035,929
6100000,2707843,5884311,2.17306,2747,745441,927
6150000,2716132,5930857,2.18357,2767,763377,923
6200000,2724435,5977252,2.19394,2786,781277,930
6250000,2732634,6023665,2.20434,2795,799953,930
6300000,2740623,6070101,2.21486,2816,818478,932
6350000,2748670,6116452,2.2252400000000003,2838,836950,928
6400000,2756487,6162709,2.2357099999999996,2858,856014,918
6450000,2764394,6208919,2.2460299999999997,2879,875434,917
6500000,2772262,6255126,2.2563299999999997,2902,895377,917
6550000,2780000,6301277,2.26665,2930,915787,934
6600000,2787622,6347418,2.2769999999999997,2949,935722,926
6650000,2795030,6393529,2.28746,2970,956223,902
6700000,2802705,6439618,2.2976400000000003,2989,977019,916
6750000,2810339,6485805,2.30784,3015,997894,930
6800000,2817882,6531837,2.318,3040,1019260,919
6850000,2825457,6577767,2.32804,3067,1041032,915
6900000,2832755,6623834,2.3383,3088,1063254,928
6950000,2840063,6669852,2.34849,3106,1086215,936
7000000,2847364,6715839,2.35862,3128,1109306,922
7050000,2854608,6761778,2.36872,3149,1131802,913
7100000,2861704,6807640,2.37888,3171,1154409,903
7150000,2868789,6853468,2.38898,3185,1177943,929
7200000,2875946,6899275,2.3989599999999998,3212,1201264,930
7250000,2883014,6945079,2.40896,3227,1225640,908
7300000,2890087,6990849,2.41891,3240,1249293,931
7350000,2897137,7036586,2.42881,3253,1273648,920
7400000,2904118,7082273,2.4387,3273,1298990,912
7450000,2910984,7127915,2.44863,3290,1323371,913
7500000,2917963,7173689,2.4584599999999996,3312,1348350,912
7550000,2924715,7219322,2.46838,3337,1373886,920
7600000,2931297,7264816,2.47836,3353,1400570,910
7650000,2937905,7310289,2.48827,3370,1426539,912
7700000,2944400,7355700,2.4982,3393,1453021,903
7750000,2951106,7401162,2.50793,3411,1479573,916
7800000,2957728,7446603,2.51768,3428,1506940,915
7850000,2964347,7491991,2.52737,3445,1534657,908
7900000,2971019,7537305,2.53694,3465,1562540,905
7950000,2977479,7582694,2.54668,3484,1590960,909
8000000,2983853,7628036,2.5564400000000003,3507,1620227,902
8050000,2990170,7673280,2.56617,3527,1648773,922
8100000,2996455,7718565,2.5759,3550,1677909,900
8150000,3002635,7763850,2.58568,3567,1707213,901
8200000,3008751,7809299,2.59553,3581,1737391,912
8250000,3014897,7854457,2.60522,3606,1767740,907
8300000,3021031,7899517,2.61484,3633,1798348,907
8350000,3027189,7944683,2.6244400000000003,3650,1829884,901
8400000,3033212,7989959,2.63416,3679,1861666,903
8450000,3039199,8035120,2.64383,3709,1892940,912
8500000,3045266,8080148,2.65335,3728,1924737,909
8550000,3051260,8125192,2.6629,3747,1956476,900
8600000,3057383,8170136,2.6722599999999996,3767,1989003,908
8650000,3063336,8215244,2.6818,3796,2021445,913
8700000,3069251,8260074,2.69123,3817,2055090,903
8750000,3074923,8304958,2.70087,3835,2089188,909
8800000,3080460,8349927,2.71061,3857,2123565,905
8850000,3086136,8394888,2.72019,3878,2157808,883
8900000,3091862,8439610,2.72962,3897,2192657,897
8950000,3097517,8484299,2.73906,3918,2227595,915
9000000,3103210,8528915,2.74842,3933,2262883,889
9050000,3108877,8573696,2.7578099999999997,3955,2298448,892
9100000,3114550,8618408,2.76714,3978,2334858,897
9150000,3120038,8663033,2.77658,4003,2372387,883
9200000,3125536,8707637,2.7859700000000003,4018,2408928,883
9250000,3131007,8752189,2.79533,4041,2445254,887
9300000,3136447,8796862,2.80472,4061,2482532,893
9350000,3141898,8841433,2.8140400000000003,4087,2520761,903
9400000,3147187,8885956,2.82346,4119,2559194,895
9450000,3152717,8930548,2.83265,4135,2597200,901
9500000,3158031,8975025,2.84197,4146,2636496,890
9550000,3163323,9019498,2.85127,4166,2675144,901
9600000,3168646,9063905,2.8605,4188,2715165,884
9650000,3173889,9108308,2.86976,4211,2754972,883
9700000,3179146,9152761,2.8789999999999996,4240,2794518,883
9750000,3184562,9197055,2.88801,4263,2834895,866
9800000,3189726,9241396,2.89724,4283,2876995,893
9850000,3194830,9285654,2.90646,4301,2918528,889
9900000,3200075,9329843,2.91551,4312,2959789,880
9950000,3205198,9374051,2.92464,4329,3001914,883
10000000,3210135,9418266,2.93392,4357,3044755,874
10050000,3215172,9462412,2.94305,4380,3087654,879
10100000,3220118,9506466,2.95221,4403,3131101,886
10150000,3225193,9550627,2.96126,4421,3175348,876
10200000,3230172,9594671,2.97033,4447,3219806,887
10250000,3235074,9638762,2.97946,4466,3264080,870
10300000,3239987,9682729,2.9885099999999998,4482,3309365,882
10350000,3244756,9726625,2.99764,4506,3354547,887
10400000,3249742,9770571,3.00657,4524,3401287,872
10450000,3254496,9814575,3.0157,4552,3446920,883
10500000,3259285,9858500,3.02474,4569,3494573,885
10550000,3264083,9902299,3.03372,4597,3541150,860
10600000,3268933,9946136,3.04262,4621,3588400,883
10650000,3273695,9989930,3.05158,4642,3636263,875
10700000,3278481,10033785,3.0605,4657,3684431,865
10750000,3283073,10077526,3.06954,4676,3732554,883
10800000,3287688,10121180,3.0785099999999996,4695,3781257,872
10850000,3292376,10164954,3.0874200000000003,4713,3831819,876
10900000,3296941,10208580,3.09638,4727,3882397,871
10950000,3301561,10252159,3.10525,4742,3932228,890
11000000,3306180,10295791,3.1141,4768,3983299,868
11050000,3310697,10339367,3.12302,4786,4034880,866
11100000,3315220,10382836,3.13187,4805,4086136,862
11150000,3319796,10426327,3.14065,4824,4137975,874
11200000,3324227,10469800,3.14954,4849,4190281,886
11250000,3328783,10513301,3.1583,4871,4241659,883
11300000,3333227,10556593,3.16708,4895,4295192,864
11350000,3337657,10600028,3.1758900000000003,4914,4349323,861
11400000,3342016,10643485,3.18475,4936,4402586,868
11450000,3346296,10686866,3.1936400000000003,4958,4457043,877
11500000,3350745,10730173,3.2023200000000003,4980,4511290,856
11550000,3355120,10773547,3.21108,4997,4566545,863
11600000,3359485,10816956,3.21983,5015,4621099,866
11650000,3363873,10860131,3.2284599999999997,5036,4676177,859
11700000,3368191,10903325,3.23715,5059,4732143,858
11750000,3372439,10946505,3.24587,5088,4788245,863
11800000,3376643,10989677,3.25462,5110,4844623,873
11850000,3380785,11032768,3.26337,5126,4901324,875
11900000,3384915,11075978,3.27216,5159,4959539,869
11950000,3389018,11118965,3.2808800000000002,5179,5017366,856
12000000,3393172,11161955,3.2895300000000005,5200,5076519,850
12050000,3397232,11204936,3.29825,5211,5134560,863
12100000,3401416,11247813,3.3068,5239,5193516,847
12150000,3405591,11290723,3.31535,5266,5250986,861
12200000,3409706,11333605,3.3239199999999998,5282,5310974,871
12250000,3413741,11376502,3.33256,5305,5371474,852
12300000,3417795,11419365,3.34115,5322,5434385,852
12350000,3421893,11462294,3.3496900000000003,5350,5495736,858
12400000,3425960,11505203,3.3582400000000003,5377,5557769,864
12450000,3429937,11547965,3.3668199999999997,5396,5619134,852
12500000,3434006,11590680,3.37526,5420,5679073,857
12550000,3437989,11633384,3.3837800000000002,5454,5743053,849
12600000,3442022,11675940,3.3921699999999997,5479,5807001,830
12650000,3445958,11718419,3.4006300000000005,5496,5870032,857
12700000,3449878,11760928,3.40909,5508,5934035,854
12750000,3453761,11803509,3.4175800000000005,5534,5997683,842
12800000,3457836,11845997,3.42584,5553,6061378,858
12850000,3461669,11888577,3.43435,5566,6126021,862
12900000,3465566,11931071,3.44275,5590,6191521,829
12950000,3469390,11973454,3.45117,5600,6257027,862
13000000,3473160,12015923,3.45965,5633,6323356,826
13050000,3476944,12058515,3.46814,5658,6391317,852
13100000,3480794,12100834,3.47646,5675,6459002,847
13150000,3484514,12143090,3.48487,5699,6526672,845
13200000,3488237,12185439,3.49329,5719,6596596,845
13250000,3492034,12227649,3.50158,5730,6664306,846
13300000,3495895,12269999,3.5098300000000004,5751,6732463,854
13350000,3499616,12312214,3.51816,5780,6803468,862
13400000,3503285,12354317,3.5264900000000003,5797,6872740,853
13450000,3506985,12396485,3.5348,5830,6941480,826
13500000,3510683,12438639,3.5430800000000002,5853,7012803,851
13550000,3514512,12480766,3.5512099999999998,5876,7082264,844
13600000,3518161,12522764,3.55946,5901,7155302,832
13650000,3521833,12564788,3.56768,5925,7227749,819
13700000,3525466,12606709,3.5759,5951,7302373,843
13750000,3529020,12648701,3.5842,5978,7378178,834
13800000,3532597,12690577,3.5924199999999997,5992,7452513,816
13850000,3536198,12732546,3.60063,6011,7526757,825
13900000,3539865,12774558,3.60877,6019,7600695,830
13950000,3543458,12816468,3.61694,6046,7675476,850
14000000,3547141,12858507,3.62503,6068,7751944,853
14050000,3550676,12900206,3.63317,6094,7827703,848
14100000,3554135,12941897,3.6413599999999997,6113,7903249,843
14150000,3557673,12983683,3.64949,6138,7980140,837
14200000,3561237,13025442,3.6575599999999997,6150,8060178,833
14250000,3564647,13066931,3.6657,6173,8137011,825
14300000,3568085,13108475,3.67381,6195,8215275,815
14350000,3571571,13150098,3.6818800000000005,6209,8295535,804
14400000,3575015,13191657,3.6899599999999997,6229,8376109,829
14450000,3578454,13233250,3.69804,6249,8456613,849
14500000,3581876,13274759,3.70609,6269,8537989,833
14550000,3585307,13316264,3.71412,6286,8618373,820
14600000,3588709,13357749,3.7221599999999997,6295,8698344,840
14650000,3592000,13399192,3.73029,6311,8779418,836
14700000,3595374,13440706,3.7383300000000004,6328,8859339,835
14750000,3598755,13482207,3.74635,6343,8941245,803
14800000,3602046,13523628,3.75443,6371,9022594,819
14850000,3605312,13564855,3.76246,6403,9104243,827
14900000,3608672,13606174,3.77041,6422,9187781,821
14950000,3612037,13647556,3.77835,6434,9270836,824
15000000,3615307,13688882,3.78637,6464,9355828,825
15050000,3618521,13730018,3.79437,6481,9440182,810
15100000,3621730,13771230,3.80239,6505,9525562,812
15150000,3625061,13812443,3.81026,6525,9610186,829
15200000,3628318,13853574,3.8181800000000004,6550,9697064,822
15250000,3631564,13894671,3.82608,6568,9784832,826
15300000,3634829,13935793,3.83396,6589,9871454,828
15350000,3637989,13976800,3.8419,6609,9956912,839
15400000,3641243,14017731,3.84971,6625,10045454,805
15450000,3644425,14058701,3.85759,6638,10134135,809
15500000,3647653,14099772,3.86544,6656,10223370,838
15550000,3650806,14140763,3.87333,6673,10311858,816
15600000,3653974,14181742,3.88118,6689,10400586,817
15650000,3657051,14222696,3.8891199999999997,6712,10490504,828
15700000,3660071,14263571,3.89707,6737,10583032,836
15750000,3663253,14304409,3.90484,6764,10673364,779
15800000,3666307,14345100,3.9126800000000004,6783,10763808,796
15850000,3669459,14385868,3.92043,6801,10855392,806
15900000,3672608,14426583,3.9281599999999997,6830,10946076,807
15950000,3675699,14467326,3.93594,6859,11038320,809
16000000,3678713,14507970,3.9437599999999997,6870,11133209,787
16050000,3681757,14548572,3.9515300000000004,6890,11227375,807
16100000,3684786,14589027,3.95926,6899,11322395,802
16150000,3687866,14629663,3.96697,6926,11416033,824
16200000,3690951,14670389,3.9746900000000003,6947,11512953,815
16250000,3693933,14710829,3.9824300000000004,6972,11610029,820
16300000,3696927,14751376,3.9901699999999996,6979,11707221,835
16350000,3699892,14791769,3.99789,6994,11802834,807
16400000,3702891,14832184,4.00557,7014,11898325,810
16450000,3705831,14872601,4.0133,7042,11996940,807
16500000,3708721,14913024,4.02107,7051,12092945,793
16550000,3711719,14953202,4.02865,7074,12191232,808
16600000,3714713,14993662,4.03629,7103,12286825,806
16650000,3717638,15034061,4.04398,7122,12384352,809
16700000,3720491,15074151,4.05166,7145,12486699,796
16750000,3723361,15114453,4.05936,7168,12587021,810
16800000,3726226,15154659,4.06703,7193,12685121,806
16850000,3729102,15194820,4.07466,7204,12786876,795
16900000,3731990,15234995,4.082269999999999,7224,12888991,799
16950000,3734847,15275027,4.0898699999999995,7243,12991909,817
17000000,3737583,15315147,4.0976099999999995,7257,13094451,776
17050000,3740360,15355141,4.1052599999999995,7271,13197166,791
17100000,3743196,15395175,4.11284,7280,13302717,778
17150000,3746034,15435232,4.120419999999999,7294,13407628,793
17200000,3748853,15475112,4.12796,7308,13513628,820
17250000,3751583,15515069,4.13561,7325,13617648,817
17300000,3754409,15554833,4.14308,7347,13721530,803
17350000,3757180,15594640,4.15062,7371,13825143,819
17400000,3760047,15634597,4.1580900000000005,7389,13931054,811
17450000,3762831,15674588,4.16564,7420,14039347,799
17500000,3765636,15714587,4.17316,7439,14145976,809
17550000,3768339,15754379,4.18072,7460,14255664,801
17600000,3771053,15794141,4.18826,7481,14364160,823
17650000,3773815,15833863,4.19572,7494,14473411,805
17700000,3776472,15873461,4.20325,7514,14581994,808
17750000,3779220,15913139,4.2106900000000005,7526,14691228,789
17800000,3781943,15952788,4.21815,7548,14798840,785
17850000,3784548,15992367,4.2257,7566,14906411,775
17900000,3787210,16032018,4.2332,7582,15018747,798
17950000,3789889,16071451,4.24061,7602,15127582,804
18000000,3792463,16110866,4.248130000000001,7620,15239466,786
18050000,3795182,16150350,4.25549,7640,15349080,774
18100000,3797910,16189793,4.26282,7652,15460816,774
18150000,3800595,16229261,4.27019,7675,15572734,794
18200000,3803251,16268688,4.27757,7695,15685281,778
18250000,3805896,16308036,4.28494,7718,15802025,772
18300000,3808502,16347312,4.29232,7734,15917769,789
18350000,3811050,16386489,4.29973,7754,16031992,771
18400000,3813614,16425854,4.30716,7769,16147985,776
18450000,3816200,16464942,4.31449,7790,16265807,793
18500000,3818829,16504081,4.32176,7806,16380835,774
18550000,3821364,16543226,4.32914,7820,16500944,808
18600000,3823846,16582380,4.33657,7833,16622014,801
18650000,3826548,16621542,4.34374,7856,16737781,796
18700000,3829150,16660642,4.351,7872,16856567,765
18750000,3831709,16699648,4.358280000000001,7883,16974309,770
18800000,3834242,16738552,4.36554,7902,17090611,768
18850000,3836750,16777660,4.37288,7927,17210870,808
18900000,3839281,16816657,4.38016,7943,17328337,808
18950000,3841823,16855638,4.38741,7962,17448755,769
19000000,3844299,16894613,4.3947199999999995,7978,17570533,794
19050000,3846782,16933413,4.4019699999999995,8000,17692177,761
19100000,3849325,16972419,4.40919,8018,17815338,765
19150000,3851796,17011291,4.41646,8044,17934968,790
19200000,3854235,17050275,4.423780000000001,8056,18058680,776
19250000,3856731,17088992,4.43095,8073,18185954,782
19300000,3859196,17127641,4.43814,8090,18310836,779
19350000,3861668,17166490,4.44536,8114,18434198,790
19400000,3864128,17205305,4.45257,8136,18559385,777
19450000,3866491,17243981,4.45985,8147,18686543,764
19500000,3868876,17282595,4.46708,8163,18813380,761
19550000,3871214,17321133,4.47434,8184,18938744,750
19600000,3873654,17359724,4.48149,8195,19064349,757
19650000,3876124,17398256,4.488569999999999,8209,19192376,742
19700000,3878625,17437009,4.49567,8223,19319311,778
19750000,3881003,17475556,4.50285,8249,19445049,756
19800000,3883397,17514170,4.51001,8261,19573616,770
19850000,3885869,17552667,4.51705,8283,19699127,775
19900000,3888234,17591021,4.52417,8305,19831175,782
19950000,3890603,17629470,4.5313,8319,19959240,761
20000000,3893016,17667762,4.53832,8338,20090738,779
20050000,3895370,17706159,4.54544,8344,20218803,763
20100000,3897776,17744436,4.55245,8357,20354009,762
20150000,3900111,17782721,4.55954,8377,20481456,775
20200000,3902500,17820964,4.56655,8395,20611275,755
20250000,3904738,17859122,4.57371,8406,20746920,790
20300000,3907025,17897327,4.58081,8423,20879201,780
20350000,3909359,17935547,4.58785,8445,21011873,768
20400000,3911678,17973561,4.59485,8457,21147383,746
20450000,3914006,18011665,4.60185,8477,21284296,778
20500000,3916320,18049794,4.60887,8488,21423042,769
20550000,3918685,18087810,4.6157900000000005,8504,21557771,790
20600000,3921043,18125774,4.62269,8522,21691217,766
20650000,3923263,18163701,4.62974,8540,21833916,782
20700000,3925538,18201609,4.6367199999999995,8556,21968368,755
20750000,3927772,18239661,4.64377,8574,22106473,775
20800000,3930044,18277463,4.6507,8584,22244863,765
20850000,3932317,18315256,4.65762,8599,22386230,773
20900000,3934621,18353068,4.66451,8617,22521358,784
20950000,3936868,18390935,4.67146,8628,22661929,748
21000000,3939079,18428618,4.6784099999999995,8649,22803344,748
21050000,3941287,18466431,4.68538,8666,22944240,767
21100000,3943425,18504163,4.69241,8683,23080420,757
21150000,3945631,18541854,4.69934,8703,23219517,744
21200000,3947881,18579516,4.7062,8718,23361328,761
21250000,3950062,18617162,4.7131300000000005,8748,23503761,738
21300000,3952235,18654725,4.72004,8762,23646994,749
21350000,3954392,18692221,4.72695,8781,23793801,773
21400000,3956544,18729732,4.73386,8799,23934862,769
21450000,3958652,18767217,4.74081,8812,24081622,742
21500000,3960784,18804567,4.74769,8837,24226240,719
21550000,3962898,18841914,4.754580000000001,8851,24368866,743
21600000,3965031,18879311,4.76145,8863,24516162,758
21650000,3967136,18916708,4.76835,8883,24667336,732
21700000,3969212,18954020,4.77526,8902,24815837,748
21750000,3971344,18991244,4.78207,8922,24967865,755
21800000,3973440,19028718,4.7889800000000005,8945,25113482,748
21850000,3975600,19065778,4.7957,8964,25259342,745
21900000,3977696,19103065,4.80255,8976,25409080,744
21950000,3979893,19140318,4.80925,8983,25560008,756
22000000,3982065,19177570,4.81599,9004,25709936,739
22050000,3984144,19214874,4.82284,9029,25854840,742
22100000,3986227,19252017,4.82963,9055,26006333,731
22150000,3988333,19289149,4.83639,9071,26156773,747
22200000,3990428,19326162,4.84313,9090,26305303,758
22250000,3992500,19363227,4.8499,9109,26457665,737
22300000,3994576,19400323,4.856669999999999,9118,26613527,742
22350000,3996723,19437366,4.86333,9141,26764322,744
22400000,3998747,19474322,4.8701099999999995,9153,26914129,769
22450000,4000775,19511253,4.876869999999999,9169,27065166,734
22500000,4002773,19547955,4.8836,9187,27215580,757
22550000,4004729,19584811,4.89042,9204,27372086,749
22600000,4006753,19621540,4.89712,9230,27526778,739
22650000,4008773,19658448,4.90386,9242,27680422,761
22700000,4010889,19695169,4.910419999999999,9264,27836557,733
22750000,4012837,19731782,4.91717,9282,27987707,725
22800000,4014836,19768479,4.9238599999999995,9301,28142175,737
22850000,4016856,19805246,4.93053,9314,28301130,710
22900000,4018845,19841901,4.937209999999999,9337,28459722,725
22950000,4020847,19878484,4.94385,9361,28616760,742
23000000,4022812,19914987,4.9505099999999995,9379,28775156,739
23050000,4024859,19951560,4.95708,9398,28933117,749
23100000,4026775,19988072,4.96379,9414,29088116,739
23150000,4028722,20024454,4.97042,9430,29246246,728
23200000,4030655,20060843,4.977069999999999,9441,29407798,743
23250000,4032615,20097402,4.983709999999999,9459,29566997,709
23300000,4034585,20133674,4.99027,9475,29731277,712
23350000,4036576,20170087,4.99683,9498,29890870,720
23400000,4038565,20206334,5.00335,9520,30054016,737
23450000,4040555,20242611,5.00986,9533,30217844,732
23500000,4042534,20279011,5.01641,9550,30378448,735
23550000,4044494,20315326,5.022959999999999,9566,30544714,705
23600000,4046471,20351586,5.02947,9586,30709984,744
23650000,4048464,20387801,5.0359300000000005,9604,30873592,724
23700000,4050380,20424058,5.0425,9624,31041203,707
23750000,4052327,20460227,5.04901,9648,31204474,724
23800000,4054222,20496539,5.0556,9669,31369551,745
23850000,4056156,20532538,5.062069999999999,9693,31534397,716
23900000,4058067,20568761,5.06861,9708,31705204,726
23950000,4059973,20604883,5.075130000000001,9726,31873441,723
24000000,4061847,20640950,5.08167,9739,32040042,718
24050000,4063731,20676805,5.0881300000000005,9755,32207046,706
24100000,4065534,20712691,5.0947,9784,32377886,733
24150000,4067363,20748708,5.1012699999999995,9803,32545419,734
24200000,4069241,20784648,5.10775,9823,32712364,692
24250000,4071159,20820385,5.11412,9836,32877507,701
24300000,4073001,20856350,5.12063,9851,33051069,750
24350000,4074860,20892083,5.12707,9869,33224022,707
24400000,4076717,20927767,5.13349,9883,33399114,715
24450000,4078628,20963568,5.13986,9904,33571256,702
24500000,4080441,20999396,5.14635,9924,33742493,728
24550000,4082253,21035092,5.15281,9936,33916670,727
24600000,4084134,21070737,5.15917,9951,34089537,717
24650000,4085961,21106287,5.16556,9976,34257261,709
24700000,4087764,21141780,5.17197,9993,34432124,731
24750000,4089584,21177196,5.17833,10015,34611881,699
24800000,4091354,21212692,5.18476,10033,34786027,714
24850000,4093084,21248252,5.19126,10049,34958028,691
24900000,4094932,21283656,5.19756,10065,35132141,731
24950000,4096647,21318953,5.204,10077,35303173,708
25000000,4098458,21354337,5.21033,10094,35478444,712
25050000,4100208,21389850,5.2167699999999995,10099,35654096,728
25100000,4101918,21425005,5.22317,10120,35825480,701
25150000,4103785,21460340,5.2294,10138,36002149,696
25200000,4105548,21495583,5.23574,10156,36176996,707
25250000,4107246,21530808,5.24215,10181,36356749,695
25300000,4109083,21566033,5.24838,10198,36532720,699
25350000,4110886,21601032,5.25459,10206,36712921,687
25400000,4112650,21636299,5.26091,10229,36895256,690
25450000,4114420,21671551,5.26722,10248,37073770,684
25500000,4116208,21706522,5.27343,10265,37252151,704
25550000,4117959,21741676,5.279719999999999,10277,37431404,712
25600000,4119701,21776754,5.2860000000000005,10290,37615299,707
25650000,4121432,21811793,5.29229,10303,37794670,711
25700000,4123147,21846925,5.2986,10326,37981038,709
25750000,4124887,21881805,5.30483,10349,38165680,697
25800000,4126653,21916764,5.311030000000001,10370,38351219,706
25850000,4128465,21951659,5.31715,10385,38533045,683
25900000,4130213,21986459,5.32332,10400,38715720,700
25950000,4131961,22021304,5.3295,10421,38896023,710
26000000,4133558,22055991,5.33584,10438,39084165,691
26050000,4135206,22090698,5.3421,10455,39268471,678
26100000,4136917,22125548,5.348319999999999,10470,39454066,693
26150000,4138632,22160229,5.354480000000001,10489,39638512,708
26200000,4140314,22194911,5.36068,10507,39826399,699
26250000,4141933,22229544,5.36695,10527,40015161,695
26300000,4143625,22264300,5.37315,10547,40208059,717
26350000,4145251,22298921,5.37939,10561,40395027,711
26400000,4146832,22333506,5.385680000000001,10588,40580355,674
26450000,4148496,22368156,5.39187,10605,40771907,683
26500000,4150144,22402557,5.39802,10617,40963364,693
26550000,4151811,22436978,5.40414,10631,41157342,697
26600000,4153490,22471472,5.41026,10651,41344900,692
26650000,4155188,22505931,5.41634,10667,41535566,691
26700000,4156826,22540402,5.4225,10680,41729350,673
26750000,4158518,22574731,5.42855,10698,41926315,678
26800000,4160205,22609329,5.43467,10716,42123067,677
26850000,4161761,22643667,5.4408900000000004,10725,42316776,672
26900000,4163329,22678012,5.44709,10739,42507079,690
26950000,4164969,22712399,5.4532,10753,42696727,679
27000000,4166617,22746582,5.45924,10772,42890251,693
27050000,4168249,22780925,5.46535,10793,43079623,682
27100000,4169826,22815175,5.47149,10807,43274838,678
27150000,4171457,22849348,5.47755,10825,43464665,701
27200000,4173115,22883653,5.48359,10830,43656890,656
27250000,4174718,22917976,5.48971,10848,43857481,712
27300000,4176315,22952169,5.49579,10862,44052419,713
27350000,4177843,22986029,5.50189,10882,44242863,676
27400000,4179431,23020015,5.50793,10906,44436598,676
27450000,4181047,23053871,5.5139,10925,44632529,699
27500000,4182615,23087854,5.51996,10933,44830831,689
27550000,4184131,23121757,5.52606,10948,45030079,670
27600000,4185691,23155681,5.5321,10959,45230103,677
27650000,4187272,23189522,5.5381,10966,45428835,698
27700000,4188865,23223417,5.54408,10987,45629045,663
27750000,4190395,23257172,5.55011,11006,45826410,692
27800000,4192010,23291236,5.5561,11027,46027830,688
27850000,4193679,23325243,5.562,11044,46224868,688
27900000,4195220,23358979,5.568,11059,46425993,674
27950000,4196758,23392705,5.57399,11076,46625177,692
28000000,4198315,23426320,5.57993,11088,46821512,669
28050000,4199827,23459771,5.58589,11101,47017891,673
28100000,4201355,23493519,5.59189,11116,47220392,680
28150000,4202865,23527084,5.5978699999999995,11131,47429631,626
28200000,4204410,23560857,5.60384,11145,47628395,667
28250000,4205927,23594474,5.60982,11160,47830924,666
28300000,4207496,23628061,5.61571,11176,48039256,664
28350000,4209038,23661467,5.62159,11192,48242866,655
28400000,4210605,23694872,5.62743,11209,48450728,660
28450000,4212147,23728315,5.63331,11232,48654370,651
28500000,4213634,23761732,5.63925,11246,48861231,667
28550000,4215152,23795155,5.64515,11261,49069837,668
28600000,4216592,23828264,5.65107,11275,49279695,661
28650000,4218108,23861637,5.65695,11285,49497781,683
28700000,4219639,23894980,5.6628,11303,49708502,692
28750000,4221160,23927927,5.66857,11318,49919915,652
28800000,4222618,23960991,5.67444,11328,50127412,651
28850000,4224102,23994045,5.68027,11340,50332721,638
28900000,4225629,24027293,5.68609,11358,50546603,652
28950000,4227117,24060427,5.69192,11372,50752306,676
29000000,4228611,24093657,5.697769999999999,11387,50959991,650
29050000,4230124,24126697,5.70354,11407,51168452,679
29100000,4231604,24159624,5.7093300000000005,11416,51380573,672
29150000,4233161,24192666,5.71504,11436,51591321,677
29200000,4234651,24225604,5.7208,11446,51797552,655
29250000,4236097,24258522,5.72662,11463,52012679,674
29300000,4237535,24291303,5.73241,11483,52219943,656
29350000,4238998,24324226,5.7382,11501,52429377,665
29400000,4240521,24357153,5.74391,11513,52643322,680
29450000,4241970,24390072,5.7497,11527,52858520,662
29500000,4243336,24422806,5.75557,11542,53067018,650
29550000,4244720,24455630,5.761419999999999,11555,53282686,655
29600000,4246149,24488204,5.76716,11576,53489506,664
29650000,4247687,24520984,5.7727900000000005,11588,53697881,643
29700000,4249109,24553696,5.77855,11607,53916260,657
29750000,4250593,24586293,5.7842,11625,54127192,650
29800000,4251974,24618989,5.79001,11643,54342565,643
29850000,4253393,24651710,5.795780000000001,11654,54556213,635
29900000,4254881,24684339,5.801419999999999,11664,54770644,670
29950000,4256301,24716913,5.80713,11683,54982118,642
30000000,4257726,24749623,5.812869999999999,11687,55201700,674
30050000,4259148,24781873,5.8185,11695,55421479,632
30100000,4260535,24814412,5.82425,11716,55636188,642
30150000,4261944,24847021,5.829969999999999,11721,55854560,660
30200000,4263346,24879360,5.83564,11734,56075158,651
30250000,4264710,24911610,5.84134,11751,56295158,655
30300000,4266161,24944003,5.84694,11768,56516206,651
30350000,4267545,24976172,5.85259,11788,56739931,633
30400000,4269010,25008423,5.85813,11804,56962210,664
30450000,4270442,25040541,5.86369,11819,57176714,669
30500000,4271849,25072736,5.86929,11836,57396423,609
30550000,4273240,25104882,5.87491,11856,57618708,637
30600000,4274603,25137050,5.88056,11866,57846123,655
30650000,4275964,25169237,5.88621,11875,58068335,652
30700000,4277352,25201527,5.89185,11898,58292385,652
30750000,4278699,25233626,5.8975,11909,58513090,634
30800000,4280044,25265647,5.90313,11918,58739123,617
30850000,4281447,25297767,5.9087,11934,58966358,636
30900000,4282860,25329651,5.9141900000000005,11948,59186249,660
30950000,4284204,25361668,5.91981,11968,59410461,641
31000000,4285503,25393530,5.92545,11983,59641166,612
31050000,4286846,25425435,5.93104,11998,59874360,649
31100000,4288263,25457307,5.93651,12014,60093936,661
31150000,4289611,25489227,5.942080000000001,12022,60319061,632
31200000,4290998,25521111,5.94759,12033,60542118,636
31250000,4292369,25552935,5.95311,12042,60769881,617
31300000,4293716,25584560,5.95861,12067,60991009,627
31350000,4294981,25616159,5.96421,12072,61216508,646
31400000,4296311,25647999,5.96977,12092,61442711,638
31450000,4297619,25679695,5.9753300000000005,12105,61673012,628
31500000,4298964,25711444,5.98085,12119,61903598,622
31550000,4300287,25743134,5.9863800000000005,12135,62136073,645
31600000,4301649,25774535,5.99178,12143,62363483,615
31650000,4302962,25806033,5.997269999999999,12172,62587692,628
31700000,4304267,25837542,6.00277,12193,62814657,618
31750000,4305637,25869028,6.00818,12203,63045707,624
31800000,4306939,25900511,6.013669999999999,12216,63270399,617
31850000,4308353,25931948,6.0189900000000005,12228,63500303,616
31900000,4309624,25963185,6.02447,12245,63726068,610
31950000,4310951,25994555,6.02989,12261,63961269,640
32000000,4312200,26025809,6.0353900000000005,12270,64193501,631
32050000,4313547,26057196,6.040780000000001,12290,64424436,617
32100000,4314865,26088465,6.0461800000000006,12309,64651774,626
32150000,4316163,26119722,6.05161,12328,64881560,639
32200000,4317471,26150904,6.057,12342,65118196,617
32250000,4318764,26181893,6.06236,12348,65351025,629
32300000,4320084,26213021,6.06771,12373,65578739,598
32350000,4321298,26244307,6.07325,12385,65816810,623
32400000,4322575,26275292,6.07862,12398,66049764,622
32450000,4323807,26306165,6.08403,12414,66288203,602
32500000,4325117,26337213,6.08936,12433,66524638,615
32550000,4326357,26368134,6.09477,12442,66764612,644
32600000,4327643,26399100,6.10011,12453,66999806,617
32650000,4329007,26430107,6.10535,12467,67236801,638
32700000,4330238,26461080,6.11077,12481,67471892,643
32750000,4331511,26492035,6.11612,12494,67714408,610
32800000,4332741,26522939,6.12151,12507,67951145,610
32850000,4334001,26553694,6.12683,12529,68187584,591
32900000,4335348,26584661,6.13207,12544,68429828,606
32950000,4336561,26615268,6.13741,12554,68660063,611
33000000,4337834,26646130,6.14273,12575,68901813,601
33050000,4339045,26676868,6.1481,12581,69136933,605
33100000,4340343,26707573,6.15333,12602,69373966,615
33150000,4341570,26738247,6.15866,12610,69616163,641
33200000,4342736,26768817,6.16404,12631,69859042,601
33250000,4343937,26799430,6.16939,12638,70106718,610
33300000,4345204,26830091,6.17464,12657,70341455,597
33350000,4346365,26860598,6.18001,12672,70584688,616
33400000,4347638,26891188,6.18524,12680,70826167,618
33450000,4348846,26921786,6.19056,12692,71065617,616
33500000,4350050,26952313,6.19586,12702,71306161,628
33550000,4351182,26982542,6.2012,12723,71551887,615
33600000,4352413,27013105,6.2064699999999995,12734,71796423,617
33650000,4353664,27043383,6.21164,12753,72036318,607
33700000,4354813,27073707,6.21696,12765,72274082,606
33750000,4356039,27104014,6.222169999999999,12781,72510545,587
33800000,4357268,27134201,6.22734,12800,72749465,589
33850000,4358530,27164674,6.232530000000001,12816,72993786,615
33900000,4359708,27194952,6.23779,12823,73231732,628
33950000,4360906,27225324,6.243040000000001,12836,73478978,617
34000000,4362107,27255408,6.24822,12850,73724556,627
34050000,4363288,27285563,6.25344,12862,73974620,604
34100000,4364436,27315825,6.25873,12871,74214647,613
34150000,4365596,27345662,6.2639,12889,74458684,579
34200000,4366828,27375628,6.269,12911,74698122,601
34250000,4368031,27405651,6.27414,12933,74945095,613
34300000,4369228,27435884,6.27934,12946,75198029,617
34350000,4370417,27465669,6.28445,12955,75441884,597
34400000,4371604,27495495,6.289569999999999,12962,75684760,581
34450000,4372700,27525414,6.29483,12982,75932026,588
34500000,4373836,27555233,6.30002,13002,76177463,597
34550000,4375058,27585160,6.3051,13013,76430351,607
34600000,4376232,27614987,6.310219999999999,13028,76674397,592
34650000,4377382,27644680,6.31535,13051,76923436,575
34700000,4378500,27674431,6.320530000000001,13069,77177271,596
34750000,4379629,27704294,6.32572,13080,77418501,594
34800000,4380765,27734050,6.33087,13093,77668678,617
34850000,4381905,27763708,6.33599,13106,77913954,600
34900000,4383049,27793283,6.341080000000001,13114,78158491,615
34950000,4384212,27823134,6.34621,13125,78408224,604
35000000,4385411,27852677,6.35121,13140,78658796,598
35050000,4386524,27882305,6.35636,13154,78912561,595
35100000,4387610,27911775,6.3615,13172,79157801,599
35150000,4388749,27941273,6.366569999999999,13188,79405469,595
35200000,4389864,27970916,6.3717,13203,79664020,587
35250000,4391009,28000100,6.37669,13214,79914694,566
35300000,4392134,28029668,6.3817900000000005,13230,80164776,595
35350000,4393313,28058977,6.38675,13248,80419242,570
35400000,4394390,28088187,6.391830000000001,13263,80675162,553
35450000,4395495,28117633,6.39692,13285,80924722,618
35500000,4396604,28146877,6.40196,13308,81178603,581
35550000,4397678,28176192,6.4070599999999995,13324,81430191,607
35600000,4398791,28205423,6.41209,13343,81684596,614
35650000,4399919,28234511,6.41705,13366,81939054,602
35700000,4401059,28263869,6.42206,13375,82192306,561
35750000,4402171,28293066,6.42707,13387,82446882,606
35800000,4403313,28322003,6.43198,13393,82705740,576
35850000,4404434,28351272,6.43698,13415,82966922,569
35900000,4405595,28380321,6.44188,13426,83223018,555
35950000,4406699,28409365,6.44686,13438,83483174,581
36000000,4407829,28438533,6.45182,13450,83735749,596
36050000,4408907,28467295,6.45677,13462,83997968,605
36100000,4409997,28496298,6.46175,13487,84257941,574
36150000,4411100,28525216,6.46669,13499,84514929,587
36200000,4412199,28553965,6.4716,13504,84771425,561
36250000,4413264,28582840,6.47658,13514,85027418,573
36300000,4414367,28611752,6.48151,13526,85285566,558
36350000,4415456,28640735,6.48647,13538,85543892,581
36400000,4416567,28669540,6.49136,13556,85802404,588
36450000,4417604,28698405,6.49637,13571,86063343,576
36500000,4418639,28727081,6.50134,13586,86323034,600
36550000,4419820,28755708,6.50608,13598,86576708,564
36600000,4420868,28784117,6.5109699999999995,13614,86836651,571
36650000,4421886,28812533,6.51589,13629,87091106,592
36700000,4422951,28841087,6.52078,13644,87350634,572
36750000,4424077,28869768,6.5256,13659,87603259,583
36800000,4425166,28898250,6.53043,13673,87859113,585
36850000,4426305,28926796,6.5352,13688,88117629,560
36900000,4427381,28955086,6.54,13703,88374250,561
36950000,4428433,28983592,6.5448900000000005,13708,88631430,582
37000000,4429530,29012025,6.54968,13726,88896013,576
37050000,4430541,29040329,6.5545800000000005,13738,89159015,549
37100000,4431584,29068746,6.55945,13757,89416621,570
37150000,4432618,29096888,6.56427,13778,89673918,562
37200000,4433724,29125250,6.569030000000001,13800,89942837,613
37250000,4434765,29153503,6.573860000000001,13813,90210189,581
37300000,4435802,29181779,6.578689999999999,13836,90474268,552
37350000,4436844,29209980,6.5835,13853,90735157,551
37400000,4437861,29238239,6.588360000000001,13870,90995346,558
37450000,4438892,29266490,6.5932,13881,91257599,580
37500000,4439980,29294521,6.59789,13894,91516932,560
37550000,4440977,29322567,6.60273,13907,91777420,572
37600000,4442007,29350666,6.60752,13921,92045123,554
37650000,4443018,29378543,6.61229,13942,92309191,559
37700000,4444043,29406452,6.61705,13953,92570330,551
37750000,4445118,29434454,6.62175,13958,92830111,553
37800000,4446091,29462483,6.6266,13981,93101417,565
37850000,4447090,29490478,6.631410000000001,13996,93358004,576
37900000,4448160,29518301,6.63607,14006,93619229,551
37950000,4449200,29546032,6.64075,14016,93885416,562
38000000,4450259,29573762,6.6454,14031,94149600,536
38050000,4451286,29601460,6.65009,14043,94415480,550
38100000,4452264,29629080,6.6548300000000005,14056,94675842,549
38150000,4453315,29656756,6.65948,14069,94943390,553
38200000,4454318,29684470,6.6642,14084,95203440,549
38250000,4455326,29712066,6.668889999999999,14107,95467885,542
38300000,4456252,29739608,6.67368,14121,95734568,533
38350000,4457316,29767305,6.6783,14131,95997042,549
38400000,4458359,29795042,6.6829600000000005,14141,96257970,555
38450000,4459332,29822654,6.6877,14153,96524587,550
38500000,4460310,29850129,6.69239,14165,96785973,551
38550000,4461250,29877631,6.697139999999999,14170,97051685,552
38600000,4462267,29905057,6.70176,14181,97321155,556
38650000,4463228,29932707,6.706519999999999,14197,97589625,545
38700000,4464241,29960170,6.71115,14214,97847907,529
38750000,4465218,29987449,6.715789999999999,14230,98118410,539
38800000,4466226,30014693,6.72037,14237,98386650,541
38850000,4467197,30042154,6.725060000000001,14267,98651488,563
38900000,4468152,30069346,6.729710000000001,14282,98912630,566
38950000,4469127,30096655,6.73435,14293,99179689,549
39000000,4470092,30123990,6.73901,14307,99452134,549
39050000,4471036,30151177,6.74367,14325,99725517,546
39100000,4472039,30178321,6.74822,14336,99994678,543
39150000,4472967,30205584,6.75292,14356,100269711,571
39200000,4473897,30232833,6.757610000000001,14370,100550167,520
39250000,4474874,30259823,6.762160000000001,14385,100821702,513
39300000,4475847,30287002,6.7667600000000006,14393,101084963,532
39350000,4476771,30313696,6.77133,14405,101361568,534
39400000,4477757,30340751,6.77588,14419,101631149,510
39450000,4478709,30367709,6.780460000000001,14430,101893622,535
39500000,4479656,30394662,6.7850399999999995,14442,102166626,537
39550000,4480578,30421404,6.789619999999999,14458,102439582,543
39600000,4481541,30448392,6.79418,14467,102712117,552
39650000,4482406,30475425,6.7989,14477,102999075,546
39700000,4483367,30502251,6.80342,14489,103266882,530
39750000,4484316,30529026,6.8079600000000005,14492,103537447,550
39800000,4485350,30555748,6.81234,14506,103804239,555
39850000,4486266,30582628,6.81694,14518,104077007,553
39900000,4487198,30609445,6.821510000000001,14534,104353721,529
39950000,4488096,30636068,6.82607,14542,104629337,525
40000000,4489068,30662545,6.830489999999999,14558,104903620,517
40050000,4489934,30689284,6.83513,14568,105180122,538
40100000,4490816,30715874,6.83971,14579,105450090,520
40150000,4491805,30742631,6.8441600000000005,14590,105725669,526
40200000,4492722,30769285,6.8487,14606,106002374,529
40250000,4493667,30795891,6.85318,14620,106277565,533
40300000,4494645,30822433,6.857589999999999,14632,106553493,553
40350000,4495586,30848784,6.862019999999999,14650,106820025,519
40400000,4496507,30875275,6.8665,14663,107095657,532
40450000,4497417,30901705,6.870989999999999,14677,107376947,540
40500000,4498376,30928263,6.875430000000001,14685,107660348,554
40550000,4499304,30954733,6.87989,14703,107930900,533
40600000,4500188,30980976,6.88437,14714,108212820,535
40650000,4501086,31007245,6.888839999999999,14733,108483499,547
40700000,4502000,31033546,6.89328,14758,108761731,503
40750000,4502915,31059740,6.8977,14772,109036085,550
40800000,4503875,31086086,6.902080000000001,14783,109316613,525
40850000,4504809,31112304,6.906460000000001,14795,109595060,496
40900000,4505710,31138491,6.9109,14809,109864436,533
40950000,4506581,31164736,6.91538,14825,110145167,531
41000000,4507487,31190768,6.91977,14830,110424708,530
41050000,4508401,31216680,6.924110000000001,14839,110699776,535
41100000,4509294,31242870,6.92855,14851,110980534,527
41150000,4510230,31269064,6.932919999999999,14862,111261805,517
41200000,4511120,31294938,6.937289999999999,14878,111532106,521
41250000,4511962,31321056,6.9417800000000005,14891,111811957,519
41300000,4512836,31346860,6.946160000000001,14910,112082153,532
41350000,4513706,31372679,6.950539999999999,14921,112362936,480
41400000,4514592,31398542,6.9549,14940,112641634,528
41450000,4515460,31424459,6.9593,14953,112920444,542
41500000,4516337,31449953,6.9636,14966,113194357,512
41550000,4517235,31475855,6.96795,14971,113471328,541
41600000,4518121,31501859,6.972339999999999,14983,113745923,498
41650000,4518979,31527700,6.97673,14991,114034154,528
41700000,4519838,31553466,6.98111,14997,114312531,499
41750000,4520720,31579091,6.985410000000001,15005,114579805,502
41800000,4521626,31604805,6.9897,15021,114853633,525
41850000,4522517,31630484,6.994,15034,115134009,502
41900000,4523378,31656084,6.99833,15054,115409441,513
41950000,4524198,31681662,7.00271,15066,115689726,529
42000000,4525027,31707318,7.0071,15083,115974171,525
42050000,4525843,31732748,7.0114600000000005,15096,116254766,518
42100000,4526712,31758349,7.01577,15098,116543830,506
42150000,4527609,31783915,7.02002,15117,116825183,525
42200000,4528512,31809369,7.02424,15131,117100363,513
42250000,4529379,31834815,7.028519999999999,15135,117377611,514
42300000,4530259,31860144,7.0327399999999995,15152,117655142,517
42350000,4531097,31885431,7.03702,15169,117939848,507
42400000,4531973,31910629,7.04122,15178,118211268,527
42450000,4532839,31935861,7.045439999999999,15187,118488636,508
42500000,4533691,31960950,7.04965,15205,118773285,495
42550000,4534544,31986218,7.0539,15216,119064569,489
42600000,4535322,32011359,7.05823,15229,119343989,549
42650000,4536121,32036593,7.06255,15241,119627763,495
42700000,4536978,32061737,7.06676,15249,119918488,502
42750000,4537806,32086725,7.0709800000000005,15264,120212474,496
42800000,4538637,32111489,7.075139999999999,15277,120493536,500
42850000,4539438,32136650,7.07943,15294,120781084,538
42900000,4540269,32161531,7.08362,15304,121061572,472
42950000,4541088,32186414,7.08782,15311,121343246,488
43000000,4541946,32211142,7.0919300000000005,15322,121619308,494
43050000,4542809,32236074,7.09607,15332,121908762,531
43100000,4543643,32261030,7.1002600000000005,15338,122191346,501
43150000,4544406,32285711,7.1045,15347,122468926,507
43200000,4545225,32310650,7.1087,15359,122754278,512
43250000,4546061,32335498,7.11286,15367,123030407,490
43300000,4546872,32360249,7.117039999999999,15379,123315169,493
43350000,4547692,32384778,7.12115,15382,123596232,486
43400000,4548520,32409436,7.1252699999999995,15397,123869822,518
43450000,4549307,32434155,7.1294699999999995,15404,124147700,476
43500000,4550086,32458841,7.13368,15412,124426971,498
43550000,4550932,32483589,7.13779,15425,124702900,506
43600000,4551708,32508125,7.141960000000001,15436,124984528,493
43650000,4552549,32532734,7.14605,15447,125263576,486
43700000,4553381,32557208,7.150119999999999,15458,125538194,473
43750000,4554165,32581529,7.15423,15474,125826437,484
43800000,4554932,32606137,7.15842,15481,126120711,492
43850000,4555725,32630606,7.16255,15498,126402909,492
43900000,4556490,32655024,7.166710000000001,15503,126677041,460
43950000,4557315,32679312,7.1707399999999994,15515,126968706,461
44000000,4558055,32703603,7.1749,15526,127256554,491
44050000,4558863,32728161,7.1790199999999995,15544,127545848,493
44100000,4559652,32752512,7.18312,15556,127826195,477
44150000,4560465,32776789,7.18716,15566,128100841,488
44200000,4561243,32801005,7.19124,15578,128379763,464
44250000,4562035,32825278,7.195310000000001,15589,128665625,497
44300000,4562799,32849275,7.19937,15599,128945815,474
44350000,4563598,32873357,7.20339,15610,129223729,467
44400000,4564325,32897562,7.20754,15625,129512157,452
44450000,4565118,32921584,7.21155,15629,129792410,487
44500000,4565866,32945567,7.2156199999999995,15636,130068349,480
44550000,4566665,32969522,7.21961,15651,130352257,453
44600000,4567443,32993232,7.22357,15669,130634467,460
44650000,4568211,33017223,7.2276,15687,130924256,495
44700000,4569008,33041208,7.23159,15699,131206561,511
44750000,4569831,33065204,7.235539999999999,15709,131495077,476
44800000,4570589,33088950,7.239539999999999,15725,131783258,480
44850000,4571290,33112790,7.243639999999999,15737,132067885,471
44900000,4572057,33136668,7.24765,15743,132350542,510
44950000,4572804,33160652,7.251710000000001,15754,132643795,481
45000000,4573586,33184699,7.255730000000001,15767,132926179,495
45050000,4574386,33208443,7.25965,15772,133212507,476
45100000,4575165,33232418,7.26365,15780,133496653,460
45150000,4575900,33256304,7.267710000000001,15792,133781585,473
45200000,4576689,33280036,7.27164,15816,134063978,464
45250000,4577458,33303884,7.2756300000000005,15831,134359050,466
45300000,4578184,33327472,7.27963,15847,134641400,467
45350000,4578949,33351007,7.28355,15858,134927445,466
45400000,4579664,33374406,7.28752,15866,135216550,464
45450000,4580424,33397868,7.29144,15878,135491181,467
45500000,4581202,33421617,7.295380000000001,15887,135776509,473
45550000,4581938,33445200,7.299360000000001,15906,136068611,480
45600000,4582707,33468635,7.30325,15917,136352364,482
45650000,4583476,33491728,7.307060000000001,15930,136635691,478
45700000,4584280,33515083,7.3108699999999995,15943,136918618,459
45750000,4585036,33538244,7.3147199999999994,15956,137203267,461
45800000,4585784,33561419,7.31858,15976,137488006,476
45850000,4586510,33584621,7.3224800000000005,15980,137773778,474
45900000,4587226,33607844,7.3264,15995,138049932,454
45950000,4587960,33631114,7.3303,16008,138327105,464
46000000,4588662,33654347,7.334239999999999,16020,138615552,465
46050000,4589388,33677347,7.338089999999999,16030,138900197,427
46100000,4590100,33700373,7.34197,16042,139192827,474
46150000,4590829,33723576,7.345860000000001,16054,139467519,458
46200000,4591532,33746701,7.3497699999999995,16063,139757192,460
46250000,4592267,33769699,7.3536,16074,140044374,447
46300000,4592953,33792526,7.357469999999999,16081,140329756,450
46350000,4593747,33815717,7.36125,16092,140608442,493
46400000,4594480,33838634,7.365060000000001,16106,140881420,458
46450000,4595178,33861495,7.36892,16112,141162484,486
46500000,4595930,33884473,7.3727100000000005,16123,141452921,446
46550000,4596641,33907315,7.376539999999999,16137,141731114,448
46600000,4597371,33930122,7.380330000000001,16145,142020761,441
46650000,4598130,33952893,7.3840699999999995,16158,142305132,482
46700000,4598852,33975635,7.38785,16168,142594137,468
46750000,4599552,33998330,7.391660000000001,16178,142876119,435
46800000,4600274,34021092,7.39545,16185,143169714,461
46850000,4600990,34043793,7.39923,16197,143454497,457
46900000,4601714,34066512,7.403010000000001,16202,143733241,441
46950000,4602418,34089097,7.40678,16213,144012115,450
47000000,4603113,34111505,7.4105300000000005,16226,144299449,484
47050000,4603850,34133986,7.41423,16240,144582439,441
47100000,4604558,34156814,7.4180399999999995,16253,144870460,452
47150000,4605248,34179434,7.4218399999999995,16265,145155545,446
47200000,4605978,34202010,7.42557,16281,145442368,430
47250000,4606689,34224431,7.429289999999999,16288,145732144,461
47300000,4607416,34247044,7.4330300000000005,16299,146021900,478
47350000,4608105,34269478,7.436780000000001,16311,146313023,448
47400000,4608785,34291803,7.44053,16317,146593795,473
47450000,4609450,34314042,7.44428,16329,146877818,431
47500000,4610105,34336371,7.4480699999999995,16343,147165478,431
47550000,4610831,34358741,7.45175,16356,147453561,446
47600000,4611568,34380976,7.45538,16369,147733566,442
47650000,4612255,34403244,7.45909,16372,148020212,452
47700000,4612995,34425366,7.462689999999999,16388,148309353,446
47750000,4613704,34447449,7.46633,16399,148590206,452
47800000,4614390,34469451,7.469989999999999,16413,148870768,454
47850000,4615083,34491506,7.47365,16423,149153537,461
47900000,4615768,34513737,7.477360000000001,16438,149439414,445
47950000,4616473,34535755,7.480980000000001,16446,149722090,435
48000000,4617120,34557776,7.4847,16462,150001183,414
48050000,4617816,34579819,7.48835,16471,150293065,482
48100000,4618491,34601659,7.49198,16482,150575305,423
48150000,4619112,34623379,7.49568,16490,150852216,435
48200000,4619791,34645210,7.4993,16500,151131217,439
48250000,4620437,34667159,7.502999999999999,16507,151418246,422
48300000,4621091,34688893,7.50665,16522,151702822,445
48350000,4621768,34710673,7.510260000000001,16529,151984963,438
48400000,4622438,34732411,7.51387,16542,152270332,429
48450000,4623143,34754057,7.517410000000001,16552,152558576,432
48500000,4623814,34775766,7.52101,16558,152840048,437
48550000,4624443,34797356,7.524660000000001,16569,153125342,431
48600000,4625121,34819068,7.52825,16580,153418512,418
48650000,4625768,34840796,7.53189,16593,153713045,442
48700000,4626417,34862326,7.535489999999999,16603,153996255,450
48750000,4627074,34883840,7.53907,16608,154281714,424
48800000,4627704,34905528,7.542730000000001,16618,154569559,458
48850000,4628396,34927069,7.54626,16625,154845347,419
48900000,4629066,34948563,7.549810000000001,16637,155130962,436
48950000,4629695,34969909,7.553389999999999,16655,155426325,427
49000000,4630343,34991317,7.556960000000001,16666,155710874,463
49050000,4631001,35012859,7.56054,16673,156012262,438
49100000,4631640,35034128,7.564089999999999,16687,156303832,437
49150000,4632335,35055504,7.56757,16697,156590396,434
49200000,4632967,35076678,7.5711,16711,156872142,439
49250000,4633642,35097773,7.57455,16725,157157199,430
49300000,4634306,35119040,7.578060000000001,16745,157439612,478
49350000,4634967,35140275,7.5815600000000005,16754,157722167,421
49400000,4635651,35161513,7.58502,16764,158017191,420
49450000,4636251,35182581,7.58858,16768,158290705,432
49500000,4636864,35203742,7.59214,16780,158579240,396
49550000,4637500,35224659,7.595610000000001,16789,158851706,391
49600000,4638118,35245706,7.599139999999999,16796,159140516,425
49650000,4638755,35266706,7.60262,16810,159422364,414
49700000,4639407,35287901,7.60612,16820,159708975,449
49750000,4640016,35308803,7.60963,16829,159990777,442
49800000,4640662,35329990,7.61314,16838,160283603,404
49850000,4641276,35350946,7.616639999999999,16850,160566030,387
49900000,4641909,35371749,7.620089999999999,16855,160844665,424
49950000,4642516,35392847,7.62363,16863,161130645,390
50000000,4643128,35413638,7.627110000000001,16877,161407030,391
50050000,4643738,35434412,7.63058,16894,161688187,437
50100000,4644372,35454997,7.63397,16904,161961464,399
50150000,4644990,35475688,7.637410000000001,16910,162243452,455
50200000,4645683,35496479,7.640739999999999,16924,162524995,413
50250000,4646288,35517202,7.64421,16935,162806901,408
50300000,4646895,35537896,7.647660000000001,16942,163080535,406
50350000,4647526,35558438,7.65105,16943,163363314,402
50400000,4648189,35579061,7.654389999999999,16949,163653722,440
50450000,4648806,35599754,7.657830000000001,16958,163944086,410
50500000,4649383,35620135,7.66126,16970,164226041,414
50550000,4649978,35640805,7.6647300000000005,16981,164510906,385
50600000,4650553,35661153,7.66815,16987,164803261,444
50650000,4651142,35681743,7.67161,16997,165076137,379
50700000,4651717,35702217,7.67506,17009,165367572,430
50750000,4652301,35722513,7.67846,17021,165641669,417
50800000,4652891,35742819,7.68185,17030,165925131,410
50850000,4653487,35763272,7.68526,17044,166201840,405
50900000,4654063,35783439,7.68865,17055,166474993,396
50950000,4654650,35803876,7.692069999999999,17068,166755587,400
51000000,4655273,35824217,7.695410000000001,17078,167044277,413
51050000,4655886,35844415,7.69873,17086,167328659,425
51100000,4656514,35864673,7.702039999999999,17093,167614432,406
51150000,4657092,35884913,7.705430000000001,17102,167898542,407
51200000,4657736,35905107,7.7087,17104,168185557,414
51250000,4658344,35925129,7.712000000000001,17122,168460091,395
51300000,4658977,35945085,7.71523,17130,168749135,422
51350000,4659576,35965196,7.718560000000001,17136,169028609,419
51400000,4660183,35985220,7.72185,17144,169316598,380
51450000,4660771,36005161,7.72515,17151,169588767,405
51500000,4661358,36025142,7.728460000000001,17164,169862962,397
51550000,4661957,36045121,7.73176,17173,170143093,402
51600000,4662558,36065192,7.7350699999999994,17178,170414707,379
51650000,4663165,36085038,7.73831,17187,170695857,403
51700000,4663765,36105026,7.7416,17198,170981709,390
51750000,4664382,36124818,7.74482,17213,171256331,395
51800000,4664954,36144547,7.7481,17222,171538586,382
51850000,4665540,36164310,7.75137,17229,171821273,401
51900000,4666151,36183900,7.75455,17237,172107682,368
51950000,4666703,36203670,7.75787,17247,172394098,405
52000000,4667272,36223281,7.76112,17251,172680453,379
52050000,4667857,36242765,7.76433,17260,172953846,399
52100000,4668443,36262445,7.76757,17266,173231556,396
52150000,4668970,36281999,7.77088,17272,173522838,417
52200000,4669540,36301513,7.77411,17277,173803758,441
52250000,4670157,36320974,7.77725,17287,174077739,371
52300000,4670771,36340545,7.7804199999999994,17296,174365818,402
52350000,4671344,36359958,7.78362,17306,174647927,375
52400000,4671918,36379407,7.78682,17315,174921447,382
52450000,4672479,36398828,7.79005,17318,175204112,394
52500000,4673042,36418241,7.793260000000001,17324,175487728,368
52550000,4673623,36437713,7.796460000000001,17331,175763114,400
52600000,4674171,36457024,7.79968,17337,176044062,383
52650000,4674711,36476485,7.8029399999999995,17348,176327662,424
52700000,4675278,36495803,7.80612,17360,176611361,378
52750000,4675871,36514979,7.809239999999999,17375,176888989,382
52800000,4676435,36534099,7.81238,17379,177167458,379
52850000,4677013,36553416,7.81555,17382,177443339,401
52900000,4677586,36572479,7.81867,17392,177725515,407
52950000,4678119,36591674,7.82188,17401,177992840,374
53000000,4678677,36610889,7.82505,17412,178286447,389
53050000,4679276,36630001,7.828130000000001,17420,178569190,356
53100000,4679872,36648940,7.831180000000001,17425,178845439,333
53150000,4680430,36667648,7.83425,17435,179114365,363
53200000,4680975,36686577,7.8373800000000005,17447,179385661,398
53250000,4681538,36705499,7.84048,17456,179661090,385
53300000,4682093,36724417,7.84359,17465,179934597,389
53350000,4682634,36743267,7.846710000000001,17470,180225876,385
53400000,4683168,36762034,7.849819999999999,17482,180495148,363
53450000,4683729,36781032,7.852939999999999,17494,180770131,389
53500000,4684276,36799837,7.856039999999999,17500,181047397,405
53550000,4684835,36818621,7.85911,17507,181310944,344
53600000,4685378,36837562,7.862239999999999,17523,181589869,403
53650000,4685933,36856423,7.86533,17527,181874400,377
53700000,4686525,36875196,7.86835,17534,182153232,405
53750000,4687057,36893855,7.87143,17537,182436339,363
53800000,4687606,36912708,7.87453,17549,182711403,389
53850000,4688134,36931411,7.8776399999999995,17552,182986814,394
53900000,4688666,36949957,7.8807,17564,183259809,347
53950000,4689157,36968511,7.883830000000001,17567,183540949,389
54000000,4689719,36986846,7.8867899999999995,17576,183813906,362
54050000,4690274,37005173,7.8897699999999995,17587,184080855,379
54100000,4690759,37023642,7.8928899999999995,17592,184356164,378
54150000,4691307,37041938,7.8958699999999995,17598,184622674,363
54200000,4691843,37060404,7.8989,17608,184894533,353
54250000,4692355,37078850,7.9019699999999995,17619,185171145,362
54300000,4692870,37097005,7.90497,17627,185435537,370
54350000,4693406,37115350,7.90798,17637,185706724,368
54400000,4693920,37133670,7.911010000000001,17643,185975140,381
54450000,4694467,37151949,7.913989999999999,17652,186246593,354
54500000,4695019,37170189,7.916939999999999,17661,186518996,398
54550000,4695558,37188336,7.9199,17666,186782041,375
54600000,4696100,37206248,7.9228,17676,187050324,339
54650000,4696645,37224553,7.9257800000000005,17685,187320476,362
54700000,4697176,37242609,7.928719999999999,17696,187589333,327
54750000,4697715,37260626,7.93165,17704,187858304,352
54800000,4698251,37278852,7.93462,17711,188144521,333
54850000,4698755,37296801,7.937589999999999,17723,188424178,378
54900000,4699262,37314762,7.9405600000000005,17734,188700058,345
54950000,4699778,37332652,7.94349,17745,188974750,385
55000000,4700298,37350615,7.946439999999999,17754,189242875,326
55050000,4700792,37368466,7.9494,17764,189513926,352
55100000,4701293,37386219,7.95233,17769,189789429,364
55150000,4701791,37404104,7.95529,17778,190068941,390
55200000,4702328,37422017,7.958189999999999,17781,190334848,376
55250000,4702830,37439797,7.961119999999999,17795,190603080,353
55300000,4703363,37457552,7.963989999999999,17804,190869349,366
55350000,4703869,37475181,7.966880000000001,17814,191135667,340
55400000,4704401,37492796,7.96973,17820,191404146,328
55450000,4704917,37510563,7.9726300000000005,17830,191678013,362
55500000,4705387,37528105,7.975560000000001,17840,191946489,343
55550000,4705885,37545560,7.97843,17845,192212425,337
55600000,4706392,37563191,7.981310000000001,17854,192483268,362
55650000,4706851,37580640,7.98424,17856,192742728,354
55700000,4707310,37597952,7.987139999999999,17868,193009736,336
55750000,4707838,37615487,7.98997,17879,193284295,348
55800000,4708301,37632945,7.992889999999999,17886,193560571,370
55850000,4708801,37650418,7.99575,17893,193824880,354
55900000,4709259,37667842,7.99868,17903,194084699,368
55950000,4709780,37685186,8.00147,17912,194353029,355
56000000,4710303,37702563,8.00428,17919,194618229,376
56050000,4710807,37720043,8.00713,17930,194890483,343
56100000,4711286,37737209,8.009960000000001,17939,195163376,363
56150000,4711776,37754523,8.0128,17944,195433532,370
56200000,4712280,37771886,8.01563,17955,195702350,338
56250000,4712799,37789118,8.0184,17965,195967810,326
56300000,4713262,37806094,8.02122,17973,196243898,304
56350000,4713756,37823344,8.02404,17982,196506180,354
56400000,4714221,37840426,8.026869999999999,17990,196773727,360
56450000,4714723,37857365,8.02961,18000,197033544,352
56500000,4715198,37874460,8.03242,18007,197303573,333
56550000,4715671,37891408,8.035210000000001,18015,197560731,336
56600000,4716142,37908503,8.038030000000001,18020,197828425,332
56650000,4716611,37925497,8.04084,18029,198083077,359
56700000,4717096,37942451,8.0436,18031,198354524,353
56750000,4717602,37959340,8.04632,18039,198620270,365
56800000,4718037,37976160,8.04914,18044,198882400,358
56850000,4718517,37993184,8.05193,18048,199151639,345
56900000,4719023,38010153,8.05467,18048,199426592,366
56950000,4719508,38027053,8.05742,18061,199693460,342
57000000,4720046,38043972,8.060089999999999,18074,199965404,364
57050000,4720501,38060603,8.06283,18086,200221778,334
57100000,4720955,38077131,8.065560000000001,18093,200481703,345
57150000,4721419,38093885,8.06831,18103,200729161,292
57200000,4721907,38110561,8.071010000000001,18110,200991520,352
57250000,4722349,38127213,8.073780000000001,18120,201260585,315
57300000,4722802,38143846,8.07653,18126,201522333,342
57350000,4723265,38160437,8.07925,18135,201789289,347
57400000,4723721,38176992,8.08197,18140,202053035,327
57450000,4724187,38193431,8.084660000000001,18151,202311893,310
57500000,4724646,38209848,8.08735,18156,202568595,297
57550000,4725074,38226249,8.09008,18163,202833433,310
57600000,4725532,38242583,8.09276,18166,203099511,338
57650000,4725999,38258889,8.095410000000001,18183,203365957,325
57700000,4726477,38275226,8.09805,18190,203621256,317
57750000,4726917,38291614,8.100760000000001,18198,203893836,326
57800000,4727378,38307804,8.10339,18207,204148226,299
57850000,4727826,38324121,8.10608,18211,204416334,323
57900000,4728274,38340288,8.10873,18220,204673331,311
57950000,4728713,38356531,8.111410000000001,18223,204939355,331
58000000,4729134,38372611,8.11409,18236,205192286,331
58050000,4729549,38388698,8.11678,18245,205444923,300
58100000,4729953,38404793,8.119489999999999,18250,205715908,316
58150000,4730380,38420751,8.12213,18262,205977444,311
58200000,4730836,38436954,8.12477,18268,206228175,319
58250000,4731290,38453059,8.12739,18276,206484282,318
58300000,4731723,38468925,8.13,18280,206734812,316
58350000,4732161,38484950,8.132639999999999,18288,206997568,316
58400000,4732618,38500727,8.13519,18295,207256823,290
58450000,4733026,38516632,8.13785,18300,207512484,325
58500000,4733435,38532592,8.14051,18308,207769323,311
58550000,4733880,38548452,8.1431,18313,208018984,302
58600000,4734323,38564305,8.14569,18317,208277002,336
58650000,4734725,38580160,8.14834,18327,208538366,318
58700000,4735152,38595943,8.15094,18337,208793564,306
58750000,4735592,38611790,8.15353,18345,209057466,315
58800000,4736037,38627366,8.15605,18352,209312941,313
58850000,4736446,38643181,8.15869,18363,209575204,314
58900000,4736885,38658884,8.16125,18371,209824076,296
58950000,4737332,38674578,8.163789999999999,18375,210080417,329
59000000,4737760,38689995,8.166310000000001,18384,210336155,298
59050000,4738139,38705447,8.16891,18388,210587078,287
59100000,4738595,38721134,8.171439999999999,18391,210843925,325
59150000,4739037,38736675,8.17395,18405,211100279,301
59200000,4739472,38752190,8.17648,18417,211343372,311
59250000,4739895,38767691,8.17902,18423,211594452,305
59300000,4740356,38782960,8.18144,18430,211849921,320
59350000,4740771,38798480,8.184,18433,212097143,331
59400000,4741220,38813810,8.18646,18443,212350162,329
59450000,4741595,38829022,8.18902,18450,212592329,303
59500000,4742038,38844275,8.191469999999999,18461,212841019,296
59550000,4742495,38859462,8.19389,18467,213084420,327
59600000,4742924,38874664,8.19635,18477,213329496,297
59650000,4743305,38889795,8.19888,18489,213584522,300
59700000,4743725,38904839,8.20133,18497,213830378,318
59750000,4744132,38919952,8.20381,18506,214078987,300
59800000,4744530,38935071,8.20631,18515,214326809,314
59850000,4744938,38950288,8.20881,18526,214575608,298
59900000,4745369,38965423,8.21125,18534,214831819,300
59950000,4745764,38980497,8.21375,18548,215081038,315
60000000,4746150,38995430,8.21622,18555,215333678,307
60050000,4746573,39010303,8.21862,18560,215592051,303
60100000,4746981,39025228,8.221060000000001,18572,215846041,279
60150000,4747400,39040322,8.223519999999999,18579,216094696,333
60200000,4747824,39055149,8.2259,18579,216340382,293
60250000,4748222,39070005,8.22834,18586,216586053,267
60300000,4748628,39085087,8.23082,18601,216834061,295
60350000,4749043,39100162,8.23327,18609,217093314,320
60400000,4749440,39115097,8.23573,18616,217356933,286
60450000,4749819,39129808,8.23817,18619,217603631,323
60500000,4750213,39144611,8.2406,18621,217851988,294
60550000,4750604,39159221,8.243,18629,218096037,287
60600000,4750999,39173929,8.245410000000001,18636,218341115,300
60650000,4751417,39188370,8.24772,18641,218584238,297
60700000,4751808,39203055,8.25013,18648,218823938,304
60750000,4752219,39217748,8.252510000000001,18658,219087341,297
60800000,4752636,39232286,8.25485,18667,219337956,306
60850000,4753060,39246844,8.25717,18671,219577253,292
60900000,4753465,39261229,8.2595,18680,219819552,285
60950000,4753880,39275702,8.26182,18685,220065175,308
61000000,4754277,39290159,8.26417,18689,220306112,281
61050000,4754688,39304702,8.26652,18695,220550170,294
61100000,4755050,39319067,8.26891,18699,220789163,277
61150000,4755420,39333439,8.271289999999999,18710,221028982,296
61200000,4755793,39347577,8.273610000000001,18718,221275398,293
61250000,4756208,39362052,8.27593,18727,221525026,275
61300000,4756609,39376262,8.27822,18732,221763125,273
61350000,4756993,39390630,8.280569999999999,18742,221998248,271
61400000,4757355,39404927,8.28295,18748,222231763,305
61450000,4757754,39418985,8.285210000000001,18751,222474341,275
61500000,4758193,39433183,8.28743,18758,222711959,280
61550000,4758580,39447225,8.289710000000001,18768,222948742,292
61600000,4758998,39461398,8.291960000000001,18776,223175883,263
61650000,4759373,39475572,8.29428,18781,223416272,268
61700000,4759724,39489579,8.296610000000001,18787,223665726,280
61750000,4760094,39503522,8.2989,18792,223909779,268
61800000,4760476,39517499,8.301169999999999,18797,224158174,277
61850000,4760840,39531065,8.30338,18803,224394842,267
61900000,4761187,39544873,8.30568,18810,224635766,280
61950000,4761545,39558636,8.307939999999999,18813,224871169,270
62000000,4761929,39572615,8.310210000000001,18819,225109377,275
62050000,4762336,39586423,8.3124,18826,225340942,290
62100000,4762733,39600180,8.314589999999999,18831,225579050,250
62150000,4763116,39614090,8.31684,18836,225820446,279
62200000,4763474,39627845,8.31911,18848,226066551,288
62250000,4763862,39641726,8.32134,18850,226305940,316
62300000,4764259,39655503,8.32354,18860,226539379,288
62350000,4764635,39669081,8.32573,18868,226768417,272
62400000,4764986,39682784,8.328,18876,227004780,276
62450000,4765387,39696334,8.33014,18883,227234821,248
62500000,4765763,39709930,8.33233,18889,227469547,256
62550000,4766136,39723677,8.33457,18899,227712102,257
62600000,4766501,39737017,8.336730000000001,18911,227945217,273
62650000,4766865,39750602,8.33894,18917,228180539,267
62700000,4767195,39764014,8.34118,18924,228406145,275
62750000,4767543,39777427,8.34338,18929,228637426,284
62800000,4767881,39790588,8.34555,18936,228859014,286
62850000,4768254,39803898,8.34769,18942,229083172,266
62900000,4768607,39817226,8.34987,18952,229309853,253
62950000,4768932,39830439,8.35207,18956,229548870,259
63000000,4769275,39843743,8.35426,18960,229783285,245
63050000,4769619,39856998,8.35643,18967,230005543,245
63100000,4769953,39870121,8.3586,18972,230230276,258
63150000,4770316,39883357,8.36074,18975,230457097,271
63200000,4770671,39896409,8.36285,18986,230673348,264
63250000,4771041,39909451,8.364939999999999,18993,230892940,283
63300000,4771390,39922554,8.36707,18998,231121023,276
63350000,4771733,39935402,8.36916,19009,231339594,253
63400000,4772102,39948549,8.371269999999999,19010,231568423,251
63450000,4772470,39961603,8.37336,19014,231790665,271
63500000,4772820,39974652,8.37548,19020,232017213,235
63550000,4773173,39987790,8.37761,19030,232243657,272
63600000,4773505,40000712,8.37974,19038,232475377,248
63650000,4773814,40013626,8.3819,19047,232699814,280
63700000,4774149,40026481,8.384,19050,232926016,244
63750000,4774523,40039328,8.38604,19062,233152127,252
63800000,4774840,40052174,8.38817,19069,233380626,251
63850000,4775183,40064931,8.390239999999999,19071,233619278,262
63900000,4775549,40077528,8.39223,19079,233830038,231
63950000,4775926,40090365,8.394260000000001,19081,234055308,249
64000000,4776264,40103019,8.39632,19086,234265702,264
64050000,4776610,40115502,8.39832,19092,234489632,261
64100000,4776939,40128165,8.40039,19093,234708763,277
64150000,4777289,40140733,8.40241,19098,234926261,245
64200000,4777586,40153344,8.404530000000001,19098,235150754,269
64250000,4777930,40166014,8.40657,19110,235375590,223
64300000,4778236,40178575,8.408660000000001,19111,235593555,239
64350000,4778593,40190910,8.41062,19119,235812820,218
64400000,4778906,40203187,8.41263,19123,236032014,238
64450000,4779247,40215588,8.41463,19130,236251385,252
64500000,4779576,40227824,8.41661,19132,236461333,262
64550000,4779878,40240241,8.41868,19135,236670147,250
64600000,4780184,40252426,8.420689999999999,19145,236876862,248
64650000,4780512,40264712,8.42268,19151,237100536,233
64700000,4780824,40277042,8.424710000000001,19162,237317403,239
64750000,4781142,40289272,8.4267,19165,237532548,251
64800000,4781455,40301413,8.42869,19172,237747096,226
64850000,4781758,40313663,8.430719999999999,19175,237959367,221
64900000,4782070,40325894,8.432730000000001,19182,238169452,252
64950000,4782385,40338050,8.43471,19182,238387378,237
65000000,4782676,40350293,8.436760000000001,19193,238609489,256
65050000,4782989,40362262,8.43871,19196,238834414,229
65100000,4783313,40374322,8.440660000000001,19199,239054807,253
65150000,4783590,40386211,8.44266,19213,239263127,212
65200000,4783916,40398187,8.44459,19217,239483712,255
65250000,4784247,40410070,8.446480000000001,19223,239695960,243
65300000,4784563,40422126,8.44845,19225,239915258,241
65350000,4784871,40434041,8.450389999999999,19232,240130353,247
65400000,4785167,40445778,8.45232,19238,240345535,241
65450000,4785463,40457622,8.45428,19241,240558906,229
65500000,4785746,40469583,8.45627,19245,240772783,224
65550000,4786044,40481371,8.458210000000001,19249,240991202,241
65600000,4786359,40493155,8.46012,19256,241199488,254
65650000,4786668,40504804,8.462,19262,241408902,234
65700000,4786992,40516480,8.46387,19266,241611350,236
65750000,4787313,40528235,8.465760000000001,19268,241824164,204
65800000,4787618,40539853,8.46765,19270,242028306,251
65850000,4787943,40551483,8.4695,19281,242234233,250
65900000,4788248,40563106,8.47139,19290,242436726,236
65950000,4788564,40574720,8.47325,19296,242645104,237
66000000,4788869,40586216,8.47512,19297,242847243,235
66050000,4789185,40597613,8.476939999999999,19297,243056045,221
66100000,4789471,40608953,8.4788,19316,243256114,235
66150000,4789763,40620247,8.48064,19316,243456047,220
66200000,4790103,40631702,8.48243,19324,243661362,208
66250000,4790412,40643197,8.48428,19325,243870900,212
66300000,4790687,40654549,8.48616,19330,244075426,220
66350000,4790979,40666035,8.48804,19332,244283087,235
66400000,4791314,40677352,8.48981,19338,244478461,221
66450000,4791608,40688480,8.491610000000001,19346,244679972,230
66500000,4791889,40699508,8.49342,19351,244873989,228
66550000,4792179,40710652,8.495230000000001,19361,245070913,237
66600000,4792454,40721943,8.4971,19363,245276754,201
66650000,4792753,40732891,8.49885,19367,245474055,216
66700000,4793021,40743991,8.500689999999999,19370,245674199,176
66750000,4793343,40755135,8.50244,19374,245883096,228
66800000,4793631,40766212,8.50424,19375,246088956,218
66850000,4793963,40777248,8.50596,19384,246294942,247
66900000,4794243,40788149,8.50774,19385,246494292,225
66950000,4794510,40799144,8.50955,19395,246698681,233
67000000,4794800,40810140,8.511330000000001,19397,246887409,221
67050000,4795112,40820837,8.513010000000001,19399,247075041,214
67100000,4795408,40831860,8.51478,19403,247273993,211
67150000,4795692,40842803,8.51656,19410,247474233,208
67200000,4795949,40853801,8.5184,19413,247680972,235
67250000,4796232,40864389,8.5201,19418,247868941,225
67300000,4796482,40875152,8.5219,19428,248067242,214
67350000,4796766,40885925,8.523639999999999,19431,248262089,227
67400000,4797061,40896567,8.52534,19438,248462495,205
67450000,4797346,40907248,8.52706,19443,248656595,218
67500000,4797626,40917927,8.528789999999999,19455,248847180,220
67550000,4797921,40928750,8.53052,19460,249032671,242
67600000,4798206,40939181,8.53218,19462,249234736,209
67650000,4798468,40949616,8.53389,19469,249423158,213
67700000,4798731,40960232,8.535639999999999,19471,249615170,214
67750000,4798998,40970858,8.53738,19474,249818402,209
67800000,4799266,40981179,8.53905,19478,250018688,206
67850000,4799571,40991564,8.54067,19484,250201063,208
67900000,4799823,41001785,8.54235,19490,250399276,203
67950000,4800069,41012182,8.544080000000001,19495,250592607,205
68000000,4800327,41022478,8.54577,19497,250776586,194
68050000,4800612,41032821,8.547410000000001,19504,250970083,210
68100000,4800880,41043096,8.54908,19506,251154128,193
68150000,4801144,41053405,8.55075,19507,251342835,201
68200000,4801406,41063661,8.55242,19512,251527024,173
68250000,4801674,41073873,8.55407,19516,251704290,212
68300000,4801938,41084009,8.555710000000001,19525,251879030,183
68350000,4802238,41094116,8.55728,19530,252070798,184
68400000,4802509,41104253,8.558910000000001,19534,252256657,188
68450000,4802736,41114252,8.56059,19540,252441110,182
68500000,4802998,41124402,8.56224,19540,252637078,199
68550000,4803269,41134465,8.56385,19548,252819825,197
68600000,4803524,41144399,8.56546,19550,253003269,196
68650000,4803795,41154158,8.56701,19554,253178561,192
68700000,4804064,41164140,8.568610000000001,19556,253364691,188
68750000,4804346,41173905,8.570139999999999,19559,253534342,200
68800000,4804610,41183811,8.57173,19564,253713218,207
68850000,4804827,41193627,8.57338,19567,253901808,198
68900000,4805075,41203307,8.57496,19573,254079437,189
68950000,4805327,41213159,8.57656,19581,254259323,205
69000000,4805579,41222801,8.57811,19583,254442758,177
69050000,4805837,41232460,8.57966,19591,254627866,197
69100000,4806073,41242156,8.58126,19591,254806589,218
69150000,4806326,41251750,8.5828,19600,254983776,180
69200000,4806578,41261310,8.58434,19606,255163329,169
69250000,4806821,41271015,8.585930000000001,19610,255343203,206
69300000,4807061,41280695,8.58751,19610,255522362,179
69350000,4807304,41290199,8.58906,19614,255695606,197
69400000,4807570,41299712,8.59056,19621,255871239,190
69450000,4807828,41309280,8.592089999999999,19621,256042774,184
69500000,4808041,41318730,8.59367,19625,256221060,201
69550000,4808284,41328031,8.59517,19629,256398694,203
69600000,4808527,41337532,8.59671,19629,256574735,193
69650000,4808779,41346969,8.598230000000001,19635,256757275,200
69700000,4809010,41356366,8.59977,19636,256934834,169
69750000,4809236,41365738,8.60131,19638,257108494,183
69800000,4809458,41374958,8.60283,19640,257281344,156
69850000,4809716,41384216,8.6043,19646,257448347,181
69900000,4809946,41393454,8.6058,19649,257625902,188
69950000,4810182,41402735,8.60731,19656,257799484,189
70000000,4810436,41412002,8.60878,19656,257963756,178
70050000,4810680,41421192,8.61026,19663,258126969,181
70100000,4810908,41430346,8.61175,19665,258297818,175
70150000,4811130,41439413,8.61324,19669,258462842,174
70200000,4811375,41448519,8.61469,19673,258633965,197
70250000,4811601,41457698,8.6162,19673,258816031,175
70300000,4811809,41466756,8.61771,19681,258984059,182
70350000,4812012,41475464,8.61915,19685,259151300,155
70400000,4812246,41484404,8.62059,19689,259312895,168
70450000,4812480,41493265,8.622010000000001,19692,259485110,174
70500000,4812710,41502065,8.62343,19696,259644875,170
70550000,4812931,41510711,8.624830000000001,19697,259806366,165
70600000,4813156,41519625,8.62628,19700,259972987,170
70650000,4813396,41528476,8.62769,19706,260134619,180
70700000,4813625,41537334,8.62912,19710,260307996,179
70750000,4813854,41546039,8.630510000000001,19711,260464908,178
70800000,4814068,41554671,8.63192,19716,260629400,166
70850000,4814289,41563284,8.63332,19722,260789118,166
70900000,4814533,41571948,8.63468,19726,260948615,171
70950000,4814747,41580550,8.63608,19730,261115277,172
71000000,4814961,41589292,8.63751,19730,261280671,166
71050000,4815198,41597756,8.63885,19735,261436746,183
71100000,4815435,41606300,8.6402,19738,261607956,196
71150000,4815630,41614844,8.64162,19741,261759734,176
71200000,4815857,41623476,8.642999999999999,19748,261928846,174
71250000,4816087,41631845,8.64433,19752,262086912,182
71300000,4816327,41640198,8.64563,19756,262238737,163
71350000,4816536,41648522,8.646989999999999,19759,262397480,178
71400000,4816745,41656902,8.64835,19764,262558416,155
71450000,4816937,41665199,8.64973,19766,262720941,171
71500000,4817157,41673338,8.651019999999999,19766,262865329,140
71550000,4817375,41681690,8.65237,19769,263025944,168
71600000,4817580,41690071,8.653739999999999,19773,263188941,159
71650000,4817803,41698393,8.65506,19776,263350041,151
71700000,4818026,41706476,8.65634,19778,263495782,172
71750000,4818257,41714636,8.65762,19783,263650393,178
71800000,4818466,41722708,8.65892,19790,263798331,159
71850000,4818660,41730944,8.66028,19795,263947519,162
71900000,4818865,41738967,8.66158,19798,264097647,153
71950000,4819090,41747044,8.66285,19801,264250960,164
72000000,4819313,41755046,8.66411,19807,264394658,149
72050000,4819512,41763067,8.665410000000001,19811,264547998,176
72100000,4819705,41771069,8.666730000000001,19812,264703280,132
72150000,4819883,41779022,8.66806,19812,264855133,166
72200000,4820104,41786943,8.6693,19823,265008387,156
72250000,4820306,41794825,8.670580000000001,19827,265158909,163
72300000,4820482,41802695,8.67189,19830,265307172,155
72350000,4820697,41810517,8.67313,19833,265452220,165
72400000,4820902,41818317,8.674380000000001,19834,265599704,141
72450000,4821089,41826232,8.67568,19839,265741962,154
72500000,4821287,41834070,8.67695,19839,265891766,177
72550000,4821487,41841672,8.67817,19843,266040413,148
72600000,4821686,41849339,8.6794,19843,266193330,140
72650000,4821882,41856910,8.68062,19849,266334594,156
72700000,4822078,41864516,8.68184,19853,266479485,140
72750000,4822245,41872109,8.683119999999999,19861,266631734,164
72800000,4822438,41879706,8.684339999999999,19863,266773080,147
72850000,4822634,41887226,8.68555,19865,266915591,160
72900000,4822833,41894740,8.68675,19866,267054255,141
72950000,4823004,41902157,8.68798,19866,267193999,149
73000000,4823185,41909561,8.68919,19873,267343499,145
73050000,4823366,41917058,8.69042,19878,267490368,150
73100000,4823531,41924401,8.69164,19886,267633627,141
73150000,4823706,41931734,8.69285,19890,267771662,160
73200000,4823945,41939159,8.69395,19895,267906776,161
73250000,4824114,41946505,8.69517,19899,268040505,165
73300000,4824313,41953760,8.69632,19899,268177976,145
73350000,4824487,41960890,8.69748,19909,268314704,142
73400000,4824658,41968082,8.69866,19913,268446489,144
73450000,4824824,41975260,8.69985,19917,268583200,138
73500000,4825003,41982502,8.701030000000001,19919,268718612,142
73550000,4825169,41989827,8.70225,19922,268850664,137
73600000,4825342,41996982,8.70342,19929,268992073,153
73650000,4825537,42004015,8.70453,19935,269128333,132
73700000,4825708,42011163,8.7057,19940,269266723,160
73750000,4825872,42018157,8.70685,19948,269397562,132
73800000,4826058,42025117,8.70796,19953,269537904,135
73850000,4826230,42032238,8.70912,19957,269673331,133
73900000,4826417,42039107,8.71021,19960,269804638,130
73950000,4826589,42045945,8.711319999999999,19963,269944568,154
74000000,4826777,42052829,8.7124,19970,270068831,144
74050000,4826971,42059662,8.71347,19972,270197712,147
74100000,4827119,42066404,8.7146,19973,270329869,131
74150000,4827297,42073163,8.71568,19976,270465300,140
74200000,4827441,42079921,8.71682,19979,270594388,114
74250000,4827615,42086648,8.7179,19979,270731281,126
74300000,4827796,42093363,8.718960000000001,19983,270865410,144
74350000,4827954,42100073,8.72007,19988,270995629,144
74400000,4828152,42106634,8.72107,19993,271123078,135
74450000,4828321,42113296,8.72214,19997,271252296,146
74500000,4828495,42119681,8.72315,19999,271377877,127
74550000,4828659,42126250,8.724210000000001,19999,271500837,135
74600000,4828813,42132740,8.72528,20002,271630069,128
74650000,4828993,42139349,8.72632,20005,271751814,130
74700000,4829150,42145843,8.72738,20005,271870784,125
74750000,4829325,42152357,8.72842,20008,272005251,135
74800000,4829483,42158670,8.729439999999999,20012,272133468,133
74850000,4829652,42164966,8.73044,20018,272254777,126
74900000,4829813,42171344,8.73147,20018,272380328,127
74950000,4829979,42177665,8.73247,20020,272502784,128
75000000,4830139,42183747,8.73344,20024,272620082,117
75050000,4830291,42189968,8.73446,20029,272733055,134
75100000,4830464,42196032,8.7354,20035,272849632,108
75150000,4830606,42202231,8.73643,20037,272971477,119
75200000,4830770,42208448,8.73742,20038,273084716,124
75250000,4830927,42214680,8.73842,20041,273204016,129
75300000,4831081,42220842,8.739419999999999,20041,273326735,124
75350000,4831231,42226834,8.74039,20046,273443220,104
75400000,4831381,42232917,8.74138,20046,273558985,98
75450000,4831514,42238938,8.74238,20049,273665827,117
75500000,4831669,42244991,8.74335,20054,273781416,113
75550000,4831805,42251022,8.74436,20054,273903398,126
75600000,4831931,42256846,8.745330000000001,20062,274012212,130
75650000,4832098,42262791,8.746260000000001,20066,274130910,136
75700000,4832259,42268704,8.74719,20069,274244208,113
75750000,4832383,42274429,8.74815,20072,274349554,115
75800000,4832522,42280153,8.749089999999999,20072,274458982,124
75850000,4832656,42285787,8.750010000000001,20073,274575297,131
75900000,4832775,42291539,8.75098,20074,274690820,130
75950000,4832924,42297233,8.75189,20074,274802083,151
76000000,4833063,42302880,8.75281,20076,274912268,103
76050000,4833201,42308404,8.7537,20076,275029402,108
76100000,4833344,42314072,8.75462,20076,275140077,129
76150000,4833477,42319628,8.755519999999999,20076,275250140,101
76200000,4833604,42325100,8.75643,20082,275365621,118
76250000,4833746,42330580,8.7573,20089,275470946,120
76300000,4833883,42336019,8.75818,20090,275584864,117
76350000,4834016,42341499,8.75907,20092,275686125,107
76400000,4834145,42347018,8.75998,20095,275795445,92
76450000,4834268,42352336,8.760860000000001,20095,275898244,117
76500000,4834400,42357750,8.76174,20095,276001303,92
76550000,4834528,42362893,8.76257,20105,276108840,103
76600000,4834657,42368162,8.76343,20105,276211626,102
76650000,4834789,42373463,8.76428,20105,276313269,102
76700000,4834937,42378794,8.76512,20111,276412632,89
76750000,4835070,42383976,8.76595,20112,276512797,114
76800000,4835212,42389235,8.76678,20115,276612387,100
76850000,4835345,42394466,8.767619999999999,20116,276717163,114
76900000,4835473,42399573,8.76844,20116,276810796,109
76950000,4835594,42404754,8.7693,20116,276910122,97
77000000,4835746,42409923,8.77009,20120,277010379,119
77050000,4835869,42414998,8.77092,20126,277104365,96
77100000,4836004,42420138,8.77173,20132,277211323,116
77150000,4836110,42425100,8.77257,20132,277308377,101
77200000,4836241,42430089,8.77336,20132,277400292,93
77250000,4836380,42434945,8.77411,20135,277496950,105
77300000,4836485,42439908,8.77495,20139,277595750,103
77350000,4836618,42444704,8.7757,20142,277687784,98
77400000,4836735,42449529,8.776480000000001,20142,277779735,93
77450000,4836842,42454365,8.777289999999999,20146,277868700,94
77500000,4836963,42459145,8.77806,20146,277964064,101
77550000,4837072,42463949,8.77885,20146,278057183,98
77600000,4837201,42468686,8.7796,20146,278153742,112
77650000,4837310,42473336,8.78036,20153,278245405,95
77700000,4837436,42478019,8.7811,20155,278340290,103
77750000,4837537,42482661,8.781880000000001,20158,278430977,76
77800000,4837651,42487424,8.78266,20163,278517455,102
77850000,4837765,42492051,8.78341,20164,278606118,106
77900000,4837861,42496597,8.78417,20164,278697462,96
77950000,4837983,42501157,8.784889999999999,20164,278785404,110
78000000,4838086,42505624,8.785630000000001,20169,278875728,96
78050000,4838187,42510114,8.78637,20172,278963026,107
78100000,4838309,42514528,8.78706,20175,279050267,85
78150000,4838410,42518920,8.78779,20182,279137772,76
78200000,4838507,42523322,8.78852,20182,279221389,82
78250000,4838614,42527657,8.78922,20188,279306523,87
78300000,4838735,42532057,8.78991,20190,279390848,92
78350000,4838836,42536390,8.79062,20193,279474250,86
78400000,4838941,42540595,8.7913,20195,279558026,83
78450000,4839054,42544800,8.79197,20197,279640534,91
78500000,4839158,42548861,8.79262,20201,279724366,75
78550000,4839262,42552992,8.793280000000001,20202,279806216,84
78600000,4839387,42556996,8.79388,20202,279890041,85
78650000,4839499,42561048,8.79452,20204,279975125,63
78700000,4839607,42565225,8.79518,20204,280059935,80
78750000,4839703,42569278,8.79585,20204,280146996,73
78800000,4839802,42573353,8.796510000000001,20207,280228853,78
78850000,4839909,42577423,8.79715,20208,280312838,88
78900000,4840005,42581498,8.79782,20210,280398224,90
78950000,4840112,42585364,8.79843,20211,280475293,87
79000000,4840210,42589356,8.79907,20211,280556624,79
79050000,4840305,42593261,8.799710000000001,20220,280633933,76
79100000,4840386,42597208,8.80037,20220,280709366,85
79150000,4840481,42601017,8.800989999999999,20224,280783177,77
79200000,4840577,42604942,8.80162,20225,280856011,95
79250000,4840677,42608706,8.80222,20228,280932877,76
79300000,4840760,42612392,8.80283,20228,281008740,83
79350000,4840850,42615952,8.8034,20228,281083164,70
79400000,4840942,42619684,8.80401,20230,281160045,92
79450000,4841030,42623247,8.80458,20230,281231384,74
79500000,4841115,42626906,8.80518,20234,281307648,75
79550000,4841199,42630557,8.80578,20234,281377237,84
79600000,4841304,42634215,8.80635,20234,281445908,82
79650000,4841387,42637759,8.80693,20234,281518878,76
79700000,4841464,42641346,8.80753,20234,281589255,74
79750000,4841549,42644827,8.8081,20234,281657049,81
79800000,4841626,42648377,8.808689999999999,20242,281725922,65
79850000,4841699,42651809,8.80926,20242,281796650,54
79900000,4841784,42655196,8.80981,20242,281855277,65
79950000,4841857,42658506,8.810360000000001,20246,281914724,60
80000000,4841945,42661903,8.8109,20250,281986148,70
80050000,4842033,42665231,8.81143,20252,282051617,75
80100000,4842126,42668435,8.811919999999999,20252,282112236,51
80150000,4842200,42671659,8.81245,20252,282176648,63
80200000,4842292,42675002,8.81298,20254,282241527,64
80250000,4842358,42678132,8.8135,20254,282304823,63
80300000,4842435,42681364,8.81403,20256,282366671,58
80350000,4842513,42684492,8.81453,20256,282427264,64
80400000,4842598,42687600,8.81502,20256,282482352,72
80450000,4842676,42690668,8.81551,20256,282545696,61
80500000,4842753,42693705,8.816,20256,282610176,60
80550000,4842832,42696754,8.81648,20258,282671273,54
80600000,4842895,42699869,8.81701,20258,282738667,63
80650000,4842967,42702880,8.8175,20259,282798049,55
80700000,4843038,42705771,8.817969999999999,20260,282860421,63
80750000,4843096,42708663,8.81846,20260,282915141,49
80800000,4843173,42711505,8.81891,20264,282971875,47
80850000,4843239,42714297,8.81937,20264,283030625,57
80900000,4843315,42717131,8.81981,20264,283082109,54
80950000,4843371,42719869,8.82028,20269,283138131,53
81000000,4843444,42722620,8.82071,20269,283193212,46
81050000,4843518,42725354,8.82114,20269,283246586,62
81100000,4843580,42728001,8.82157,20269,283295856,62
81150000,4843633,42730583,8.82201,20277,283344405,53
81200000,4843706,42733225,8.82242,20278,283393445,53
81250000,4843757,42735788,8.82286,20278,283440486,34
81300000,4843825,42738422,8.82328,20282,283496803,51
81350000,4843896,42740988,8.82368,20282,283543239,52
81400000,4843955,42743552,8.8241,20283,283594675,44
81450000,4844027,42746058,8.824489999999999,20286,283644804,41
81500000,4844080,42748523,8.8249,20287,283698113,55
81550000,4844145,42750944,8.825280000000001,20287,283743550,45
81600000,4844213,42753308,8.82565,20287,283790887,37
81650000,4844275,42755668,8.82602,20287,283839306,48
81700000,4844342,42758008,8.82638,20287,283889987,60
81750000,4844402,42760343,8.82675,20292,283936034,49
81800000,4844455,42762630,8.82713,20292,283979854,47
81850000,4844505,42764856,8.8275,20292,284024407,35
81900000,4844560,42767063,8.82785,20297,284065171,38
81950000,4844613,42769272,8.82821,20297,284110566,38
82000000,4844683,42771470,8.82854,20300,284152114,36
82050000,4844751,42773624,8.82886,20300,284194062,43
82100000,4844800,42775763,8.82921,20301,284235053,60
82150000,4844851,42777875,8.82955,20301,284273669,43
82200000,4844905,42779884,8.82987,20302,284313190,45
82250000,4844965,42781851,8.830169999999999,20302,284357664,38
82300000,4845010,42783795,8.83049,20304,284394650,45
82350000,4845056,42785799,8.83082,20304,284430684,45
82400000,4845106,42787665,8.83111,20304,284469326,40
82450000,4845148,42789582,8.831430000000001,20304,284514824,33
82500000,4845194,42791470,8.83174,20306,284554082,37
82550000,4845244,42793321,8.83203,20306,284590541,25
82600000,4845282,42795114,8.83233,20306,284621968,44
82650000,4845333,42796905,8.8326,20309,284656434,41
82700000,4845371,42798701,8.8329,20309,284690131,38
82750000,4845411,42800390,8.83318,20313,284723178,42
82800000,4845445,42802084,8.83347,20313,284759554,26
82850000,4845489,42803758,8.833730000000001,20313,284792676,32
82900000,4845532,42805382,8.83399,20313,284824306,42
82950000,4845578,42806964,8.83423,20313,284857231,33
83000000,4845622,42808557,8.834480000000001,20313,284887800,24
83050000,4845661,42810150,8.83474,20316,284918691,39
83100000,4845691,42811663,8.835,20317,284946532,29
83150000,4845742,42813195,8.83522,20317,284979245,29
83200000,4845780,42814703,8.835460000000001,20317,285010534,29
83250000,4845805,42816112,8.83571,20317,285035310,29
83300000,4845830,42817522,8.83595,20319,285062095,25
83350000,4845863,42818965,8.83619,20319,285096373,32
83400000,4845898,42820357,8.83641,20321,285118620,27
83450000,4845927,42821657,8.83663,20322,285146961,16
83500000,4845957,42822939,8.836839999999999,20322,285174116,24
83550000,4845977,42824218,8.837069999999999,20322,285200536,24
83600000,4846000,42825419,8.83727,20322,285223025,23
83650000,4846027,42826636,8.83747,20322,285247178,22
83700000,4846063,42827828,8.83765,20322,285269645,18
83750000,4846097,42829001,8.83783,20322,285292481,17
83800000,4846125,42830151,8.83802,20322,285319077,30
83850000,4846151,42831211,8.838189999999999,20322,285339542,22
83900000,4846172,42832241,8.83837,20322,285358434,18
83950000,4846192,42833311,8.83855,20327,285380785,23
84000000,4846218,42834366,8.83872,20327,285400866,17
84050000,4846241,42835322,8.83888,20327,285420546,17
84100000,4846259,42836266,8.839039999999999,20327,285438095,19
84150000,4846284,42837174,8.83918,20327,285454666,18
84200000,4846311,42838047,8.839310000000001,20327,285473154,20
84250000,4846330,42838868,8.83945,20327,285491855,18
84300000,4846353,42839700,8.83957,20327,285507525,16
84350000,4846377,42840519,8.8397,20327,285520016,17
84400000,4846396,42841290,8.83982,20327,285534635,10
84450000,4846414,42842046,8.83995,20327,285549266,15
84500000,4846426,42842772,8.84008,20327,285563243,12
84550000,4846440,42843464,8.84019,20332,285575325,12
84600000,4846456,42844167,8.84031,20332,285589142,16
84650000,4846467,42844846,8.84043,20332,285603627,11
84700000,4846485,42845386,8.84051,20332,285615735,10
84750000,4846491,42845953,8.84061,20332,285628408,12
84800000,4846511,42846473,8.84068,20332,285637933,12
84850000,4846521,42846976,8.84077,20332,285646326,7
84900000,4846532,42847439,8.84085,20332,285656291,7
84950000,4846538,42847909,8.84093,20332,285663584,14
85000000,4846549,42848324,8.841000000000001,20332,285672894,9
85050000,4846556,42848735,8.84107,20332,285681888,6
85100000,4846563,42849109,8.84113,20332,285688627,3
85150000,4846569,42849448,8.84119,20332,285694990,3
85200000,4846576,42849758,8.841239999999999,20332,285701726,7
85250000,4846582,42850034,8.841289999999999,20332,285706564,5
85300000,4846588,42850269,8.841330000000001,20332,285711323,4
85350000,4846597,42850491,8.84136,20332,285714088,2
85400000,4846599,42850671,8.841389999999999,20332,285717468,1
85450000,4846604,42850837,8.84141,20332,285722902,6
85500000,4846607,42850968,8.841439999999999,20332,285725003,1
85550000,4846607,42851089,8.841460000000001,20332,285727723,4
85600000,4846609,42851171,8.84147,20332,285729334,3
85650000,4846609,42851219,8.84148,20332,285730057,3
85700000,4846609,42851237,8.84149,20332,285730264,0
