timestep,num_nodes,num_edges,average_degree,max_degree,num_triangles,new_edges
0,1962,1000,0.509684,3,0,1000
50000,93516,50987,0.545222,21,1,998
100000,176086,100928,0.573174,41,7,999
150000,252022,150858,0.598591,63,22,1000
200000,322201,200763,0.623099,90,45,998
250000,388027,250652,0.645965,109,80,996
300000,450237,300497,0.66742,134,133,997
350000,508929,350340,0.688387,170,214,995
400000,564691,400106,0.70854,202,290,995
450000,617583,449839,0.728386,214,403,996
500000,668418,499553,0.747366,238,541,992
550000,717389,549249,0.765622,266,720,995
600000,764139,598912,0.783774,283,907,996
650000,808831,648529,0.80181,308,1108,992
700000,852003,698133,0.8194020000000001,323,1378,996
750000,893959,747713,0.836406,345,1719,992
800000,934197,797249,0.853406,364,2053,987
850000,973065,846802,0.870242,383,2450,989
900000,1010965,896289,0.886568,408,2912,988
950000,1047657,945764,0.902742,429,3384,993
1000000,1083178,995199,0.9187770000000001,454,3943,994
1050000,1117881,1044645,0.9344870000000001,474,4535,990
1100000,1151343,1094016,0.950209,493,5166,989
1150000,1183585,1143317,0.9659780000000001,521,5865,992
1200000,1215287,1192614,0.9813440000000001,552,6641,981
1250000,1245948,1241934,0.996778,577,7495,985
1300000,1276184,1291229,1.01179,601,8332,992
1350000,1305182,1340472,1.02704,627,9253,986
1400000,1333984,1389669,1.0417399999999999,642,10223,983
1450000,1362130,1438836,1.05631,677,11298,985
1500000,1389154,1487927,1.0711,693,12469,977
1550000,1415934,1537044,1.0855299999999999,712,13730,982
1600000,1442305,1586120,1.09971,738,15026,980
1650000,1468028,1635206,1.11388,772,16430,983
1700000,1493192,1684253,1.12795,792,17873,975
1750000,1517704,1733254,1.14202,813,19421,983
1800000,1541526,1782170,1.15611,842,21092,978
1850000,1565157,1831107,1.16992,867,22775,978
1900000,1588041,1879972,1.18383,893,24717,977
1950000,1610564,1928840,1.1976200000000001,914,26527,977
2000000,1632748,1977642,1.2112399999999999,939,28638,979
2050000,1654620,2026431,1.22471,963,30664,985
2100000,1675841,2075189,1.2383,990,32890,968
2150000,1696850,2123978,1.2517200000000002,1014,35302,976
2200000,1717328,2172688,1.26516,1043,37746,972
2250000,1737550,2221364,1.27845,1069,40402,966
2300000,1757101,2270070,1.2919399999999999,1091,42988,978
2350000,1776279,2318724,1.30538,1113,45680,968
2400000,1795390,2367358,1.3185799999999999,1129,48635,982
2450000,1814403,2415892,1.33151,1152,51641,960
2500000,1832926,2464411,1.3445200000000002,1165,54802,984
2550000,1851231,2512945,1.35745,1183,58088,968
2600000,1869115,2561347,1.37035,1213,61447,966
2650000,1887050,2609824,1.3830200000000001,1241,65011,974
2700000,1904458,2658289,1.39582,1264,68719,961
2750000,1921494,2706698,1.40864,1294,72666,965
2800000,1938513,2755037,1.42121,1315,76623,960
2850000,1955123,2803381,1.4338600000000001,1344,80632,958
2900000,1971545,2851650,1.4464,1365,84855,970
2950000,1987666,2899991,1.45899,1398,89399,960
3000000,2003794,2948275,1.47135,1421,93829,972
3050000,2019622,2996520,1.4837,1441,98507,963
3100000,2035413,3044791,1.49591,1462,103274,974
3150000,2050862,3092992,1.50814,1486,108132,959
3200000,2065920,3141085,1.52043,1496,113185,959
3250000,2080738,3189145,1.5327,1529,118449,966
3300000,2095614,3237248,1.54477,1565,123852,969
3350000,2109919,3285324,1.5570899999999999,1584,129555,965
3400000,2124157,3333348,1.56926,1610,135272,960
3450000,2138475,3381432,1.58124,1621,141058,958
3500000,2152356,3429381,1.59331,1646,147193,957
3550000,2166072,3477346,1.60537,1666,153528,969
3600000,2179814,3525258,1.61723,1689,159906,956
3650000,2193132,3573087,1.6292200000000001,1712,166584,953
3700000,2206489,3620953,1.64105,1736,173273,965
3750000,2219772,3668834,1.6528,1756,180135,963
3800000,2232524,3716604,1.66475,1789,187414,952
3850000,2245465,3764408,1.67645,1811,194654,949
3900000,2258251,3812143,1.6881,1840,201916,949
3950000,2270759,3859843,1.6998,1866,209391,951
4000000,2283232,3907472,1.71138,1884,217317,943
4050000,2295451,3955193,1.7230599999999998,1910,225428,959
4100000,2307621,4002792,1.7346,1926,233969,963
4150000,2319618,4050417,1.74616,1953,242394,961
4200000,2331615,4097988,1.75757,1975,251238,954
4250000,2343471,4145419,1.76892,1999,260074,943
4300000,2355160,4192974,1.7803400000000003,2015,268867,957
4350000,2366692,4240314,1.7916599999999998,2039,278222,941
4400000,2377824,4287645,1.80318,2060,287575,949
4450000,2389048,4334978,1.8145200000000001,2080,297046,947
4500000,2400318,4382354,1.8257400000000001,2103,307050,953
4550000,2411521,4429793,1.83693,2114,317130,952
4600000,2422514,4477169,1.84815,2137,327935,941
4650000,2433300,4524576,1.8594400000000002,2165,338259,947
4700000,2444006,4571901,1.8706599999999998,2189,349291,931
4750000,2454686,4619193,1.88179,2208,360621,952
4800000,2465463,4666417,1.89271,2237,371473,951
4850000,2475920,4713603,1.90378,2258,382833,949
4900000,2486095,4760765,1.9149599999999998,2274,394259,922
4950000,2496261,4807934,1.92605,2296,406136,940
5000000,2506561,4855018,1.93692,2324,417872,951
5050000,2516555,4902067,1.94793,2345,429893,941
5100000,2526498,4949031,1.95885,2371,442219,929
5150000,2536290,4995987,1.9698,2401,454513,956
5200000,2546062,5043035,1.98072,2414,467549,935
5250000,2555760,5090016,1.9915900000000002,2443,480833,950
5300000,2565326,5136833,2.00241,2461,494054,930
5350000,2574712,5183783,2.0133400000000004,2479,507509,933
5400000,2584013,5230683,2.02425,2499,521320,938
5450000,2593306,5277623,2.0350900000000003,2528,535408,936
5500000,2602478,5324432,2.0459099999999997,2542,549976,934
5550000,2611666,5371200,2.05662,2563,564302,934
5600000,2620732,5417984,2.06736,2579,579258,931
5650000,2629656,5464810,2.07815,2608,594520,934
5700000,2638654,5511499,2.08875,2642,609778,939
5750000,2647819,5558103,2.09912,2663,625469,925
5800000,2656672,5604765,2.10969,2693,641206,916
5850000,2665254,5651506,2.1204400000000003,2714,657599,936
5900000,2673974,5698053,2.1309299999999998,2728,673812,924
5950000,2682640,5744597,2.1414,2752,690047,924
6000000,2691161,5791084,2.1518900000000003,2778,707032,928
6050000,2699694,5837591,2.1623200000000002,2801,724226,933
6100000,2708014,5884024,2.17282,2819,742086,937
6150000,2716374,5930324,2.18318,2840,759667,917
6200000,2724597,5976686,2.1936,2866,777731,920
6250000,2732545,6023060,2.20419,2878,795696,929
6300000,2740718,6069382,2.2145200000000003,2899,814125,924
6350000,2748795,6115655,2.22485,2918,833048,916
6400000,2756966,6161956,2.23505,2941,851864,922
6450000,2764751,6208294,2.24552,2961,871193,924
6500000,2772700,6254557,2.25576,2988,890125,932
6550000,2780560,6300883,2.26605,3000,910339,908
6600000,2788257,6347022,2.2763400000000003,3025,930635,926
6650000,2795933,6393123,2.28658,3043,951584,931
6700000,2803575,6439201,2.29678,3061,972413,916
6750000,2811160,6485319,2.3069900000000003,3091,993470,920
6800000,2818874,6531270,2.31698,3114,1015213,916
6850000,2826292,6577385,2.32721,3131,1036947,933
6900000,2833718,6623465,2.33738,3158,1059137,921
6950000,2841153,6669383,2.34742,3177,1081313,924
7000000,2848439,6715319,2.35754,3206,1104055,919
7050000,2855505,6761146,2.3677599999999996,3230,1127508,906
7100000,2862719,6807102,2.37784,3252,1151125,916
7150000,2869844,6853037,2.38795,3272,1174668,914
7200000,2876912,6898737,2.39797,3304,1198485,923
7250000,2883883,6944599,2.40807,3329,1222723,912
7300000,2891013,6990364,2.41796,3352,1246631,907
7350000,2897983,7035953,2.42788,3377,1271536,910
7400000,2904799,7081550,2.43788,3404,1296854,909
7450000,2911692,7127145,2.4477700000000002,3424,1322558,910
7500000,2918349,7172765,2.45782,3450,1347886,915
7550000,2925213,7218246,2.4676,3470,1373276,901
7600000,2931878,7263698,2.47749,3494,1399413,922
7650000,2938476,7309311,2.48745,3509,1425859,913
7700000,2944967,7354907,2.49745,3528,1452846,911
7750000,2951541,7400425,2.50731,3551,1479957,909
7800000,2957999,7445770,2.51716,3571,1507386,907
7850000,2964599,7491194,2.52688,3587,1534634,914
7900000,2971122,7536593,2.53662,3606,1562802,910
7950000,2977710,7582118,2.54629,3636,1591786,907
8000000,2984316,7627421,2.5558400000000003,3655,1620821,905
8050000,2990666,7672669,2.56554,3675,1650087,906
8100000,2996923,7717865,2.5752599999999997,3689,1679246,906
8150000,3003082,7763084,2.5850400000000002,3700,1709938,906
8200000,3009402,7808246,2.59462,3732,1739309,909
8250000,3015574,7853449,2.6043,3748,1770308,894
8300000,3021691,7898647,2.6139799999999997,3769,1800814,906
8350000,3027930,7943753,2.6234900000000003,3790,1831553,888
8400000,3034019,7988784,2.63307,3814,1862688,906
8450000,3039968,8033891,2.64276,3833,1894523,900
8500000,3046143,8079029,2.6522200000000002,3848,1926488,906
8550000,3052132,8124231,2.66182,3870,1958928,895
8600000,3058380,8169168,2.67108,3884,1991670,895
8650000,3064425,8214136,2.6804799999999998,3904,2024211,889
8700000,3070300,8259081,2.6899900000000003,3928,2058232,902
8750000,3076180,8303993,2.69945,3956,2091134,914
8800000,3082017,8348859,2.7088900000000002,3976,2125685,906
8850000,3087833,8393714,2.7183200000000003,3998,2160498,893
8900000,3093612,8438426,2.72769,4011,2195214,888
8950000,3099330,8483400,2.73717,4030,2230150,898
9000000,3104970,8528212,2.74663,4047,2266149,902
9050000,3110556,8572926,2.75608,4075,2301867,899
9100000,3116188,8617661,2.76545,4091,2338002,897
9150000,3121687,8662270,2.77487,4113,2373807,871
9200000,3127299,8706921,2.78417,4138,2409744,913
9250000,3132919,8751558,2.7934200000000002,4162,2446365,896
9300000,3138443,8796172,2.80272,4185,2483354,888
9350000,3144025,8840922,2.81198,4205,2521078,896
9400000,3149473,8885281,2.8212,4233,2559577,881
9450000,3154819,8929862,2.83055,4255,2598716,909
9500000,3160151,8974324,2.83984,4288,2637667,882
9550000,3165427,9018809,2.84916,4307,2676280,882
9600000,3170594,9063327,2.8585599999999998,4324,2715695,882
9650000,3176044,9107765,2.86764,4350,2755537,882
9700000,3181213,9152150,2.8769400000000003,4372,2796297,876
9750000,3186372,9196504,2.8862,4395,2836917,901
9800000,3191580,9240910,2.8954,4419,2878319,889
9850000,3196802,9285161,2.90452,4444,2920107,878
9900000,3202023,9329459,2.91361,4478,2961976,906
9950000,3207121,9373678,2.92277,4493,3003474,869
10000000,3212140,9417850,2.9319599999999997,4513,3046624,886
10050000,3217050,9462016,2.94121,4538,3089257,870
10100000,3222082,9506034,2.95028,4555,3132251,895
10150000,3226980,9550071,2.95945,4572,3174569,880
10200000,3231980,9594022,2.96847,4589,3218270,873
10250000,3236965,9638102,2.9775099999999997,4601,3262844,876
10300000,3241902,9682085,2.98654,4625,3307333,886
10350000,3246782,9726146,2.99563,4649,3353593,874
10400000,3251697,9770090,3.00461,4670,3399342,881
10450000,3256531,9814025,3.01364,4698,3445172,879
10500000,3261340,9857820,3.02263,4724,3490670,884
10550000,3266091,9901848,3.03171,4744,3537488,869
10600000,3270859,9945680,3.04069,4764,3583704,868
10650000,3275685,9989341,3.0495400000000004,4778,3629376,877
10700000,3280339,10033129,3.05856,4813,3678016,877
10750000,3285066,10076795,3.06746,4826,3726777,868
10800000,3289747,10120453,3.0763599999999998,4847,3775242,886
10850000,3294497,10164086,3.08517,4873,3824888,858
10900000,3299203,10207622,3.09397,4892,3874738,872
10950000,3303846,10251166,3.1028,4913,3925881,882
11000000,3308480,10294647,3.11159,4937,3975773,873
11050000,3313048,10338304,3.12048,4956,4027053,875
11100000,3317720,10381833,3.12921,4973,4077679,890
11150000,3322400,10425445,3.13793,4985,4129113,884
11200000,3326891,10468881,3.14675,5009,4179147,879
11250000,3331368,10512283,3.15555,5028,4230831,862
11300000,3335676,10555630,3.16447,5052,4284362,876
11350000,3340123,10599015,3.1732400000000003,5077,4337421,888
11400000,3344571,10642292,3.1819599999999997,5095,4391390,871
11450000,3348982,10685579,3.19069,5106,4445274,880
11500000,3353316,10728848,3.1994700000000003,5132,4500157,853
11550000,3357642,10772163,3.20825,5155,4555531,858
11600000,3362007,10815347,3.21693,5167,4609254,858
11650000,3366374,10858584,3.2256,5184,4664089,876
11700000,3370705,10901807,3.23428,5200,4720594,869
11750000,3375040,10944936,3.2429099999999997,5215,4776787,864
11800000,3379249,10988022,3.25162,5243,4833971,866
11850000,3383346,11031147,3.26043,5258,4890678,858
11900000,3387540,11074117,3.26907,5282,4946690,855
11950000,3391809,11117214,3.2776699999999996,5300,5003020,871
12000000,3396019,11160307,3.28629,5326,5062219,863
12050000,3400175,11203264,3.29491,5345,5122218,858
12100000,3404331,11246298,3.3035300000000003,5364,5182984,866
12150000,3408427,11289142,3.3121300000000002,5389,5241169,849
12200000,3412622,11331971,3.32061,5407,5300625,856
12250000,3416673,11375029,3.3292699999999997,5429,5361366,854
12300000,3420748,11417903,3.3378400000000004,5449,5421962,844
12350000,3424976,11460761,3.3462300000000003,5461,5482828,875
12400000,3428925,11503560,3.35486,5478,5543121,862
12450000,3432953,11546301,3.3633699999999997,5489,5605903,870
12500000,3436899,11589134,3.3719699999999997,5510,5671101,828
12550000,3440846,11631792,3.3805,5530,5734124,853
12600000,3444758,11674350,3.38902,5547,5797238,848
12650000,3448736,11716964,3.3974699999999998,5564,5861920,848
12700000,3452531,11759561,3.4060699999999997,5584,5926439,857
12750000,3456483,11802231,3.4145199999999996,5603,5991432,841
12800000,3460292,11844708,3.4230400000000003,5621,6057217,839
12850000,3464301,11887209,3.43134,5646,6123048,843
12900000,3468085,11929622,3.43983,5665,6187735,839
12950000,3471753,11972075,3.4484199999999996,5687,6254117,877
13000000,3475623,12014455,3.45678,5703,6322066,869
13050000,3479441,12056758,3.4651400000000003,5723,6388802,845
13100000,3483227,12099273,3.47358,5750,6456979,846
13150000,3487073,12141649,3.4819,5768,6524116,841
13200000,3490884,12183985,3.4902300000000004,5785,6592740,843
13250000,3494678,12226430,3.49859,5813,6661465,852
13300000,3498482,12268543,3.50682,5833,6731180,854
13350000,3502174,12310854,3.5152,5860,6799673,837
13400000,3505884,12353097,3.5235300000000005,5873,6868803,849
13450000,3509688,12395033,3.53166,5890,6938775,846
13500000,3513420,12437253,3.5399300000000005,5903,7011638,838
13550000,3517062,12479455,3.54826,5927,7083302,861
13600000,3520705,12521486,3.5565300000000004,5938,7154015,828
13650000,3524431,12563497,3.56469,5956,7225311,841
13700000,3528019,12605623,3.573,5977,7299569,855
13750000,3531539,12647682,3.58135,5999,7372991,835
13800000,3535104,12689650,3.58961,6022,7446437,829
13850000,3538650,12731529,3.59785,6043,7520108,830
13900000,3542290,12773493,3.6060000000000003,6066,7594629,826
13950000,3545799,12815498,3.6142800000000004,6092,7667022,843
14000000,3549273,12857345,3.6225300000000002,6106,7743015,810
14050000,3552807,12899159,3.6307,6128,7819357,859
14100000,3556271,12940932,3.6389,6144,7895230,866
14150000,3559789,12982905,3.6471,6156,7970484,844
14200000,3563197,13024643,3.6553199999999997,6183,8047608,838
14250000,3566671,13066284,3.66344,6205,8125565,832
14300000,3570020,13108012,3.6716900000000003,6225,8204729,844
14350000,3573430,13149668,3.67984,6241,8283719,830
14400000,3576892,13191359,3.68794,6264,8361618,841
14450000,3580168,13232824,3.69615,6280,8441081,818
14500000,3583577,13274249,3.70419,6301,8520446,806
14550000,3586952,13315767,3.7122800000000002,6326,8598454,831
14600000,3590359,13357292,3.7203199999999996,6349,8680574,820
14650000,3593646,13398651,3.7284300000000004,6369,8760374,813
14700000,3596998,13440076,3.7364699999999997,6394,8840744,837
14750000,3600210,13481394,3.7446099999999998,6410,8924314,821
14800000,3603571,13522770,3.7526,6428,9007652,837
14850000,3606873,13563962,3.76059,6452,9088478,823
14900000,3610153,13605176,3.76859,6478,9172643,836
14950000,3613563,13646369,3.7764300000000004,6487,9257735,819
15000000,3616827,13687766,3.78447,6505,9341704,820
15050000,3620055,13728949,3.79247,6522,9425167,822
15100000,3623279,13770178,3.80047,6545,9510355,836
15150000,3626499,13811363,3.8084599999999997,6561,9597402,829
15200000,3629792,13852518,3.8163400000000003,6584,9685775,818
15250000,3633037,13893783,3.82429,6599,9771764,837
15300000,3636308,13935009,3.83219,6609,9856359,851
15350000,3639491,13976137,3.8401400000000003,6628,9945803,814
15400000,3642631,14017080,3.84806,6646,10036804,822
15450000,3645831,14058164,3.85596,6670,10123869,821
15500000,3648989,14099112,3.86384,6687,10211439,809
15550000,3652068,14140106,3.87181,6715,10301950,838
15600000,3655086,14180960,3.8797900000000003,6738,10393669,829
15650000,3658206,14221738,3.88763,6757,10482939,823
15700000,3661339,14262563,3.89545,6773,10570982,819
15750000,3664479,14303391,3.90325,6794,10663220,822
15800000,3667542,14344102,3.91109,6805,10753931,822
15850000,3670630,14384836,3.9189,6829,10843823,807
15900000,3673709,14425635,3.9267199999999995,6846,10936306,813
15950000,3676838,14466337,3.93445,6871,11028826,804
16000000,3679897,14507020,3.94224,6890,11124338,813
16050000,3682830,14547736,3.95015,6908,11216264,826
16100000,3685896,14588367,3.9578900000000004,6928,11310459,810
16150000,3688873,14628968,3.9657,6945,11403991,818
16200000,3691965,14669562,3.97338,6969,11498709,810
16250000,3695017,14709990,3.9810300000000005,6986,11593436,797
16300000,3698045,14750382,3.9887,7008,11686438,816
16350000,3700961,14790746,3.99646,7028,11784366,805
16400000,3703882,14831186,4.004230000000001,7045,11879284,822
16450000,3706875,14871740,4.01193,7071,11974213,807
16500000,3709781,14912188,4.01969,7092,12073529,820
16550000,3712704,14952549,4.0274,7114,12171299,806
16600000,3715665,14992868,4.03504,7127,12270215,797
16650000,3718612,15033284,4.04271,7145,12368844,828
16700000,3721502,15073598,4.05041,7163,12470453,803
16750000,3724388,15113808,4.05806,7179,12571549,812
16800000,3727336,15154040,4.06565,7197,12669945,814
16850000,3730326,15194300,4.073180000000001,7217,12770941,791
16900000,3733208,15234379,4.080769999999999,7242,12871970,804
16950000,3736161,15274448,4.08827,7259,12973423,807
17000000,3739030,15314571,4.09587,7272,13075316,798
17050000,3741902,15354620,4.10343,7292,13177361,799
17100000,3744717,15394536,4.111000000000001,7311,13280956,804
17150000,3747548,15434519,4.1185599999999996,7331,13385903,818
17200000,3750393,15474425,4.12608,7346,13492053,798
17250000,3753184,15514442,4.1336699999999995,7367,13599713,809
17300000,3756085,15554468,4.14114,7393,13706596,797
17350000,3758823,15594401,4.14875,7411,13811088,773
17400000,3761623,15634197,4.15624,7434,13914037,763
17450000,3764414,15674217,4.1637900000000005,7454,14019649,818
17500000,3767157,15713841,4.17127,7480,14125983,781
17550000,3769914,15753807,4.17882,7499,14234592,797
17600000,3772668,15793513,4.1863,7519,14343313,779
17650000,3775419,15833504,4.19384,7535,14451326,802
17700000,3778113,15873242,4.20137,7549,14559448,795
17750000,3780832,15912755,4.2088,7580,14664767,780
17800000,3783497,15952461,4.21633,7603,14774962,808
17850000,3786179,15992031,4.22379,7623,14887236,798
17900000,3788873,16031569,4.2312199999999995,7646,14997215,800
17950000,3791603,16071109,4.2386099999999995,7660,15106758,796
18000000,3794192,16110683,4.2461400000000005,7685,15217571,788
18050000,3796917,16150085,4.25347,7702,15326479,792
18100000,3799641,16189447,4.2607800000000005,7721,15440514,775
18150000,3802263,16228849,4.26821,7742,15553174,766
18200000,3804962,16268379,4.27557,7760,15665693,794
18250000,3807523,16307803,4.28305,7777,15776243,777
18300000,3810143,16347194,4.29044,7793,15886876,782
18350000,3812670,16386426,4.29789,7805,16000824,798
18400000,3815297,16425705,4.305219999999999,7823,16118257,769
18450000,3817964,16465066,4.312530000000001,7843,16233140,795
18500000,3820554,16504300,4.31987,7860,16349368,768
18550000,3823092,16543544,4.3272699999999995,7881,16465963,778
18600000,3825717,16582784,4.33456,7897,16586903,774
18650000,3828295,16622013,4.341880000000001,7920,16705255,791
18700000,3830839,16661080,4.3492,7936,16823465,797
18750000,3833415,16700104,4.35646,7949,16939939,772
18800000,3835872,16739025,4.36381,7969,17059122,762
18850000,3838465,16777918,4.371,7987,17176544,760
18900000,3840955,16816841,4.3783,8006,17296379,775
18950000,3843412,16855672,4.3856,8021,17415210,749
19000000,3845959,16894676,4.3928400000000005,8044,17534105,779
19050000,3848455,16933571,4.4001,8049,17658703,773
19100000,3850964,16972341,4.4073,8067,17781330,770
19150000,3853479,17011127,4.41449,8095,17900632,763
19200000,3855834,17050053,4.421880000000001,8114,18022720,788
19250000,3858326,17088897,4.4291,8129,18146954,780
19300000,3860845,17127801,4.43628,8146,18272696,797
19350000,3863336,17166475,4.44343,8172,18398288,783
19400000,3865775,17205207,4.45065,8191,18521387,780
19450000,3868140,17243813,4.45791,8204,18647005,760
19500000,3870444,17282505,4.46525,8227,18773147,754
19550000,3872867,17321296,4.4724699999999995,8240,18898446,766
19600000,3875270,17359901,4.47966,8259,19025966,777
19650000,3877745,17398374,4.48672,8282,19154546,758
19700000,3880180,17436878,4.49383,8301,19281931,792
19750000,3882655,17475437,4.5009,8315,19408777,751
19800000,3885072,17513841,4.50798,8331,19536456,772
19850000,3887458,17552262,4.5151,8353,19666072,767
19900000,3889854,17590453,4.52214,8371,19793058,753
19950000,3892165,17628754,4.5292900000000005,8384,19920764,760
20000000,3894465,17667153,4.53648,8393,20052383,767
20050000,3896816,17705544,4.54359,8404,20185619,758
20100000,3899227,17743851,4.55061,8416,20318435,749
20150000,3901585,17782176,4.55768,8438,20450704,762
20200000,3903968,17820376,4.56468,8456,20583166,752
20250000,3906226,17858567,4.57182,8472,20715947,745
20300000,3908543,17896763,4.578880000000001,8498,20851620,766
20350000,3910863,17934855,4.58591,8515,20984646,775
20400000,3913212,17973030,4.59291,8534,21119835,751
20450000,3915468,18011004,4.59996,8543,21254465,740
20500000,3917721,18049151,4.60705,8577,21391578,771
20550000,3920060,18087271,4.6140300000000005,8598,21528764,779
20600000,3922307,18125258,4.62107,8616,21668138,780
20650000,3924540,18163347,4.62815,8635,21804042,777
20700000,3926881,18201309,4.63505,8649,21938715,775
20750000,3929073,18239105,4.6420900000000005,8660,22076713,752
20800000,3931249,18276957,4.64915,8683,22213886,731
20850000,3933535,18314948,4.6561,8710,22349814,755
20900000,3935700,18352681,4.663130000000001,8727,22486865,735
20950000,3937914,18390476,4.67011,8740,22623845,756
21000000,3940067,18428306,4.67716,8764,22764331,789
21050000,3942260,18466029,4.68412,8779,22904717,766
21100000,3944429,18503523,4.69105,8798,23038942,745
21150000,3946684,18541217,4.69792,8814,23179929,747
21200000,3948797,18578840,4.704940000000001,8831,23320827,740
21250000,3951008,18616518,4.7118400000000005,8839,23461692,767
21300000,3953277,18654217,4.7186699999999995,8856,23602625,757
21350000,3955563,18691780,4.72544,8872,23743136,745
21400000,3957732,18729302,4.73233,8890,23887496,755
21450000,3959871,18766715,4.7392199999999995,8916,24031016,753
21500000,3962039,18804096,4.74607,8929,24171969,745
21550000,3964141,18841502,4.75298,8949,24316036,744
21600000,3966295,18879050,4.759869999999999,8966,24461386,743
21650000,3968398,18916306,4.76674,8996,24606059,747
21700000,3970519,18953559,4.773569999999999,9011,24752121,753
21750000,3972691,18990825,4.78034,9026,24896042,749
21800000,3974783,19028235,4.78724,9042,25040302,768
21850000,3976905,19065554,4.79407,9056,25186339,740
21900000,3979021,19102862,4.80089,9074,25336298,759
21950000,3981046,19140180,4.80783,9093,25484463,741
22000000,3983170,19177403,4.81461,9111,25634066,744
22050000,3985308,19214589,4.821359999999999,9138,25786590,749
22100000,3987353,19251701,4.82819,9157,25937297,756
22150000,3989412,19288800,4.835,9174,26085939,729
22200000,3991475,19326048,4.84183,9190,26237465,719
22250000,3993547,19363175,4.8486199999999995,9205,26389742,766
22300000,3995532,19400112,4.85545,9234,26542805,708
22350000,3997620,19436933,4.8621300000000005,9255,26695550,704
22400000,3999681,19473981,4.86888,9273,26846555,720
22450000,4001708,19510737,4.8756,9285,27000302,729
22500000,4003734,19547461,4.8823099999999995,9298,27156367,733
22550000,4005761,19584163,4.888999999999999,9308,27312038,758
22600000,4007809,19620889,4.8956599999999995,9318,27468229,723
22650000,4009857,19657840,4.90238,9341,27622955,730
22700000,4011967,19694706,4.90899,9360,27775377,746
22750000,4013943,19731502,4.91574,9375,27931161,731
22800000,4016072,19768353,4.9223099999999995,9397,28086531,737
22850000,4018052,19805029,4.92901,9418,28242610,739
22900000,4020088,19841647,4.935630000000001,9429,28401333,730
22950000,4022046,19878197,4.94231,9444,28564313,738
23000000,4024072,19914840,4.948930000000001,9463,28723613,722
23050000,4026127,19951370,4.95547,9479,28884034,694
23100000,4028156,19987973,4.96207,9495,29042097,734
23150000,4030102,20024391,4.96871,9505,29199112,722
23200000,4032122,20060882,4.97527,9526,29355032,708
23250000,4034106,20097349,4.98186,9535,29516502,741
23300000,4036051,20133781,4.9884900000000005,9555,29675841,719
23350000,4038021,20170144,4.99506,9570,29832604,723
23400000,4039975,20206516,5.00164,9583,29995575,716
23450000,4041922,20242869,5.00823,9601,30154276,715
23500000,4043825,20278890,5.01478,9611,30314698,744
23550000,4045735,20315167,5.021380000000001,9634,30478416,711
23600000,4047774,20351459,5.027819999999999,9644,30640159,731
23650000,4049718,20387704,5.03435,9667,30802298,756
23700000,4051641,20423894,5.04089,9674,30972864,730
23750000,4053509,20460006,5.04748,9693,31136442,744
23800000,4055444,20496048,5.05396,9706,31298417,720
23850000,4057350,20532112,5.06047,9725,31462144,730
23900000,4059317,20568224,5.06692,9743,31622638,725
23950000,4061122,20604233,5.07353,9757,31787648,717
24000000,4062980,20640087,5.08004,9777,31956514,700
24050000,4064879,20676148,5.086530000000001,9793,32129586,716
24100000,4066745,20712183,5.0930599999999995,9808,32295489,703
24150000,4068633,20748166,5.09954,9832,32468054,720
24200000,4070527,20784143,5.1060099999999995,9856,32637300,722
24250000,4072386,20819946,5.11247,9868,32807192,717
24300000,4074167,20855745,5.11902,9875,32975451,705
24350000,4076076,20891509,5.1254,9896,33143520,730
24400000,4077908,20927076,5.131819999999999,9912,33313262,726
24450000,4079706,20962915,5.13834,9924,33483547,738
24500000,4081485,20998833,5.1449,9950,33658500,728
24550000,4083312,21034570,5.15135,9965,33828765,753
24600000,4085138,21070312,5.1578,9983,34004540,709
24650000,4086962,21105967,5.164219999999999,10000,34178162,724
24700000,4088816,21141612,5.1706,10021,34345162,733
24750000,4090678,21177128,5.17692,10039,34513369,694
24800000,4092423,21212698,5.18341,10057,34686992,713
24850000,4094242,21248271,5.18979,10069,34861282,710
24900000,4096057,21283908,5.1961900000000005,10087,35031093,732
24950000,4097821,21319378,5.20261,10100,35207137,718
25000000,4099604,21354795,5.20899,10117,35382083,713
25050000,4101384,21390168,5.21535,10133,35556428,710
25100000,4103283,21425785,5.22162,10145,35731963,691
25150000,4105063,21461031,5.22794,10158,35909152,712
25200000,4106900,21496300,5.23419,10175,36083016,692
25250000,4108708,21531527,5.24046,10195,36261977,684
25300000,4110427,21566781,5.24685,10204,36438548,686
25350000,4112250,21602097,5.2531099999999995,10224,36620136,708
25400000,4113967,21637101,5.25943,10240,36795784,712
25450000,4115662,21672226,5.26579,10257,36977209,720
25500000,4117368,21707242,5.27212,10274,37162269,712
25550000,4119139,21742350,5.27837,10288,37342409,687
25600000,4120814,21777295,5.28471,10312,37518976,672
25650000,4122537,21812515,5.29104,10334,37706012,677
25700000,4124280,21847606,5.2973099999999995,10352,37891027,709
25750000,4126006,21882722,5.30361,10367,38073910,705
25800000,4127726,21917749,5.309880000000001,10382,38253176,696
25850000,4129391,21952698,5.31621,10402,38437418,709
25900000,4131112,21987458,5.32241,10421,38618668,695
25950000,4132900,22022322,5.32854,10429,38803928,675
26000000,4134648,22057327,5.33475,10441,38986792,666
26050000,4136367,22092009,5.34092,10456,39170133,697
26100000,4138069,22126638,5.347090000000001,10465,39354212,701
26150000,4139731,22161604,5.35339,10481,39538927,714
26200000,4141341,22196039,5.35963,10493,39720351,708
26250000,4143049,22230606,5.36576,10507,39904898,670
26300000,4144690,22265175,5.371980000000001,10528,40095361,685
26350000,4146440,22299761,5.37805,10541,40286321,703
26400000,4148125,22334386,5.3842099999999995,10556,40476181,710
26450000,4149750,22368944,5.39043,10575,40666974,709
26500000,4151413,22403437,5.39658,10586,40851463,707
26550000,4153018,22437984,5.40281,10601,41036618,712
26600000,4154724,22472542,5.40891,10614,41228070,671
26650000,4156368,22507142,5.4151,10631,41418128,683
26700000,4157983,22541516,5.42126,10649,41611257,676
26750000,4159675,22575857,5.427309999999999,10664,41801619,688
26800000,4161311,22610115,5.43341,10693,41989902,674
26850000,4162933,22644504,5.43956,10712,42185876,695
26900000,4164545,22678744,5.44567,10727,42376748,666
26950000,4166183,22713128,5.45178,10743,42573034,679
27000000,4167786,22747315,5.45789,10764,42761121,707
27050000,4169404,22781674,5.46401,10770,42955766,699
27100000,4170953,22815776,5.47016,10787,43148436,675
27150000,4172543,22849945,5.47626,10802,43346728,674
27200000,4174140,22883904,5.4823,10816,43540964,663
27250000,4175784,22918053,5.48832,10836,43733651,702
27300000,4177345,22951956,5.49439,10847,43924913,678
27350000,4178924,22986188,5.5005,10857,44126057,695
27400000,4180451,23020142,5.50662,10868,44324035,665
27450000,4182072,23054148,5.51261,10883,44527625,674
27500000,4183718,23088051,5.51855,10901,44720725,683
27550000,4185312,23122081,5.52458,10903,44922679,660
27600000,4186893,23155993,5.53059,10916,45122326,664
27650000,4188396,23189878,5.5367,10938,45323460,661
27700000,4189914,23223858,5.5428,10950,45523564,693
27750000,4191420,23257681,5.5488800000000005,10967,45717348,677
27800000,4193006,23291543,5.55486,10981,45912904,671
27850000,4194531,23325324,5.5608900000000006,10993,46113815,673
27900000,4196088,23358922,5.56683,11012,46313324,675
27950000,4197653,23392653,5.57279,11031,46515530,681
28000000,4199201,23426438,5.57878,11045,46719111,663
28050000,4200759,23459942,5.58469,11054,46918889,684
28100000,4202368,23493535,5.59055,11076,47125204,677
28150000,4203904,23527415,5.59656,11089,47325047,683
28200000,4205435,23561100,5.60254,11104,47528497,666
28250000,4207016,23594520,5.60837,11117,47731553,645
28300000,4208554,23627993,5.61428,11129,47936084,667
28350000,4210118,23661336,5.6201099999999995,11143,48138614,665
28400000,4211628,23694734,5.62603,11162,48347243,664
28450000,4213137,23728276,5.63197,11180,48552221,706
28500000,4214664,23761541,5.63783,11198,48754143,648
28550000,4216211,23794805,5.64365,11217,48961676,692
28600000,4217707,23828256,5.64958,11229,49171678,642
28650000,4219119,23861562,5.6555800000000005,11246,49380172,642
28700000,4220754,23894876,5.6612800000000005,11257,49584220,666
28750000,4222308,23928216,5.66709,11263,49797736,666
28800000,4223804,23961595,5.67299,11277,50007201,672
28850000,4225303,23994730,5.67882,11297,50218515,639
28900000,4226747,24027945,5.684740000000001,11316,50428081,656
28950000,4228168,24061021,5.69065,11337,50634922,663
29000000,4229651,24094055,5.69646,11350,50839071,662
29050000,4231179,24127159,5.70223,11370,51047115,655
29100000,4232650,24160158,5.70805,11385,51261983,664
29150000,4234075,24193147,5.71392,11403,51469568,662
29200000,4235521,24226164,5.71976,11419,51683173,656
29250000,4236990,24259142,5.72556,11441,51897546,688
29300000,4238469,24292206,5.73136,11457,52114585,674
29350000,4239888,24325043,5.73719,11473,52327921,644
29400000,4241310,24357879,5.74301,11483,52537240,642
29450000,4242794,24390688,5.74873,11505,52754130,688
29500000,4244327,24423702,5.75443,11521,52961265,645
29550000,4245789,24456307,5.76013,11538,53171843,644
29600000,4247217,24489056,5.76591,11555,53384365,661
29650000,4248684,24521846,5.77163,11573,53592268,639
29700000,4250105,24554489,5.77738,11596,53804206,661
29750000,4251507,24587176,5.78317,11607,54014269,651
29800000,4252876,24619785,5.78897,11628,54230543,660
29850000,4254293,24652374,5.79471,11643,54448747,645
29900000,4255747,24685084,5.80041,11659,54659826,628
29950000,4257092,24717549,5.80621,11683,54876684,655
30000000,4258502,24749879,5.81187,11698,55094846,652
30050000,4259862,24782320,5.81763,11719,55313470,676
30100000,4261386,24814837,5.823180000000001,11739,55536301,668
30150000,4262805,24847351,5.828869999999999,11753,55753050,655
30200000,4264241,24879909,5.83455,11765,55968295,668
30250000,4265572,24912024,5.84025,11787,56186483,659
30300000,4267003,24944735,5.84596,11807,56406371,674
30350000,4268399,24976994,5.85161,11818,56633852,631
30400000,4269795,25009280,5.85726,11832,56852349,646
30450000,4271207,25041645,5.8629,11850,57070164,653
30500000,4272605,25073895,5.868530000000001,11870,57291376,643
30550000,4273980,25105996,5.87415,11888,57513789,661
30600000,4275355,25138019,5.87975,11902,57737298,624
30650000,4276685,25170152,5.88544,11923,57952699,643
30700000,4278063,25202011,5.89099,11941,58171691,611
30750000,4279436,25234079,5.89659,11949,58391080,634
30800000,4280787,25266236,5.90224,11966,58609640,641
30850000,4282131,25298211,5.9078599999999994,11977,58828338,655
30900000,4283514,25330264,5.91343,11990,59049259,641
30950000,4284902,25362283,5.91899,12007,59272982,649
31000000,4286260,25394270,5.924580000000001,12033,59501774,642
31050000,4287497,25426177,5.9303099999999995,12049,59729474,634
31100000,4288825,25457932,5.93588,12061,59957452,629
31150000,4290188,25489599,5.94137,12075,60182467,631
31200000,4291571,25521500,5.94689,12095,60411720,636
31250000,4292919,25553225,5.9524099999999995,12111,60640034,650
31300000,4294314,25584923,5.95786,12123,60858438,625
31350000,4295653,25616777,5.963419999999999,12136,61086982,646
31400000,4296993,25648483,5.96894,12155,61311882,650
31450000,4298323,25680134,5.97445,12170,61537885,648
31500000,4299622,25711802,5.98001,12190,61767091,648
31550000,4300923,25743435,5.9855599999999995,12200,62001012,628
31600000,4302204,25775215,5.991169999999999,12217,62220939,629
31650000,4303446,25806742,5.99676,12228,62446152,618
31700000,4304712,25838375,6.00235,12240,62675836,663
31750000,4305955,25869841,6.0079199999999995,12250,62900964,621
31800000,4307256,25901061,6.01336,12260,63123762,646
31850000,4308577,25932504,6.01881,12278,63353231,644
31900000,4309838,25963905,6.02433,12301,63580611,625
31950000,4311133,25995348,6.02982,12312,63812600,626
32000000,4312467,26026763,6.03524,12329,64045633,622
32050000,4313782,26058009,6.04064,12339,64276976,605
32100000,4315140,26089486,6.04603,12352,64508798,632
32150000,4316411,26120625,6.05147,12364,64736893,632
32200000,4317687,26151948,6.05693,12375,64967936,612
32250000,4318982,26183370,6.06239,12391,65204823,602
32300000,4320331,26214645,6.067740000000001,12408,65435800,621
32350000,4321638,26245743,6.0731,12426,65669163,608
32400000,4322902,26276799,6.07851,12446,65898856,629
32450000,4324194,26307943,6.0839,12458,66133288,650
32500000,4325346,26338991,6.08945,12471,66365232,637
32550000,4326600,26369931,6.0948400000000005,12488,66603979,628
32600000,4327912,26400976,6.10016,12499,66846060,600
32650000,4329167,26431807,6.105519999999999,12520,67084415,604
32700000,4330474,26462644,6.1108,12530,67322791,624
32750000,4331696,26493713,6.11624,12548,67562003,603
32800000,4332979,26524498,6.12154,12562,67796676,583
32850000,4334206,26555382,6.126930000000001,12572,68028675,619
32900000,4335467,26586236,6.13227,12594,68264941,591
32950000,4336717,26616885,6.137569999999999,12615,68495040,630
33000000,4337950,26647463,6.142869999999999,12632,68730261,599
33050000,4339218,26678140,6.14814,12644,68959972,609
33100000,4340410,26708964,6.15356,12658,69197138,610
33150000,4341634,26739614,6.15888,12676,69441895,610
33200000,4342878,26770371,6.1642,12692,69671300,608
33250000,4344113,26800933,6.16948,12699,69905310,590
33300000,4345348,26831527,6.17477,12713,70145652,615
33350000,4346598,26862042,6.18002,12727,70385779,604
33400000,4347794,26892564,6.18534,12737,70620807,618
33450000,4349016,26922974,6.19059,12744,70857093,598
33500000,4350222,26953512,6.19589,12763,71093354,570
33550000,4351463,26984156,6.201169999999999,12780,71338586,663
33600000,4352643,27014752,6.206519999999999,12790,71579864,596
33650000,4353802,27045200,6.21186,12809,71821687,589
33700000,4355008,27075696,6.2171400000000006,12822,72064195,609
33750000,4356208,27105938,6.22237,12836,72306163,597
33800000,4357370,27136250,6.22767,12852,72551284,600
33850000,4358571,27166616,6.23292,12862,72794979,638
33900000,4359791,27196860,6.23811,12873,73036116,594
33950000,4361039,27227047,6.24325,12896,73281074,635
34000000,4362305,27257101,6.24833,12915,73525831,611
34050000,4363484,27287279,6.25355,12928,73767307,588
34100000,4364712,27317536,6.25873,12942,74010112,567
34150000,4365914,27347687,6.26391,12958,74254438,606
34200000,4367075,27377774,6.2691300000000005,12972,74503606,619
34250000,4368270,27407939,6.2743199999999995,12983,74756816,595
34300000,4369460,27437965,6.27949,13002,75008939,590
34350000,4370636,27468087,6.28469,13014,75260745,600
34400000,4371826,27498164,6.28986,13022,75506345,562
34450000,4373028,27528124,6.294980000000001,13030,75757652,585
34500000,4374172,27557947,6.30015,13040,76006634,588
34550000,4375328,27587607,6.30527,13055,76256035,586
34600000,4376507,27617544,6.31041,13067,76501515,587
34650000,4377716,27647311,6.31546,13086,76745595,552
34700000,4378847,27677124,6.32064,13103,76990026,568
34750000,4379996,27706796,6.32576,13115,77232013,593
34800000,4381208,27736397,6.33076,13123,77475189,583
34850000,4382354,27766042,6.33587,13135,77723240,607
34900000,4383523,27795612,6.34093,13146,77973450,596
34950000,4384629,27825318,6.3461099999999995,13161,78226859,598
35000000,4385736,27854901,6.35125,13168,78471280,617
35050000,4386877,27884569,6.35636,13175,78714722,560
35100000,4388022,27914111,6.36143,13193,78965336,607
35150000,4389140,27943696,6.36655,13206,79219039,590
35200000,4390264,27973110,6.37162,13217,79466230,588
35250000,4391362,28002691,6.37677,13233,79712184,567
35300000,4392478,28032057,6.38183,13243,79960799,581
35350000,4393608,28061706,6.38694,13252,80211603,589
35400000,4394772,28090971,6.39191,13258,80461761,583
35450000,4395881,28120279,6.39696,13268,80711460,590
35500000,4397016,28149640,6.4019900000000005,13285,80965370,611
35550000,4398188,28178995,6.40696,13292,81215228,574
35600000,4399335,28208220,6.41193,13300,81466850,583
35650000,4400489,28237424,6.41688,13317,81715656,578
35700000,4401615,28266758,6.42191,13331,81972737,552
35750000,4402781,28295850,6.42681,13352,82223836,607
35800000,4403906,28324912,6.431769999999999,13375,82475573,573
35850000,4405021,28354074,6.43676,13400,82732640,593
35900000,4406131,28383119,6.441730000000001,13410,82992036,577
35950000,4407232,28412271,6.44674,13415,83242931,591
36000000,4408346,28441376,6.45171,13434,83505798,571
36050000,4409464,28470220,6.45662,13438,83757817,545
36100000,4410575,28499251,6.46157,13455,84017391,583
36150000,4411617,28527953,6.46655,13471,84277001,545
36200000,4412654,28556709,6.47155,13485,84532802,575
36250000,4413782,28585806,6.47649,13502,84789412,607
36300000,4414853,28614593,6.48144,13523,85048947,560
36350000,4415960,28643450,6.48635,13539,85311915,592
36400000,4416951,28672051,6.49137,13549,85566094,557
36450000,4417993,28700793,6.49634,13564,85822030,586
36500000,4419052,28729457,6.50127,13572,86079096,580
36550000,4420134,28758235,6.50619,13594,86336983,554
36600000,4421206,28786810,6.511080000000001,13604,86599840,571
36650000,4422283,28815284,6.51593,13624,86857237,567
36700000,4423368,28843753,6.52077,13634,87115083,548
36750000,4424463,28872391,6.5256300000000005,13656,87375971,588
36800000,4425580,28900936,6.53043,13670,87639192,579
36850000,4426596,28929455,6.5353699999999995,13688,87896727,570
36900000,4427662,28957985,6.54024,13702,88156671,562
36950000,4428747,28986422,6.545059999999999,13717,88414991,577
37000000,4429860,29014899,6.54985,13727,88678515,570
37050000,4430881,29043200,6.55472,13737,88942897,545
37100000,4431939,29071557,6.55956,13741,89199415,572
37150000,4432992,29100086,6.564430000000001,13753,89472352,567
37200000,4434066,29128592,6.5692699999999995,13772,89743884,555
37250000,4435104,29156779,6.574089999999999,13788,90003946,569
37300000,4436148,29185276,6.57897,13798,90264760,597
37350000,4437204,29213434,6.58375,13808,90529211,569
37400000,4438182,29241618,6.58865,13826,90790822,562
37450000,4439253,29270116,6.5934800000000005,13839,91057989,556
37500000,4440282,29298555,6.59835,13849,91325694,532
37550000,4441311,29326578,6.60314,13863,91586579,575
37600000,4442330,29354756,6.60796,13882,91850910,560
37650000,4443383,29382749,6.6127,13886,92109717,580
37700000,4444414,29410813,6.6174800000000005,13893,92367400,562
37750000,4445417,29438813,6.62228,13912,92631779,575
37800000,4446422,29466934,6.627110000000001,13926,92895340,563
37850000,4447448,29494842,6.6318600000000005,13939,93159131,533
37900000,4448572,29522864,6.636480000000001,13945,93424578,555
37950000,4449643,29550729,6.64115,13953,93691328,572
38000000,4450632,29578429,6.64589,13962,93951305,569
38050000,4451647,29606345,6.65065,13970,94209822,564
38100000,4452677,29634179,6.655360000000001,13984,94474098,552
38150000,4453726,29661994,6.6600399999999995,14001,94735111,544
38200000,4454792,29689688,6.6646600000000005,14013,95003111,544
38250000,4455779,29717381,6.6694,14024,95265095,530
38300000,4456726,29745050,6.674189999999999,14045,95526201,544
38350000,4457708,29772712,6.67893,14054,95798842,538
38400000,4458726,29800538,6.68364,14068,96061987,549
38450000,4459746,29827987,6.688269999999999,14087,96333678,572
38500000,4460750,29855483,6.6929300000000005,14102,96604401,530
38550000,4461687,29883151,6.6977199999999995,14109,96865173,567
38600000,4462678,29910599,6.702389999999999,14130,97129223,540
38650000,4463652,29938041,6.70707,14138,97393285,549
38700000,4464669,29965534,6.7117,14152,97663247,562
38750000,4465623,29993053,6.71643,14165,97935860,552
38800000,4466612,30020451,6.721080000000001,14173,98203603,550
38850000,4467649,30047930,6.72567,14185,98469463,553
38900000,4468614,30075414,6.73037,14193,98742964,563
38950000,4469575,30102695,6.73502,14217,99010462,534
39000000,4470538,30129922,6.739660000000001,14230,99278801,521
39050000,4471533,30157249,6.744280000000001,14242,99548670,556
39100000,4472561,30184300,6.7487699999999995,14257,99813099,550
39150000,4473536,30211291,6.75334,14274,100084798,530
39200000,4474499,30238313,6.7579199999999995,14279,100353453,533
39250000,4475449,30265414,6.7625399999999996,14292,100618576,570
39300000,4476447,30292572,6.7671,14309,100886509,559
39350000,4477372,30319758,6.771780000000001,14314,101154376,548
39400000,4478323,30346555,6.77632,14331,101427848,531
39450000,4479295,30373487,6.7808600000000006,14336,101700069,561
39500000,4480320,30400446,6.78533,14343,101971135,530
39550000,4481292,30427280,6.78985,14361,102238417,541
39600000,4482193,30454085,6.794460000000001,14370,102500558,551
39650000,4483121,30480985,6.79905,14385,102765099,546
39700000,4483976,30507619,6.8037,14394,103034122,528
39750000,4484927,30534414,6.80823,14410,103309501,554
39800000,4485861,30561298,6.812810000000001,14425,103589309,535
39850000,4486764,30588255,6.8174399999999995,14438,103867839,527
39900000,4487684,30615040,6.822010000000001,14456,104147502,562
39950000,4488568,30641889,6.82665,14464,104423097,544
40000000,4489516,30668536,6.83115,14476,104701939,534
40050000,4490421,30695092,6.83568,14491,104976958,544
40100000,4491326,30721598,6.840210000000001,14501,105241025,556
40150000,4492246,30748099,6.844710000000001,14517,105509451,520
40200000,4493111,30774656,6.8493,14529,105779970,529
40250000,4494052,30801291,6.853789999999999,14539,106053666,521
40300000,4494956,30827864,6.85832,14548,106328073,534
40350000,4495890,30854490,6.86282,14568,106616588,568
40400000,4496788,30880715,6.86728,14576,106889660,506
40450000,4497678,30907036,6.87178,14595,107157102,514
40500000,4498662,30933262,6.8761,14609,107430555,520
40550000,4499620,30959666,6.880510000000001,14621,107708524,516
40600000,4500514,30986008,6.884989999999999,14633,107987070,555
40650000,4501440,31012254,6.889410000000001,14642,108261427,521
40700000,4502369,31038303,6.89377,14651,108529655,509
40750000,4503263,31064506,6.898219999999999,14664,108807140,537
40800000,4504125,31090708,6.9027199999999995,14672,109085109,530
40850000,4504977,31117110,6.90727,14692,109366380,525
40900000,4505886,31143093,6.91165,14707,109641587,510
40950000,4506800,31169177,6.91603,14717,109914130,538
41000000,4507686,31195274,6.92046,14728,110184049,533
41050000,4508590,31221266,6.92484,14739,110462915,535
41100000,4509455,31247460,6.92932,14749,110741261,516
41150000,4510296,31273547,6.93381,14760,111030896,524
41200000,4511217,31299392,6.93813,14772,111304780,512
41250000,4512103,31325318,6.94251,14787,111577519,509
41300000,4513033,31351274,6.94683,14796,111864648,525
41350000,4513929,31377082,6.951169999999999,14807,112131460,539
41400000,4514774,31403060,6.95562,14817,112407523,520
41450000,4515662,31428860,6.959969999999999,14824,112686515,518
41500000,4516511,31454589,6.964360000000001,14836,112971065,514
41550000,4517415,31480437,6.96868,14849,113251306,518
41600000,4518322,31506281,6.973,14856,113531786,490
41650000,4519237,31532065,6.9773,14863,113806117,497
41700000,4520121,31557690,6.9816,14872,114088655,510
41750000,4520992,31583222,6.9859100000000005,14890,114363031,483
41800000,4521883,31608891,6.99021,14900,114637904,502
41850000,4522746,31634429,6.99452,14918,114918022,500
41900000,4523573,31659937,6.998880000000001,14928,115211134,534
41950000,4524417,31685435,7.00321,14939,115485961,503
42000000,4525256,31710890,7.00754,14947,115763655,520
42050000,4526133,31736358,7.0118,14958,116048735,509
42100000,4526956,31761996,7.016189999999999,14969,116339512,482
42150000,4527802,31787508,7.020519999999999,14978,116621324,508
42200000,4528671,31812781,7.02475,14994,116902448,516
42250000,4529548,31838122,7.028980000000001,15001,117176176,510
42300000,4530455,31863368,7.03315,15013,117445278,513
42350000,4531339,31888957,7.03742,15020,117730645,497
42400000,4532209,31914352,7.04168,15034,118011682,491
42450000,4533080,31939644,7.0459,15043,118293030,502
42500000,4533870,31964931,7.05025,15056,118575941,509
42550000,4534664,31990236,7.0546,15067,118861834,491
42600000,4535497,32015413,7.05885,15076,119148143,527
42650000,4536311,32040324,7.06308,15091,119423710,477
42700000,4537117,32065475,7.0673699999999995,15101,119699890,509
42750000,4537936,32090510,7.071610000000001,15110,119984803,501
42800000,4538787,32115366,7.075760000000001,15116,120264627,476
42850000,4539655,32140236,7.07989,15136,120538350,480
42900000,4540512,32165207,7.08405,15150,120821588,479
42950000,4541364,32190328,7.08825,15162,121111521,506
43000000,4542198,32215133,7.092410000000001,15180,121377913,493
43050000,4543028,32240275,7.09665,15195,121651710,513
43100000,4543845,32264954,7.1008,15209,121931368,483
43150000,4544678,32289827,7.10498,15220,122209975,500
43200000,4545507,32314581,7.10913,15232,122488657,507
43250000,4546319,32339478,7.11333,15240,122776974,469
43300000,4547143,32364277,7.1175,15248,123058487,479
43350000,4547994,32388911,7.121580000000001,15262,123338481,492
43400000,4548848,32413583,7.1256699999999995,15270,123618817,496
43450000,4549654,32438215,7.12982,15279,123899507,493
43500000,4550498,32462784,7.1339,15289,124179254,504
43550000,4551369,32487134,7.13788,15298,124457292,474
43600000,4552184,32511591,7.14198,15314,124746819,500
43650000,4552976,32536043,7.1461,15325,125037068,488
43700000,4553841,32560469,7.150110000000001,15342,125313322,487
43750000,4554629,32584791,7.154210000000001,15356,125600636,498
43800000,4555516,32609162,7.15817,15363,125874317,466
43850000,4556292,32633369,7.162260000000001,15376,126156343,467
43900000,4557147,32657665,7.16625,15392,126436165,496
43950000,4557956,32681914,7.1703,15403,126728386,484
44000000,4558782,32706264,7.174339999999999,15414,127012491,502
44050000,4559579,32730611,7.1784300000000005,15429,127300615,501
44100000,4560365,32754874,7.182510000000001,15441,127586000,513
44150000,4561218,32779180,7.1865,15450,127862405,471
44200000,4562012,32803423,7.1905600000000005,15474,128150415,507
44250000,4562762,32827657,7.19469,15491,128429221,476
44300000,4563539,32851837,7.198760000000001,15495,128713851,464
44350000,4564327,32876212,7.20286,15510,129002246,495
44400000,4565169,32900403,7.20683,15517,129292739,483
44450000,4565892,32924403,7.21095,15530,129580484,511
44500000,4566657,32948580,7.2150300000000005,15545,129868522,493
44550000,4567445,32972643,7.219060000000001,15556,130153969,480
44600000,4568195,32996724,7.223139999999999,15564,130444180,479
44650000,4568971,33020657,7.22715,15577,130725944,474
44700000,4569762,33044617,7.23115,15588,131015939,487
44750000,4570571,33068573,7.235110000000001,15595,131316480,505
44800000,4571342,33092391,7.2391,15605,131599756,490
44850000,4572116,33116102,7.243060000000001,15623,131893692,448
44900000,4572920,33139861,7.246980000000001,15634,132174293,489
44950000,4573710,33163590,7.25092,15642,132460523,479
45000000,4574451,33187252,7.254910000000001,15654,132741109,476
45050000,4575183,33210918,7.25893,15663,133036662,496
45100000,4575950,33234576,7.26288,15670,133328701,464
45150000,4576709,33258121,7.26682,15682,133617650,464
45200000,4577481,33281726,7.27075,15688,133910490,465
45250000,4578261,33305502,7.274710000000001,15700,134212794,482
45300000,4579027,33329072,7.278639999999999,15711,134501396,470
45350000,4579805,33352769,7.28257,15716,134793072,473
45400000,4580570,33376228,7.28648,15733,135077953,457
45450000,4581335,33399643,7.290369999999999,15740,135356944,479
45500000,4582075,33423130,7.29432,15758,135639609,451
45550000,4582806,33446439,7.29824,15764,135925380,476
45600000,4583581,33469697,7.30208,15771,136205601,451
45650000,4584344,33493078,7.305969999999999,15799,136502668,472
45700000,4585048,33516413,7.309939999999999,15820,136779645,440
45750000,4585794,33539799,7.31385,15828,137070397,465
45800000,4586559,33563044,7.3177,15842,137359645,477
45850000,4587260,33586289,7.3216399999999995,15853,137650162,460
45900000,4588002,33609550,7.3255300000000005,15873,137931075,469
45950000,4588745,33632779,7.32941,15883,138217404,461
46000000,4589484,33656004,7.333289999999999,15895,138505314,487
46050000,4590195,33679201,7.3372,15899,138796362,466
46100000,4590901,33702348,7.34112,15911,139081477,461
46150000,4591669,33725440,7.34492,15923,139362299,416
46200000,4592399,33748346,7.348739999999999,15934,139651688,445
46250000,4593111,33771309,7.3526,15940,139940451,430
46300000,4593829,33794244,7.356439999999999,15955,140227588,457
46350000,4594609,33817415,7.360239999999999,15965,140518234,451
46400000,4595342,33840220,7.3640300000000005,15983,140796440,432
46450000,4596066,33863186,7.36786,15988,141083174,458
46500000,4596807,33886006,7.371639999999999,15999,141373442,436
46550000,4597526,33909047,7.3755,16009,141664889,453
46600000,4598223,33931898,7.37935,16015,141944335,437
46650000,4598919,33954503,7.38315,16026,142223936,453
46700000,4599642,33977227,7.38693,16036,142516379,450
46750000,4600392,34000116,7.3907,16043,142798297,501
46800000,4601089,34022851,7.39452,16054,143089901,461
46850000,4601865,34045492,7.39819,16066,143363518,452
46900000,4602576,34068056,7.40195,16081,143646424,462
46950000,4603263,34090738,7.40578,16094,143937100,471
47000000,4604024,34113412,7.40948,16099,144228080,468
47050000,4604747,34136011,7.41322,16109,144513956,433
47100000,4605433,34158501,7.417000000000001,16132,144808396,470
47150000,4606130,34181109,7.420789999999999,16142,145089589,455
47200000,4606842,34203340,7.4244699999999995,16149,145370358,446
47250000,4607580,34225921,7.42818,16164,145655098,480
47300000,4608277,34248318,7.43191,16174,145940742,439
47350000,4608961,34270756,7.4356800000000005,16180,146237490,444
47400000,4609671,34293048,7.439369999999999,16194,146526244,439
47450000,4610322,34315365,7.443160000000001,16208,146816150,439
47500000,4611005,34337629,7.44689,16220,147094602,471
47550000,4611693,34359727,7.45057,16231,147366678,407
47600000,4612370,34382065,7.45432,16243,147647174,448
47650000,4613045,34404311,7.45805,16253,147932755,435
47700000,4613719,34426490,7.46177,16260,148210826,459
47750000,4614405,34448704,7.46547,16272,148498534,453
47800000,4615078,34470751,7.4691600000000005,16277,148786022,446
47850000,4615796,34492886,7.47279,16284,149073006,459
47900000,4616483,34515011,7.47647,16295,149360426,416
47950000,4617179,34537141,7.48014,16305,149647890,442
48000000,4617865,34559020,7.48377,16314,149931400,446
48050000,4618564,34580976,7.4873899999999995,16328,150213543,417
48100000,4619211,34602914,7.49109,16338,150503069,420
48150000,4619893,34624845,7.494730000000001,16348,150789568,442
48200000,4620527,34646684,7.49843,16362,151079575,440
48250000,4621190,34668549,7.50208,16367,151350674,437
48300000,4621847,34690316,7.505730000000001,16382,151641609,473
48350000,4622532,34712116,7.50933,16391,151947516,446
48400000,4623179,34733849,7.512980000000001,16405,152223797,425
48450000,4623838,34755626,7.51662,16415,152510387,451
48500000,4624484,34777141,7.52022,16433,152790933,446
48550000,4625127,34798780,7.52385,16436,153075038,442
48600000,4625816,34820430,7.527410000000001,16449,153352333,440
48650000,4626443,34842157,7.53109,16465,153645967,405
48700000,4627131,34863810,7.53465,16478,153935991,447
48750000,4627808,34885510,7.538239999999999,16487,154224536,429
48800000,4628504,34906909,7.54173,16487,154508539,464
48850000,4629184,34928557,7.54529,16505,154788372,396
48900000,4629830,34949844,7.548839999999999,16505,155075405,439
48950000,4630486,34971312,7.552410000000001,16515,155351286,423
49000000,4631126,34992726,7.5559899999999995,16525,155642989,411
49050000,4631802,35014096,7.5595,16534,155922362,425
49100000,4632445,35035551,7.56308,16545,156218736,453
49150000,4633066,35056812,7.56665,16558,156512210,430
49200000,4633688,35077974,7.57021,16567,156796520,442
49250000,4634352,35099196,7.5737,16576,157084397,410
49300000,4635012,35120386,7.577189999999999,16587,157369977,408
49350000,4635646,35141730,7.580760000000001,16594,157646338,428
49400000,4636323,35163111,7.58427,16603,157938893,424
49450000,4636985,35184399,7.58778,16620,158222891,432
49500000,4637610,35205488,7.5913,16630,158516120,442
49550000,4638253,35226587,7.5948,16634,158788333,444
49600000,4638925,35247802,7.598269999999999,16660,159068376,424
49650000,4639523,35268756,7.60181,16675,159355687,419
49700000,4640126,35289682,7.60533,16679,159648949,413
49750000,4640765,35310714,7.608810000000001,16692,159940862,414
49800000,4641404,35331780,7.6123,16700,160226476,404
49850000,4642007,35352672,7.615819999999999,16704,160514160,429
49900000,4642643,35373640,7.6192899999999995,16712,160793960,414
49950000,4643271,35394309,7.6227100000000005,16719,161066666,411
50000000,4643901,35414901,7.626110000000001,16735,161342275,405
50050000,4644558,35435654,7.6295,16745,161625856,435
50100000,4645186,35456463,7.63295,16756,161905984,397
50150000,4645785,35477120,7.636410000000001,16764,162190365,401
50200000,4646413,35497853,7.6398399999999995,16773,162471106,395
50250000,4646991,35518641,7.64336,16786,162754108,407
50300000,4647545,35539221,7.64688,16800,163028343,405
50350000,4648162,35559695,7.65027,16806,163309547,421
50400000,4648791,35580471,7.6537,16814,163600441,415
50450000,4649378,35601061,7.65717,16821,163890653,417
50500000,4649964,35621791,7.660660000000001,16826,164173037,431
50550000,4650549,35642248,7.66409,16841,164454734,416
50600000,4651136,35662711,7.66753,16849,164748962,396
50650000,4651749,35683104,7.6709,16861,165027450,410
50700000,4652338,35703528,7.67432,16871,165305808,373
50750000,4652919,35723765,7.67771,16881,165582897,404
50800000,4653515,35744134,7.6811,16893,165857550,407
50850000,4654120,35764692,7.68452,16908,166142444,401
50900000,4654699,35785193,7.68797,16921,166422528,394
50950000,4655358,35805609,7.691269999999999,16931,166710472,411
51000000,4655978,35826094,7.69464,16938,167000842,398
51050000,4656582,35846420,7.698010000000001,16938,167282414,404
51100000,4657201,35866589,7.70132,16943,167567422,411
51150000,4657784,35886823,7.7047,16958,167843402,400
51200000,4658402,35907110,7.70803,16973,168133500,423
51250000,4659000,35927339,7.71138,16985,168412340,364
51300000,4659645,35947482,7.714639999999999,16997,168699206,407
51350000,4660202,35967628,7.718039999999999,17012,168980829,395
51400000,4660814,35987663,7.72133,17030,169250692,422
51450000,4661410,36007618,7.72462,17039,169529734,393
51500000,4662032,36027578,7.727869999999999,17048,169823616,389
51550000,4662633,36047321,7.73111,17055,170103618,403
51600000,4663215,36067387,7.73445,17061,170388959,386
51650000,4663785,36087060,7.7377199999999995,17071,170671469,386
51700000,4664353,36106875,7.74103,17077,170951407,355
51750000,4664908,36126738,7.74436,17081,171229074,396
51800000,4665503,36146512,7.747610000000001,17088,171513820,383
51850000,4666084,36166206,7.75087,17100,171781897,416
51900000,4666666,36185833,7.754110000000001,17105,172062774,395
51950000,4667241,36205551,7.75738,17109,172347258,408
52000000,4667847,36225380,7.760619999999999,17122,172632961,409
52050000,4668420,36244997,7.76387,17133,172919255,404
52100000,4668957,36264630,7.767180000000001,17141,173196269,421
52150000,4669518,36284240,7.77045,17154,173488618,399
52200000,4670092,36303839,7.773689999999999,17162,173764652,389
52250000,4670632,36323346,7.7769699999999995,17172,174034789,409
52300000,4671197,36342822,7.780189999999999,17180,174310932,383
52350000,4671753,36362294,7.78344,17185,174587676,391
52400000,4672377,36381723,7.786560000000001,17197,174872986,384
52450000,4672965,36401278,7.78976,17209,175162159,403
52500000,4673538,36420438,7.792910000000001,17218,175434945,383
52550000,4674116,36439727,7.796069999999999,17228,175701784,382
52600000,4674668,36459088,7.799289999999999,17234,175986737,387
52650000,4675226,36478322,7.80247,17240,176254706,375
52700000,4675787,36497561,7.80565,17244,176539003,387
52750000,4676377,36516878,7.8088,17248,176816242,388
52800000,4676903,36535949,7.812,17256,177096641,387
52850000,4677421,36554979,7.8152,17268,177376854,369
52900000,4677927,36573976,7.81842,17272,177655965,382
52950000,4678480,36592957,7.82155,17284,177927800,366
53000000,4679019,36612309,7.8247800000000005,17294,178203057,418
53050000,4679587,36631474,7.82793,17301,178482373,360
53100000,4680161,36650321,7.831,17306,178762804,381
53150000,4680749,36669244,7.83405,17321,179042983,374
53200000,4681275,36688063,7.83719,17328,179327831,352
53250000,4681828,36707187,7.84035,17340,179609783,374
53300000,4682410,36726203,7.843439999999999,17348,179878697,400
53350000,4682957,36745083,7.84656,17360,180159448,404
53400000,4683484,36763953,7.8497,17369,180435219,389
53450000,4683993,36782782,7.852869999999999,17379,180716621,364
53500000,4684542,36801526,7.85595,17391,181002134,375
53550000,4685060,36820174,7.85906,17404,181280895,365
53600000,4685574,36839077,7.86223,17415,181556580,367
53650000,4686139,36857828,7.865289999999999,17426,181840943,368
53700000,4686713,36876438,7.868289999999999,17432,182106081,375
53750000,4687287,36895137,7.87132,17439,182381008,401
53800000,4687836,36913732,7.87437,17449,182660280,366
53850000,4688344,36932476,7.877510000000001,17457,182930186,378
53900000,4688849,36951038,7.8806199999999995,17461,183205568,369
53950000,4689388,36969419,7.88363,17471,183480749,381
54000000,4689894,36987770,7.8867,17484,183757169,357
54050000,4690427,37006135,7.88972,17490,184026288,394
54100000,4690971,37024580,7.89273,17490,184297277,368
54150000,4691471,37042847,7.895789999999999,17509,184568994,365
54200000,4692016,37061183,7.89878,17520,184851820,368
54250000,4692558,37079626,7.901789999999999,17527,185121595,383
54300000,4693126,37098020,7.9047600000000005,17531,185391330,356
54350000,4693660,37116325,7.907760000000001,17538,185675928,366
54400000,4694197,37134480,7.9107199999999995,17545,185945807,372
54450000,4694728,37152645,7.913689999999999,17557,186210711,363
54500000,4695251,37170701,7.91666,17568,186489345,351
54550000,4695808,37189060,7.919630000000001,17572,186758642,373
54600000,4696318,37207111,7.922610000000001,17578,187039346,340
54650000,4696799,37225217,7.925660000000001,17589,187302760,371
54700000,4697248,37243213,7.928730000000001,17599,187571204,374
54750000,4697757,37261184,7.9317,17610,187843310,347
54800000,4698272,37279247,7.93467,17623,188126768,360
54850000,4698761,37297183,7.93766,17631,188391593,336
54900000,4699249,37315015,7.9406300000000005,17636,188661752,352
54950000,4699714,37333041,7.9436800000000005,17642,188940928,353
55000000,4700267,37350894,7.94655,17647,189213881,370
55050000,4700778,37368629,7.94946,17651,189484284,352
55100000,4701338,37386502,7.952310000000001,17657,189747667,370
55150000,4701847,37404501,7.95528,17667,190022690,317
55200000,4702343,37422294,7.95822,17675,190290760,360
55250000,4702813,37440017,7.9612,17684,190566142,379
55300000,4703312,37457766,7.96413,17692,190829596,341
55350000,4703826,37475329,7.966989999999999,17697,191093494,332
55400000,4704332,37492945,7.96988,17710,191358431,322
55450000,4704836,37510783,7.972810000000001,17720,191625015,334
55500000,4705348,37528449,7.9757,17726,191904367,360
55550000,4705880,37546065,7.97854,17731,192175003,355
55600000,4706397,37563709,7.98142,17740,192451381,353
55650000,4706891,37581440,7.9843399999999995,17748,192727493,365
55700000,4707425,37599120,7.987189999999999,17760,192993718,342
55750000,4707909,37616350,7.99003,17775,193251289,352
55800000,4708401,37633834,7.99291,17786,193504306,346
55850000,4708869,37651278,7.99582,17795,193788835,332
55900000,4709362,37668566,7.998660000000001,17805,194052141,329
55950000,4709883,37686038,8.00148,17812,194321298,340
56000000,4710415,37703576,8.0043,17824,194599688,333
56050000,4710887,37720970,8.00719,17833,194879907,335
56100000,4711389,37738196,8.00999,17841,195142448,348
56150000,4711844,37755352,8.01286,17850,195415823,353
56200000,4712326,37772732,8.01573,17857,195691024,349
56250000,4712834,37790035,8.01854,17864,195958553,337
56300000,4713301,37807331,8.021410000000001,17873,196237109,350
56350000,4713769,37824512,8.02426,17881,196503042,335
56400000,4714261,37841703,8.02707,17881,196772252,328
56450000,4714772,37858655,8.0298,17890,197025052,340
56500000,4715242,37875746,8.03262,17900,197291326,345
56550000,4715729,37892906,8.03543,17910,197550403,351
56600000,4716216,37909810,8.03818,17924,197813008,330
56650000,4716682,37926794,8.040989999999999,17924,198082631,344
56700000,4717149,37943701,8.04378,17945,198348792,348
56750000,4717605,37960627,8.04659,17953,198622150,342
56800000,4718077,37977590,8.049380000000001,17961,198889582,332
56850000,4718561,37994484,8.05213,17972,199144666,361
56900000,4719048,38011384,8.05488,17983,199405014,351
56950000,4719533,38028064,8.05759,17987,199666709,338
57000000,4719990,38044775,8.06035,17997,199931094,359
57050000,4720465,38061449,8.06307,18002,200200190,343
57100000,4720913,38077980,8.06581,18012,200462891,304
57150000,4721395,38094726,8.06853,18028,200724400,333
57200000,4721872,38111396,8.07125,18034,200990832,350
57250000,4722341,38128130,8.07399,18040,201243962,354
57300000,4722787,38144779,8.07675,18045,201510325,332
57350000,4723262,38161577,8.0795,18055,201781206,344
57400000,4723716,38178187,8.082239999999999,18061,202038812,350
57450000,4724143,38194923,8.08505,18071,202299196,325
57500000,4724598,38211351,8.08775,18085,202561499,341
57550000,4725079,38227904,8.09043,18092,202833733,346
57600000,4725545,38244385,8.093119999999999,18102,203099677,350
57650000,4726010,38260644,8.09576,18106,203352856,306
57700000,4726441,38277020,8.09849,18108,203616880,323
57750000,4726889,38293109,8.10112,18117,203877148,324
57800000,4727306,38309423,8.103860000000001,18117,204146336,330
57850000,4727781,38325631,8.10647,18123,204404235,321
57900000,4728229,38341797,8.109119999999999,18131,204660970,306
57950000,4728638,38357792,8.11181,18140,204934628,299
58000000,4729057,38373864,8.11449,18148,205201507,328
58050000,4729502,38389962,8.11713,18152,205448347,313
58100000,4729917,38405940,8.11979,18161,205705728,353
58150000,4730377,38422040,8.12241,18166,205965375,315
58200000,4730807,38438182,8.12508,18179,206216713,291
58250000,4731228,38454315,8.12777,18190,206473418,319
58300000,4731706,38470227,8.13031,18201,206728888,306
58350000,4732101,38486445,8.13306,18209,206993878,334
58400000,4732582,38502277,8.135580000000001,18214,207243948,325
58450000,4733021,38518082,8.138160000000001,18224,207499694,321
58500000,4733440,38533956,8.140789999999999,18240,207762484,306
58550000,4733884,38549687,8.14335,18253,208011274,315
58600000,4734350,38565629,8.14592,18261,208272790,317
58650000,4734775,38581469,8.148530000000001,18273,208535407,334
58700000,4735195,38597183,8.15113,18286,208802773,306
58750000,4735594,38612963,8.15377,18293,209053410,344
58800000,4736044,38628701,8.15632,18308,209308707,308
58850000,4736479,38644306,8.15887,18316,209562514,298
58900000,4736892,38660057,8.161480000000001,18328,209814043,296
58950000,4737335,38675500,8.16398,18332,210067816,307
59000000,4737775,38691036,8.1665,18337,210318729,328
59050000,4738209,38706491,8.16901,18343,210571691,327
59100000,4738650,38722046,8.17154,18353,210827850,333
59150000,4739104,38737551,8.17402,18361,211080262,342
59200000,4739536,38752993,8.17654,18372,211322640,289
59250000,4739929,38768440,8.17912,18380,211582532,313
59300000,4740380,38783686,8.181560000000001,18390,211826933,295
59350000,4740801,38799061,8.18407,18397,212085637,302
59400000,4741230,38814533,8.1866,18409,212328315,321
59450000,4741620,38829635,8.189110000000001,18415,212570360,304
59500000,4742047,38844893,8.19159,18426,212819435,299
59550000,4742469,38860084,8.19406,18432,213082208,284
59600000,4742921,38875392,8.19651,18435,213340496,335
59650000,4743339,38890461,8.198960000000001,18444,213581924,288
59700000,4743708,38905619,8.20152,18448,213830468,291
59750000,4744128,38920908,8.20402,18454,214068742,326
59800000,4744544,38936073,8.206489999999999,18459,214315508,307
59850000,4745005,38951164,8.20888,18466,214563463,296
59900000,4745415,38966005,8.2113,18469,214812330,335
59950000,4745811,38981081,8.21379,18473,215066341,315
60000000,4746202,38995934,8.216239999999999,18478,215314257,280
60050000,4746581,39010860,8.21873,18482,215553993,295
60100000,4746970,39025845,8.221210000000001,18487,215808407,299
60150000,4747396,39040901,8.22365,18491,216058779,290
60200000,4747786,39055799,8.22611,18500,216293978,285
60250000,4748194,39070658,8.228530000000001,18504,216541032,277
60300000,4748631,39085486,8.2309,18508,216778415,295
60350000,4749035,39100079,8.23327,18515,217020896,276
60400000,4749415,39114807,8.235710000000001,18520,217270781,298
60450000,4749800,39129577,8.23815,18531,217515311,291
60500000,4750163,39144316,8.24063,18542,217767198,292
60550000,4750536,39158942,8.24306,18550,218010776,270
60600000,4750912,39173546,8.24548,18560,218243832,265
60650000,4751301,39188090,8.247869999999999,18565,218482744,283
60700000,4751688,39202737,8.25028,18570,218740857,280
60750000,4752117,39217309,8.2526,18582,218984287,275
60800000,4752492,39231784,8.25499,18588,219236271,278
60850000,4752878,39246161,8.25735,18596,219475482,289
60900000,4753255,39260695,8.25975,18603,219712278,279
60950000,4753632,39275263,8.26216,18615,219958005,294
61000000,4754048,39289538,8.264439999999999,18624,220196581,278
61050000,4754420,39303926,8.26682,18625,220439478,283
61100000,4754803,39318344,8.26918,18634,220684428,293
61150000,4755203,39332648,8.2715,18637,220915914,299
61200000,4755613,39346834,8.273769999999999,18646,221156695,293
61250000,4756011,39360902,8.27603,18657,221386922,290
61300000,4756376,39375078,8.27838,18665,221622522,281
61350000,4756749,39389227,8.2807,18667,221851454,301
61400000,4757115,39403579,8.28308,18667,222102557,293
61450000,4757468,39417813,8.28546,18683,222352161,297
61500000,4757835,39431899,8.28778,18692,222590560,273
61550000,4758228,39445970,8.29005,18695,222830519,276
61600000,4758582,39460061,8.2924,18699,223061300,283
61650000,4758966,39474196,8.2947,18706,223307194,271
61700000,4759371,39488310,8.29696,18710,223544534,275
61750000,4759736,39502246,8.29925,18723,223787952,288
61800000,4760119,39516097,8.30149,18734,224030297,285
61850000,4760480,39530055,8.3038,18742,224269808,284
61900000,4760867,39543967,8.30604,18749,224510319,239
61950000,4761253,39557771,8.30827,18760,224738474,274
62000000,4761636,39571535,8.31049,18766,224973122,287
62050000,4761996,39585606,8.31282,18772,225210469,287
62100000,4762370,39599406,8.31506,18776,225448724,238
62150000,4762734,39613238,8.31733,18779,225687504,248
62200000,4763106,39626862,8.31954,18787,225910325,253
62250000,4763472,39640601,8.32179,18788,226141523,294
62300000,4763835,39654362,8.32404,18788,226368007,287
62350000,4764197,39667929,8.326260000000001,18797,226604481,275
62400000,4764582,39681668,8.32847,18801,226842962,279
62450000,4764974,39695310,8.33065,18812,227077133,270
62500000,4765371,39708866,8.3328,18817,227308879,290
62550000,4765765,39722519,8.33497,18817,227535576,282
62600000,4766138,39736033,8.33716,18830,227772091,271
62650000,4766469,39749539,8.33941,18832,228015900,289
62700000,4766814,39762890,8.341610000000001,18836,228250246,257
62750000,4767172,39776265,8.34379,18847,228471853,274
62800000,4767499,39789513,8.345989999999999,18853,228691501,232
62850000,4767849,39802833,8.34817,18858,228909853,273
62900000,4768184,39816214,8.350389999999999,18861,229157144,277
62950000,4768533,39829532,8.35258,18869,229398684,252
63000000,4768897,39842918,8.35474,18871,229636401,255
63050000,4769229,39856118,8.35693,18873,229858211,251
63100000,4769576,39869278,8.35908,18881,230089958,251
63150000,4769918,39882463,8.36125,18883,230315412,258
63200000,4770278,39895627,8.363380000000001,18896,230538682,273
63250000,4770637,39908785,8.3655,18896,230759425,269
63300000,4770948,39921722,8.36767,18904,230989892,261
63350000,4771351,39934814,8.369710000000001,18910,231215618,287
63400000,4771703,39947928,8.371839999999999,18910,231444792,260
63450000,4772029,39961014,8.37401,18918,231676299,283
63500000,4772393,39973915,8.37607,18918,231897799,276
63550000,4772748,39986726,8.37813,18929,232119106,280
63600000,4773079,39999684,8.38027,18937,232349969,253
63650000,4773374,40012542,8.382439999999999,18943,232575310,250
63700000,4773697,40025365,8.38456,18945,232798442,261
63750000,4774035,40038097,8.38664,18956,233024226,254
63800000,4774359,40050922,8.38875,18966,233247112,240
63850000,4774705,40063816,8.39085,18970,233481926,227
63900000,4775043,40076517,8.39291,18978,233701187,255
63950000,4775376,40089218,8.39499,18981,233927027,256
64000000,4775728,40102029,8.39705,18991,234157911,233
64050000,4776053,40114632,8.39912,18997,234384715,251
64100000,4776413,40127142,8.4011,19001,234593289,258
64150000,4776747,40139703,8.40315,19007,234807718,281
64200000,4777093,40152396,8.40519,19014,235025959,270
64250000,4777415,40164973,8.40726,19021,235248996,240
64300000,4777733,40177301,8.40928,19026,235447655,245
64350000,4778068,40189793,8.41131,19029,235671611,248
64400000,4778409,40202196,8.4133,19038,235899255,223
64450000,4778731,40214663,8.415339999999999,19044,236115322,243
64500000,4779070,40226981,8.41732,19049,236335836,256
64550000,4779396,40239300,8.41933,19055,236554625,254
64600000,4779729,40251623,8.42132,19062,236783706,236
64650000,4780070,40264013,8.42331,19067,237006046,228
64700000,4780416,40276441,8.4253,19075,237217626,259
64750000,4780714,40288691,8.42734,19083,237430792,227
64800000,4781043,40300951,8.42932,19084,237645626,220
64850000,4781370,40312992,8.43126,19084,237857854,247
64900000,4781718,40325478,8.43326,19094,238079865,257
64950000,4782034,40337606,8.43524,19097,238298851,236
65000000,4782351,40349638,8.4372,19097,238510016,262
65050000,4782679,40361766,8.43915,19109,238720624,261
65100000,4783006,40373908,8.44112,19116,238933844,227
65150000,4783340,40386033,8.443060000000001,19119,239146181,247
65200000,4783628,40397941,8.445039999999999,19123,239363060,233
65250000,4783954,40409898,8.44697,19133,239578812,241
65300000,4784289,40421824,8.44887,19133,239787164,245
65350000,4784590,40433787,8.45084,19142,240002626,256
65400000,4784897,40445607,8.452760000000001,19153,240215749,244
65450000,4785215,40457495,8.45469,19153,240425382,236
65500000,4785496,40469217,8.45664,19159,240639592,219
65550000,4785796,40481046,8.45858,19167,240859205,246
65600000,4786086,40492697,8.4605,19174,241071160,224
65650000,4786394,40504404,8.4624,19177,241282468,227
65700000,4786706,40516105,8.4643,19183,241495091,256
65750000,4787010,40527772,8.4662,19189,241704524,228
65800000,4787309,40539561,8.46813,19192,241912936,242
65850000,4787598,40551019,8.47001,19200,242120954,218
65900000,4787892,40562590,8.471910000000001,19204,242321762,228
65950000,4788214,40574045,8.47373,19210,242522682,231
66000000,4788522,40585309,8.475539999999999,19218,242725054,206
66050000,4788820,40596749,8.4774,19222,242929191,219
66100000,4789133,40608189,8.479239999999999,19230,243138565,227
66150000,4789439,40619594,8.48108,19231,243331897,242
66200000,4789763,40631154,8.48292,19235,243539737,220
66250000,4790030,40642519,8.48482,19244,243752662,217
66300000,4790319,40653724,8.48664,19255,243957402,227
66350000,4790622,40664906,8.488439999999999,19266,244162405,223
66400000,4790893,40676114,8.4903,19275,244378825,222
66450000,4791199,40687363,8.4921,19282,244590026,231
66500000,4791485,40698743,8.49397,19285,244786036,223
66550000,4791769,40710031,8.49583,19286,244984639,215
66600000,4792062,40721206,8.497639999999999,19291,245182214,237
66650000,4792363,40732327,8.499419999999999,19298,245379202,228
66700000,4792651,40743448,8.50123,19304,245575358,203
66750000,4792933,40754494,8.503039999999999,19310,245781866,236
66800000,4793221,40765513,8.50483,19316,245973924,216
66850000,4793524,40776504,8.50658,19323,246169194,220
66900000,4793811,40787464,8.50836,19323,246369132,218
66950000,4794117,40798424,8.5101,19329,246559292,207
67000000,4794415,40809270,8.51184,19336,246765255,209
67050000,4794706,40820209,8.5136,19340,246959512,233
67100000,4794969,40831111,8.515410000000001,19344,247161382,244
67150000,4795269,40841910,8.51713,19350,247358234,221
67200000,4795543,40852842,8.51892,19353,247561150,235
67250000,4795787,40863586,8.52073,19358,247752843,225
67300000,4796080,40874183,8.52241,19359,247949236,231
67350000,4796378,40884904,8.52412,19368,248148527,225
67400000,4796637,40895493,8.52587,19369,248335216,218
67450000,4796889,40906247,8.527660000000001,19376,248525381,215
67500000,4797173,40917044,8.52941,19378,248720935,194
67550000,4797442,40927534,8.53112,19381,248920165,224
67600000,4797713,40938148,8.53285,19382,249112987,187
67650000,4797969,40948610,8.53457,19390,249302874,207
67700000,4798255,40959164,8.53626,19390,249499919,198
67750000,4798524,40969573,8.53795,19396,249682890,201
67800000,4798787,40980163,8.53969,19400,249884164,224
67850000,4799085,40990502,8.541319999999999,19405,250074802,201
67900000,4799357,41000883,8.543,19411,250262277,198
67950000,4799632,41011083,8.54463,19421,250451298,204
68000000,4799896,41021418,8.54631,19428,250645290,220
68050000,4800146,41031633,8.548,19433,250827445,204
68100000,4800383,41041898,8.549710000000001,19438,251016690,187
68150000,4800653,41052196,8.55138,19438,251219263,190
68200000,4800930,41062492,8.55303,19438,251406229,204
68250000,4801213,41072614,8.55463,19444,251586193,205
68300000,4801485,41082694,8.55625,19444,251779302,196
68350000,4801753,41092738,8.55786,19449,251961328,176
68400000,4802020,41102865,8.55949,19452,252152885,202
68450000,4802300,41112912,8.56109,19457,252333261,193
68500000,4802545,41123007,8.56275,19457,252515075,204
68550000,4802807,41132926,8.56435,19464,252700654,195
68600000,4803065,41143047,8.566,19464,252890438,190
68650000,4803313,41153099,8.56765,19477,253075126,227
68700000,4803570,41162968,8.569239999999999,19485,253251585,189
68750000,4803830,41172891,8.57085,19490,253433459,204
68800000,4804102,41182806,8.57243,19491,253610037,186
68850000,4804372,41192672,8.574,19501,253794926,202
68900000,4804640,41202472,8.575560000000001,19504,253971103,207
68950000,4804890,41212289,8.577160000000001,19515,254146720,171
69000000,4805159,41222193,8.57874,19517,254324724,149
69050000,4805450,41232013,8.58026,19526,254508115,186
69100000,4805703,41241576,8.5818,19533,254685876,186
69150000,4805977,41251337,8.58334,19534,254866267,185
69200000,4806199,41260933,8.58494,19540,255043727,166
69250000,4806464,41270620,8.58648,19540,255216468,205
69300000,4806702,41280229,8.58806,19550,255392275,211
69350000,4806943,41289828,8.58962,19557,255571827,211
69400000,4807219,41299406,8.59112,19565,255746253,178
69450000,4807467,41309051,8.59269,19572,255919392,214
69500000,4807699,41318569,8.59425,19572,256099681,190
69550000,4807963,41327948,8.59573,19582,256272345,198
69600000,4808216,41337413,8.59725,19582,256443757,183
69650000,4808455,41346881,8.59879,19587,256623028,188
69700000,4808690,41356203,8.60031,19595,256793597,188
69750000,4808934,41365530,8.60181,19599,256974712,180
69800000,4809160,41374761,8.60332,19602,257147972,183
69850000,4809368,41383975,8.60487,19610,257319514,184
69900000,4809573,41393029,8.60638,19610,257484573,178
69950000,4809791,41402341,8.60793,19619,257668750,177
70000000,4810020,41411617,8.60945,19622,257839924,194
70050000,4810257,41420872,8.61095,19628,258013816,183
70100000,4810489,41429992,8.61243,19636,258183674,174
70150000,4810702,41439109,8.61394,19639,258354514,173
70200000,4810929,41448124,8.61541,19642,258519114,176
70250000,4811170,41457268,8.61688,19649,258687943,186
70300000,4811412,41466188,8.6183,19653,258854428,174
70350000,4811628,41475095,8.619760000000001,19660,259016410,166
70400000,4811841,41483983,8.62123,19662,259191289,169
70450000,4812089,41492930,8.622639999999999,19667,259353181,184
70500000,4812291,41501729,8.62411,19674,259523696,195
70550000,4812513,41510630,8.62556,19679,259693417,195
70600000,4812734,41519403,8.62699,19679,259858618,192
70650000,4812949,41528230,8.62844,19685,260025845,178
70700000,4813199,41537003,8.62981,19685,260199946,161
70750000,4813435,41545866,8.63123,19694,260374155,190
70800000,4813629,41554617,8.6327,19696,260540659,166
70850000,4813853,41563304,8.6341,19702,260701056,182
70900000,4814066,41571883,8.6355,19706,260866680,184
70950000,4814300,41580501,8.63687,19707,261030144,174
71000000,4814517,41589126,8.63828,19713,261192653,144
71050000,4814734,41597606,8.63965,19716,261349859,189
71100000,4814949,41606159,8.64104,19717,261510490,173
71150000,4815175,41614684,8.6424,19717,261672534,168
71200000,4815397,41623396,8.64381,19725,261831635,155
71250000,4815646,41631828,8.64512,19731,261996496,173
71300000,4815857,41640253,8.64649,19736,262151875,182
71350000,4816078,41648675,8.647839999999999,19738,262303825,180
71400000,4816291,41657033,8.649189999999999,19738,262455298,171
71450000,4816493,41665207,8.65053,19738,262614175,168
71500000,4816716,41673509,8.65185,19747,262764110,152
71550000,4816921,41681675,8.65318,19747,262915355,175
71600000,4817118,41689952,8.654539999999999,19759,263070774,162
71650000,4817311,41698091,8.65589,19768,263230049,156
71700000,4817516,41706356,8.65723,19777,263388495,177
71750000,4817722,41714367,8.65853,19782,263538806,163
71800000,4817945,41722620,8.659839999999999,19782,263694942,150
71850000,4818147,41730773,8.66117,19790,263846090,137
71900000,4818338,41738766,8.66248,19790,264000228,164
71950000,4818563,41746709,8.663730000000001,19799,264147589,172
72000000,4818754,41754792,8.66506,19799,264299681,168
72050000,4818947,41762661,8.66635,19808,264451194,176
72100000,4819147,41770632,8.667639999999999,19814,264602516,156
72150000,4819352,41778620,8.66893,19817,264751664,162
72200000,4819552,41786559,8.67022,19822,264908328,161
72250000,4819761,41794508,8.671489999999999,19825,265061842,150
72300000,4819969,41802414,8.67276,19830,265220210,138
72350000,4820174,41810316,8.67403,19841,265370505,181
72400000,4820352,41818215,8.67534,19849,265516732,161
72450000,4820543,41826082,8.676630000000001,19857,265674152,168
72500000,4820741,41833882,8.67789,19861,265817322,167
72550000,4820935,41841389,8.6791,19862,265960876,130
72600000,4821131,41849046,8.68034,19867,266102887,155
72650000,4821319,41856572,8.681560000000001,19874,266255868,150
72700000,4821521,41864190,8.682780000000001,19874,266399937,163
72750000,4821712,41871839,8.68402,19874,266549811,161
72800000,4821899,41879542,8.68528,19880,266695841,144
72850000,4822086,41887019,8.68649,19881,266841774,142
72900000,4822281,41894508,8.6877,19888,266984816,142
72950000,4822474,41901990,8.6889,19892,267130076,144
73000000,4822641,41909374,8.69013,19892,267259609,145
73050000,4822824,41916668,8.691310000000001,19896,267396968,164
73100000,4823024,41924098,8.69249,19902,267546834,150
73150000,4823242,41931462,8.69363,19905,267691078,162
73200000,4823415,41938776,8.69483,19909,267837238,148
73250000,4823595,41945965,8.696,19911,267976877,131
73300000,4823787,41953158,8.69714,19912,268117314,155
73350000,4823967,41960294,8.6983,19913,268258266,155
73400000,4824141,41967314,8.69944,19913,268386905,126
73450000,4824310,41974509,8.700619999999999,19913,268524097,146
73500000,4824511,41981696,8.70175,19913,268658250,157
73550000,4824695,41988771,8.70289,19922,268789834,142
73600000,4824892,41996033,8.704039999999999,19924,268919308,134
73650000,4825075,42003150,8.70518,19928,269057417,150
73700000,4825257,42010244,8.70632,19931,269185987,136
73750000,4825430,42017345,8.70748,19937,269322727,146
73800000,4825604,42024131,8.70857,19940,269455665,124
73850000,4825772,42031029,8.7097,19946,269600417,153
73900000,4825931,42037940,8.71085,19951,269740940,121
73950000,4826126,42044805,8.71192,19953,269868131,126
74000000,4826314,42051725,8.71301,19959,270010160,148
74050000,4826501,42058527,8.714080000000001,19962,270140324,148
74100000,4826663,42065274,8.71519,19962,270267812,148
74150000,4826838,42072121,8.716289999999999,19967,270398190,151
74200000,4827028,42078743,8.717319999999999,19967,270517183,127
74250000,4827187,42085336,8.7184,19967,270643571,111
74300000,4827384,42091954,8.71941,19967,270779685,126
74350000,4827539,42098692,8.72053,19976,270909906,148
74400000,4827714,42105267,8.72157,19980,271032020,140
74450000,4827849,42111797,8.72268,19984,271166584,137
74500000,4828012,42118282,8.72373,19987,271298225,123
74550000,4828207,42124887,8.72475,19987,271431538,134
74600000,4828386,42131292,8.72575,19993,271557662,124
74650000,4828563,42137755,8.72677,19996,271673027,126
74700000,4828734,42144283,8.72781,19999,271803767,128
74750000,4828876,42150691,8.72888,20003,271923806,136
74800000,4829044,42157131,8.72991,20010,272047952,132
74850000,4829207,42163487,8.73093,20013,272170762,131
74900000,4829351,42169752,8.73197,20015,272296405,116
74950000,4829506,42175958,8.73298,20020,272422250,133
75000000,4829674,42182286,8.73398,20023,272543923,126
75050000,4829839,42188461,8.734960000000001,20025,272660037,111
75100000,4829986,42194565,8.73596,20027,272784194,132
75150000,4830151,42200748,8.736939999999999,20028,272899893,115
75200000,4830306,42206928,8.73794,20028,273016249,111
75250000,4830491,42213054,8.73887,20033,273137611,100
75300000,4830641,42219139,8.73986,20037,273246566,115
75350000,4830808,42225251,8.74083,20039,273357167,104
75400000,4830956,42231335,8.74182,20043,273469399,124
75450000,4831089,42237251,8.7428,20046,273587222,104
75500000,4831236,42243252,8.743780000000001,20049,273706007,113
75550000,4831405,42249211,8.7447,20052,273820848,111
75600000,4831561,42255198,8.74566,20052,273939399,98
75650000,4831721,42261125,8.7466,20058,274047991,137
75700000,4831861,42266944,8.74755,20059,274151346,121
75750000,4832011,42272771,8.74848,20063,274261291,113
75800000,4832163,42278572,8.749410000000001,20069,274376106,101
75850000,4832289,42284402,8.75039,20073,274496358,117
75900000,4832424,42290100,8.75132,20073,274606755,124
75950000,4832565,42295869,8.75226,20076,274720502,124
76000000,4832721,42301622,8.753169999999999,20076,274835062,110
76050000,4832857,42307280,8.75409,20082,274941232,117
76100000,4832987,42312975,8.75504,20083,275054809,118
76150000,4833133,42318472,8.75591,20087,275159711,97
76200000,4833289,42324041,8.756780000000001,20088,275266353,101
76250000,4833436,42329567,8.757660000000001,20090,275374513,108
76300000,4833566,42335051,8.75855,20092,275482009,92
76350000,4833703,42340454,8.75942,20095,275588667,103
76400000,4833853,42345955,8.76029,20098,275696370,110
76450000,4833990,42351207,8.76113,20101,275800223,90
76500000,4834141,42356576,8.76197,20101,275909583,102
76550000,4834272,42361904,8.762830000000001,20103,276003364,106
76600000,4834436,42367205,8.763630000000001,20109,276108185,118
76650000,4834575,42372384,8.76445,20110,276210356,104
76700000,4834712,42377703,8.7653,20113,276319480,110
76750000,4834848,42382977,8.76614,20117,276430900,98
76800000,4834956,42388128,8.76701,20117,276539008,120
76850000,4835095,42393394,8.76785,20118,276646099,103
76900000,4835243,42398629,8.76867,20122,276747980,85
76950000,4835373,42403847,8.76951,20123,276859855,104
77000000,4835494,42408849,8.77032,20129,276956845,110
77050000,4835618,42413896,8.771139999999999,20131,277061482,92
77100000,4835765,42419026,8.771939999999999,20134,277159544,120
77150000,4835895,42424009,8.772730000000001,20139,277248928,99
77200000,4836009,42428856,8.773530000000001,20141,277349558,99
77250000,4836141,42433799,8.77431,20141,277442375,110
77300000,4836270,42438805,8.77511,20141,277539606,95
77350000,4836384,42443622,8.7759,20142,277638772,99
77400000,4836512,42448362,8.77665,20142,277728528,92
77450000,4836621,42453134,8.777439999999999,20149,277825051,101
77500000,4836756,42457891,8.77818,20149,277913732,104
77550000,4836860,42462553,8.77895,20151,278005652,91
77600000,4837003,42467421,8.7797,20151,278099931,116
77650000,4837129,42472199,8.78046,20151,278195598,95
77700000,4837229,42476984,8.781260000000001,20161,278285794,101
77750000,4837372,42481626,8.78196,20161,278371724,100
77800000,4837493,42486323,8.78272,20162,278462824,93
77850000,4837613,42490983,8.78346,20166,278564436,91
77900000,4837715,42495609,8.78423,20169,278658734,92
77950000,4837833,42500149,8.78496,20169,278742779,112
78000000,4837945,42504690,8.785689999999999,20169,278829275,85
78050000,4838057,42509196,8.78642,20174,278917747,100
78100000,4838172,42513645,8.78713,20174,279007727,85
78150000,4838269,42518109,8.78788,20176,279103514,80
78200000,4838384,42522458,8.78857,20176,279193339,82
78250000,4838476,42526853,8.78931,20176,279284039,88
78300000,4838592,42531106,8.78998,20176,279369513,88
78350000,4838705,42535531,8.79068,20176,279455757,92
78400000,4838814,42539817,8.79137,20181,279543523,86
78450000,4838892,42543971,8.79209,20183,279625081,86
78500000,4838997,42548260,8.79278,20184,279707225,83
78550000,4839106,42552517,8.79347,20186,279792459,100
78600000,4839202,42556779,8.79417,20188,279877034,72
78650000,4839319,42560925,8.79482,20191,279961176,94
78700000,4839426,42564977,8.79546,20191,280039251,76
78750000,4839522,42568964,8.79611,20194,280120835,79
78800000,4839639,42573014,8.79673,20194,280197591,84
78850000,4839725,42576976,8.7974,20199,280273596,72
78900000,4839819,42580999,8.798060000000001,20199,280352313,78
78950000,4839930,42584987,8.798680000000001,20201,280425256,89
79000000,4840031,42588862,8.7993,20205,280497575,76
79050000,4840141,42592772,8.7999,20208,280568446,83
79100000,4840248,42596574,8.80049,20208,280643399,76
79150000,4840355,42600390,8.80109,20210,280720403,70
79200000,4840454,42604142,8.801680000000001,20211,280797720,74
79250000,4840538,42607897,8.80231,20214,280875943,67
79300000,4840640,42611646,8.8029,20216,280953378,79
79350000,4840734,42615389,8.8035,20221,281028140,74
79400000,4840817,42619061,8.8041,20223,281102907,67
79450000,4840905,42622686,8.804689999999999,20223,281170508,62
79500000,4841008,42626264,8.80525,20225,281243533,82
79550000,4841101,42629756,8.8058,20225,281308285,60
79600000,4841198,42633358,8.80637,20225,281382272,87
79650000,4841280,42636910,8.80695,20225,281450774,78
79700000,4841370,42640437,8.80751,20230,281520178,68
79750000,4841463,42643859,8.80805,20235,281591540,83
79800000,4841543,42647329,8.80862,20235,281661642,87
79850000,4841610,42650734,8.8092,20240,281724096,64
79900000,4841706,42654122,8.80973,20240,281790593,90
79950000,4841798,42657559,8.81027,20242,281855685,66
80000000,4841873,42660798,8.8108,20242,281921939,66
80050000,4841941,42664146,8.81137,20242,281983634,55
80100000,4842034,42667441,8.81188,20242,282051418,71
80150000,4842110,42670681,8.81241,20242,282115317,62
80200000,4842204,42674008,8.81293,20242,282180202,61
80250000,4842283,42677189,8.81344,20251,282243925,71
80300000,4842370,42680281,8.81392,20252,282301405,59
80350000,4842464,42683377,8.81439,20252,282366523,68
80400000,4842538,42686449,8.81489,20256,282425838,46
80450000,4842612,42689566,8.8154,20261,282483927,66
80500000,4842688,42692611,8.81589,20261,282541976,66
80550000,4842771,42695660,8.81637,20261,282610428,55
80600000,4842849,42698598,8.81683,20261,282669263,49
80650000,4842929,42701610,8.81731,20261,282731138,50
80700000,4842990,42704564,8.81781,20261,282789727,71
80750000,4843056,42707500,8.8183,20267,282850606,54
80800000,4843136,42710408,8.81875,20267,282906866,63
80850000,4843206,42713239,8.81921,20268,282958283,54
80900000,4843269,42716042,8.81967,20270,283011551,48
80950000,4843336,42718891,8.820139999999999,20272,283067813,62
81000000,4843414,42721735,8.82058,20273,283123226,52
81050000,4843482,42724445,8.821019999999999,20275,283176913,50
81100000,4843559,42727139,8.82143,20275,283228992,53
81150000,4843633,42729788,8.82185,20275,283287116,54
81200000,4843694,42732439,8.822280000000001,20278,283337629,55
81250000,4843760,42735056,8.8227,20279,283397860,39
81300000,4843842,42737704,8.8231,20279,283447876,55
81350000,4843902,42740301,8.82353,20279,283498085,73
81400000,4843976,42742860,8.82392,20279,283546818,54
81450000,4844047,42745429,8.82432,20279,283595036,46
81500000,4844106,42747934,8.82473,20285,283648420,55
81550000,4844149,42750424,8.82517,20285,283698756,57
81600000,4844225,42752844,8.82553,20285,283746832,47
81650000,4844281,42755226,8.82592,20288,283797618,42
81700000,4844325,42757568,8.826319999999999,20290,283845920,50
81750000,4844383,42759922,8.8267,20290,283896470,54
81800000,4844449,42762183,8.82705,20290,283940968,44
81850000,4844495,42764382,8.82742,20293,283984199,42
81900000,4844549,42766594,8.82778,20296,284026566,38
81950000,4844599,42768798,8.82814,20296,284072558,36
82000000,4844665,42770949,8.82846,20296,284114888,36
82050000,4844708,42773147,8.82884,20296,284159826,34
82100000,4844753,42775309,8.8292,20298,284204609,52
82150000,4844812,42777460,8.82954,20299,284246417,32
82200000,4844856,42779513,8.829880000000001,20301,284285689,49
82250000,4844903,42781568,8.830219999999999,20301,284329904,47
82300000,4844958,42783647,8.83055,20303,284371162,49
82350000,4845001,42785655,8.83089,20303,284410109,29
82400000,4845043,42787626,8.83122,20303,284448576,61
82450000,4845085,42789535,8.83153,20306,284490001,42
82500000,4845138,42791443,8.83183,20306,284530111,37
82550000,4845187,42793269,8.83212,20306,284567106,27
82600000,4845243,42795063,8.83239,20306,284603123,32
82650000,4845287,42796797,8.83267,20309,284639939,26
82700000,4845331,42798586,8.83295,20311,284675246,41
82750000,4845369,42800297,8.83324,20313,284704387,42
82800000,4845404,42802010,8.83353,20313,284742336,31
82850000,4845448,42803671,8.833789999999999,20313,284778813,36
82900000,4845485,42805315,8.834060000000001,20314,284814817,29
82950000,4845529,42806928,8.83431,20316,284841838,31
83000000,4845579,42808601,8.83457,20316,284872551,43
83050000,4845615,42810164,8.83483,20316,284903167,34
83100000,4845651,42811635,8.83506,20316,284932264,34
83150000,4845684,42813109,8.83531,20316,284961537,31
83200000,4845718,42814641,8.835560000000001,20316,284989945,32
83250000,4845741,42816090,8.83582,20316,285018950,32
83300000,4845776,42817570,8.83606,20316,285046331,36
83350000,4845808,42818950,8.83629,20316,285071234,26
83400000,4845839,42820276,8.8365,20322,285095426,34
83450000,4845868,42821617,8.836730000000001,20322,285121823,23
83500000,4845904,42822950,8.83694,20322,285149069,20
83550000,4845930,42824207,8.83715,20322,285174473,35
83600000,4845966,42825400,8.83733,20322,285198475,32
83650000,4845987,42826629,8.83755,20322,285226038,18
83700000,4846020,42827865,8.83774,20322,285250648,24
83750000,4846047,42828999,8.83792,20322,285272645,19
83800000,4846063,42830074,8.83812,20322,285293192,13
83850000,4846099,42831226,8.838289999999999,20325,285315525,28
83900000,4846122,42832331,8.83848,20325,285336909,22
83950000,4846149,42833367,8.83864,20325,285363069,16
84000000,4846179,42834441,8.83881,20325,285384565,21
84050000,4846205,42835415,8.83896,20325,285404747,20
84100000,4846222,42836385,8.83913,20325,285426488,14
84150000,4846242,42837251,8.839269999999999,20325,285445988,16
84200000,4846259,42838120,8.83942,20325,285462767,16
84250000,4846292,42838983,8.83954,20325,285480213,23
84300000,4846318,42839829,8.83967,20328,285500258,19
84350000,4846334,42840653,8.83981,20328,285515328,17
84400000,4846348,42841432,8.839939999999999,20330,285530821,16
84450000,4846363,42842159,8.840060000000001,20330,285544931,14
84500000,4846379,42842847,8.84018,20330,285559660,22
84550000,4846395,42843526,8.84029,20330,285576222,9
84600000,4846413,42844185,8.84039,20330,285589280,11
84650000,4846427,42844802,8.840489999999999,20330,285601379,15
84700000,4846442,42845348,8.840580000000001,20332,285612401,14
84750000,4846462,42845981,8.84067,20332,285624172,9
84800000,4846477,42846519,8.840760000000001,20332,285635363,10
84850000,4846488,42847032,8.84084,20332,285644390,16
84900000,4846503,42847514,8.840910000000001,20332,285652869,11
84950000,4846514,42848004,8.84099,20332,285662875,12
85000000,4846527,42848436,8.84106,20332,285671563,7
85050000,4846540,42848829,8.84112,20332,285678899,11
85100000,4846551,42849175,8.84117,20332,285687176,8
85150000,4846562,42849475,8.84121,20332,285693574,5
85200000,4846566,42849792,8.84127,20332,285699213,5
85250000,4846569,42850084,8.84132,20332,285705435,6
85300000,4846584,42850337,8.84135,20332,285711820,3
85350000,4846590,42850553,8.841380000000001,20332,285716374,3
85400000,4846596,42850746,8.84141,20332,285720948,1
85450000,4846598,42850894,8.841439999999999,20332,285724326,3
85500000,4846602,42851007,8.84145,20332,285726476,4
85550000,4846608,42851113,8.841460000000001,20332,285728535,2
85600000,4846609,42851182,8.84148,20332,285729197,1
85650000,4846609,42851221,8.84149,20332,285729507,1
85700000,4846609,42851237,8.84149,20332,285730264,0
