timestep,num_nodes,num_edges,average_degree,max_degree,num_triangles,new_edges
0,1951,1000,0.512558,3,0,1000
50000,93091,50982,0.547658,28,1,1000
100000,174783,100932,0.5774699999999999,48,11,998
150000,250006,150856,0.60341,66,38,997
200000,319979,200756,0.627404,87,60,1000
250000,385453,250622,0.650201,110,89,998
300000,447224,300425,0.671755,130,130,997
350000,505522,350232,0.692813,158,198,997
400000,560940,400009,0.713105,191,299,999
450000,613460,449745,0.733128,212,411,996
500000,663946,499452,0.7522479999999999,232,560,992
550000,712437,549159,0.770818,252,725,993
600000,758904,598820,0.7890590000000001,276,951,994
650000,803964,648468,0.806588,295,1162,995
700000,847029,698085,0.8241569999999999,316,1428,985
750000,888895,747641,0.84109,341,1740,990
800000,929131,797166,0.8579690000000001,370,2098,988
850000,967642,846673,0.874986,396,2513,985
900000,1004824,896167,0.891865,405,2965,991
950000,1041252,945638,0.9081739999999999,440,3474,990
1000000,1076733,995048,0.9241360000000001,471,3994,986
1050000,1110649,1044422,0.940371,479,4588,985
1100000,1143793,1093787,0.9562809999999999,512,5252,989
1150000,1176613,1143144,0.971555,536,5994,986
1200000,1208536,1192440,0.9866809999999999,558,6726,982
1250000,1238977,1241779,1.00226,591,7599,987
1300000,1269167,1291034,1.0172299999999999,611,8485,983
1350000,1298473,1340200,1.03214,640,9463,983
1400000,1326997,1389412,1.04703,668,10559,980
1450000,1355043,1438622,1.06168,692,11681,986
1500000,1382315,1487776,1.07629,707,12963,980
1550000,1409010,1536926,1.0907799999999999,735,14215,985
1600000,1435271,1586008,1.1050200000000001,759,15611,982
1650000,1460582,1635021,1.11943,788,17183,978
1700000,1485478,1684039,1.1336700000000002,810,18705,980
1750000,1509757,1733031,1.1478899999999999,831,20346,979
1800000,1533489,1781941,1.16202,859,22072,984
1850000,1556792,1830906,1.17608,889,23771,983
1900000,1579959,1879804,1.1897799999999998,904,25604,984
1950000,1602287,1928677,1.2037,921,27619,967
2000000,1624330,1977528,1.2174399999999999,946,29756,982
2050000,1645990,2026389,1.23111,960,31947,971
2100000,1667298,2075159,1.24462,1000,34267,975
2150000,1688185,2123883,1.25809,1022,36745,970
2200000,1708671,2172611,1.27152,1051,39236,970
2250000,1728806,2221403,1.28493,1076,41895,975
2300000,1748768,2270052,1.29809,1103,44643,956
2350000,1768282,2318717,1.31128,1122,47503,967
2400000,1787487,2367289,1.32437,1148,50582,967
2450000,1806436,2415841,1.33735,1174,53768,967
2500000,1825258,2464341,1.3501299999999998,1198,57048,981
2550000,1843568,2512849,1.36304,1211,60310,974
2600000,1861362,2561329,1.37605,1237,63799,969
2650000,1879040,2609801,1.3889,1250,67417,970
2700000,1896461,2658235,1.40168,1283,71372,970
2750000,1913703,2706622,1.41434,1308,75049,955
2800000,1930539,2754933,1.42703,1333,79157,968
2850000,1947360,2803239,1.43951,1353,83340,976
2900000,1963819,2851579,1.4520600000000001,1384,87657,960
2950000,1979889,2899862,1.46466,1403,92137,976
3000000,1996176,2948142,1.47689,1420,96697,974
3050000,2011871,2996357,1.4893399999999999,1446,101446,963
3100000,2027287,3044584,1.5018,1475,106480,972
3150000,2042759,3092778,1.5140200000000001,1497,111648,960
3200000,2057727,3140961,1.52642,1529,116892,974
3250000,2072449,3189110,1.53881,1549,122268,960
3300000,2087193,3237230,1.551,1570,127875,958
3350000,2101633,3285311,1.56322,1594,133616,972
3400000,2116014,3333337,1.5752899999999999,1620,139424,954
3450000,2130221,3381203,1.58725,1640,145431,948
3500000,2144153,3429189,1.59932,1654,151604,966
3550000,2157959,3477108,1.61129,1683,158086,963
3600000,2171513,3525060,1.62332,1707,164577,967
3650000,2185084,3572977,1.63517,1734,171356,955
3700000,2198575,3620884,1.6469200000000002,1756,178393,952
3750000,2211763,3668739,1.65874,1778,185128,962
3800000,2224835,3716564,1.6704900000000003,1799,192474,962
3850000,2237939,3764395,1.68208,1824,199922,951
3900000,2250611,3812131,1.69382,1856,207483,967
3950000,2263359,3859820,1.70535,1881,215208,954
4000000,2275946,3907621,1.71692,1900,223105,955
4050000,2288434,3955317,1.72839,1927,231322,949
4100000,2300576,4002940,1.73997,1961,239685,940
4150000,2312540,4050494,1.75153,1983,248432,958
4200000,2324499,4098116,1.7630099999999997,2016,256997,952
4250000,2336282,4145641,1.77446,2038,265945,951
4300000,2347977,4193117,1.78584,2063,275233,960
4350000,2359382,4240577,1.7973299999999999,2088,284265,956
4400000,2370894,4287985,1.8085900000000001,2111,293715,951
4450000,2382334,4335437,1.8198299999999998,2134,303292,949
4500000,2393538,4382819,1.8311,2153,313573,948
4550000,2404373,4430215,1.84257,2175,323576,949
4600000,2415335,4477521,1.85379,2198,333881,952
4650000,2426117,4524845,1.86506,2221,344299,951
4700000,2436710,4572144,1.8763599999999998,2248,354873,937
4750000,2447472,4619386,1.8874099999999998,2261,366215,956
4800000,2458061,4666582,1.89848,2289,377469,952
4850000,2468261,4713782,1.90976,2306,388909,942
4900000,2478687,4760898,1.9207299999999998,2322,400494,934
4950000,2489011,4807999,1.9316900000000001,2350,412267,941
5000000,2498991,4855080,1.94282,2365,424303,949
5050000,2509087,4902124,1.95375,2384,436476,942
5100000,2519077,4949159,1.9646700000000001,2400,448907,922
5150000,2528774,4996215,1.97575,2429,462278,928
5200000,2538447,5043263,1.98675,2453,475557,950
5250000,2548125,5090213,1.99763,2474,489101,947
5300000,2557852,5137107,2.00837,2499,502633,931
5350000,2567428,5184033,2.01915,2527,516471,937
5400000,2576835,5230926,2.02998,2547,530173,935
5450000,2586291,5277722,2.04065,2564,544152,932
5500000,2595320,5324519,2.05158,2589,558912,929
5550000,2604435,5371443,2.06242,2621,573969,925
5600000,2613400,5418119,2.07321,2638,588876,931
5650000,2622456,5464746,2.08383,2656,603781,928
5700000,2631388,5511414,2.09449,2681,618828,940
5750000,2640253,5558127,2.10515,2710,634368,937
5800000,2648949,5604648,2.1158,2736,650260,923
5850000,2657727,5651236,2.1263400000000003,2754,666685,939
5900000,2666615,5697785,2.13671,2781,683126,939
5950000,2675188,5744295,2.14725,2803,700180,937
6000000,2683714,5790779,2.15775,2831,717220,934
6050000,2692096,5837258,2.1682900000000003,2854,734580,932
6100000,2700581,5883746,2.1787,2871,752335,933
6150000,2708899,5930150,2.18914,2891,770148,928
6200000,2717309,5976520,2.19943,2914,788003,939
6250000,2725610,6022942,2.2097599999999997,2940,806171,927
6300000,2733938,6069298,2.21998,2954,825066,929
6350000,2742045,6115540,2.23028,2980,844077,911
6400000,2749974,6161794,2.24067,3006,863634,933
6450000,2757918,6208122,2.25102,3028,883059,919
6500000,2765772,6254322,2.26133,3045,902732,922
6550000,2773672,6300525,2.27155,3059,922601,931
6600000,2781420,6346721,2.28183,3085,943354,932
6650000,2789166,6392850,2.29203,3114,963852,922
6700000,2796949,6438971,2.30214,3142,984656,914
6750000,2804584,6485115,2.3123299999999998,3162,1006576,916
6800000,2812049,6531104,2.32254,3172,1028544,920
6850000,2819627,6577128,2.33262,3205,1050811,927
6900000,2827082,6623020,2.34271,3236,1072811,926
6950000,2834460,6668998,2.35283,3257,1095083,926
7000000,2841772,6714968,2.36295,3279,1117752,918
7050000,2849190,6760884,2.37291,3304,1140339,915
7100000,2856518,6806809,2.3829,3326,1163798,900
7150000,2863662,6852696,2.39298,3350,1187529,927
7200000,2870723,6898526,2.40306,3366,1211018,921
7250000,2877848,6944305,2.41302,3384,1235220,902
7300000,2884830,6990015,2.42302,3409,1260287,909
7350000,2891844,7035843,2.4330000000000003,3431,1284873,920
7400000,2898822,7081523,2.4429,3457,1309792,920
7450000,2905786,7127151,2.4527400000000004,3474,1335468,902
7500000,2912567,7172780,2.4627,3492,1360721,923
7550000,2919561,7218346,2.47241,3516,1386785,917
7600000,2926302,7263819,2.48225,3541,1413816,916
7650000,2932871,7309304,2.4922,3563,1440501,919
7700000,2939474,7354989,2.5021400000000003,3580,1467562,909
7750000,2946111,7400560,2.51198,3598,1494285,911
7800000,2952682,7446039,2.52179,3629,1522362,905
7850000,2959257,7491543,2.53156,3652,1550695,917
7900000,2965888,7536933,2.54121,3678,1578779,892
7950000,2972325,7582348,2.55098,3711,1607604,910
8000000,2978773,7627624,2.56066,3737,1636309,910
8050000,2985107,7672983,2.57042,3755,1665032,913
8100000,2991415,7718224,2.58012,3773,1695421,905
8150000,2997694,7763461,2.58981,3786,1724944,900
8200000,3004146,7808675,2.5993,3812,1754671,912
8250000,3010299,7853837,2.6089900000000004,3840,1786074,889
8300000,3016570,7899004,2.6185400000000003,3861,1817271,905
8350000,3022752,7944170,2.62812,3886,1848934,917
8400000,3028880,7989249,2.63769,3903,1881068,892
8450000,3034960,8034293,2.64725,3930,1911793,894
8500000,3040833,8079268,2.65693,3948,1944655,915
8550000,3046808,8124352,2.6665099999999997,3962,1977193,896
8600000,3052767,8169358,2.67605,3987,2010285,906
8650000,3058753,8214213,2.68548,4011,2044273,903
8700000,3064473,8259089,2.6951099999999997,4035,2078299,907
8750000,3070427,8303908,2.7044799999999998,4061,2111913,884
8800000,3076351,8348800,2.71386,4083,2146170,893
8850000,3082167,8393535,2.72326,4112,2180351,889
8900000,3087982,8438333,2.73264,4128,2215445,883
8950000,3093572,8483128,2.74218,4146,2250596,912
9000000,3099285,8527990,2.7516,4164,2286986,893
9050000,3104941,8572695,2.76098,4185,2322132,892
9100000,3110664,8617415,2.77028,4208,2358215,886
9150000,3116240,8662112,2.77967,4235,2394021,907
9200000,3121905,8706785,2.78893,4261,2430784,887
9250000,3127325,8751478,2.79839,4275,2468534,899
9300000,3132937,8796004,2.8075900000000003,4293,2506484,876
9350000,3138416,8840497,2.81687,4314,2544306,867
9400000,3143905,8885133,2.82615,4323,2581869,888
9450000,3149367,8929662,2.83538,4344,2620012,897
9500000,3154899,8974181,2.84452,4361,2658327,893
9550000,3160214,9018664,2.8538099999999997,4381,2699122,894
9600000,3165610,9063157,2.863,4394,2739531,894
9650000,3170855,9107517,2.87226,4420,2779058,892
9700000,3176229,9151782,2.8813400000000002,4444,2819005,886
9750000,3181487,9196102,2.8905,4459,2860414,884
9800000,3186815,9240299,2.89954,4476,2901649,882
9850000,3192027,9284640,2.9087,4498,2943424,881
9900000,3197187,9328789,2.91781,4520,2985546,889
9950000,3202390,9373149,2.92692,4538,3027069,881
10000000,3207593,9417331,2.93595,4556,3070154,886
10050000,3212526,9461500,2.94519,4584,3113605,880
10100000,3217646,9505627,2.9542200000000003,4594,3157283,881
10150000,3222657,9549791,2.96333,4606,3201252,881
10200000,3227703,9593914,2.97237,4628,3244978,860
10250000,3232679,9637995,2.98143,4663,3289302,885
10300000,3237652,9682045,2.99045,4679,3334096,895
10350000,3242543,9725997,2.9995,4700,3378860,884
10400000,3247493,9770022,3.00848,4714,3424566,878
10450000,3252408,9813765,3.0173799999999997,4731,3470005,875
10500000,3257243,9857683,3.02639,4753,3516662,873
10550000,3262086,9901553,3.03534,4786,3563599,881
10600000,3267064,9945481,3.0441599999999998,4804,3611585,881
10650000,3271717,9989226,3.05321,4826,3658777,873
10700000,3276448,10032951,3.0621400000000003,4844,3707834,869
10750000,3281074,10076636,3.07114,4870,3755854,857
10800000,3285902,10120384,3.07994,4895,3805034,867
10850000,3290543,10164105,3.08888,4903,3853485,877
10900000,3295157,10207676,3.0977799999999998,4919,3902743,883
10950000,3299898,10251315,3.10656,4936,3953591,884
11000000,3304444,10294731,3.11542,4958,4003507,877
11050000,3309074,10338359,3.12425,4977,4053827,887
11100000,3313602,10381894,3.13311,4995,4106699,849
11150000,3318152,10425449,3.14194,5016,4159214,897
11200000,3322833,10468976,3.15062,5034,4210793,866
11250000,3327293,10512345,3.15943,5057,4261559,876
11300000,3331865,10555638,3.1680900000000003,5080,4313843,871
11350000,3336296,10599159,3.17692,5091,4366929,869
11400000,3340840,10642494,3.1855700000000002,5113,4419803,855
11450000,3345350,10685775,3.19422,5140,4473255,878
11500000,3349750,10729072,3.20295,5157,4528707,852
11550000,3354199,10772237,3.21157,5175,4583413,857
11600000,3358598,10815464,3.22023,5198,4638978,865
11650000,3363056,10858717,3.2288200000000002,5223,4695210,881
11700000,3367300,10901847,3.2375599999999998,5237,4752373,872
11750000,3371557,10944910,3.24625,5260,4809261,860
11800000,3375755,10988109,3.25501,5268,4864863,870
11850000,3380102,11031219,3.26358,5290,4921638,878
11900000,3384317,11074279,3.27223,5306,4980400,846
11950000,3388586,11117353,3.28082,5329,5038010,854
12000000,3392695,11160328,3.2895199999999996,5348,5097954,859
12050000,3396888,11203205,3.29808,5373,5157455,859
12100000,3401061,11246197,3.3066699999999996,5380,5217793,860
12150000,3405145,11289060,3.31529,5408,5277566,853
12200000,3409344,11331817,3.32375,5433,5337091,834
12250000,3413497,11374640,3.33225,5443,5398890,860
12300000,3417482,11417679,3.34096,5472,5461084,869
12350000,3421467,11460333,3.34954,5490,5521275,851
12400000,3425535,11503114,3.35805,5507,5582928,861
12450000,3429623,11545812,3.3665,5525,5645668,858
12500000,3433678,11588415,3.3749300000000004,5541,5709486,851
12550000,3437664,11631146,3.3834400000000002,5552,5773134,843
12600000,3441792,11673738,3.3917599999999997,5573,5837019,859
12650000,3445684,11716365,3.4003,5593,5900350,853
12700000,3449565,11759089,3.40886,5615,5965711,848
12750000,3453434,11801678,3.4173699999999996,5635,6030926,860
12800000,3457338,11844315,3.42585,5651,6096276,854
12850000,3461266,11886735,3.43422,5672,6161486,846
12900000,3465055,11929246,3.4427300000000005,5694,6228460,852
12950000,3468863,11971746,3.4512,5719,6294718,857
13000000,3472683,12014235,3.4596400000000003,5739,6360782,848
13050000,3476509,12056572,3.46801,5749,6428465,845
13100000,3480339,12098820,3.4763300000000004,5777,6495297,849
13150000,3484174,12141181,3.4846699999999995,5796,6561783,844
13200000,3487841,12183438,3.49312,5807,6629888,848
13250000,3491566,12225792,3.5015199999999997,5834,6697688,868
13300000,3495418,12268066,3.50976,5849,6766938,833
13350000,3499118,12310132,3.51807,5862,6836363,837
13400000,3502808,12352244,3.52638,5879,6907151,849
13450000,3506536,12394414,3.5346599999999997,5900,6978442,855
13500000,3510271,12436725,3.54295,5926,7049199,824
13550000,3513881,12478773,3.55128,5945,7118544,844
13600000,3517506,12520685,3.55953,5973,7188866,858
13650000,3521107,12562802,3.56786,5998,7262485,817
13700000,3524848,12605026,3.57605,6012,7336002,852
13750000,3528510,12647192,3.58429,6035,7412203,849
13800000,3532130,12689153,3.59249,6056,7486523,831
13850000,3535755,12731058,3.60066,6083,7559678,829
13900000,3539420,12772920,3.6087599999999997,6106,7634558,814
13950000,3542956,12814806,3.6169800000000003,6124,7710171,849
14000000,3546434,12856571,3.62521,6148,7784902,835
14050000,3549904,12898313,3.63343,6164,7860204,831
14100000,3553425,12940117,3.6415900000000003,6184,7937038,827
14150000,3556868,12981703,3.6497599999999997,6210,8012210,845
14200000,3560384,13023366,3.65785,6233,8088642,817
14250000,3563880,13065087,3.6659699999999997,6264,8166955,834
14300000,3567294,13106771,3.67415,6274,8245323,795
14350000,3570857,13148274,3.6821099999999998,6298,8324852,844
14400000,3574249,13189809,3.69023,6319,8404722,827
14450000,3577744,13231363,3.69824,6339,8484557,838
14500000,3581167,13272999,3.7063300000000003,6353,8566242,830
14550000,3584583,13314675,3.71443,6377,8647875,864
14600000,3587969,13356232,3.7225,6395,8729569,835
14650000,3591330,13397785,3.7305900000000003,6412,8811685,833
14700000,3594734,13439181,3.7385699999999997,6434,8895439,834
14750000,3598075,13480661,3.74663,6450,8978879,832
14800000,3601316,13521859,3.7547,6464,9060701,833
14850000,3604659,13563260,3.7627,6479,9143954,845
14900000,3608020,13604435,3.77061,6504,9229719,810
14950000,3611346,13645867,3.77861,6532,9313927,814
15000000,3614646,13687099,3.7865699999999998,6555,9399208,812
15050000,3617902,13728177,3.79451,6574,9481286,814
15100000,3621250,13769230,3.80234,6598,9562700,822
15150000,3624561,13810389,3.8102199999999997,6618,9648886,818
15200000,3627811,13851524,3.81815,6639,9735799,805
15250000,3631017,13892570,3.82608,6658,9820057,833
15300000,3634161,13933592,3.83406,6679,9907264,809
15350000,3637384,13974746,3.8419800000000004,6700,9998178,813
15400000,3640537,14015633,3.84988,6714,10086977,843
15450000,3643656,14056680,3.85785,6736,10172224,847
15500000,3646768,14097717,3.8658099999999997,6754,10256456,810
15550000,3649933,14138505,3.8736300000000004,6778,10345145,807
15600000,3652952,14179364,3.88162,6797,10434805,814
15650000,3656103,14220267,3.8894599999999997,6809,10526318,807
15700000,3659294,14260960,3.89719,6830,10619383,799
15750000,3662385,14301758,3.90504,6841,10711827,816
15800000,3665492,14342596,3.91287,6853,10805753,824
15850000,3668670,14383452,3.9206199999999995,6875,10899039,822
15900000,3671649,14424139,3.92852,6895,10992810,818
15950000,3674664,14464700,3.9363300000000003,6919,11085008,818
16000000,3677807,14505256,3.944,6936,11179406,813
16050000,3680793,14545934,3.95185,6959,11273206,811
16100000,3683881,14586612,3.9595800000000003,6981,11365443,811
16150000,3686880,14627222,3.96737,6997,11459688,821
16200000,3689898,14667887,3.97515,7015,11554644,803
16250000,3692903,14708205,3.9828300000000003,7037,11648846,815
16300000,3695997,14748690,3.99045,7060,11747233,796
16350000,3698992,14789170,3.99816,7071,11842377,807
16400000,3701923,14829716,4.00595,7090,11941474,811
16450000,3704905,14870083,4.0136199999999995,7112,12038506,809
16500000,3707926,14910540,4.02126,7129,12134821,821
16550000,3710883,14950741,4.0288900000000005,7156,12233999,814
16600000,3713759,14991074,4.036630000000001,7180,12334743,816
16650000,3716729,15031470,4.04427,7200,12434021,790
16700000,3719671,15071797,4.05192,7219,12534963,795
16750000,3722546,15111847,4.05955,7232,12632967,821
16800000,3725384,15152005,4.06723,7254,12733898,790
16850000,3728214,15192228,4.07493,7269,12836684,811
16900000,3731113,15232300,4.08251,7291,12937168,797
16950000,3734013,15272622,4.09014,7311,13040655,808
17000000,3736877,15312641,4.09771,7330,13141703,785
17050000,3739744,15352683,4.1052800000000005,7351,13245053,788
17100000,3742600,15392633,4.11282,7374,13345248,792
17150000,3745412,15432642,4.12041,7388,13450127,798
17200000,3748145,15472536,4.12805,7400,13554886,826
17250000,3751053,15512600,4.13553,7421,13659855,781
17300000,3753788,15552596,4.14317,7438,13766595,800
17350000,3756645,15592519,4.15065,7454,13871653,815
17400000,3759405,15632530,4.15825,7465,13977128,822
17450000,3762186,15672318,4.16575,7474,14083451,783
17500000,3764914,15712164,4.17331,7500,14188767,793
17550000,3767670,15751863,4.1808,7519,14299208,788
17600000,3770515,15791508,4.18816,7541,14408313,814
17650000,3773156,15831190,4.19574,7559,14518700,772
17700000,3775947,15870917,4.20316,7581,14627110,793
17750000,3778689,15910467,4.21058,7603,14735574,823
17800000,3781414,15950055,4.21801,7621,14844521,787
17850000,3784164,15989709,4.22543,7642,14956479,799
17900000,3786828,16029409,4.23294,7656,15065868,792
17950000,3789534,16069062,4.24038,7674,15176077,794
18000000,3792354,16108607,4.24765,7689,15287428,801
18050000,3795014,16148039,4.25507,7711,15401771,810
18100000,3797699,16187547,4.26246,7729,15515329,783
18150000,3800416,16227009,4.2698,7753,15627502,787
18200000,3803158,16266404,4.277080000000001,7764,15742887,788
18250000,3805672,16305774,4.2846,7783,15858072,788
18300000,3808320,16345162,4.2919599999999996,7800,15971813,787
18350000,3810940,16384729,4.29939,7811,16086475,785
18400000,3813568,16424010,4.30673,7825,16200138,805
18450000,3816213,16463366,4.31406,7854,16317916,792
18500000,3818843,16502688,4.32138,7873,16433163,785
18550000,3821448,16541893,4.3287,7898,16550718,771
18600000,3824011,16581125,4.33606,7910,16669021,772
18650000,3826652,16620184,4.3432699999999995,7929,16786877,776
18700000,3829141,16659408,4.35069,7955,16904722,787
18750000,3831678,16698527,4.35802,7974,17021350,774
18800000,3834266,16737511,4.36525,8002,17137466,802
18850000,3836745,16776601,4.37261,8021,17258617,767
18900000,3839210,16815602,4.37996,8027,17379869,767
18950000,3841739,16854647,4.38724,8044,17498487,789
19000000,3844220,16893409,4.3945,8059,17618330,759
19050000,3846721,16932471,4.40179,8073,17740693,788
19100000,3849244,16971414,4.4090300000000004,8098,17862428,771
19150000,3851695,17010144,4.41627,8118,17986300,760
19200000,3854158,17048853,4.4235,8129,18106590,765
19250000,3856708,17087577,4.43061,8144,18230766,783
19300000,3859137,17126178,4.43783,8165,18359466,790
19350000,3861572,17164907,4.44506,8176,18488757,784
19400000,3864031,17203617,4.45225,8197,18615834,791
19450000,3866534,17242395,4.45939,8219,18740405,773
19500000,3868941,17281121,4.46663,8233,18863001,779
19550000,3871331,17319808,4.47386,8254,18988144,775
19600000,3873695,17358465,4.48111,8267,19116853,773
19650000,3876136,17397062,4.48825,8288,19243948,761
19700000,3878469,17435593,4.495480000000001,8310,19372906,756
19750000,3880796,17474068,4.5027,8330,19502452,757
19800000,3883187,17512558,4.5098400000000005,8357,19631947,763
19850000,3885624,17551017,4.51691,8374,19765343,771
19900000,3888068,17589329,4.52393,8393,19893059,755
19950000,3890517,17627916,4.531000000000001,8413,20025396,780
20000000,3892927,17666254,4.5380400000000005,8432,20159136,752
20050000,3895356,17704506,4.545030000000001,8442,20289416,777
20100000,3897665,17742775,4.55215,8463,20419373,749
20150000,3900005,17781094,4.55925,8476,20551560,763
20200000,3902354,17819374,4.56631,8500,20683071,775
20250000,3904729,17857623,4.57333,8522,20816201,769
20300000,3907134,17895785,4.58028,8546,20947010,770
20350000,3909511,17933997,4.587269999999999,8563,21082898,767
20400000,3911828,17972035,4.59428,8581,21217373,754
20450000,3914158,18010122,4.60128,8594,21348457,762
20500000,3916520,18048257,4.60824,8610,21485634,755
20550000,3918839,18086202,4.61519,8631,21620057,770
20600000,3921116,18124103,4.62218,8650,21754205,759
20650000,3923439,18161994,4.6291,8662,21886392,755
20700000,3925758,18200089,4.63607,8678,22025849,751
20750000,3928034,18237826,4.64299,8700,22163971,742
20800000,3930282,18275779,4.64999,8720,22303434,748
20850000,3932539,18313726,4.656969999999999,8741,22440910,764
20900000,3934764,18351644,4.6639800000000005,8762,22575414,764
20950000,3936979,18389355,4.67093,8778,22719056,763
21000000,3939147,18427095,4.67794,8789,22858985,764
21050000,3941391,18464838,4.68485,8805,22999491,775
21100000,3943641,18502534,4.69174,8826,23137302,740
21150000,3945883,18540013,4.69857,8842,23278262,758
21200000,3948065,18577760,4.70554,8855,23418986,752
21250000,3950244,18615291,4.71244,8870,23560909,746
21300000,3952445,18653035,4.71937,8882,23705295,719
21350000,3954577,18690583,4.726319999999999,8905,23846474,754
21400000,3956794,18727995,4.7331199999999995,8921,23992580,744
21450000,3958965,18765595,4.74003,8937,24137787,730
21500000,3961091,18803012,4.74693,8958,24285327,762
21550000,3963375,18840412,4.75363,8972,24432956,743
21600000,3965470,18877847,4.76056,8983,24574711,741
21650000,3967600,18915226,4.7674199999999995,9000,24718252,739
21700000,3969807,18952747,4.77422,9013,24864614,755
21750000,3971970,18990154,4.78104,9035,25009262,717
21800000,3974103,19027569,4.78789,9060,25153052,738
21850000,3976161,19064881,4.7948,9075,25300204,772
21900000,3978263,19101961,4.80158,9089,25446891,721
21950000,3980341,19139198,4.80843,9103,25590583,739
22000000,3982431,19176245,4.8152099999999995,9126,25735406,731
22050000,3984468,19213315,4.82205,9140,25888066,773
22100000,3986517,19250558,4.82892,9157,26035813,739
22150000,3988589,19287613,4.8357,9173,26186252,756
22200000,3990666,19324513,4.84243,9195,26339165,737
22250000,3992691,19361693,4.84928,9212,26493541,754
22300000,3994771,19398841,4.85606,9231,26643634,724
22350000,3996752,19435820,4.8629,9253,26799076,748
22400000,3998849,19472802,4.8696,9272,26956007,738
22450000,4000937,19509700,4.87628,9295,27108700,704
22500000,4002946,19546528,4.88304,9308,27260583,725
22550000,4004996,19583350,4.88973,9322,27413815,739
22600000,4007058,19620321,4.89644,9334,27570853,740
22650000,4009008,19657160,4.90325,9358,27723478,726
22700000,4011101,19694014,4.90988,9371,27876596,753
22750000,4013153,19730803,4.916530000000001,9389,28034727,734
22800000,4015186,19767407,4.92316,9412,28190739,733
22850000,4017233,19804067,4.92978,9424,28349828,742
22900000,4019243,19840711,4.9364300000000005,9436,28511727,741
22950000,4021274,19877381,4.94306,9450,28670316,704
23000000,4023206,19914091,4.94981,9463,28833319,741
23050000,4025198,19950558,4.95642,9476,28990437,727
23100000,4027177,19987210,4.963080000000001,9493,29152428,722
23150000,4029138,20023764,4.96974,9510,29308568,735
23200000,4031138,20060328,4.97634,9523,29467564,720
23250000,4033138,20096910,4.98295,9545,29625757,739
23300000,4035054,20133399,4.9896199999999995,9563,29788972,708
23350000,4037030,20169951,4.99624,9575,29952503,759
23400000,4039045,20206164,5.0027099999999995,9586,30114893,733
23450000,4041010,20242581,5.00929,9604,30275996,689
23500000,4042936,20278969,5.0159,9622,30439802,725
23550000,4044875,20315165,5.02245,9641,30602323,696
23600000,4046779,20351429,5.02904,9664,30763818,709
23650000,4048708,20387770,5.03562,9681,30928562,725
23700000,4050622,20424009,5.04219,9694,31099335,732
23750000,4052536,20460247,5.04875,9712,31262430,721
23800000,4054399,20496355,5.05534,9739,31430022,728
23850000,4056313,20532576,5.06188,9755,31593773,727
23900000,4058129,20568642,5.0685,9770,31757381,707
23950000,4059999,20604690,5.07505,9787,31923975,722
24000000,4061938,20640569,5.08146,9815,32088679,718
24050000,4063811,20676576,5.08798,9831,32256007,738
24100000,4065709,20712535,5.09445,9838,32426606,727
24150000,4067586,20748345,5.1009,9839,32592806,706
24200000,4069457,20784301,5.1073900000000005,9856,32763536,705
24250000,4071295,20820266,5.113919999999999,9884,32933739,753
24300000,4073132,20856027,5.12039,9904,33099280,721
24350000,4074916,20891634,5.12689,9924,33268580,723
24400000,4076802,20927468,5.1333,9933,33436130,716
24450000,4078639,20963247,5.1397699999999995,9951,33610814,734
24500000,4080395,20998910,5.1462900000000005,9973,33783832,716
24550000,4082237,21034534,5.1527,9983,33960238,705
24600000,4084031,21070204,5.15917,10005,34132193,713
24650000,4085798,21105690,5.16562,10009,34305346,709
24700000,4087645,21141345,5.17201,10038,34475698,706
24750000,4089489,21176784,5.17834,10050,34646527,701
24800000,4091256,21212325,5.1848,10063,34823985,695
24850000,4092990,21247825,5.191269999999999,10083,34998957,681
24900000,4094851,21283132,5.19754,10090,35175635,716
24950000,4096633,21318452,5.2039,10109,35354015,705
25000000,4098433,21353756,5.21022,10125,35530569,707
25050000,4100210,21389159,5.2166,10141,35705185,690
25100000,4102007,21424592,5.22295,10161,35881252,675
25150000,4103778,21459837,5.22929,10178,36057777,698
25200000,4105566,21495155,5.235609999999999,10203,36232992,694
25250000,4107313,21530359,5.24196,10228,36405850,695
25300000,4109053,21565403,5.24827,10243,36584315,706
25350000,4110796,21600627,5.25461,10255,36760952,703
25400000,4112560,21635779,5.2609,10271,36933128,686
25450000,4114339,21670928,5.26717,10291,37112635,695
25500000,4116092,21706076,5.27347,10307,37291086,703
25550000,4117816,21741192,5.27979,10325,37473934,661
25600000,4119604,21776101,5.28597,10345,37654112,708
25650000,4121329,21811168,5.292269999999999,10361,37839030,714
25700000,4123053,21846115,5.29853,10373,38016508,689
25750000,4124797,21881173,5.304790000000001,10389,38195276,713
25800000,4126578,21916132,5.310969999999999,10412,38378282,733
25850000,4128300,21951005,5.3172,10436,38560303,701
25900000,4129983,21985708,5.32344,10452,38745973,691
25950000,4131678,22020420,5.32966,10463,38933077,663
26000000,4133432,22055121,5.33579,10479,39117443,694
26050000,4135107,22089928,5.34205,10508,39304912,697
26100000,4136789,22124661,5.348269999999999,10523,39493378,691
26150000,4138416,22159201,5.354509999999999,10538,39680249,683
26200000,4140175,22193907,5.36062,10558,39864072,714
26250000,4141879,22228745,5.36683,10571,40051884,677
26300000,4143572,22263420,5.372999999999999,10585,40243907,709
26350000,4145267,22298093,5.379169999999999,10597,40425087,676
26400000,4146950,22332650,5.38532,10612,40612237,698
26450000,4148672,22367208,5.39141,10625,40804885,681
26500000,4150390,22401733,5.3975,10636,40992232,684
26550000,4152045,22436188,5.40365,10644,41179599,680
26600000,4153687,22470669,5.40981,10655,41368694,684
26650000,4155411,22505149,5.41587,10672,41559464,686
26700000,4157062,22539518,5.4219800000000005,10691,41756694,678
26750000,4158784,22573984,5.428030000000001,10706,41942548,671
26800000,4160421,22608258,5.434130000000001,10723,42133816,655
26850000,4162004,22642631,5.44032,10736,42327950,698
26900000,4163624,22677071,5.44647,10752,42512877,689
26950000,4165261,22711308,5.45255,10765,42704086,686
27000000,4166959,22745615,5.458559999999999,10785,42898948,704
27050000,4168515,22779693,5.4647,10794,43092752,663
27100000,4170106,22813863,5.47081,10812,43279484,683
27150000,4171672,22848073,5.47696,10821,43473248,688
27200000,4173241,22882214,5.48308,10840,43674320,676
27250000,4174860,22916337,5.48913,10854,43874802,664
27300000,4176512,22950404,5.4951099999999995,10871,44075871,655
27350000,4178155,22984547,5.501119999999999,10885,44270741,692
27400000,4179773,23018674,5.50716,10897,44467446,681
27450000,4181326,23052704,5.51325,10915,44663267,693
27500000,4182943,23086389,5.51917,10928,44859880,673
27550000,4184496,23120337,5.52524,10949,45056576,673
27600000,4186080,23154139,5.531219999999999,10966,45256475,668
27650000,4187662,23188149,5.53725,10976,45454988,737
27700000,4189248,23222069,5.54325,10998,45658752,687
27750000,4190852,23255884,5.5492,11019,45860219,662
27800000,4192418,23289648,5.55518,11037,46062268,666
27850000,4194030,23323618,5.56115,11050,46265221,704
27900000,4195574,23357374,5.56715,11068,46470192,661
27950000,4197072,23391211,5.57322,11084,46673555,712
28000000,4198655,23424835,5.57913,11093,46874383,667
28050000,4200159,23458419,5.58513,11110,47080297,691
28100000,4201755,23492088,5.591019999999999,11124,47284406,648
28150000,4203360,23525949,5.59694,11150,47492388,671
28200000,4204844,23559574,5.6029599999999995,11168,47699090,686
28250000,4206415,23593176,5.60886,11177,47903120,680
28300000,4207951,23626719,5.6147800000000005,11192,48106334,680
28350000,4209431,23660114,5.6207400000000005,11204,48314628,667
28400000,4210918,23693455,5.62667,11217,48517525,674
28450000,4212425,23726801,5.63258,11241,48720681,675
28500000,4213883,23760212,5.63856,11260,48920921,695
28550000,4215387,23793515,5.64444,11281,49123769,640
28600000,4216872,23826891,5.65037,11296,49329871,668
28650000,4218445,23860156,5.65615,11310,49531696,668
28700000,4219934,23893465,5.66205,11324,49737823,705
28750000,4221421,23926728,5.66793,11339,49943526,663
28800000,4222923,23959964,5.67379,11356,50150384,645
28850000,4224421,23993091,5.67962,11367,50354208,653
28900000,4225882,24026336,5.6855199999999995,11381,50568273,658
28950000,4227347,24059335,5.6913599999999995,11399,50769370,671
29000000,4228845,24092508,5.69718,11413,50977721,672
29050000,4230336,24125576,5.70299,11430,51183322,635
29100000,4231826,24158616,5.7087900000000005,11454,51395471,633
29150000,4233349,24191579,5.71453,11473,51608330,624
29200000,4234846,24224694,5.72032,11492,51820766,680
29250000,4236355,24257619,5.7260599999999995,11508,52032395,659
29300000,4237787,24290624,5.73191,11517,52242130,651
29350000,4239286,24323393,5.73762,11530,52450553,671
29400000,4240748,24356322,5.7434,11544,52666651,673
29450000,4242175,24389299,5.74924,11566,52877913,629
29500000,4243710,24422172,5.75491,11579,53084178,665
29550000,4245149,24454927,5.760680000000001,11598,53306187,640
29600000,4246648,24487714,5.76636,11613,53521300,660
29650000,4248124,24520324,5.7720400000000005,11629,53740055,649
29700000,4249527,24552882,5.77779,11641,53952709,641
29750000,4250961,24585575,5.783530000000001,11653,54167934,643
29800000,4252439,24618157,5.7891900000000005,11667,54375829,648
29850000,4253861,24650697,5.7949,11676,54591196,654
29900000,4255317,24683219,5.80056,11695,54808490,644
29950000,4256762,24715823,5.80625,11706,55025065,617
30000000,4258163,24748297,5.81197,11726,55245070,617
30050000,4259569,24780874,5.8177,11741,55463240,649
30100000,4260950,24813132,5.82338,11761,55678588,621
30150000,4262397,24845541,5.82901,11772,55897924,658
30200000,4263817,24877945,5.83467,11787,56114372,664
30250000,4265156,24910264,5.840409999999999,11796,56334220,658
30300000,4266547,24942525,5.84607,11805,56550455,665
30350000,4267922,24974810,5.85175,11816,56769596,655
30400000,4269398,25007048,5.85728,11825,56998905,662
30450000,4270769,25039305,5.86295,11838,57222857,632
30500000,4272159,25071544,5.86859,11857,57442640,613
30550000,4273568,25103850,5.87421,11869,57666723,640
30600000,4274873,25135943,5.87993,11888,57887340,623
30650000,4276270,25168117,5.88553,11899,58105262,648
30700000,4277662,25200290,5.89114,11919,58329561,633
30750000,4278980,25232413,5.8968300000000005,11942,58545832,652
30800000,4280405,25264580,5.90238,11963,58765887,646
30850000,4281795,25296626,5.90795,11978,58989571,639
30900000,4283163,25328595,5.913530000000001,11997,59211321,651
30950000,4284467,25360372,5.9191400000000005,12007,59435245,628
31000000,4285789,25392221,5.92475,12020,59664962,610
31050000,4287168,25424197,5.9303,12040,59891187,639
31100000,4288496,25456046,5.9358900000000006,12052,60120477,614
31150000,4289808,25488209,5.94157,12066,60346691,646
31200000,4291208,25520012,5.94705,12080,60575627,627
31250000,4292562,25551805,5.95258,12089,60804156,651
31300000,4293915,25583614,5.95811,12113,61034399,637
31350000,4295259,25615303,5.96362,12125,61261260,651
31400000,4296601,25647102,5.96916,12144,61491287,621
31450000,4297982,25678809,5.97462,12162,61717717,640
31500000,4299329,25710450,5.98011,12177,61944788,647
31550000,4300593,25742046,5.9857,12193,62171304,617
31600000,4301912,25773560,5.9911900000000005,12204,62396355,626
31650000,4303261,25805163,5.99665,12228,62621454,625
31700000,4304574,25836747,6.00216,12236,62859985,626
31750000,4305868,25868183,6.00766,12251,63093747,633
31800000,4307141,25899533,6.01316,12261,63326022,629
31850000,4308459,25931104,6.01865,12289,63554152,614
31900000,4309756,25962536,6.02413,12310,63786156,632
31950000,4311089,25993980,6.02956,12323,64007526,643
32000000,4312369,26025375,6.03505,12333,64239956,651
32050000,4313663,26056829,6.04053,12340,64467300,646
32100000,4314935,26088171,6.0460199999999995,12353,64700948,629
32150000,4316189,26119480,6.0515099999999995,12375,64928597,620
32200000,4317496,26150645,6.0569,12387,65156797,627
32250000,4318762,26181879,6.06236,12399,65386815,634
32300000,4320085,26213138,6.067740000000001,12416,65618144,610
32350000,4321407,26244338,6.0731,12424,65851943,625
32400000,4322659,26275281,6.0785,12441,66086055,594
32450000,4323913,26306496,6.08396,12450,66321903,641
32500000,4325203,26337574,6.08933,12458,66561553,617
32550000,4326362,26368622,6.094869999999999,12471,66794850,597
32600000,4327612,26399596,6.10027,12489,67029897,630
32650000,4328924,26430843,6.10564,12501,67263014,653
32700000,4330157,26461712,6.11103,12520,67497434,628
32750000,4331399,26492739,6.11644,12540,67734244,624
32800000,4332679,26523457,6.12172,12554,67965764,613
32850000,4333993,26554189,6.1269599999999995,12566,68195991,622
32900000,4335317,26585015,6.1322,12583,68435821,600
32950000,4336598,26615861,6.1375,12599,68673048,603
33000000,4337855,26646782,6.14285,12615,68909178,604
33050000,4339111,26677608,6.1481699999999995,12634,69149662,595
33100000,4340353,26708412,6.15351,12650,69393629,618
33150000,4341678,26739334,6.15876,12659,69634723,620
33200000,4342944,26770106,6.16405,12667,69869037,632
33250000,4344160,26800732,6.16937,12682,70102710,630
33300000,4345390,26831302,6.17466,12689,70340643,610
33350000,4346628,26861892,6.17994,12713,70575029,587
33400000,4347850,26892506,6.18524,12723,70816870,604
33450000,4349051,26922868,6.190519999999999,12731,71062345,610
33500000,4350344,26953275,6.19567,12751,71301587,635
33550000,4351548,26983755,6.20096,12761,71545049,616
33600000,4352708,27014081,6.20627,12777,71791857,626
33650000,4353942,27044389,6.211469999999999,12799,72031011,642
33700000,4355184,27074722,6.21667,12815,72268568,586
33750000,4356482,27105122,6.22179,12832,72515487,627
33800000,4357687,27135359,6.22701,12847,72751305,626
33850000,4358850,27165506,6.23226,12861,72990978,610
33900000,4360109,27196047,6.23747,12876,73235838,613
33950000,4361356,27226235,6.24261,12894,73476018,630
34000000,4362570,27256550,6.24782,12910,73719806,593
34050000,4363732,27286687,6.25306,12922,73962399,602
34100000,4364901,27316779,6.25828,12935,74204552,595
34150000,4366071,27346746,6.26347,12955,74449013,596
34200000,4367271,27376678,6.2686,12967,74693517,628
34250000,4368505,27406492,6.27365,12984,74940732,598
34300000,4369676,27436536,6.27885,13001,75180345,607
34350000,4370837,27466533,6.28404,13019,75433346,592
34400000,4372012,27496499,6.28921,13041,75678451,631
34450000,4373169,27526610,6.29443,13049,75923138,619
34500000,4374279,27556421,6.29965,13069,76173771,572
34550000,4375466,27586267,6.30476,13081,76415882,612
34600000,4376638,27616192,6.3099099999999995,13096,76661693,570
34650000,4377765,27645913,6.3150699999999995,13112,76921950,602
34700000,4378905,27675695,6.3202300000000005,13130,77167538,580
34750000,4380101,27705391,6.32529,13147,77418023,599
34800000,4381245,27735205,6.33044,13164,77666449,593
34850000,4382385,27764915,6.33557,13181,77918825,612
34900000,4383556,27794259,6.34057,13186,78161157,567
34950000,4384668,27823945,6.34574,13195,78406494,566
35000000,4385845,27853528,6.35078,13214,78654761,558
35050000,4386990,27882918,6.35582,13235,78900292,590
35100000,4388169,27912446,6.3608400000000005,13248,79148900,606
35150000,4389291,27941954,6.36594,13266,79400051,581
35200000,4390401,27971493,6.37106,13281,79653507,558
35250000,4391565,28000958,6.37608,13295,79900739,598
35300000,4392771,28030525,6.38106,13311,80153852,609
35350000,4393920,28060025,6.3861,13321,80404028,576
35400000,4395025,28089335,6.39117,13334,80649154,594
35450000,4396194,28118761,6.39616,13344,80895061,599
35500000,4397230,28147943,6.40129,13359,81146569,564
35550000,4398365,28177041,6.40625,13372,81398378,589
35600000,4399549,28206284,6.41118,13386,81644192,566
35650000,4400674,28235482,6.41617,13398,81894859,561
35700000,4401802,28264769,6.4211800000000006,13411,82156394,591
35750000,4402947,28293854,6.42612,13422,82416335,591
35800000,4404044,28322908,6.431109999999999,13432,82669170,577
35850000,4405109,28351921,6.43615,13446,82918115,592
35900000,4406241,28381047,6.4411,13455,83180075,585
35950000,4407335,28409922,6.44605,13467,83430106,547
36000000,4408474,28439030,6.45099,13482,83694029,588
36050000,4409574,28467994,6.45595,13503,83952008,620
36100000,4410668,28496815,6.46088,13515,84212626,586
36150000,4411750,28525749,6.46586,13531,84466461,584
36200000,4412859,28554439,6.4707300000000005,13548,84724545,591
36250000,4413982,28583431,6.4756599999999995,13558,84984238,571
36300000,4415048,28612354,6.48064,13564,85243391,566
36350000,4416136,28641079,6.48555,13583,85494333,590
36400000,4417230,28669952,6.490480000000001,13602,85752610,586
36450000,4418283,28698721,6.49545,13616,86015371,586
36500000,4419367,28727567,6.500380000000001,13635,86271145,584
36550000,4420479,28756245,6.50523,13651,86529179,582
36600000,4421584,28785103,6.51013,13668,86793762,601
36650000,4422596,28813930,6.51516,13680,87055087,608
36700000,4423708,28842633,6.52001,13694,87314441,565
36750000,4424768,28871188,6.5249,13705,87575579,579
36800000,4425808,28899695,6.5298099999999994,13714,87828872,581
36850000,4426858,28928076,6.534669999999999,13728,88089373,578
36900000,4427867,28956578,6.539619999999999,13746,88344092,572
36950000,4428952,28985131,6.54447,13763,88610546,580
37000000,4429959,29013563,6.5494,13768,88872337,571
37050000,4431051,29041932,6.554189999999999,13780,89132137,545
37100000,4432074,29070201,6.55905,13792,89386329,551
37150000,4433133,29098434,6.56385,13801,89635733,551
37200000,4434181,29126777,6.568689999999999,13818,89894599,557
37250000,4435247,29155271,6.5735399999999995,13833,90159731,547
37300000,4436262,29183377,6.57837,13842,90415955,589
37350000,4437358,29211687,6.583130000000001,13857,90680126,552
37400000,4438390,29239798,6.58793,13871,90944586,543
37450000,4439415,29267974,6.59275,13896,91210735,557
37500000,4440435,29296084,6.597569999999999,13908,91471585,569
37550000,4441482,29324057,6.602310000000001,13922,91732725,553
37600000,4442554,29352207,6.607060000000001,13931,91994692,552
37650000,4443523,29380241,6.61193,13940,92261769,539
37700000,4444476,29408302,6.61682,13951,92520061,560
37750000,4445483,29436450,6.62165,13959,92786010,586
37800000,4446499,29464340,6.626410000000001,13974,93051234,538
37850000,4447524,29492343,6.6311800000000005,13984,93308896,577
37900000,4448535,29519978,6.63589,13999,93573112,543
37950000,4449538,29547659,6.640610000000001,14011,93834730,559
38000000,4450500,29575480,6.64543,14018,94100258,577
38050000,4451506,29602930,6.65009,14034,94366759,554
38100000,4452563,29630529,6.654710000000001,14052,94631343,547
38150000,4453550,29658279,6.65947,14064,94904795,559
38200000,4454623,29686071,6.6641,14077,95164334,559
38250000,4455628,29713826,6.668830000000001,14091,95429053,524
38300000,4456670,29741737,6.67353,14102,95701600,521
38350000,4457638,29769324,6.6782699999999995,14123,95964689,549
38400000,4458626,29797128,6.6830300000000005,14128,96232439,535
38450000,4459588,29824642,6.687760000000001,14135,96496120,540
38500000,4460556,29852190,6.692480000000001,14156,96754538,557
38550000,4461575,29879763,6.6971300000000005,14163,97021415,557
38600000,4462591,29907219,6.70176,14177,97286880,577
38650000,4463607,29934881,6.70643,14191,97559030,572
38700000,4464548,29962204,6.711139999999999,14201,97832430,544
38750000,4465504,29989696,6.71586,14215,98103768,544
38800000,4466457,30016971,6.72053,14230,98376064,509
38850000,4467379,30044191,6.725239999999999,14248,98638165,573
38900000,4468333,30071548,6.72993,14256,98913286,540
38950000,4469328,30098821,6.73453,14268,99188131,535
39000000,4470315,30125886,6.7391,14278,99459932,520
39050000,4471277,30153138,6.74374,14285,99730256,556
39100000,4472225,30180205,6.748360000000001,14300,99992249,565
39150000,4473230,30207471,6.75294,14309,100254304,526
39200000,4474207,30234713,6.757560000000001,14324,100527939,539
39250000,4475226,30261676,6.76204,14335,100795738,571
39300000,4476197,30288877,6.76665,14351,101073229,527
39350000,4477138,30315788,6.77124,14368,101333226,549
39400000,4478112,30342748,6.77579,14382,101607299,543
39450000,4479068,30369820,6.78039,14394,101874085,546
39500000,4480008,30396972,6.78503,14412,102145555,537
39550000,4480998,30424131,6.78959,14428,102415187,544
39600000,4481934,30450959,6.794160000000001,14452,102684639,524
39650000,4482914,30477944,6.79869,14466,102953578,549
39700000,4483852,30504765,6.80325,14476,103221607,544
39750000,4484795,30531694,6.8078199999999995,14487,103492355,575
39800000,4485721,30558525,6.8124,14511,103763848,541
39850000,4486704,30585221,6.81686,14525,104041521,528
39900000,4487611,30612030,6.82145,14536,104311555,546
39950000,4488520,30638662,6.826010000000001,14546,104574912,538
40000000,4489521,30665483,6.83046,14557,104844042,549
40050000,4490413,30692151,6.835039999999999,14562,105109654,505
40100000,4491351,30718884,6.8395600000000005,14570,105384756,514
40150000,4492290,30745668,6.8441,14580,105659792,501
40200000,4493219,30772303,6.848610000000001,14588,105938428,508
40250000,4494102,30798924,6.85319,14602,106206666,573
40300000,4495031,30825561,6.8577,14616,106482354,532
40350000,4495945,30852286,6.86225,14637,106757728,537
40400000,4496873,30878786,6.86672,14649,107031028,526
40450000,4497772,30905160,6.87122,14658,107302275,506
40500000,4498666,30931442,6.87569,14667,107581763,531
40550000,4499573,30957764,6.880160000000001,14679,107856872,504
40600000,4500490,30984224,6.8846300000000005,14688,108131453,525
40650000,4501409,31010549,6.88908,14694,108417084,518
40700000,4502341,31036868,6.8935,14718,108680222,530
40750000,4503259,31063120,6.89792,14735,108948687,515
40800000,4504122,31089283,6.902410000000001,14746,109232826,519
40850000,4504968,31115597,6.90695,14761,109508463,520
40900000,4505924,31141797,6.9113,14771,109782426,527
40950000,4506791,31168079,6.9158,14778,110061182,519
41000000,4507718,31194096,6.92015,14790,110341413,533
41050000,4508600,31220429,6.924639999999999,14807,110628468,527
41100000,4509475,31246783,6.929139999999999,14818,110909122,523
41150000,4510398,31272565,6.933439999999999,14831,111178972,530
41200000,4511249,31298510,6.937880000000001,14841,111456045,533
41250000,4512130,31324579,6.9423,14851,111737323,516
41300000,4512986,31350546,6.946739999999999,14865,112026166,487
41350000,4513849,31376515,6.951169999999999,14875,112298977,503
41400000,4514714,31402132,6.95551,14892,112568023,517
41450000,4515596,31428089,6.9599,14904,112841259,510
41500000,4516475,31453905,6.96426,14922,113119389,496
41550000,4517355,31479965,6.9686699999999995,14930,113398602,513
41600000,4518241,31505748,6.97301,14943,113673529,521
41650000,4519143,31531495,6.97732,14951,113948144,542
41700000,4520064,31557054,6.98155,14964,114215792,551
41750000,4520941,31582595,6.98585,14975,114494603,500
41800000,4521825,31608426,6.990189999999999,14993,114765653,499
41850000,4522746,31634001,6.99442,15001,115049241,525
41900000,4523601,31659626,6.9987699999999995,15009,115325486,524
41950000,4524497,31685067,7.002999999999999,15027,115602190,514
42000000,4525368,31710401,7.00725,15048,115881359,488
42050000,4526205,31735736,7.01156,15051,116151952,486
42100000,4527083,31761291,7.01584,15070,116427680,515
42150000,4527893,31786790,7.02022,15078,116704109,531
42200000,4528775,31812296,7.0244800000000005,15088,116982568,498
42250000,4529605,31837668,7.0288,15100,117264993,521
42300000,4530530,31862895,7.03293,15113,117546542,507
42350000,4531349,31888074,7.037210000000001,15128,117832323,509
42400000,4532207,31913068,7.0414,15137,118105980,505
42450000,4533033,31938656,7.0457600000000005,15148,118392777,494
42500000,4533839,31964163,7.05013,15160,118676206,524
42550000,4534664,31989314,7.0544,15164,118959199,516
42600000,4535482,32014443,7.058660000000001,15180,119237891,473
42650000,4536379,32039576,7.062810000000001,15192,119521206,496
42700000,4537246,32064698,7.067,15202,119810468,490
42750000,4538102,32089826,7.0712,15218,120092581,537
42800000,4538984,32114854,7.07534,15230,120378869,524
42850000,4539826,32139933,7.07955,15247,120661072,482
42900000,4540607,32164865,7.083819999999999,15249,120941196,537
42950000,4541425,32189905,7.0880600000000005,15263,121220535,506
43000000,4542231,32214891,7.09231,15271,121507396,500
43050000,4543044,32239772,7.09651,15278,121794145,516
43100000,4543897,32264629,7.10065,15293,122071021,496
43150000,4544740,32289538,7.10482,15306,122353619,524
43200000,4545550,32314441,7.109030000000001,15315,122636677,504
43250000,4546372,32339177,7.113180000000001,15332,122915657,507
43300000,4547183,32363791,7.11733,15345,123188448,474
43350000,4547971,32388420,7.121510000000001,15354,123481935,499
43400000,4548770,32413085,7.12568,15373,123762931,514
43450000,4549576,32437759,7.12984,15384,124043151,507
43500000,4550408,32462547,7.13399,15401,124339267,501
43550000,4551178,32487063,7.13817,15415,124612995,503
43600000,4551972,32511537,7.1423,15433,124890886,497
43650000,4552792,32536108,7.14641,15449,125173608,476
43700000,4553608,32560683,7.150519999999999,15456,125452622,484
43750000,4554410,32585224,7.15465,15472,125734730,485
43800000,4555150,32609641,7.15885,15475,126018461,499
43850000,4555973,32634091,7.16292,15484,126310307,492
43900000,4556781,32658580,7.1670300000000005,15494,126589924,492
43950000,4557572,32682846,7.1711100000000005,15499,126873098,516
44000000,4558351,32707237,7.17523,15508,127166849,470
44050000,4559173,32731599,7.17928,15518,127431769,452
44100000,4559995,32756030,7.18335,15528,127715466,491
44150000,4560762,32780234,7.18745,15543,127999895,462
44200000,4561570,32804577,7.191510000000001,15548,128280091,499
44250000,4562403,32828652,7.195469999999999,15553,128564123,484
44300000,4563224,32853004,7.19952,15564,128857852,472
44350000,4564009,32877024,7.203539999999999,15584,129135704,489
44400000,4564790,32901209,7.207610000000001,15597,129428491,490
44450000,4565553,32925474,7.21172,15610,129712894,470
44500000,4566348,32949658,7.21576,15623,129992505,458
44550000,4567192,32973717,7.219689999999999,15631,130276393,495
44600000,4568015,32997833,7.223669999999999,15644,130570100,500
44650000,4568839,33021856,7.22763,15657,130852825,494
44700000,4569646,33045783,7.23158,15668,131134310,465
44750000,4570439,33069563,7.235530000000001,15685,131408764,463
44800000,4571214,33093465,7.239539999999999,15691,131697595,458
44850000,4571989,33117231,7.243510000000001,15703,131969821,462
44900000,4572729,33140865,7.2475,15714,132250821,464
44950000,4573451,33164449,7.251519999999999,15726,132538169,465
45000000,4574185,33188082,7.25552,15739,132818099,459
45050000,4574984,33211826,7.25944,15743,133095187,452
45100000,4575751,33235531,7.2634,15755,133373800,468
45150000,4576527,33259341,7.26738,15769,133662663,484
45200000,4577305,33283003,7.271310000000001,15777,133947290,502
45250000,4578095,33306596,7.27521,15790,134233030,457
45300000,4578891,33330339,7.27913,15802,134514312,469
45350000,4579542,33353680,7.283189999999999,15813,134790158,472
45400000,4580326,33377269,7.287089999999999,15828,135065307,478
45450000,4581104,33400778,7.29099,15843,135347494,461
45500000,4581863,33424291,7.294910000000001,15852,135628113,464
45550000,4582654,33447881,7.2988,15858,135920055,463
45600000,4583436,33471251,7.30265,15867,136208644,464
45650000,4584181,33494667,7.30658,15879,136499100,430
45700000,4584847,33517842,7.310569999999999,15888,136781203,475
45750000,4585620,33541089,7.3144100000000005,15895,137065622,475
45800000,4586345,33564251,7.3183,15914,137359277,454
45850000,4587136,33587605,7.3221300000000005,15921,137632743,470
45900000,4587881,33611021,7.326039999999999,15937,137912459,501
45950000,4588620,33634152,7.329910000000001,15950,138195928,471
46000000,4589347,33657236,7.3337699999999995,15958,138483099,474
46050000,4590020,33680391,7.337739999999999,15974,138771437,472
46100000,4590762,33703405,7.34157,15986,139065094,455
46150000,4591465,33726481,7.34547,15999,139348758,458
46200000,4592165,33749675,7.3494,16011,139630191,465
46250000,4592909,33772753,7.3532399999999996,16022,139914867,435
46300000,4593668,33795782,7.35704,16035,140199742,428
46350000,4594443,33818771,7.3608,16051,140487410,435
46400000,4595186,33841625,7.36458,16059,140774912,465
46450000,4595891,33864507,7.36843,16072,141066752,453
46500000,4596632,33887546,7.372260000000001,16081,141351685,468
46550000,4597337,33910495,7.376119999999999,16097,141640723,431
46600000,4598090,33933185,7.37984,16108,141918270,448
46650000,4598783,33955844,7.383660000000001,16119,142200006,469
46700000,4599484,33978464,7.38745,16122,142474861,463
46750000,4600246,34001281,7.391189999999999,16129,142760806,461
46800000,4600917,34024059,7.395060000000001,16138,143055193,457
46850000,4601591,34046710,7.3989,16153,143340594,448
46900000,4602292,34069406,7.4027,16160,143617264,476
46950000,4603015,34091850,7.40642,16173,143893466,469
47000000,4603727,34114264,7.410139999999999,16181,144180711,508
47050000,4604417,34136924,7.41395,16196,144461667,448
47100000,4605132,34159353,7.417669999999999,16212,144746383,468
47150000,4605806,34181937,7.4214899999999995,16222,145031981,438
47200000,4606541,34204581,7.4252199999999995,16233,145307782,463
47250000,4607227,34227075,7.428999999999999,16254,145596343,438
47300000,4607887,34249466,7.43279,16264,145885551,470
47350000,4608573,34272044,7.43658,16273,146166745,494
47400000,4609249,34294389,7.440339999999999,16281,146462940,436
47450000,4609970,34316814,7.444039999999999,16287,146748861,462
47500000,4610666,34339123,7.447760000000001,16290,147038338,482
47550000,4611367,34361426,7.451460000000001,16306,147329509,449
47600000,4612004,34383646,7.45525,16322,147612326,410
47650000,4612698,34405733,7.45892,16326,147884513,421
47700000,4613374,34427917,7.46263,16344,148167964,436
47750000,4614088,34450002,7.466260000000001,16349,148453614,450
47800000,4614759,34472105,7.46997,16369,148746342,447
47850000,4615429,34494180,7.473669999999999,16381,149041693,441
47900000,4616092,34516342,7.47739,16391,149333530,429
47950000,4616788,34538553,7.48108,16399,149622028,437
48000000,4617498,34560766,7.4847399999999995,16410,149904865,429
48050000,4618189,34582839,7.4884,16422,150197872,434
48100000,4618888,34604789,7.49202,16431,150482509,421
48150000,4619582,34626686,7.49563,16442,150770230,430
48200000,4620242,34648557,7.499289999999999,16451,151051900,393
48250000,4620922,34670360,7.502910000000001,16457,151338410,440
48300000,4621591,34692157,7.506539999999999,16468,151624081,437
48350000,4622300,34713914,7.5101,16480,151913497,443
48400000,4622978,34735403,7.51364,16485,152201484,427
48450000,4623615,34757121,7.5173,16494,152486547,460
48500000,4624269,34779031,7.520980000000001,16508,152774677,422
48550000,4624869,34800490,7.52464,16516,153056428,429
48600000,4625494,34822118,7.5283,16527,153342477,426
48650000,4626138,34843508,7.53188,16538,153631480,418
48700000,4626795,34865178,7.535489999999999,16548,153919307,431
48750000,4627455,34886875,7.539110000000001,16554,154212324,457
48800000,4628111,34908364,7.542680000000001,16563,154491861,401
48850000,4628761,34929811,7.54626,16571,154771162,387
48900000,4629438,34951442,7.5498199999999995,16584,155052845,427
48950000,4630097,34972858,7.55337,16596,155332856,421
49000000,4630741,34994288,7.55695,16601,155620914,423
49050000,4631399,35015698,7.5605,16610,155895748,438
49100000,4632029,35037064,7.564089999999999,16624,156171701,417
49150000,4632693,35058504,7.56763,16630,156462779,404
49200000,4633361,35079826,7.57114,16646,156749103,441
49250000,4634007,35101093,7.574669999999999,16662,157036025,427
49300000,4634687,35122225,7.578119999999999,16669,157326293,428
49350000,4635346,35143444,7.58162,16679,157606688,437
49400000,4635965,35164667,7.585189999999999,16687,157894402,429
49450000,4636608,35185845,7.5887,16695,158186887,399
49500000,4637263,35206950,7.59218,16706,158480321,411
49550000,4637913,35227938,7.5956399999999995,16717,158751021,423
49600000,4638537,35249016,7.59917,16724,159038136,381
49650000,4639230,35270104,7.602580000000001,16732,159322262,415
49700000,4639826,35291220,7.60615,16743,159609841,418
49750000,4640455,35312254,7.60965,16753,159891786,435
49800000,4641071,35333280,7.613169999999999,16760,160178304,412
49850000,4641711,35354226,7.616639999999999,16776,160470276,407
49900000,4642282,35375229,7.62022,16786,160760519,430
49950000,4642893,35395919,7.62368,16798,161038359,424
50000000,4643552,35416728,7.62708,16807,161321062,426
50050000,4644172,35437636,7.630560000000001,16816,161610825,433
50100000,4644780,35458639,7.63408,16826,161897644,408
50150000,4645421,35479420,7.6375,16832,162184400,436
50200000,4646034,35500068,7.64094,16840,162468376,402
50250000,4646667,35520828,7.644369999999999,16857,162754646,407
50300000,4647321,35541588,7.647760000000001,16871,163037647,433
50350000,4647911,35562208,7.6512199999999995,16878,163318459,424
50400000,4648541,35582831,7.6546199999999995,16886,163614926,424
50450000,4649148,35603354,7.65804,16899,163905719,420
50500000,4649809,35623840,7.66136,16908,164189291,395
50550000,4650398,35644135,7.66475,16915,164469165,384
50600000,4651022,35664666,7.668139999999999,16927,164750165,425
50650000,4651651,35685160,7.6715,16936,165036733,394
50700000,4652268,35705602,7.67488,16942,165328928,405
50750000,4652858,35726016,7.67829,16950,165607405,414
50800000,4653455,35746412,7.68169,16956,165888577,404
50850000,4654067,35766610,7.68502,16966,166174350,409
50900000,4654679,35786711,7.6883300000000006,16978,166460621,385
50950000,4655305,35807159,7.6916899999999995,16988,166746499,406
51000000,4655903,35827477,7.695069999999999,16993,167030926,402
51050000,4656488,35847436,7.69838,17000,167309149,401
51100000,4657124,35867876,7.70172,17009,167591579,408
51150000,4657713,35888227,7.70512,17014,167880213,390
51200000,4658314,35908369,7.70845,17025,168170786,441
51250000,4658922,35928675,7.7118,17038,168465470,433
51300000,4659564,35948750,7.71505,17043,168750373,395
51350000,4660181,35969059,7.718380000000001,17052,169033854,422
51400000,4660766,35989244,7.72174,17065,169316135,371
51450000,4661357,36009225,7.72505,17065,169595044,382
51500000,4661946,36029114,7.728339999999999,17079,169871058,363
51550000,4662523,36049027,7.731660000000001,17091,170163940,408
51600000,4663140,36068884,7.734889999999999,17100,170449981,375
51650000,4663730,36088861,7.7382,17116,170748796,383
51700000,4664356,36108824,7.741439999999999,17120,171034080,376
51750000,4664948,36128406,7.74465,17132,171310181,390
51800000,4665524,36148211,7.74794,17144,171592618,403
51850000,4666113,36167952,7.7512,17151,171873369,388
51900000,4666711,36187801,7.754460000000001,17167,172166367,383
51950000,4667281,36207379,7.7577,17178,172440642,402
52000000,4667866,36227189,7.7609699999999995,17185,172720509,399
52050000,4668451,36246866,7.76422,17195,172997956,395
52100000,4668976,36266398,7.767530000000001,17209,173281352,429
52150000,4669515,36285982,7.77082,17222,173560214,391
52200000,4670069,36305472,7.7740800000000005,17233,173846356,374
52250000,4670637,36325069,7.77733,17244,174124897,390
52300000,4671198,36344694,7.780589999999999,17249,174413041,401
52350000,4671810,36364102,7.78373,17260,174690187,385
52400000,4672332,36383444,7.787000000000001,17269,174962311,388
52450000,4672903,36402865,7.7902,17281,175252470,383
52500000,4673494,36422356,7.79339,17293,175539804,367
52550000,4674089,36441726,7.796539999999999,17302,175821735,382
52600000,4674670,36461131,7.79972,17309,176097563,412
52650000,4675259,36480541,7.80289,17318,176373012,406
52700000,4675828,36499689,7.806039999999999,17326,176640053,386
52750000,4676362,36518934,7.809260000000001,17332,176918104,388
52800000,4676923,36537982,7.8124,17343,177194695,363
52850000,4677463,36556927,7.81555,17358,177474170,369
52900000,4678061,36575973,7.81862,17371,177757054,353
52950000,4678619,36595134,7.82178,17380,178035808,398
53000000,4679185,36614142,7.8249,17396,178325547,377
53050000,4679773,36633116,7.82797,17396,178598557,385
53100000,4680370,36652152,7.83104,17405,178874200,362
53150000,4680917,36671041,7.834160000000001,17417,179143303,353
53200000,4681468,36690034,7.837289999999999,17424,179421516,390
53250000,4682036,36708731,7.840339999999999,17433,179692537,375
53300000,4682595,36727646,7.843439999999999,17437,179970823,387
53350000,4683147,36746398,7.84652,17446,180240479,384
53400000,4683674,36765295,7.84967,17454,180528548,371
53450000,4684253,36784089,7.852710000000001,17462,180814688,381
53500000,4684788,36802802,7.855810000000001,17467,181092212,386
53550000,4685309,36821540,7.85894,17478,181369474,402
53600000,4685835,36840198,7.86203,17494,181643289,373
53650000,4686387,36858874,7.8650899999999995,17505,181911150,387
53700000,4686970,36877488,7.86809,17511,182180908,375
53750000,4687467,36896038,7.8712100000000005,17517,182456429,384
53800000,4687994,36914648,7.8743,17525,182727648,373
53850000,4688510,36933155,7.8773800000000005,17531,183003057,377
53900000,4689092,36951797,7.88037,17535,183280646,361
53950000,4689659,36970337,7.883369999999999,17540,183554492,388
54000000,4690165,36988827,7.88647,17552,183826549,358
54050000,4690718,37007371,7.8894899999999994,17554,184106617,365
54100000,4691233,37025965,7.892589999999999,17568,184388556,361
54150000,4691773,37044376,7.8956,17578,184654938,353
54200000,4692314,37062780,7.898610000000001,17584,184933480,385
54250000,4692825,37081059,7.90165,17591,185210444,364
54300000,4693371,37099400,7.90464,17599,185482419,338
54350000,4693907,37117962,7.90769,17605,185756865,374
54400000,4694414,37136223,7.91073,17613,186032108,377
54450000,4694944,37154455,7.91372,17622,186310403,353
54500000,4695440,37172740,7.91677,17628,186587953,372
54550000,4695921,37190854,7.91982,17643,186860378,348
54600000,4696430,37209034,7.92283,17655,187138811,338
54650000,4696937,37227166,7.925839999999999,17664,187410394,379
54700000,4697444,37245193,7.92882,17678,187677637,337
54750000,4697960,37263241,7.9317899999999995,17681,187958745,347
54800000,4698492,37281368,7.93475,17683,188236040,357
54850000,4699007,37299534,7.93775,17695,188511962,340
54900000,4699513,37317548,7.94073,17699,188781356,353
54950000,4700033,37335459,7.94366,17706,189054596,359
55000000,4700580,37353235,7.94652,17715,189324597,364
55050000,4701104,37371140,7.949439999999999,17725,189592198,348
55100000,4701615,37389033,7.952380000000001,17732,189873005,335
55150000,4702163,37406690,7.955210000000001,17738,190147408,359
55200000,4702646,37424389,7.95816,17749,190424609,354
55250000,4703153,37442075,7.961060000000001,17754,190705424,368
55300000,4703636,37459833,7.96402,17765,190975358,336
55350000,4704159,37477374,7.9668600000000005,17765,191244981,380
55400000,4704648,37495195,7.9698199999999995,17775,191518601,334
55450000,4705143,37513064,7.97278,17784,191788064,356
55500000,4705667,37530755,7.97565,17791,192059225,365
55550000,4706177,37548513,7.978560000000001,17796,192321844,359
55600000,4706727,37566287,7.9814,17809,192609927,360
55650000,4707206,37583738,7.9843,17818,192877600,334
55700000,4707713,37601167,7.987139999999999,17823,193140355,336
55750000,4708219,37618695,7.990010000000001,17832,193420996,334
55800000,4708737,37636189,7.992839999999999,17840,193694395,347
55850000,4709229,37653558,7.99569,17849,193958203,337
55900000,4709738,37671065,7.99855,17857,194224109,348
55950000,4710180,37688241,8.001439999999999,17865,194496000,339
56000000,4710660,37705571,8.00431,17876,194763383,326
56050000,4711149,37722929,8.00716,17886,195030940,345
56100000,4711609,37740215,8.01005,17894,195297500,325
56150000,4712100,37757403,8.01286,17904,195563456,350
56200000,4712586,37774479,8.01566,17911,195828393,345
56250000,4713058,37791734,8.01852,17914,196096226,345
56300000,4713548,37808948,8.021339999999999,17929,196357285,331
56350000,4713984,37826017,8.02421,17939,196623987,345
56400000,4714467,37843204,8.02704,17943,196881629,361
56450000,4714941,37860229,8.02984,17952,197151644,353
56500000,4715446,37877417,8.032630000000001,17963,197419086,328
56550000,4715923,37894487,8.03543,17971,197683605,326
56600000,4716392,37911471,8.03824,17978,197951598,346
56650000,4716860,37928482,8.041039999999999,17986,198213435,333
56700000,4717351,37945276,8.04377,17995,198475762,362
56750000,4717800,37962179,8.04659,18005,198734779,356
56800000,4718270,37979125,8.049380000000001,18013,199004548,315
56850000,4718746,37995912,8.05212,18019,199272164,314
56900000,4719224,38012737,8.05487,18031,199535431,349
56950000,4719695,38029587,8.05764,18037,199800748,308
57000000,4720175,38046350,8.060369999999999,18045,200057872,347
57050000,4720627,38063027,8.063130000000001,18050,200315418,337
57100000,4721077,38079826,8.06592,18058,200583220,335
57150000,4721580,38096630,8.06862,18065,200852559,349
57200000,4722022,38113380,8.07141,18072,201130071,333
57250000,4722445,38129919,8.07419,18075,201387247,307
57300000,4722875,38146498,8.07697,18085,201641643,327
57350000,4723340,38162843,8.07963,18089,201909579,348
57400000,4723772,38179242,8.082360000000001,18098,202164770,335
57450000,4724252,38195786,8.08504,18104,202428063,326
57500000,4724673,38212362,8.08783,18108,202691003,307
57550000,4725153,38228796,8.090489999999999,18121,202943421,322
57600000,4725625,38245240,8.093160000000001,18130,203213952,307
57650000,4726072,38261522,8.095839999999999,18142,203482357,335
57700000,4726520,38277876,8.09853,18146,203740792,336
57750000,4726971,38294442,8.10126,18148,204008181,337
57800000,4727423,38310752,8.10394,18160,204264913,320
57850000,4727836,38327084,8.106689999999999,18169,204536198,345
57900000,4728280,38343257,8.10935,18174,204793487,321
57950000,4728744,38359534,8.111989999999999,18181,205055664,318
58000000,4729189,38375739,8.11466,18187,205307593,318
58050000,4729613,38391777,8.11732,18196,205565435,331
58100000,4730079,38407842,8.11992,18204,205820608,316
58150000,4730493,38423812,8.122580000000001,18211,206077978,310
58200000,4730958,38439808,8.125160000000001,18218,206341427,327
58250000,4731441,38455996,8.12776,18218,206596305,297
58300000,4731897,38471979,8.13035,18226,206857905,307
58350000,4732322,38487976,8.133,18234,207116741,319
58400000,4732759,38503940,8.13562,18239,207361782,349
58450000,4733194,38519821,8.13823,18248,207607390,328
58500000,4733616,38535703,8.14086,18248,207862408,318
58550000,4734055,38551442,8.14343,18257,208118895,334
58600000,4734500,38567305,8.14601,18263,208375737,317
58650000,4734974,38583127,8.148539999999999,18271,208644010,305
58700000,4735409,38598814,8.1511,18281,208900761,345
58750000,4735807,38614379,8.15371,18283,209154562,306
58800000,4736281,38630118,8.15621,18287,209412509,322
58850000,4736708,38645798,8.15879,18298,209675338,291
58900000,4737155,38661519,8.16134,18308,209927732,298
58950000,4737610,38677342,8.163889999999999,18316,210187729,331
59000000,4738021,38692911,8.16647,18317,210442445,321
59050000,4738438,38708466,8.169039999999999,18326,210709535,312
59100000,4738863,38723963,8.17157,18336,210969577,312
59150000,4739305,38739517,8.17409,18340,211227970,315
59200000,4739748,38754967,8.17659,18352,211479090,312
59250000,4740171,38770365,8.179110000000001,18358,211734814,295
59300000,4740572,38785609,8.18163,18365,211987953,315
59350000,4740991,38800905,8.18413,18366,212240156,312
59400000,4741442,38816393,8.18662,18376,212500047,318
59450000,4741834,38831738,8.18918,18385,212749093,314
59500000,4742269,38847115,8.19167,18392,213007674,299
59550000,4742722,38862196,8.19407,18401,213258499,286
59600000,4743140,38877253,8.19652,18410,213508398,309
59650000,4743537,38892533,8.199060000000001,18418,213758754,302
59700000,4743952,38907699,8.20154,18427,214005065,318
59750000,4744370,38922745,8.20399,18433,214260208,305
59800000,4744796,38937991,8.20646,18441,214513677,302
59850000,4745226,38952923,8.20887,18445,214765741,287
59900000,4745585,38968040,8.21143,18454,215016212,305
59950000,4746011,38983162,8.21388,18459,215264008,315
60000000,4746422,38998176,8.216330000000001,18463,215503721,276
60050000,4746831,39013041,8.21875,18463,215752708,295
60100000,4747218,39028080,8.22125,18474,215995115,305
60150000,4747602,39043035,8.22374,18482,216240404,308
60200000,4748001,39057711,8.22614,18484,216488651,302
60250000,4748385,39072503,8.228589999999999,18487,216729825,306
60300000,4748785,39087369,8.23103,18492,216984444,307
60350000,4749168,39102062,8.233460000000001,18500,217236312,291
60400000,4749566,39116701,8.23585,18505,217476788,297
60450000,4749964,39131465,8.23827,18514,217721450,283
60500000,4750343,39146366,8.24075,18519,217961370,290
60550000,4750768,39161040,8.2431,18528,218204947,282
60600000,4751179,39175717,8.24547,18536,218440473,280
60650000,4751552,39190329,8.2479,18541,218693596,291
60700000,4751944,39204776,8.25026,18550,218929847,297
60750000,4752362,39219266,8.25258,18559,219175712,290
60800000,4752757,39233873,8.25497,18564,219414947,305
60850000,4753159,39248269,8.2573,18568,219653554,288
60900000,4753566,39262766,8.25964,18577,219905899,299
60950000,4753972,39277129,8.26196,18583,220146783,288
61000000,4754337,39291446,8.264339999999999,18588,220382468,275
61050000,4754733,39305695,8.26665,18596,220614353,282
61100000,4755081,39320177,8.26909,18605,220855814,297
61150000,4755505,39334473,8.271360000000001,18609,221108146,279
61200000,4755901,39348781,8.27368,18615,221345697,286
61250000,4756285,39363000,8.276,18622,221585194,289
61300000,4756644,39377129,8.27834,18624,221819258,286
61350000,4757028,39391406,8.28068,18628,222056952,304
61400000,4757432,39405806,8.283,18636,222295475,269
61450000,4757827,39420000,8.28529,18639,222544051,312
61500000,4758206,39434100,8.2876,18645,222788116,315
61550000,4758564,39448146,8.28993,18652,223017063,271
61600000,4758919,39462134,8.29225,18657,223259869,285
61650000,4759294,39476077,8.29452,18657,223503940,278
61700000,4759662,39490186,8.29685,18664,223739052,280
61750000,4760051,39503832,8.29904,18669,223977432,287
61800000,4760429,39517928,8.30134,18675,224214807,303
61850000,4760787,39531868,8.30364,18681,224454217,277
61900000,4761157,39545649,8.30589,18693,224684749,279
61950000,4761550,39559541,8.308119999999999,18704,224915764,294
62000000,4761933,39573309,8.31035,18710,225150678,300
62050000,4762312,39587043,8.31257,18715,225382503,278
62100000,4762663,39600864,8.314860000000001,18725,225617583,285
62150000,4763058,39614598,8.31705,18734,225847380,281
62200000,4763396,39628328,8.319339999999999,18735,226086166,291
62250000,4763773,39642228,8.3216,18742,226320609,265
62300000,4764133,39656091,8.32388,18754,226562570,285
62350000,4764481,39669568,8.3261,18762,226791681,255
62400000,4764894,39683263,8.32826,18770,227023335,287
62450000,4765227,39697087,8.33058,18775,227260233,271
62500000,4765589,39710676,8.33279,18781,227480048,282
62550000,4765934,39724345,8.33506,18792,227710256,267
62600000,4766301,39737977,8.33728,18796,227944861,278
62650000,4766626,39751414,8.33953,18796,228171428,272
62700000,4766981,39764838,8.34172,18803,228400572,274
62750000,4767358,39778170,8.343860000000001,18808,228628068,285
62800000,4767682,39791442,8.34608,18813,228859853,265
62850000,4767994,39804691,8.348310000000001,18817,229085533,265
62900000,4768359,39817998,8.35046,18828,229319093,266
62950000,4768704,39831382,8.35266,18838,229548173,260
63000000,4769059,39844646,8.35482,18845,229776577,282
63050000,4769448,39857954,8.35693,18855,230008746,257
63100000,4769780,39871234,8.35913,18860,230238943,256
63150000,4770114,39884366,8.3613,18862,230469525,267
63200000,4770432,39897520,8.3635,18868,230700085,243
63250000,4770777,39910789,8.365680000000001,18872,230920892,261
63300000,4771088,39923815,8.36786,18881,231147800,238
63350000,4771417,39936838,8.37002,18885,231373830,257
63400000,4771747,39950171,8.37223,18888,231604339,264
63450000,4772083,39963077,8.37435,18893,231828223,259
63500000,4772432,39976049,8.37645,18907,232057968,248
63550000,4772775,39988887,8.37854,18909,232275144,250
63600000,4773117,40001881,8.38066,18922,232498928,238
63650000,4773452,40014838,8.38279,18926,232731659,267
63700000,4773780,40027779,8.38492,18933,232952682,267
63750000,4774122,40040684,8.387030000000001,18940,233181527,283
63800000,4774458,40053309,8.38908,18951,233405025,258
63850000,4774794,40066086,8.391169999999999,18961,233611934,245
63900000,4775134,40078720,8.39321,18966,233824958,220
63950000,4775475,40091377,8.39526,18971,234041425,266
64000000,4775822,40104093,8.39732,18973,234268925,276
64050000,4776162,40116695,8.39936,18981,234487169,247
64100000,4776477,40129258,8.40143,18984,234711437,268
64150000,4776806,40141890,8.4035,18989,234933666,266
64200000,4777138,40154371,8.40553,18993,235155598,248
64250000,4777490,40166989,8.40755,18993,235378865,244
64300000,4777838,40179425,8.40954,19008,235600188,253
64350000,4778165,40191642,8.41152,19017,235803644,224
64400000,4778498,40204022,8.41353,19017,236026351,260
64450000,4778836,40216313,8.4155,19024,236234609,230
64500000,4779187,40228572,8.41745,19027,236453021,268
64550000,4779514,40240953,8.41947,19028,236686264,267
64600000,4779811,40253195,8.4215,19032,236906157,240
64650000,4780124,40265709,8.42357,19038,237127197,279
64700000,4780479,40277939,8.4255,19046,237336955,261
64750000,4780772,40290115,8.42753,19049,237550331,255
64800000,4781079,40302235,8.42953,19054,237756489,245
64850000,4781393,40314402,8.431519999999999,19063,237969017,236
64900000,4781700,40326482,8.4335,19067,238176764,220
64950000,4782063,40338662,8.435410000000001,19076,238395803,233
65000000,4782367,40350835,8.43742,19087,238606862,238
65050000,4782691,40362815,8.43935,19091,238825405,245
65100000,4782996,40374762,8.441310000000001,19096,239032861,247
65150000,4783310,40386607,8.44323,19108,239249192,225
65200000,4783618,40398617,8.4452,19110,239466545,233
65250000,4783933,40410470,8.44712,19114,239682451,237
65300000,4784240,40422388,8.449069999999999,19122,239899314,257
65350000,4784554,40434240,8.45099,19125,240112256,227
65400000,4784869,40446102,8.452919999999999,19131,240334082,235
65450000,4785178,40457849,8.454830000000001,19138,240548106,244
65500000,4785481,40469692,8.45677,19141,240765547,207
65550000,4785799,40481666,8.45871,19146,240962516,256
65600000,4786081,40493499,8.46068,19156,241168531,247
65650000,4786421,40505058,8.462489999999999,19168,241376484,233
65700000,4786727,40516696,8.46438,19175,241590612,235
65750000,4787016,40528437,8.466330000000001,19176,241803145,222
65800000,4787358,40539949,8.46813,19181,242016824,225
65850000,4787684,40551570,8.46998,19185,242229740,226
65900000,4787965,40563057,8.47188,19190,242436125,229
65950000,4788252,40574752,8.47381,19190,242645342,244
66000000,4788547,40586235,8.47569,19204,242839926,223
66050000,4788826,40597740,8.4776,19209,243044669,230
66100000,4789115,40609200,8.47948,19210,243258508,226
66150000,4789435,40620515,8.48127,19215,243459559,219
66200000,4789706,40631809,8.48315,19225,243664847,223
66250000,4790013,40643196,8.48499,19228,243862079,230
66300000,4790275,40654507,8.486880000000001,19234,244066771,234
66350000,4790569,40665875,8.48874,19245,244268733,203
66400000,4790854,40677085,8.49057,19247,244462338,205
66450000,4791161,40688335,8.49237,19256,244661565,224
66500000,4791440,40699351,8.49418,19263,244858647,245
66550000,4791719,40710610,8.496030000000001,19271,245070766,219
66600000,4792025,40721959,8.497860000000001,19281,245279292,218
66650000,4792336,40733129,8.49964,19291,245482812,223
66700000,4792635,40744248,8.501430000000001,19297,245687581,244
66750000,4792896,40755336,8.50328,19303,245896212,252
66800000,4793172,40766288,8.50508,19311,246099584,213
66850000,4793456,40777177,8.506839999999999,19316,246303874,225
66900000,4793747,40788190,8.50862,19320,246506850,216
66950000,4794033,40799012,8.51037,19330,246707306,215
67000000,4794339,40810059,8.51213,19333,246905918,214
67050000,4794614,40820931,8.513910000000001,19340,247114836,211
67100000,4794920,40831814,8.51564,19347,247307875,223
67150000,4795192,40842876,8.51746,19354,247511831,228
67200000,4795476,40853656,8.519210000000001,19359,247704612,208
67250000,4795780,40864426,8.52091,19362,247894395,206
67300000,4796059,40875118,8.52265,19366,248085642,215
67350000,4796329,40885814,8.5244,19368,248269472,205
67400000,4796601,40896595,8.52616,19382,248466463,196
67450000,4796868,40907186,8.52789,19392,248665495,212
67500000,4797163,40917686,8.52956,19400,248850623,201
67550000,4797474,40928315,8.53122,19403,249046562,193
67600000,4797737,40938844,8.53295,19408,249244762,181
67650000,4798007,40949309,8.53465,19417,249438420,226
67700000,4798275,40959765,8.53635,19417,249629479,214
67750000,4798541,40970353,8.538089999999999,19422,249820412,224
67800000,4798827,40980810,8.539760000000001,19427,250010386,218
67850000,4799079,40991361,8.54151,19433,250194839,200
67900000,4799306,41001771,8.54327,19435,250379276,206
67950000,4799557,41012266,8.545010000000001,19443,250585514,190
68000000,4799858,41022608,8.54663,19450,250770919,202
68050000,4800119,41032983,8.54833,19454,250956905,226
68100000,4800377,41043253,8.55001,19456,251143784,196
68150000,4800632,41053624,8.55171,19456,251330664,205
68200000,4800900,41063892,8.55337,19467,251517946,201
68250000,4801154,41074103,8.55505,19469,251699754,191
68300000,4801414,41084168,8.55668,19474,251876869,184
68350000,4801660,41094385,8.55837,19479,252064678,221
68400000,4801929,41104474,8.559989999999999,19485,252248771,198
68450000,4802192,41114582,8.561630000000001,19491,252431741,177
68500000,4802451,41124560,8.563239999999999,19496,252605837,194
68550000,4802681,41134516,8.564910000000001,19497,252786239,215
68600000,4802934,41144436,8.56652,19502,252969473,214
68650000,4803166,41154472,8.5682,19507,253163156,210
68700000,4803410,41164467,8.56984,19510,253345595,194
68750000,4803682,41174360,8.57142,19513,253527823,201
68800000,4803913,41184202,8.57305,19515,253706370,220
68850000,4804184,41194106,8.57463,19521,253893385,205
68900000,4804439,41203884,8.576210000000001,19526,254076272,171
68950000,4804689,41213600,8.57779,19531,254252565,205
69000000,4804929,41223300,8.57938,19535,254436809,198
69050000,4805189,41232967,8.58093,19542,254610984,198
69100000,4805411,41242724,8.58256,19546,254782732,192
69150000,4805692,41252464,8.58408,19546,254963993,203
69200000,4805922,41262044,8.58567,19555,255144442,191
69250000,4806185,41271733,8.58721,19557,255321546,196
69300000,4806469,41281380,8.58871,19559,255502422,193
69350000,4806737,41290972,8.59023,19563,255673794,190
69400000,4806968,41300460,8.59179,19568,255845337,185
69450000,4807206,41309906,8.59333,19574,256019705,198
69500000,4807486,41319427,8.59481,19582,256200201,172
69550000,4807717,41328872,8.59636,19586,256373089,187
69600000,4807948,41338150,8.59788,19592,256543110,178
69650000,4808186,41347540,8.59941,19598,256722209,197
69700000,4808447,41356896,8.60088,19602,256894926,185
69750000,4808684,41366311,8.60242,19603,257072795,167
69800000,4808911,41375459,8.60391,19609,257241059,156
69850000,4809171,41384660,8.605360000000001,19615,257407924,186
69900000,4809409,41393969,8.606869999999999,19621,257590763,192
69950000,4809643,41403123,8.608360000000001,19621,257754519,186
70000000,4809898,41412398,8.60983,19625,257920156,175
70050000,4810138,41421662,8.61133,19625,258090780,187
70100000,4810360,41430597,8.612789999999999,19631,258261810,198
70150000,4810603,41439696,8.614239999999999,19635,258435471,187
70200000,4810831,41448638,8.615689999999999,19642,258611925,185
70250000,4811043,41457639,8.617180000000001,19642,258783663,177
70300000,4811274,41466677,8.61865,19650,258954361,167
70350000,4811511,41475716,8.6201,19650,259121582,193
70400000,4811729,41484691,8.62158,19650,259289534,191
70450000,4811946,41493702,8.62306,19658,259454739,174
70500000,4812167,41502445,8.62448,19662,259620430,189
70550000,4812393,41511388,8.62593,19669,259789990,177
70600000,4812625,41520162,8.62734,19673,259956291,167
70650000,4812863,41528882,8.628730000000001,19678,260119573,190
70700000,4813092,41537715,8.63015,19683,260281913,192
70750000,4813298,41546528,8.63161,19691,260442393,182
70800000,4813540,41555310,8.633,19697,260610959,173
70850000,4813766,41563989,8.6344,19703,260772672,161
70900000,4814004,41572771,8.6358,19704,260942279,188
70950000,4814230,41581471,8.6372,19706,261107568,168
71000000,4814455,41590028,8.63857,19714,261273665,175
71050000,4814675,41598443,8.63993,19721,261431545,146
71100000,4814884,41607039,8.64134,19724,261589447,156
71150000,4815133,41615582,8.642669999999999,19727,261740859,173
71200000,4815353,41624017,8.64402,19727,261896174,162
71250000,4815584,41632390,8.64535,19739,262052632,165
71300000,4815820,41640711,8.64665,19740,262212431,181
71350000,4816044,41649170,8.648,19744,262365237,179
71400000,4816244,41657494,8.64937,19746,262520551,179
71450000,4816473,41665896,8.65071,19748,262678393,163
71500000,4816680,41674130,8.65204,19756,262840079,160
71550000,4816902,41682519,8.65339,19758,262998883,153
71600000,4817114,41690749,8.65472,19760,263150929,154
71650000,4817338,41698938,8.65601,19765,263306510,170
71700000,4817570,41707123,8.65729,19768,263458819,150
71750000,4817812,41715320,8.658560000000001,19773,263614034,165
71800000,4818018,41723402,8.65987,19778,263763228,169
71850000,4818220,41731470,8.66118,19783,263920830,184
71900000,4818438,41739426,8.66244,19788,264069918,170
71950000,4818645,41747575,8.66376,19790,264220003,166
72000000,4818833,41755648,8.6651,19795,264368219,161
72050000,4819043,41763574,8.666360000000001,19798,264516787,157
72100000,4819275,41771576,8.66761,19803,264667621,155
72150000,4819473,41779585,8.66891,19807,264827050,174
72200000,4819668,41787582,8.67022,19809,264970729,158
72250000,4819877,41795454,8.67148,19809,265115786,156
72300000,4820071,41803344,8.67277,19812,265258848,157
72350000,4820254,41811113,8.67405,19812,265406169,170
72400000,4820444,41818968,8.67534,19818,265552390,127
72450000,4820662,41826858,8.67658,19823,265703829,153
72500000,4820854,41834507,8.67782,19823,265853450,145
72550000,4821042,41842150,8.67907,19829,266005168,148
72600000,4821241,41849741,8.68028,19834,266151359,160
72650000,4821447,41857290,8.68148,19837,266291283,139
72700000,4821639,41864877,8.68271,19845,266437982,134
72750000,4821825,41872433,8.68394,19849,266582959,140
72800000,4822015,41879995,8.68516,19855,266731680,138
72850000,4822214,41887373,8.68634,19856,266865448,166
72900000,4822409,41894687,8.6875,19859,267010572,150
72950000,4822615,41901925,8.68863,19861,267145942,159
73000000,4822831,41909414,8.6898,19862,267286334,149
73050000,4823003,41916835,8.69102,19862,267439728,135
73100000,4823195,41924262,8.692219999999999,19874,267583780,152
73150000,4823351,41931621,8.69346,19880,267722036,159
73200000,4823570,41938956,8.69459,19884,267867750,134
73250000,4823748,41946219,8.69577,19887,268008779,150
73300000,4823905,41953498,8.697000000000001,19890,268148352,143
73350000,4824105,41960862,8.69817,19890,268286286,144
73400000,4824313,41968102,8.69929,19897,268422973,165
73450000,4824487,41975111,8.70043,19900,268568894,151
73500000,4824678,41982176,8.70155,19904,268698667,150
73550000,4824859,41989352,8.70271,19906,268842232,160
73600000,4825031,41996542,8.70389,19913,268987172,141
73650000,4825199,42003522,8.70503,19914,269124696,127
73700000,4825381,42010446,8.70614,19917,269252650,168
73750000,4825555,42017354,8.70726,19926,269391066,137
73800000,4825738,42024404,8.70839,19928,269524713,143
73850000,4825924,42031372,8.7095,19928,269654216,141
73900000,4826111,42038302,8.7106,19928,269787605,150
73950000,4826262,42045219,8.71176,19928,269918556,160
74000000,4826442,42052038,8.71284,19939,270048107,125
74050000,4826636,42058768,8.71389,19939,270184692,142
74100000,4826805,42065616,8.715,19948,270317284,155
74150000,4826966,42072385,8.71611,19951,270443508,121
74200000,4827131,42079026,8.717189999999999,19954,270577455,125
74250000,4827302,42085859,8.7183,19955,270713878,130
74300000,4827490,42092491,8.719330000000001,19957,270834776,113
74350000,4827650,42099096,8.720410000000001,19960,270966548,136
74400000,4827813,42105760,8.7215,19962,271101525,125
74450000,4827960,42112276,8.72258,19964,271229425,123
74500000,4828105,42118916,8.7237,19966,271358430,140
74550000,4828277,42125421,8.724730000000001,19968,271485004,124
74600000,4828449,42131870,8.725760000000001,19974,271608749,130
74650000,4828621,42138271,8.72677,19979,271728316,129
74700000,4828771,42144751,8.727839999999999,19984,271857069,114
74750000,4828947,42151123,8.72884,19985,271977955,137
74800000,4829109,42157505,8.72987,19986,272105985,128
74850000,4829258,42164000,8.73095,19986,272239677,111
74900000,4829422,42170297,8.73196,19988,272369060,119
74950000,4829585,42176417,8.73293,19995,272486702,108
75000000,4829722,42182590,8.73396,19995,272599441,139
75050000,4829898,42188875,8.73494,20003,272715838,142
75100000,4830064,42195094,8.73593,20003,272837731,114
75150000,4830205,42201375,8.73697,20007,272958496,114
75200000,4830371,42207613,8.737969999999999,20012,273078136,134
75250000,4830536,42213722,8.73893,20014,273196289,130
75300000,4830680,42219632,8.739889999999999,20024,273310077,111
75350000,4830831,42225722,8.74088,20024,273429051,118
75400000,4830971,42231764,8.74188,20028,273543800,117
75450000,4831097,42237684,8.74288,20028,273659423,121
75500000,4831255,42243648,8.74382,20032,273776622,112
75550000,4831410,42249395,8.74473,20035,273884567,129
75600000,4831549,42255290,8.7457,20037,273992713,118
75650000,4831693,42261183,8.74666,20040,274109998,110
75700000,4831856,42267121,8.7476,20042,274225902,132
75750000,4831990,42272965,8.748560000000001,20049,274340950,103
75800000,4832133,42278760,8.7495,20049,274454772,111
75850000,4832288,42284541,8.75042,20054,274569829,120
75900000,4832441,42290264,8.751330000000001,20056,274676149,121
75950000,4832587,42295945,8.752239999999999,20060,274781369,114
76000000,4832730,42301566,8.75314,20064,274885921,100
76050000,4832882,42307068,8.754,20068,274996536,105
76100000,4833017,42312646,8.75491,20068,275108010,91
76150000,4833158,42318151,8.7558,20074,275213617,121
76200000,4833302,42323677,8.756680000000001,20076,275316119,112
76250000,4833452,42329225,8.75756,20079,275425891,102
76300000,4833599,42334597,8.7584,20081,275525568,119
76350000,4833749,42340128,8.759269999999999,20081,275640199,111
76400000,4833879,42345523,8.76015,20088,275737602,102
76450000,4834009,42350921,8.76103,20089,275839501,118
76500000,4834128,42356281,8.76193,20095,275944381,116
76550000,4834271,42361576,8.76276,20100,276053092,106
76600000,4834396,42366873,8.763630000000001,20102,276151039,98
76650000,4834529,42372124,8.76448,20108,276246419,97
76700000,4834672,42377469,8.76532,20110,276349775,112
76750000,4834814,42382708,8.76615,20115,276450118,96
76800000,4834945,42387994,8.76701,20119,276551897,128
76850000,4835095,42393177,8.76781,20121,276647704,95
76900000,4835236,42398462,8.76864,20125,276752092,99
76950000,4835365,42403581,8.76947,20125,276854069,103
77000000,4835510,42408756,8.77028,20127,276957435,109
77050000,4835648,42413907,8.77109,20128,277059800,102
77100000,4835757,42418925,8.771930000000001,20130,277162931,103
77150000,4835895,42424029,8.772739999999999,20136,277266302,103
77200000,4836036,42428955,8.7735,20136,277370226,84
77250000,4836161,42433866,8.774289999999999,20141,277470399,106
77300000,4836297,42438741,8.77505,20144,277575692,97
77350000,4836414,42443744,8.77587,20148,277673427,97
77400000,4836536,42448600,8.77665,20153,277768153,90
77450000,4836671,42453467,8.77741,20156,277862580,109
77500000,4836805,42458332,8.77818,20156,277963983,83
77550000,4836923,42463042,8.778939999999999,20160,278056148,106
77600000,4837036,42467751,8.779710000000001,20160,278150596,117
77650000,4837161,42472526,8.78047,20166,278236240,77
77700000,4837281,42477180,8.78121,20166,278327386,112
77750000,4837410,42481922,8.78196,20166,278422134,80
77800000,4837519,42486630,8.78273,20173,278515877,87
77850000,4837615,42491130,8.783489999999999,20176,278604412,103
77900000,4837722,42495688,8.784239999999999,20180,278702664,70
77950000,4837847,42500264,8.78495,20183,278789298,109
78000000,4837958,42504867,8.7857,20187,278882699,101
78050000,4838083,42509383,8.78641,20190,278973208,95
78100000,4838195,42513812,8.78712,20190,279060517,82
78150000,4838306,42518297,8.78785,20196,279152555,102
78200000,4838428,42522698,8.78854,20197,279239425,86
78250000,4838536,42526963,8.78922,20197,279323244,95
78300000,4838651,42531335,8.78992,20200,279407639,90
78350000,4838746,42535733,8.79065,20202,279495639,80
78400000,4838861,42540014,8.79133,20204,279570373,82
78450000,4838983,42544317,8.792,20206,279654997,81
78500000,4839070,42548555,8.792710000000001,20206,279739512,72
78550000,4839177,42552767,8.793389999999999,20206,279822728,67
78600000,4839267,42556880,8.794080000000001,20210,279902218,83
78650000,4839380,42560953,8.79471,20210,279985599,67
78700000,4839462,42565009,8.7954,20212,280068477,72
78750000,4839566,42569037,8.79604,20216,280150424,89
78800000,4839672,42573131,8.7967,20220,280228212,94
78850000,4839764,42577136,8.797360000000001,20223,280306646,70
78900000,4839868,42581089,8.797989999999999,20223,280388115,84
78950000,4839969,42585091,8.798630000000001,20226,280467436,85
79000000,4840080,42589052,8.79925,20226,280544035,86
79050000,4840188,42592922,8.79985,20231,280616419,76
79100000,4840300,42596795,8.80045,20231,280689483,72
79150000,4840408,42600630,8.801039999999999,20231,280770184,68
79200000,4840505,42604299,8.80162,20233,280839569,80
79250000,4840612,42608145,8.80222,20233,280919320,74
79300000,4840705,42611932,8.80284,20233,280995821,66
79350000,4840783,42615703,8.803469999999999,20233,281069809,66
79400000,4840875,42619365,8.80406,20238,281145178,91
79450000,4840952,42622975,8.80467,20238,281217415,71
79500000,4841050,42626582,8.80523,20238,281291403,67
79550000,4841142,42630186,8.805810000000001,20238,281368530,69
79600000,4841239,42633797,8.80638,20238,281438812,58
79650000,4841303,42637287,8.806989999999999,20238,281511190,69
79700000,4841388,42640888,8.80758,20238,281590348,70
79750000,4841495,42644428,8.808110000000001,20238,281659189,49
79800000,4841574,42647847,8.80867,20245,281725412,76
79850000,4841663,42651346,8.80923,20246,281791109,83
79900000,4841742,42654741,8.80979,20247,281857673,67
79950000,4841824,42658076,8.81033,20247,281917389,72
80000000,4841903,42661418,8.810880000000001,20250,281984816,69
80050000,4841985,42664663,8.8114,20250,282050098,58
80100000,4842075,42667974,8.811919999999999,20250,282119009,76
80150000,4842145,42671170,8.81245,20254,282180478,65
80200000,4842231,42674373,8.81296,20254,282240807,65
80250000,4842317,42677591,8.813460000000001,20259,282300806,67
80300000,4842400,42680687,8.81395,20259,282363249,51
80350000,4842477,42683768,8.81445,20263,282426900,72
80400000,4842557,42686922,8.81495,20263,282494524,60
80450000,4842644,42689932,8.81542,20267,282549519,57
80500000,4842726,42692991,8.8159,20267,282610916,58
80550000,4842806,42695958,8.81637,20270,282665571,63
80600000,4842881,42698845,8.81683,20270,282724601,57
80650000,4842967,42701815,8.81728,20270,282780445,53
80700000,4843048,42704733,8.817739999999999,20270,282839594,55
80750000,4843118,42707666,8.81822,20274,282895811,58
80800000,4843179,42710583,8.818710000000001,20276,282953771,56
80850000,4843245,42713413,8.81917,20277,283011252,58
80900000,4843311,42716216,8.81963,20278,283066733,48
80950000,4843377,42719045,8.820089999999999,20278,283124030,52
81000000,4843430,42721867,8.82058,20281,283182320,59
81050000,4843503,42724575,8.821010000000001,20284,283235531,64
81100000,4843587,42727347,8.82143,20284,283286614,68
81150000,4843656,42730062,8.821860000000001,20288,283343475,54
81200000,4843732,42732720,8.82227,20290,283393950,47
81250000,4843801,42735363,8.82269,20290,283442307,43
81300000,4843855,42737926,8.82312,20292,283490161,53
81350000,4843919,42740467,8.82353,20292,283539172,47
81400000,4843980,42742986,8.823939999999999,20292,283593106,64
81450000,4844034,42745431,8.82435,20292,283640942,60
81500000,4844097,42747877,8.82474,20292,283690392,51
81550000,4844152,42750267,8.82513,20292,283738666,49
81600000,4844219,42752664,8.8255,20292,283787664,43
81650000,4844277,42755095,8.8259,20292,283836385,64
81700000,4844333,42757474,8.82629,20294,283883654,48
81750000,4844396,42759791,8.82665,20294,283926263,41
81800000,4844450,42762103,8.82703,20298,283972771,43
81850000,4844506,42764381,8.8274,20300,284016816,39
81900000,4844572,42766596,8.82773,20300,284062044,47
81950000,4844629,42768858,8.8281,20303,284109690,44
82000000,4844689,42771114,8.82845,20303,284152833,54
82050000,4844757,42773291,8.82878,20303,284196682,50
82100000,4844810,42775427,8.82912,20303,284237462,54
82150000,4844855,42777509,8.82947,20305,284276216,51
82200000,4844904,42779493,8.82979,20305,284317081,29
82250000,4844959,42781544,8.830110000000001,20305,284354596,33
82300000,4845000,42783530,8.83045,20307,284397876,27
82350000,4845037,42785415,8.83077,20308,284433703,37
82400000,4845079,42787461,8.83112,20311,284475825,33
82450000,4845128,42789401,8.831430000000001,20311,284516978,30
82500000,4845170,42791324,8.83175,20311,284559946,38
82550000,4845214,42793148,8.83204,20313,284593732,54
82600000,4845260,42794959,8.83233,20314,284628849,42
82650000,4845312,42796705,8.8326,20314,284660634,34
82700000,4845366,42798542,8.832880000000001,20314,284700120,31
82750000,4845400,42800262,8.833169999999999,20316,284736682,27
82800000,4845447,42801928,8.83343,20318,284769068,32
82850000,4845494,42803551,8.833680000000001,20319,284799907,31
82900000,4845539,42805208,8.83394,20319,284830334,31
82950000,4845575,42806851,8.83421,20320,284863655,29
83000000,4845607,42808425,8.834480000000001,20320,284891007,29
83050000,4845642,42809957,8.83473,20320,284922123,39
83100000,4845669,42811483,8.835,20320,284952884,27
83150000,4845705,42812993,8.83525,20320,284982548,27
83200000,4845739,42814443,8.83548,20321,285012805,32
83250000,4845768,42815929,8.83574,20321,285043893,37
83300000,4845803,42817334,8.83596,20321,285068406,28
83350000,4845837,42818796,8.8362,20321,285100707,33
83400000,4845876,42820174,8.83642,20321,285127197,29
83450000,4845901,42821469,8.83664,20321,285154244,29
83500000,4845931,42822761,8.83685,20321,285181475,28
83550000,4845955,42824029,8.837069999999999,20321,285201619,21
83600000,4845979,42825321,8.83729,20323,285223925,30
83650000,4846007,42826500,8.837480000000001,20323,285246501,15
83700000,4846040,42827618,8.83765,20323,285265920,19
83750000,4846066,42828794,8.83785,20325,285289635,24
83800000,4846098,42829987,8.83804,20325,285313339,28
83850000,4846126,42831116,8.83822,20325,285337115,31
83900000,4846151,42832234,8.8384,20325,285357432,24
83950000,4846181,42833239,8.838560000000001,20325,285374993,22
84000000,4846203,42834247,8.83872,20325,285394128,15
84050000,4846220,42835257,8.8389,20325,285412893,17
84100000,4846246,42836215,8.83905,20325,285432988,13
84150000,4846266,42837095,8.8392,20327,285448741,19
84200000,4846278,42837989,8.839360000000001,20327,285469365,16
84250000,4846304,42838890,8.8395,20329,285488222,19
84300000,4846326,42839698,8.83962,20329,285505976,11
84350000,4846345,42840500,8.83975,20329,285521655,15
84400000,4846366,42841297,8.83988,20329,285537806,15
84450000,4846390,42842020,8.83999,20329,285554025,11
84500000,4846404,42842746,8.840110000000001,20329,285566784,8
84550000,4846424,42843439,8.84022,20329,285579073,8
84600000,4846433,42844064,8.84033,20329,285593203,9
84650000,4846445,42844756,8.84045,20332,285606895,11
84700000,4846454,42845368,8.84056,20332,285618116,14
84750000,4846472,42845945,8.84065,20332,285629062,16
84800000,4846479,42846484,8.84074,20332,285641659,11
84850000,4846489,42847028,8.84084,20332,285652369,7
84900000,4846504,42847550,8.84092,20332,285661785,6
84950000,4846518,42847975,8.84098,20332,285672716,10
85000000,4846535,42848378,8.84103,20332,285679459,9
85050000,4846547,42848783,8.8411,20332,285687517,5
85100000,4846554,42849157,8.84116,20332,285694184,13
85150000,4846562,42849496,8.84121,20332,285701578,7
85200000,4846574,42849784,8.84125,20332,285706136,2
85250000,4846578,42850058,8.8413,20332,285711808,9
85300000,4846588,42850333,8.841339999999999,20332,285716831,5
85350000,4846594,42850548,8.84137,20332,285720586,3
85400000,4846599,42850722,8.8414,20332,285722568,6
85450000,4846604,42850885,8.84142,20332,285724648,4
85500000,4846607,42851014,8.84145,20332,285727031,0
85550000,4846608,42851099,8.841460000000001,20332,285728687,3
85600000,4846608,42851170,8.84148,20332,285729616,0
85650000,4846609,42851216,8.84148,20332,285729916,0
85700000,4846609,42851237,8.84149,20332,285730264,0
