timestep,num_nodes,num_edges,average_degree,max_degree,num_triangles,new_edges
0,1979,1000,0.505306,3,0,1000
50000,94238,50988,0.5410560000000001,27,0,1000
100000,176998,100939,0.570283,59,2,999
150000,252890,150850,0.596504,74,14,996
200000,323543,200755,0.6204890000000001,92,35,995
250000,389346,250614,0.643679,115,62,999
300000,451445,300430,0.665485,140,91,997
350000,510478,350207,0.686037,157,159,990
400000,566308,400004,0.706336,177,233,997
450000,619433,449739,0.7260489999999999,212,328,992
500000,670068,499466,0.7453960000000001,236,447,994
550000,718692,549141,0.764084,264,600,996
600000,765565,598808,0.7821779999999999,288,796,991
650000,810408,648442,0.800143,315,1019,996
700000,853419,698062,0.817959,336,1270,992
750000,895093,747662,0.83529,352,1586,991
800000,935234,797192,0.852398,390,1900,984
850000,974136,846729,0.86921,409,2269,987
900000,1011822,896231,0.88576,440,2684,999
950000,1047969,945678,0.9023909999999999,470,3173,988
1000000,1083473,995158,0.9184889999999999,492,3702,984
1050000,1117867,1044527,0.934393,515,4306,988
1100000,1151186,1093865,0.950207,534,4945,988
1150000,1183899,1143208,0.9656299999999999,563,5589,982
1200000,1215612,1192567,0.981042,574,6298,991
1250000,1246239,1241881,0.996503,599,7085,982
1300000,1276411,1291130,1.0115299999999998,626,7942,984
1350000,1305839,1340337,1.02642,637,8870,983
1400000,1334537,1389531,1.04121,658,9897,984
1450000,1362648,1438696,1.0558100000000001,680,10970,977
1500000,1389939,1487816,1.0704200000000001,708,12127,983
1550000,1416514,1536907,1.08499,737,13355,977
1600000,1442575,1585932,1.09938,766,14660,982
1650000,1467806,1635008,1.11391,796,16050,979
1700000,1492837,1684030,1.1280700000000001,829,17506,982
1750000,1516953,1732980,1.14241,863,19149,988
1800000,1540883,1781952,1.15645,882,20846,983
1850000,1564271,1830891,1.17044,904,22560,976
1900000,1587334,1879747,1.18422,933,24450,977
1950000,1609858,1928625,1.19801,952,26409,967
2000000,1631884,1977455,1.21176,974,28406,969
2050000,1653690,2026273,1.2253,1002,30555,977
2100000,1675198,2075044,1.23869,1027,32886,980
2150000,1696080,2123850,1.25221,1047,35121,978
2200000,1716789,2172592,1.2655,1075,37636,977
2250000,1736761,2221306,1.27899,1106,40235,975
2300000,1756492,2269882,1.2922799999999999,1126,42965,975
2350000,1775959,2318504,1.30549,1150,45834,969
2400000,1795276,2367129,1.31853,1168,48748,974
2450000,1813973,2415679,1.33171,1192,51841,967
2500000,1832576,2464238,1.34469,1213,54932,967
2550000,1850972,2512774,1.35754,1230,58193,969
2600000,1869129,2561265,1.3703,1249,61592,970
2650000,1887007,2609677,1.38297,1276,65038,971
2700000,1904345,2658130,1.39582,1297,68681,968
2750000,1921479,2706504,1.40855,1316,72453,973
2800000,1938057,2754901,1.4214799999999999,1339,76465,966
2850000,1954629,2803236,1.43415,1361,80484,964
2900000,1970943,2851584,1.44681,1393,84705,968
2950000,1987123,2899840,1.4593200000000002,1423,89085,952
3000000,2003120,2948144,1.4717799999999999,1443,93539,971
3050000,2018797,2996423,1.4842600000000001,1473,98146,964
3100000,2034332,3044665,1.49664,1496,102833,977
3150000,2049447,3092848,1.50911,1514,107722,958
3200000,2064595,3140994,1.52136,1535,112682,970
3250000,2079611,3189182,1.53355,1565,117806,967
3300000,2094289,3237197,1.5457299999999998,1581,123262,963
3350000,2108733,3285266,1.55793,1607,128772,957
3400000,2122923,3333310,1.57015,1635,134303,957
3450000,2137138,3381259,1.5821399999999999,1655,140211,966
3500000,2151037,3429263,1.5942399999999999,1673,146097,959
3550000,2164596,3477123,1.60636,1700,152583,950
3600000,2178260,3525083,1.6183,1718,158919,958
3650000,2191518,3572897,1.6303299999999998,1738,165706,967
3700000,2204808,3620717,1.64219,1772,172386,948
3750000,2218080,3668578,1.6539400000000002,1796,179218,955
3800000,2231228,3716332,1.6656,1822,186317,950
3850000,2244063,3764140,1.6773799999999999,1850,193440,954
3900000,2256855,3811865,1.68902,1873,200816,955
3950000,2269360,3859586,1.7007400000000001,1898,208436,947
4000000,2281596,3907200,1.71249,1917,216326,960
4050000,2293919,3954843,1.72406,1938,224484,952
4100000,2306060,4002519,1.73565,1960,232591,946
4150000,2318097,4050122,1.74718,1979,240923,952
4200000,2329958,4097708,1.7587,1995,249560,951
4250000,2341731,4145187,1.77014,2034,258538,960
4300000,2353437,4192704,1.78152,2046,267465,958
4350000,2364811,4240185,1.79303,2065,276883,949
4400000,2376171,4287666,1.80444,2093,286254,949
4450000,2387407,4335135,1.8158299999999998,2121,296113,942
4500000,2398608,4382558,1.82713,2134,305701,948
4550000,2409552,4429919,1.83848,2146,315664,960
4600000,2420609,4477298,1.8496599999999999,2174,326029,947
4650000,2431192,4524495,1.8610200000000001,2200,336460,928
4700000,2441895,4571783,1.8722299999999998,2227,347088,934
4750000,2452549,4618960,1.88333,2243,357962,947
4800000,2463135,4666089,1.89437,2264,368820,952
4850000,2473449,4713262,1.9055400000000002,2280,380059,939
4900000,2483824,4760503,1.9166,2298,391592,943
4950000,2493990,4807684,1.9277099999999998,2323,403369,945
5000000,2504044,4854851,1.9388,2350,415134,940
5050000,2514138,4901878,1.94973,2378,427376,947
5100000,2524113,4948848,1.9606299999999999,2404,439664,943
5150000,2534032,4995791,1.97148,2422,452244,948
5200000,2543759,5042645,1.98236,2450,465120,932
5250000,2553389,5089613,1.99328,2467,478288,951
5300000,2563022,5136599,2.00412,2480,492060,945
5350000,2572761,5183544,2.01478,2508,505608,934
5400000,2582105,5230338,2.02561,2532,518913,929
5450000,2591447,5277087,2.03635,2553,533048,942
5500000,2600528,5323898,2.04724,2571,547511,934
5550000,2609740,5370595,2.0579,2596,562124,923
5600000,2618939,5417399,2.06855,2616,576334,934
5650000,2627916,5464127,2.0792599999999997,2636,591238,932
5700000,2636710,5510753,2.09001,2662,606748,935
5750000,2645514,5557510,2.10073,2691,622001,938
5800000,2654350,5604294,2.11136,2722,637872,941
5850000,2663115,5650942,2.12193,2745,653696,932
5900000,2671752,5697500,2.1325,2755,670010,934
5950000,2680320,5744039,2.14304,2791,686492,927
6000000,2688643,5790479,2.15368,2806,703327,917
6050000,2697061,5836960,2.16419,2826,720783,905
6100000,2705428,5883307,2.17463,2843,737936,933
6150000,2713589,5929714,2.18519,2865,755613,924
6200000,2721735,5976095,2.1956900000000004,2886,773252,932
6250000,2729678,6022541,2.2063200000000003,2911,791616,936
6300000,2737754,6068866,2.21673,2938,809916,931
6350000,2745844,6115121,2.22705,2957,829048,926
6400000,2753937,6161377,2.2373,2987,848247,926
6450000,2761609,6207618,2.24783,3003,867976,937
6500000,2769631,6253747,2.2579700000000003,3033,887226,921
6550000,2777458,6299914,2.26823,3060,907488,904
6600000,2785124,6345992,2.27853,3091,927835,926
6650000,2792853,6392168,2.28876,3119,948070,920
6700000,2800520,6438255,2.29895,3145,969300,916
6750000,2808037,6484303,2.30919,3172,990509,915
6800000,2815589,6530353,2.3193599999999996,3177,1011940,922
6850000,2823108,6576418,2.3295,3205,1033839,916
6900000,2830539,6622395,2.33962,3232,1056056,930
6950000,2837928,6668354,2.34973,3253,1078140,928
7000000,2845226,6714270,2.35984,3273,1100823,913
7050000,2852424,6760153,2.36997,3298,1123688,916
7100000,2859490,6805976,2.3801400000000004,3319,1146814,896
7150000,2866727,6851785,2.39011,3341,1170043,918
7200000,2873627,6897554,2.4003,3364,1194272,913
7250000,2880715,6943329,2.4102799999999998,3386,1218369,895
7300000,2887767,6989045,2.42022,3402,1242731,907
7350000,2894741,7034665,2.43015,3425,1267262,917
7400000,2901725,7080330,2.44004,3441,1292048,919
7450000,2908422,7125962,2.45011,3463,1317664,920
7500000,2915291,7171609,2.46,3482,1342765,922
7550000,2922041,7217085,2.46988,3505,1368378,917
7600000,2928769,7262585,2.47974,3523,1394127,905
7650000,2935345,7308249,2.4897400000000003,3542,1420590,918
7700000,2942049,7353806,2.49955,3571,1446934,894
7750000,2948660,7399214,2.50935,3588,1473783,915
7800000,2955248,7444757,2.51916,3609,1500312,911
7850000,2961632,7490254,2.5291,3624,1528374,894
7900000,2968113,7535593,2.53885,3651,1556380,906
7950000,2974624,7581026,2.5485700000000002,3677,1584244,906
8000000,2981104,7626359,2.55823,3692,1612475,891
8050000,2987490,7671587,2.5679,3717,1641797,902
8100000,2993871,7716856,2.57755,3737,1670940,913
8150000,3000145,7762145,2.5872599999999997,3758,1700579,909
8200000,3006237,7807345,2.59705,3781,1730324,890
8250000,3012428,7852518,2.6067099999999996,3803,1760225,918
8300000,3018647,7897661,2.6162900000000002,3827,1791593,888
8350000,3024747,7942880,2.62597,3846,1821696,910
8400000,3030669,7987955,2.63571,3873,1852858,901
8450000,3036652,8033036,2.6453599999999997,3893,1884816,904
8500000,3042684,8078031,2.6549,3918,1916027,897
8550000,3048578,8123055,2.66454,3937,1948509,901
8600000,3054478,8168020,2.6741099999999998,3970,1981307,883
8650000,3060292,8212999,2.6837299999999997,3988,2014270,875
8700000,3066135,8257857,2.69325,4009,2047771,896
8750000,3071947,8302729,2.70276,4034,2082547,896
8800000,3077793,8347662,2.71222,4050,2116214,892
8850000,3083640,8392488,2.72162,4074,2150650,892
8900000,3089346,8437396,2.73113,4090,2184747,912
8950000,3095013,8482307,2.74064,4113,2220527,908
9000000,3100672,8527074,2.75007,4136,2255197,896
9050000,3106292,8571701,2.75946,4149,2289891,888
9100000,3111984,8616207,2.76872,4177,2324673,897
9150000,3117654,8660756,2.7779700000000003,4193,2360801,893
9200000,3123168,8705403,2.78736,4211,2398250,887
9250000,3128600,8750061,2.7968,4238,2435243,892
9300000,3133976,8794546,2.80619,4257,2472864,906
9350000,3139399,8839085,2.81553,4278,2510481,896
9400000,3144879,8883531,2.82476,4303,2549439,890
9450000,3150366,8928020,2.83396,4323,2587538,886
9500000,3155716,8972534,2.84326,4339,2626168,887
9550000,3161071,9017011,2.85252,4365,2665947,890
9600000,3166332,9061412,2.8618,4387,2706090,883
9650000,3171577,9105783,2.87106,4408,2745282,886
9700000,3176771,9150050,2.8803,4428,2786533,883
9750000,3182009,9194417,2.8895,4445,2828109,898
9800000,3187280,9238758,2.89863,4462,2869067,894
9850000,3192337,9282928,2.90788,4480,2910510,876
9900000,3197502,9327177,2.91702,4505,2953052,874
9950000,3202754,9371361,2.92603,4526,2995011,892
10000000,3207937,9415597,2.93509,4548,3037701,900
10050000,3213090,9459903,2.94418,4569,3081368,891
10100000,3218185,9503996,2.95322,4592,3125130,888
10150000,3223205,9548094,2.9623,4617,3166447,887
10200000,3228171,9592175,2.9714,4639,3210202,889
10250000,3233123,9636315,2.9805,4658,3254351,885
10300000,3238073,9680348,2.9895400000000003,4682,3299049,864
10350000,3243038,9724229,2.9984900000000003,4700,3344291,874
10400000,3247997,9768217,3.00746,4724,3389395,878
10450000,3252881,9812123,3.0164400000000002,4747,3435614,884
10500000,3257753,9855966,3.0253900000000002,4766,3481583,895
10550000,3262581,9899737,3.0343299999999997,4782,3528457,899
10600000,3267307,9943554,3.04335,4803,3575233,889
10650000,3272219,9987244,3.05213,4821,3622716,862
10700000,3276924,10031079,3.06113,4848,3671004,880
10750000,3281623,10074857,3.07008,4870,3718878,888
10800000,3286371,10118483,3.07892,4888,3766951,872
10850000,3290989,10162149,3.08787,4908,3815084,885
10900000,3295636,10205727,3.09674,4921,3862550,874
10950000,3300262,10249342,3.10561,4940,3910769,875
11000000,3304983,10292867,3.11435,4963,3959907,870
11050000,3309546,10336358,3.1232,4985,4010905,870
11100000,3314165,10379883,3.13198,5009,4061919,877
11150000,3318711,10423634,3.14087,5027,4113371,871
11200000,3323291,10467270,3.14967,5039,4166485,879
11250000,3327828,10510673,3.15842,5061,4218092,877
11300000,3332341,10554135,3.16718,5090,4270606,885
11350000,3336813,10597525,3.17594,5105,4323302,876
11400000,3341282,10640823,3.18465,5130,4376595,856
11450000,3345734,10684233,3.19339,5152,4430891,876
11500000,3350100,10727456,3.20213,5177,4484136,854
11550000,3354540,10770774,3.21081,5191,4538612,881
11600000,3358931,10814040,3.21949,5205,4592858,871
11650000,3363283,10857306,3.22819,5229,4648028,871
11700000,3367629,10900512,3.23685,5253,4705444,879
11750000,3371952,10943614,3.24548,5280,4763138,863
11800000,3376212,10986753,3.2541700000000002,5302,4819055,860
11850000,3380478,11029818,3.2628,5323,4875777,863
11900000,3384843,11072878,3.2713099999999997,5334,4931332,846
11950000,3389005,11115964,3.28001,5349,4989642,851
12000000,3393262,11158931,3.28856,5370,5047312,846
12050000,3397404,11201898,3.29719,5384,5107761,866
12100000,3401501,11244847,3.30585,5401,5166656,854
12150000,3405641,11287702,3.3144099999999996,5421,5227465,829
12200000,3409771,11330692,3.32301,5440,5287067,867
12250000,3413823,11373511,3.33161,5459,5347837,843
12300000,3418032,11416196,3.3399900000000002,5479,5406851,852
12350000,3422115,11459104,3.3485400000000003,5498,5467362,861
12400000,3426243,11501791,3.3569699999999996,5513,5528683,856
12450000,3430155,11544453,3.3655800000000005,5532,5591598,859
12500000,3434169,11587118,3.3740699999999997,5557,5655088,849
12550000,3438122,11629758,3.38259,5575,5717368,854
12600000,3441992,11672481,3.3912,5593,5782111,858
12650000,3445973,11715208,3.3996800000000005,5605,5845414,854
12700000,3449797,11757773,3.40825,5626,5908730,836
12750000,3453782,11800346,3.41664,5645,5972301,837
12800000,3457686,11842710,3.42504,5664,6037114,843
12850000,3461573,11885145,3.43345,5684,6103656,852
12900000,3465459,11927617,3.4418599999999997,5707,6171393,860
12950000,3469245,11970082,3.45034,5727,6238822,853
13000000,3473083,12012538,3.45875,5742,6305564,866
13050000,3476983,12054887,3.46705,5762,6371861,854
13100000,3480881,12097234,3.47534,5785,6438265,841
13150000,3484652,12139618,3.48374,5796,6505463,849
13200000,3488522,12181986,3.4920199999999997,5809,6573009,830
13250000,3492336,12224264,3.50031,5832,6641156,838
13300000,3495966,12266548,3.5087699999999997,5853,6710599,860
13350000,3499692,12308678,3.51707,5865,6779400,846
13400000,3503473,12350794,3.5253,5884,6849202,859
13450000,3507067,12393012,3.5337300000000003,5906,6919682,825
13500000,3510767,12435070,3.54198,5929,6991030,838
13550000,3514314,12477162,3.55038,5951,7063144,838
13600000,3517897,12519238,3.55873,5966,7133268,869
13650000,3521597,12561299,3.56693,5988,7204579,832
13700000,3525327,12603355,3.5750900000000003,6013,7277786,841
13750000,3528951,12645363,3.5833199999999996,6029,7348188,828
13800000,3532541,12687363,3.59157,6044,7421224,866
13850000,3536073,12729265,3.5998300000000003,6056,7496424,835
13900000,3539606,12771132,3.6080699999999997,6075,7569283,829
13950000,3543188,12812863,3.6162,6106,7644596,839
14000000,3546680,12854796,3.62446,6122,7720222,842
14050000,3550223,12896672,3.6326400000000003,6144,7794396,839
14100000,3553694,12938472,3.64085,6162,7870100,830
14150000,3557162,12980167,3.6490199999999997,6183,7944953,812
14200000,3560582,13021903,3.6572400000000003,6204,8023184,850
14250000,3564077,13063631,3.6653599999999997,6220,8100896,839
14300000,3567507,13105214,3.67349,6236,8179017,812
14350000,3570965,13146843,3.6815900000000004,6261,8255280,836
14400000,3574412,13188548,3.68971,6284,8332990,824
14450000,3577906,13229980,3.69769,6303,8411965,832
14500000,3581341,13271551,3.70575,6320,8490776,820
14550000,3584760,13313152,3.7138199999999997,6351,8572470,816
14600000,3588215,13354666,3.72181,6367,8653052,810
14650000,3591515,13396149,3.72994,6392,8735002,842
14700000,3594912,13437539,3.7379300000000004,6406,8816967,828
14750000,3598252,13478932,3.74597,6423,8898730,830
14800000,3601500,13520289,3.7540699999999996,6447,8983409,830
14850000,3604728,13561644,3.7621800000000003,6466,9064235,835
14900000,3608120,13603006,3.77011,6493,9147986,829
14950000,3611310,13644261,3.7782,6504,9231645,829
15000000,3614502,13685525,3.78628,6523,9314499,817
15050000,3617779,13726733,3.7942400000000003,6541,9397230,830
15100000,3621018,13767915,3.8022199999999997,6566,9481279,803
15150000,3624347,13809176,3.81011,6584,9567154,824
15200000,3627544,13850305,3.81809,6595,9651028,838
15250000,3630799,13891438,3.826,6615,9736268,827
15300000,3633902,13932430,3.8340099999999997,6641,9824450,826
15350000,3637135,13973523,3.8419,6661,9912799,827
15400000,3640247,14014349,3.8498300000000003,6679,9999999,805
15450000,3643445,14055316,3.8577,6710,10088748,802
15500000,3646593,14096257,3.8656,6726,10179081,817
15550000,3649644,14137070,3.87355,6747,10265896,806
15600000,3652841,14178053,3.8813800000000005,6768,10354980,815
15650000,3656013,14218847,3.8891699999999996,6787,10444902,809
15700000,3659136,14259714,3.89702,6812,10535851,814
15750000,3662202,14300615,3.9049199999999997,6830,10626542,839
15800000,3665382,14341311,3.91264,6846,10715658,812
15850000,3668327,14382246,3.92066,6876,10808171,832
15900000,3671357,14423041,3.9285300000000003,6890,10900386,822
15950000,3674384,14463666,3.93635,6912,10990539,825
16000000,3677481,14504269,3.9440800000000005,6926,11084337,823
16050000,3680521,14544959,3.9518800000000005,6931,11178329,824
16100000,3683719,14585414,3.9594300000000002,6947,11272352,798
16150000,3686769,14625994,3.96716,6974,11369579,814
16200000,3689726,14666487,3.97495,6986,11462270,809
16250000,3692793,14707210,3.98268,7002,11557906,810
16300000,3695824,14747721,3.9903699999999995,7014,11654388,823
16350000,3698692,14788227,3.9982300000000004,7037,11750147,809
16400000,3701627,14828630,4.00598,7058,11845753,810
16450000,3704665,14869046,4.0136,7082,11944157,806
16500000,3707654,14909348,4.02123,7102,12043482,825
16550000,3710641,14949645,4.02886,7119,12143072,809
16600000,3713465,14989903,4.03664,7132,12239236,811
16650000,3716415,15030149,4.0442599999999995,7151,12338696,807
16700000,3719335,15070430,4.05192,7179,12438098,805
16750000,3722271,15110604,4.0595099999999995,7197,12538139,812
16800000,3725196,15150858,4.067130000000001,7226,12638677,815
16850000,3728053,15190937,4.0747599999999995,7246,12739687,823
16900000,3730904,15231116,4.08242,7268,12839204,817
16950000,3733720,15271223,4.09008,7284,12940438,824
17000000,3736609,15311426,4.09768,7297,13043342,795
17050000,3739491,15351566,4.1052599999999995,7311,13146905,800
17100000,3742237,15391413,4.11289,7329,13249756,810
17150000,3745026,15431664,4.12058,7346,13356676,819
17200000,3747851,15471788,4.12818,7374,13459335,834
17250000,3750730,15511680,4.13564,7394,13564404,770
17300000,3753523,15551731,4.1432400000000005,7409,13670527,770
17350000,3756291,15591562,4.15079,7426,13777236,789
17400000,3759087,15631334,4.15828,7444,13880870,796
17450000,3761755,15671278,4.16595,7455,13987851,785
17500000,3764530,15711121,4.1734599999999995,7478,14095130,778
17550000,3767236,15751051,4.1810599999999996,7491,14201701,800
17600000,3769989,15790658,4.18852,7507,14309115,793
17650000,3772743,15830390,4.19599,7523,14419206,760
17700000,3775554,15870183,4.20341,7543,14528724,814
17750000,3778280,15909904,4.21089,7552,14636220,800
17800000,3780890,15949525,4.218459999999999,7578,14744282,795
17850000,3783645,15989203,4.22587,7600,14853961,771
17900000,3786388,16028794,4.23327,7616,14964681,799
17950000,3789101,16068303,4.24066,7634,15076585,783
18000000,3791768,16108029,4.2481599999999995,7646,15186948,768
18050000,3794469,16147612,4.25557,7658,15297256,788
18100000,3797201,16187083,4.2629,7677,15414857,799
18150000,3799874,16226586,4.2703,7691,15525800,813
18200000,3802413,16265881,4.27778,7709,15639323,772
18250000,3804968,16305241,4.28525,7732,15752016,796
18300000,3807613,16344625,4.292619999999999,7745,15864869,801
18350000,3810186,16383682,4.29997,7770,15978832,775
18400000,3812757,16422885,4.30735,7783,16092850,775
18450000,3815269,16462141,4.3148,7801,16209685,800
18500000,3817788,16501356,4.32223,7824,16324384,782
18550000,3820384,16540466,4.32953,7833,16441394,761
18600000,3822995,16579559,4.3368,7850,16555853,778
18650000,3825622,16618788,4.344069999999999,7868,16674863,748
18700000,3828217,16657951,4.35136,7884,16791786,774
18750000,3830823,16697140,4.358630000000001,7893,16911953,786
18800000,3833442,16736060,4.3658,7913,17029281,772
18850000,3835975,16775034,4.37308,7924,17149427,761
18900000,3838448,16813964,4.3804099999999995,7950,17270107,783
18950000,3840940,16852890,4.3877,7969,17392838,756
19000000,3843431,16891784,4.39498,7981,17511136,775
19050000,3845922,16930689,4.40224,7999,17630584,786
19100000,3848464,16969464,4.40941,8023,17752850,756
19150000,3850909,17008158,4.41666,8036,17873383,776
19200000,3853423,17046999,4.4238599999999995,8056,17996168,774
19250000,3855975,17085732,4.43098,8073,18121258,784
19300000,3858465,17124345,4.43812,8086,18242323,754
19350000,3860973,17163141,4.44529,8102,18368067,771
19400000,3863393,17201755,4.4525,8124,18492095,750
19450000,3865790,17240409,4.45974,8141,18617433,786
19500000,3868397,17279037,4.46672,8160,18737135,773
19550000,3870769,17317753,4.47398,8185,18861042,758
19600000,3873137,17356408,4.48123,8197,18988467,781
19650000,3875567,17394987,4.48837,8217,19113434,793
19700000,3878008,17433616,4.4955099999999995,8235,19242164,754
19750000,3880351,17472089,4.5027099999999995,8253,19370359,752
19800000,3882736,17510479,4.50983,8264,19497872,784
19850000,3885086,17548863,4.51698,8290,19628195,756
19900000,3887365,17587199,4.5242,8299,19759295,782
19950000,3889759,17625609,4.53129,8315,19892904,784
20000000,3892022,17664008,4.53852,8331,20023934,789
20050000,3894403,17702192,4.54555,8349,20152269,742
20100000,3896661,17740397,4.55272,8369,20282076,745
20150000,3898987,17778655,4.55981,8387,20411249,753
20200000,3901301,17816749,4.56687,8406,20545439,762
20250000,3903639,17855043,4.57395,8419,20675099,785
20300000,3905918,17893214,4.58105,8445,20807626,750
20350000,3908216,17931413,4.5881300000000005,8454,20940807,766
20400000,3910574,17969531,4.59511,8472,21075724,777
20450000,3912867,18007485,4.602119999999999,8504,21210391,752
20500000,3915212,18045543,4.6090800000000005,8518,21346213,772
20550000,3917533,18083508,4.61604,8548,21482590,730
20600000,3919900,18121482,4.62294,8558,21617634,749
20650000,3922100,18159369,4.6300099999999995,8581,21753399,754
20700000,3924366,18197237,4.63699,8597,21888701,764
20750000,3926680,18235164,4.64391,8607,22027344,768
20800000,3928880,18273210,4.651,8623,22162266,773
20850000,3931147,18311172,4.65797,8639,22301071,754
20900000,3933381,18349230,4.665,8666,22438272,745
20950000,3935530,18386804,4.672,8686,22576690,740
21000000,3937838,18424506,4.67884,8710,22716996,775
21050000,3940090,18462031,4.68569,8728,22857514,755
21100000,3942276,18499793,4.69267,8743,22994869,776
21150000,3944497,18537474,4.69958,8764,23136240,742
21200000,3946744,18575058,4.70643,8784,23275584,763
21250000,3949039,18612670,4.71322,8801,23418409,750
21300000,3951270,18650174,4.72005,8820,23560718,741
21350000,3953521,18687728,4.72686,8839,23702770,758
21400000,3955634,18725186,4.7338,8851,23846472,743
21450000,3957760,18762678,4.74073,8869,23990633,757
21500000,3959985,18800289,4.74757,8891,24132783,749
21550000,3962124,18837750,4.75446,8905,24281285,753
21600000,3964346,18875120,4.76122,8925,24422706,755
21650000,3966548,18912476,4.76799,8945,24570655,754
21700000,3968792,18949919,4.77473,8968,24712901,764
21750000,3970981,18987031,4.78145,8987,24858562,748
21800000,3973091,19024451,4.78833,9002,25004188,757
21850000,3975250,19061588,4.79507,9021,25152391,737
21900000,3977467,19098961,4.8017900000000004,9047,25301240,738
21950000,3979618,19136121,4.80853,9056,25452693,743
22000000,3981673,19173407,4.81541,9075,25597012,742
22050000,3983767,19210553,4.82221,9088,25745394,761
22100000,3985829,19247865,4.82907,9100,25896935,758
22150000,3987954,19284903,4.83579,9112,26045502,755
22200000,3990049,19322098,4.842569999999999,9135,26196375,764
22250000,3992048,19359111,4.849419999999999,9154,26348027,751
22300000,3994137,19396003,4.85612,9168,26500693,736
22350000,3996150,19432810,4.8628800000000005,9185,26654049,733
22400000,3998231,19469833,4.86961,9207,26806687,740
22450000,4000240,19506629,4.87636,9225,26960881,743
22500000,4002309,19543445,4.88304,9240,27109764,720
22550000,4004348,19580159,4.88972,9254,27261760,748
22600000,4006337,19617054,4.89651,9268,27413268,737
22650000,4008335,19653913,4.9032599999999995,9283,27567299,753
22700000,4010350,19690592,4.90994,9306,27723817,749
22750000,4012402,19727185,4.91655,9323,27878321,755
22800000,4014401,19763703,4.9232,9342,28033482,747
22850000,4016454,19800502,4.92985,9353,28189836,755
22900000,4018407,19837168,4.93658,9375,28344725,716
22950000,4020387,19873905,4.943280000000001,9401,28498616,745
23000000,4022402,19910403,4.94988,9420,28659789,704
23050000,4024393,19946949,4.95651,9442,28822165,748
23100000,4026396,19983612,4.96315,9463,28985156,739
23150000,4028338,20020142,4.96983,9481,29145167,710
23200000,4030440,20056610,4.97628,9505,29302922,733
23250000,4032327,20093092,4.9830000000000005,9512,29463842,729
23300000,4034324,20129489,4.98956,9531,29623582,737
23350000,4036254,20165997,4.99622,9541,29787806,722
23400000,4038227,20202319,5.00277,9557,29948366,723
23450000,4040162,20238586,5.00935,9569,30105821,700
23500000,4042154,20274863,5.01586,9595,30266146,701
23550000,4044138,20311130,5.02236,9609,30429117,732
23600000,4046198,20347355,5.02876,9630,30588939,718
23650000,4048123,20383781,5.0353699999999995,9641,30750347,725
23700000,4049998,20419919,5.0419599999999996,9655,30910666,729
23750000,4051926,20456123,5.04849,9682,31070698,717
23800000,4053833,20492357,5.05506,9705,31233208,736
23850000,4055776,20528547,5.06156,9727,31402221,734
23900000,4057774,20564669,5.06797,9753,31560937,712
23950000,4059729,20600627,5.074380000000001,9773,31729578,732
24000000,4061665,20636540,5.08081,9788,31895017,710
24050000,4063527,20672464,5.08732,9797,32059394,704
24100000,4065444,20708379,5.09376,9816,32227461,713
24150000,4067410,20744427,5.10016,9823,32395879,702
24200000,4069261,20780302,5.10665,9845,32564762,724
24250000,4071093,20816252,5.11319,9866,32731680,686
24300000,4073017,20852155,5.11958,9876,32899966,723
24350000,4074875,20887920,5.12603,9894,33068496,709
24400000,4076742,20923619,5.13244,9912,33237179,744
24450000,4078672,20959339,5.13877,9931,33407604,736
24500000,4080483,20994961,5.14521,9943,33579464,721
24550000,4082317,21030694,5.15166,9958,33750542,725
24600000,4084207,21066419,5.15802,9978,33920814,708
24650000,4085982,21102131,5.1645199999999996,9985,34088510,716
24700000,4087800,21137662,5.17091,10001,34259081,742
24750000,4089642,21173211,5.1772800000000005,10018,34435737,701
24800000,4091452,21208614,5.1836400000000005,10038,34606332,711
24850000,4093215,21244126,5.19008,10049,34782959,727
24900000,4094990,21279507,5.19647,10072,34958341,716
24950000,4096823,21315130,5.20284,10092,35129735,690
25000000,4098593,21350568,5.20924,10114,35304991,718
25050000,4100433,21385989,5.21554,10136,35483259,690
25100000,4102244,21421627,5.22193,10144,35661181,736
25150000,4104030,21457092,5.2283,10174,35839444,703
25200000,4105904,21492429,5.23452,10192,36013694,714
25250000,4107653,21527713,5.240880000000001,10211,36189240,671
25300000,4109465,21562901,5.24713,10227,36370076,706
25350000,4111239,21598046,5.253419999999999,10243,36548718,701
25400000,4112917,21633183,5.2598199999999995,10260,36726816,701
25450000,4114603,21668137,5.26615,10272,36904897,709
25500000,4116345,21703385,5.27249,10289,37086008,717
25550000,4118155,21738533,5.27871,10313,37262931,718
25600000,4119925,21773690,5.2849699999999995,10330,37442292,706
25650000,4121714,21808832,5.2912,10346,37622618,705
25700000,4123408,21843923,5.297540000000001,10363,37802307,699
25750000,4125106,21878812,5.30382,10378,37980274,695
25800000,4126861,21913813,5.31004,10392,38162071,704
25850000,4128576,21948660,5.31628,10411,38344973,664
25900000,4130212,21983444,5.32259,10432,38524724,700
25950000,4131916,22018338,5.3288400000000005,10454,38712777,688
26000000,4133707,22053413,5.33502,10473,38895468,681
26050000,4135404,22088212,5.34125,10479,39082932,710
26100000,4137066,22123042,5.347519999999999,10490,39266564,693
26150000,4138786,22157727,5.353680000000001,10510,39448560,685
26200000,4140498,22192486,5.35986,10527,39638998,711
26250000,4142169,22227308,5.3661,10548,39821026,680
26300000,4143896,22262116,5.372269999999999,10563,40008683,689
26350000,4145577,22296715,5.378430000000001,10578,40201063,705
26400000,4147196,22331239,5.38466,10601,40389293,691
26450000,4148895,22365680,5.39076,10614,40576801,693
26500000,4150638,22400069,5.396780000000001,10626,40768628,710
26550000,4152297,22434736,5.40297,10649,40960095,701
26600000,4153919,22469395,5.4092,10671,41148042,706
26650000,4155593,22503868,5.4153199999999995,10691,41338463,652
26700000,4157257,22538390,5.42146,10708,41531081,702
26750000,4158903,22572702,5.42756,10723,41720306,680
26800000,4160570,22607033,5.4336400000000005,10739,41909333,718
26850000,4162286,22641495,5.43968,10756,42100155,682
26900000,4163902,22675829,5.44581,10770,42292779,682
26950000,4165509,22710065,5.45193,10782,42483192,699
27000000,4167101,22744269,5.45806,10791,42674529,671
27050000,4168774,22778623,5.46411,10803,42866907,687
27100000,4170393,22812620,5.47014,10825,43061126,685
27150000,4171982,22846771,5.47624,10843,43253573,691
27200000,4173671,22880902,5.4822,10861,43450774,707
27250000,4175290,22915022,5.48825,10882,43640721,692
27300000,4176951,22949220,5.49425,10895,43832846,668
27350000,4178615,22983414,5.50025,10911,44033685,679
27400000,4180215,23017534,5.5063,10926,44229030,710
27450000,4181802,23051583,5.51236,10952,44426159,678
27500000,4183383,23085341,5.51834,10957,44624630,679
27550000,4184932,23119321,5.52442,10987,44823789,672
27600000,4186526,23153304,5.53043,10997,45024009,667
27650000,4188163,23187142,5.53635,11015,45219592,681
27700000,4189690,23220826,5.54237,11028,45413483,681
27750000,4191239,23254709,5.54841,11050,45613296,677
27800000,4192851,23288486,5.55433,11066,45810179,675
27850000,4194423,23322367,5.56033,11087,46015454,668
27900000,4196004,23356039,5.56626,11099,46214194,643
27950000,4197621,23389785,5.57215,11116,46411833,678
28000000,4199154,23423450,5.57814,11130,46614594,656
28050000,4200630,23457160,5.5842,11140,46820545,683
28100000,4202178,23490787,5.59015,11157,47016644,676
28150000,4203759,23524328,5.596019999999999,11177,47217301,666
28200000,4205365,23557899,5.60187,11196,47419275,653
28250000,4206914,23591338,5.60775,11217,47622534,666
28300000,4208503,23624612,5.61354,11242,47823449,696
28350000,4210066,23658103,5.61941,11259,48027169,637
28400000,4211569,23691541,5.62535,11278,48230088,663
28450000,4213103,23724849,5.63121,11291,48436758,646
28500000,4214579,23758078,5.6371199999999995,11307,48647642,675
28550000,4216102,23791492,5.643009999999999,11318,48860879,659
28600000,4217518,23824855,5.64902,11352,49067187,667
28650000,4219011,23858260,5.65494,11364,49274491,657
28700000,4220566,23891737,5.66079,11378,49480789,652
28750000,4222017,23924867,5.66669,11390,49686333,658
28800000,4223561,23958099,5.67249,11406,49891232,669
28850000,4225028,23991510,5.6784300000000005,11414,50098263,655
28900000,4226487,24024658,5.68431,11428,50308124,655
28950000,4227950,24057675,5.69015,11437,50510793,686
29000000,4229447,24090654,5.695930000000001,11450,50714923,678
29050000,4230958,24123669,5.7017,11471,50929332,665
29100000,4232442,24156618,5.70749,11492,51133835,685
29150000,4233906,24189740,5.7133400000000005,11502,51347870,687
29200000,4235410,24223006,5.71916,11526,51560904,651
29250000,4236834,24255926,5.72501,11542,51775130,660
29300000,4238236,24288856,5.7308900000000005,11550,51989681,666
29350000,4239693,24321764,5.736680000000001,11565,52202647,637
29400000,4241141,24354794,5.74251,11580,52412382,668
29450000,4242529,24387611,5.7483699999999995,11590,52626769,643
29500000,4243906,24420400,5.754230000000001,11615,52839885,651
29550000,4245387,24452935,5.75988,11623,53051293,640
29600000,4246787,24485574,5.76567,11640,53264887,669
29650000,4248201,24518354,5.77147,11658,53478348,639
29700000,4249606,24550773,5.77719,11679,53689703,647
29750000,4251061,24583463,5.7829,11690,53905397,662
29800000,4252491,24616203,5.78865,11701,54116766,658
29850000,4253958,24648992,5.79437,11712,54333924,649
29900000,4255384,24681591,5.80009,11738,54558439,655
29950000,4256689,24714206,5.805969999999999,11754,54777947,632
30000000,4258131,24746954,5.8116900000000005,11764,54991107,657
30050000,4259593,24779366,5.81731,11781,55207650,650
30100000,4261025,24811953,5.8229999999999995,11791,55424319,643
30150000,4262443,24844333,5.82866,11812,55643725,638
30200000,4263814,24876768,5.83439,11836,55864573,659
30250000,4265178,24909046,5.8401,11854,56081928,633
30300000,4266557,24941481,5.84581,11871,56301069,639
30350000,4268016,24973732,5.851369999999999,11882,56522912,674
30400000,4269443,25005982,5.85697,11895,56747259,623
30450000,4270892,25038303,5.86255,11914,56965851,662
30500000,4272293,25070450,5.86815,11931,57174638,634
30550000,4273628,25102699,5.87386,11944,57394326,644
30600000,4275017,25134752,5.87945,11959,57619144,630
30650000,4276416,25167093,5.88509,11976,57835145,644
30700000,4277959,25199222,5.89048,11992,58058254,652
30750000,4279306,25231354,5.89613,12005,58281755,627
30800000,4280700,25263458,5.90171,12018,58502772,670
30850000,4282037,25295423,5.90733,12031,58722004,660
30900000,4283406,25327413,5.91291,12055,58949351,650
30950000,4284724,25359388,5.91856,12068,59171983,643
31000000,4286133,25391192,5.92403,12089,59401677,635
31050000,4287534,25423187,5.9295599999999995,12110,59624592,630
31100000,4288857,25454870,5.9351199999999995,12120,59852224,654
31150000,4290208,25486665,5.94066,12127,60077431,639
31200000,4291497,25518423,5.946280000000001,12144,60304455,662
31250000,4292851,25550131,5.95179,12161,60525049,591
31300000,4294172,25582056,5.95739,12167,60749223,629
31350000,4295474,25613823,5.96298,12187,60977425,648
31400000,4296810,25645422,5.9684800000000005,12204,61205786,637
31450000,4298184,25676989,5.97392,12215,61437093,635
31500000,4299476,25708619,5.979480000000001,12231,61663940,612
31550000,4300790,25740271,5.98501,12246,61891688,613
31600000,4302084,25771993,5.9905800000000005,12264,62120134,671
31650000,4303403,25803622,5.9961,12275,62353190,630
31700000,4304739,25835135,6.00156,12294,62576803,670
31750000,4306091,25866461,6.00695,12301,62804658,634
31800000,4307379,25897831,6.01243,12310,63035454,655
31850000,4308662,25929429,6.0179800000000006,12319,63271862,642
31900000,4309996,25960813,6.0234,12339,63498062,627
31950000,4311307,25992117,6.02883,12358,63729747,608
32000000,4312569,26023529,6.03434,12369,63961641,641
32050000,4313839,26054735,6.0398,12376,64189161,627
32100000,4315097,26085969,6.04528,12393,64420583,628
32150000,4316316,26117200,6.05081,12405,64651983,627
32200000,4317530,26148424,6.0563400000000005,12413,64880816,641
32250000,4318829,26179584,6.061730000000001,12429,65112757,616
32300000,4320125,26210895,6.067159999999999,12437,65348165,624
32350000,4321403,26241985,6.07256,12454,65574292,643
32400000,4322657,26272957,6.07796,12468,65805429,599
32450000,4323973,26303939,6.08328,12480,66042672,641
32500000,4325220,26334818,6.08867,12488,66277070,604
32550000,4326487,26365690,6.0940199999999995,12508,66516347,637
32600000,4327791,26396738,6.09936,12520,66751378,622
32650000,4329080,26427814,6.1047199999999995,12531,66993821,606
32700000,4330338,26458683,6.1100699999999994,12549,67235506,588
32750000,4331556,26489603,6.11549,12562,67470039,595
32800000,4332844,26520478,6.1208,12576,67705444,624
32850000,4334109,26551275,6.126119999999999,12585,67948224,611
32900000,4335417,26582034,6.1313699999999995,12597,68182411,626
32950000,4336692,26612874,6.13668,12610,68413172,633
33000000,4337954,26643751,6.14201,12627,68653388,632
33050000,4339221,26674553,6.14731,12635,68887164,609
33100000,4340417,26705179,6.15268,12646,69123774,625
33150000,4341691,26735784,6.15792,12664,69368222,623
33200000,4342906,26766241,6.163209999999999,12683,69607334,581
33250000,4344134,26796964,6.16854,12698,69844977,621
33300000,4345369,26827565,6.173830000000001,12716,70076399,609
33350000,4346631,26858237,6.17909,12731,70312439,594
33400000,4347834,26888548,6.18435,12746,70546984,596
33450000,4349001,26919055,6.18971,12767,70789329,597
33500000,4350228,26949363,6.19493,12791,71030756,585
33550000,4351475,26979868,6.20017,12801,71273467,624
33600000,4352715,27010407,6.205419999999999,12815,71512219,603
33650000,4353903,27040791,6.2107,12828,71752634,625
33700000,4355088,27071209,6.216,12843,71992643,595
33750000,4356320,27101570,6.22121,12860,72232098,611
33800000,4357589,27131860,6.22635,12867,72468342,603
33850000,4358799,27162131,6.23156,12875,72709825,602
33900000,4359992,27192306,6.23678,12888,72953626,581
33950000,4361145,27222511,6.2420599999999995,12906,73196322,595
34000000,4362362,27252807,6.24726,12919,73445218,597
34050000,4363608,27283168,6.25243,12937,73691008,611
34100000,4364811,27313374,6.257630000000001,12959,73934411,590
34150000,4365981,27343591,6.2628699999999995,12972,74176376,615
34200000,4367113,27373667,6.26814,12994,74421013,602
34250000,4368282,27403603,6.2733099999999995,13010,74670331,594
34300000,4369461,27433677,6.2785,13026,74912512,607
34350000,4370614,27463693,6.28372,13045,75160995,616
34400000,4371803,27493661,6.28886,13054,75406554,599
34450000,4372975,27523358,6.29397,13069,75651468,588
34500000,4374169,27553059,6.29904,13086,75897687,589
34550000,4375335,27583124,6.3042300000000004,13095,76146470,617
34600000,4376478,27612912,6.3093900000000005,13111,76394052,621
34650000,4377663,27642576,6.3144599999999995,13123,76647961,584
34700000,4378817,27672438,6.31962,13134,76897567,638
34750000,4379943,27702272,6.3248,13143,77148068,594
34800000,4381094,27731885,6.3299,13161,77405849,582
34850000,4382265,27761743,6.33502,13178,77649248,608
34900000,4383397,27791630,6.3402,13192,77895673,599
34950000,4384558,27821253,6.345280000000001,13202,78136613,577
35000000,4385705,27850815,6.35036,13223,78385084,568
35050000,4386866,27880385,6.35542,13232,78634849,606
35100000,4388058,27909865,6.36041,13248,78872722,598
35150000,4389232,27939336,6.36543,13266,79124521,571
35200000,4390328,27968672,6.37052,13281,79376973,584
35250000,4391420,27998093,6.37564,13289,79628214,586
35300000,4392542,28027533,6.38071,13299,79878459,599
35350000,4393633,28057057,6.38584,13318,80134187,586
35400000,4394782,28086451,6.39086,13333,80389018,569
35450000,4395904,28115652,6.3958699999999995,13354,80636011,579
35500000,4397042,28144860,6.40086,13374,80883658,586
35550000,4398122,28174205,6.405959999999999,13388,81134916,602
35600000,4399317,28203640,6.410909999999999,13401,81386058,572
35650000,4400411,28232795,6.41595,13418,81643956,552
35700000,4401544,28262089,6.42095,13428,81894240,606
35750000,4402648,28291331,6.42598,13445,82159536,591
35800000,4403764,28320602,6.431,13459,82413829,587
35850000,4404816,28349780,6.43609,13477,82662758,623
35900000,4405923,28379123,6.44113,13492,82922880,598
35950000,4406982,28408336,6.44621,13514,83176209,581
36000000,4408100,28437486,6.45119,13526,83430618,609
36050000,4409146,28466402,6.45622,13537,83690936,561
36100000,4410234,28495296,6.461180000000001,13554,83946402,583
36150000,4411318,28524433,6.46619,13574,84205404,570
36200000,4412419,28553421,6.47115,13586,84459003,585
36250000,4413528,28582379,6.4760800000000005,13602,84719215,556
36300000,4414644,28611301,6.481,13618,84975870,565
36350000,4415697,28640033,6.4859599999999995,13630,85236335,576
36400000,4416807,28668755,6.49083,13640,85497533,566
36450000,4417841,28697563,6.495830000000001,13658,85758451,555
36500000,4418929,28726169,6.50071,13672,86017241,549
36550000,4419994,28754967,6.50566,13690,86276496,569
36600000,4421084,28783656,6.51054,13703,86532967,602
36650000,4422132,28812289,6.51547,13720,86799768,579
36700000,4423255,28840995,6.52031,13731,87060631,583
36750000,4424299,28869407,6.52519,13739,87322781,576
36800000,4425338,28897854,6.53009,13750,87591702,544
36850000,4426465,28926256,6.53484,13762,87848789,565
36900000,4427553,28954708,6.53966,13778,88100023,562
36950000,4428642,28983210,6.544490000000001,13788,88366642,559
37000000,4429716,29011712,6.54934,13804,88640811,540
37050000,4430835,29040141,6.5541,13821,88893387,552
37100000,4431880,29068680,6.559,13827,89154344,571
37150000,4432908,29097252,6.5639199999999995,13841,89417024,583
37200000,4433969,29125466,6.56871,13845,89677874,585
37250000,4435015,29153566,6.5735,13866,89939470,568
37300000,4436088,29181846,6.57828,13870,90199666,583
37350000,4437145,29210199,6.5831100000000005,13887,90457563,555
37400000,4438184,29238372,6.587910000000001,13905,90718324,569
37450000,4439151,29266400,6.592789999999999,13918,90975880,567
37500000,4440234,29294393,6.59749,13930,91237222,547
37550000,4441236,29322565,6.602339999999999,13937,91493925,538
37600000,4442268,29350605,6.60712,13952,91752481,596
37650000,4443314,29378878,6.61193,13967,92019964,566
37700000,4444368,29406685,6.616619999999999,13985,92281637,561
37750000,4445330,29434698,6.62149,14004,92553492,566
37800000,4446330,29462587,6.62627,14018,92819942,517
37850000,4447337,29490501,6.63105,14032,93081850,528
37900000,4448254,29518229,6.635910000000001,14050,93340499,529
37950000,4449266,29546044,6.6406600000000005,14059,93602238,568
38000000,4450276,29573778,6.64538,14067,93866305,547
38050000,4451276,29601609,6.6501399999999995,14079,94132811,519
38100000,4452264,29629582,6.65495,14090,94406673,565
38150000,4453255,29657208,6.659669999999999,14102,94683334,548
38200000,4454256,29684887,6.664389999999999,14115,94948027,568
38250000,4455270,29712607,6.66909,14135,95218329,545
38300000,4456286,29740235,6.673769999999999,14150,95479412,533
38350000,4457278,29767810,6.67847,14166,95748471,578
38400000,4458299,29795376,6.68313,14179,96016234,577
38450000,4459296,29822898,6.6878,14197,96276454,542
38500000,4460291,29850643,6.6925300000000005,14206,96553566,554
38550000,4461251,29877918,6.697210000000001,14221,96820418,555
38600000,4462275,29905268,6.7018,14229,97083341,557
38650000,4463242,29932833,6.706519999999999,14250,97356231,541
38700000,4464241,29959987,6.7111,14266,97630387,520
38750000,4465179,29987184,6.715789999999999,14280,97895920,557
38800000,4466126,30014443,6.720460000000001,14294,98164733,549
38850000,4467052,30041798,6.7252,14307,98432661,559
38900000,4468063,30069163,6.7298,14319,98705779,538
38950000,4469104,30096362,6.734319999999999,14334,98973764,537
39000000,4470089,30123578,6.738919999999999,14348,99239832,539
39050000,4471059,30151061,6.74361,14366,99508277,574
39100000,4472051,30178310,6.7482,14374,99782450,573
39150000,4473046,30205342,6.75275,14386,100054481,533
39200000,4474084,30232468,6.7572399999999995,14401,100327205,531
39250000,4475079,30259731,6.761830000000001,14413,100598402,538
39300000,4476027,30286835,6.76645,14430,100874107,525
39350000,4477023,30313716,6.77095,14443,101140122,561
39400000,4477980,30340601,6.775510000000001,14455,101404066,510
39450000,4478978,30367597,6.78003,14466,101674845,542
39500000,4480012,30394624,6.7845,14479,101948380,537
39550000,4480908,30421580,6.789160000000001,14491,102227329,562
39600000,4481822,30448497,6.79378,14496,102503132,548
39650000,4482812,30475291,6.79825,14509,102759161,537
39700000,4483800,30502093,6.80273,14519,103036404,549
39750000,4484746,30528855,6.80727,14537,103315916,522
39800000,4485686,30555638,6.81181,14548,103590555,539
39850000,4486679,30582724,6.816339999999999,14564,103860367,543
39900000,4487572,30609724,6.821000000000001,14577,104133264,528
39950000,4488498,30636240,6.8255,14589,104399569,539
40000000,4489444,30662780,6.829969999999999,14605,104672626,555
40050000,4490397,30689566,6.83449,14625,104949029,548
40100000,4491323,30716079,6.83898,14637,105223612,532
40150000,4492246,30742703,6.8435,14648,105505508,549
40200000,4493168,30769222,6.848,14662,105777841,536
40250000,4494141,30795866,6.85245,14672,106060142,535
40300000,4495083,30822451,6.85693,14688,106337569,508
40350000,4496044,30848971,6.86136,14698,106609552,539
40400000,4496943,30875379,6.8658600000000005,14720,106890373,537
40450000,4497839,30901755,6.870360000000001,14736,107164205,556
40500000,4498741,30928173,6.87485,14751,107431637,535
40550000,4499699,30954588,6.87926,14771,107712305,533
40600000,4500582,30980870,6.88375,14787,107984240,537
40650000,4501537,31007497,6.8882,14802,108256508,518
40700000,4502479,31034089,6.89267,14817,108536923,516
40750000,4503379,31060348,6.89712,14832,108806417,540
40800000,4504309,31086542,6.901510000000001,14849,109084086,516
40850000,4505228,31112916,6.90596,14860,109365581,535
40900000,4506115,31139063,6.9104,14873,109639122,496
40950000,4506969,31165003,6.91485,14886,109918480,514
41000000,4507848,31190961,6.91926,14895,110200742,503
41050000,4508760,31217060,6.92365,14906,110476411,546
41100000,4509659,31243154,6.92805,14916,110751904,528
41150000,4510570,31268969,6.93238,14924,111030098,524
41200000,4511423,31294886,6.93681,14938,111306295,518
41250000,4512317,31320663,6.94115,14950,111578895,504
41300000,4513235,31346416,6.94544,14968,111862631,528
41350000,4514130,31372075,6.94975,14981,112135483,491
41400000,4515025,31397968,6.954110000000001,14989,112405257,524
41450000,4515924,31423834,6.95845,15004,112676968,517
41500000,4516836,31449746,6.96278,15021,112957635,518
41550000,4517671,31475408,6.96718,15032,113241456,525
41600000,4518535,31501118,6.9715300000000004,15036,113519809,547
41650000,4519393,31526726,6.97588,15058,113801798,510
41700000,4520286,31552419,6.980180000000001,15069,114088553,526
41750000,4521147,31578080,6.98453,15080,114371683,507
41800000,4522014,31603914,6.9889,15088,114648949,492
41850000,4522909,31629649,6.99321,15101,114914118,528
41900000,4523825,31655352,6.99747,15112,115195472,528
41950000,4524710,31680858,7.00174,15123,115473987,514
42000000,4525585,31706571,7.006069999999999,15131,115757375,531
42050000,4526475,31732083,7.010330000000001,15144,116041532,515
42100000,4527353,31757608,7.01461,15163,116326262,496
42150000,4528281,31782943,7.01877,15174,116600966,489
42200000,4529124,31808225,7.023039999999999,15187,116881890,500
42250000,4529974,31833721,7.02735,15194,117165967,507
42300000,4530811,31859052,7.0316399999999994,15201,117442268,521
42350000,4531663,31884414,7.03592,15216,117719872,468
42400000,4532495,31909716,7.040210000000001,15226,118007049,479
42450000,4533348,31934852,7.04443,15239,118296464,505
42500000,4534175,31960097,7.048710000000001,15248,118572019,536
42550000,4535014,31985191,7.0529399999999995,15256,118849636,505
42600000,4535878,32010562,7.057189999999999,15265,119136828,502
42650000,4536740,32035807,7.06142,15282,119418979,517
42700000,4537570,32060981,7.06567,15298,119700453,505
42750000,4538423,32086053,7.06987,15311,119979172,497
42800000,4539261,32110973,7.07405,15325,120259691,510
42850000,4540060,32135998,7.07832,15342,120535958,507
42900000,4540900,32160835,7.08248,15353,120814484,516
42950000,4541768,32185913,7.08665,15368,121102178,507
43000000,4542595,32211123,7.090910000000001,15375,121383643,513
43050000,4543427,32235839,7.09505,15391,121663933,507
43100000,4544261,32260739,7.09923,15403,121951107,480
43150000,4545081,32285445,7.1033800000000005,15421,122235278,475
43200000,4545890,32310208,7.10756,15436,122522310,501
43250000,4546720,32334859,7.111689999999999,15444,122796018,514
43300000,4547519,32359359,7.11583,15461,123082936,483
43350000,4548327,32383947,7.1199699999999995,15467,123365525,509
43400000,4549081,32408682,7.124230000000001,15483,123647167,505
43450000,4549889,32433303,7.128369999999999,15489,123925111,495
43500000,4550767,32458086,7.132439999999999,15505,124204930,494
43550000,4551547,32482900,7.13667,15513,124488439,487
43600000,4552390,32507754,7.140810000000001,15525,124759461,499
43650000,4553217,32532163,7.14487,15531,125041659,500
43700000,4554018,32556651,7.1489899999999995,15550,125323086,506
43750000,4554886,32581055,7.152989999999999,15558,125603534,521
43800000,4555641,32605647,7.1572,15576,125882212,502
43850000,4556407,32630061,7.16136,15588,126165633,499
43900000,4557247,32654308,7.165360000000001,15600,126458955,461
43950000,4558030,32678830,7.169510000000001,15607,126743089,473
44000000,4558894,32703120,7.1734800000000005,15622,127021579,489
44050000,4559658,32727493,7.17762,15638,127312037,502
44100000,4560440,32751799,7.181719999999999,15645,127592489,486
44150000,4561220,32776109,7.18582,15652,127883525,491
44200000,4562040,32800317,7.189839999999999,15662,128168719,471
44250000,4562804,32824510,7.19393,15668,128449964,478
44300000,4563577,32848704,7.19802,15678,128737256,490
44350000,4564345,32872917,7.20211,15689,129032309,461
44400000,4565133,32896957,7.20613,15698,129306722,493
44450000,4565964,32921286,7.21015,15704,129595557,472
44500000,4566763,32945445,7.214180000000001,15714,129876851,500
44550000,4567584,32969212,7.218089999999999,15718,130150790,465
44600000,4568377,32993066,7.22205,15727,130435458,474
44650000,4569188,33017076,7.226030000000001,15743,130716570,505
44700000,4569953,33041145,7.23008,15760,130999367,489
44750000,4570738,33065000,7.23406,15768,131286134,488
44800000,4571445,33088864,7.238160000000001,15778,131569614,463
44850000,4572165,33112622,7.24222,15792,131843996,484
44900000,4572906,33136439,7.24625,15795,132134327,467
44950000,4573693,33160180,7.2502,15810,132411741,470
45000000,4574385,33183676,7.254239999999999,15816,132703944,463
45050000,4575153,33207458,7.25822,15826,132981996,474
45100000,4575919,33231125,7.26218,15840,133264255,496
45150000,4576695,33254853,7.26613,15854,133548375,484
45200000,4577432,33278441,7.270110000000001,15863,133829791,467
45250000,4578192,33301998,7.27405,15885,134104868,461
45300000,4578949,33325648,7.278010000000001,15894,134395474,476
45350000,4579689,33349369,7.282019999999999,15902,134680501,484
45400000,4580455,33372852,7.2859300000000005,15923,134963416,489
45450000,4581240,33396284,7.289789999999999,15929,135239522,468
45500000,4581968,33419872,7.29378,15947,135526070,478
45550000,4582711,33443303,7.29771,15960,135817227,453
45600000,4583476,33466699,7.3016,15968,136108970,477
45650000,4584274,33490148,7.305439999999999,15972,136399515,491
45700000,4584994,33513486,7.30938,15989,136686962,485
45750000,4585780,33536856,7.31323,16008,136966014,469
45800000,4586515,33560276,7.31716,16019,137256116,479
45850000,4587289,33583545,7.321000000000001,16035,137540977,469
45900000,4588013,33606880,7.32493,16041,137825805,465
45950000,4588730,33629877,7.3288,16051,138107387,464
46000000,4589458,33653124,7.3327,16064,138389918,475
46050000,4590162,33676211,7.33661,16070,138679892,487
46100000,4590928,33699527,7.34046,16086,138960977,449
46150000,4591627,33722556,7.344360000000001,16097,139246501,481
46200000,4592373,33745811,7.34823,16101,139547023,482
46250000,4593120,33768928,7.352069999999999,16113,139828188,469
46300000,4593822,33791918,7.35595,16122,140116493,454
46350000,4594477,33815012,7.35993,16130,140412052,454
46400000,4595180,33837793,7.363760000000001,16136,140699614,448
46450000,4595918,33860737,7.36757,16149,140987360,455
46500000,4596629,33883540,7.371389999999999,16163,141277742,472
46550000,4597393,33906311,7.37512,16172,141561727,455
46600000,4598099,33929151,7.37895,16179,141847131,461
46650000,4598816,33952190,7.382810000000001,16188,142142677,462
46700000,4599555,33975097,7.386610000000001,16202,142436025,461
46750000,4600305,33997716,7.39032,16217,142716576,460
46800000,4600995,34020258,7.39411,16222,142996938,461
46850000,4601698,34042875,7.397889999999999,16235,143275146,478
46900000,4602415,34065451,7.40165,16245,143563289,447
46950000,4603144,34087997,7.40537,16254,143845733,440
47000000,4603808,34110611,7.4092199999999995,16264,144142065,450
47050000,4604483,34133215,7.41304,16279,144424442,420
47100000,4605194,34155625,7.416760000000001,16292,144696630,447
47150000,4605901,34178128,7.42051,16305,144975174,455
47200000,4606582,34200649,7.4243,16318,145257236,446
47250000,4607278,34223067,7.428039999999999,16331,145537689,422
47300000,4607959,34245442,7.4318,16343,145818536,446
47350000,4608694,34267816,7.43547,16358,146096182,460
47400000,4609372,34290277,7.43925,16374,146390977,454
47450000,4610063,34312601,7.44298,16380,146680373,493
47500000,4610723,34334765,7.44672,16390,146958450,437
47550000,4611409,34357185,7.45047,16398,147247538,464
47600000,4612101,34379393,7.4541699999999995,16410,147533029,430
47650000,4612774,34401457,7.45787,16421,147819178,423
47700000,4613474,34423387,7.4614899999999995,16432,148096448,446
47750000,4614149,34445650,7.4652199999999995,16453,148381828,434
47800000,4614838,34467778,7.4689,16458,148668545,435
47850000,4615523,34489832,7.472569999999999,16472,148953419,414
47900000,4616154,34511844,7.476319999999999,16482,149245508,447
47950000,4616875,34533904,7.47993,16492,149536394,463
48000000,4617600,34555998,7.48354,16499,149819854,430
48050000,4618274,34578060,7.48723,16506,150111561,429
48100000,4618937,34599873,7.49087,16519,150397784,446
48150000,4619568,34621795,7.4946,16522,150685588,453
48200000,4620194,34643754,7.49833,16544,150974598,429
48250000,4620915,34665756,7.50192,16554,151256195,439
48300000,4621609,34687504,7.5055,16566,151538500,425
48350000,4622275,34709219,7.509119999999999,16575,151804101,423
48400000,4622946,34731050,7.51275,16583,152085649,439
48450000,4623614,34752836,7.516380000000001,16591,152373138,441
48500000,4624271,34774515,7.52,16597,152659488,433
48550000,4625023,34796286,7.52348,16603,152948593,443
48600000,4625740,34817770,7.526960000000001,16615,153225657,434
48650000,4626385,34839444,7.5306,16627,153517294,445
48700000,4627053,34860958,7.534160000000001,16632,153801998,428
48750000,4627692,34882473,7.53777,16640,154089722,443
48800000,4628335,34903909,7.54135,16640,154375491,441
48850000,4628968,34925352,7.54495,16653,154663643,415
48900000,4629585,34946765,7.54857,16661,154948238,442
48950000,4630292,34968147,7.552039999999999,16670,155230755,404
49000000,4630947,34989594,7.5556,16684,155509218,402
49050000,4631619,35011099,7.55915,16691,155800077,426
49100000,4632255,35032387,7.562710000000001,16699,156086553,416
49150000,4632911,35053696,7.56624,16711,156373246,451
49200000,4633591,35075168,7.5697600000000005,16728,156653659,409
49250000,4634218,35096371,7.57331,16731,156933104,418
49300000,4634851,35117719,7.57688,16736,157223993,414
49350000,4635474,35139169,7.580489999999999,16745,157505764,417
49400000,4636080,35160410,7.58408,16759,157794747,457
49450000,4636696,35181530,7.58763,16769,158075264,433
49500000,4637374,35202567,7.591060000000001,16783,158362427,434
49550000,4638012,35223555,7.594539999999999,16797,158644075,424
49600000,4638639,35244585,7.598039999999999,16799,158925611,426
49650000,4639269,35265558,7.60153,16822,159214562,414
49700000,4639878,35286673,7.60509,16830,159502484,409
49750000,4640495,35307731,7.6086100000000005,16835,159783484,413
49800000,4641141,35328628,7.6120600000000005,16849,160064585,428
49850000,4641742,35349500,7.61557,16859,160347271,437
49900000,4642384,35370375,7.61901,16872,160625222,414
49950000,4643018,35391229,7.62246,16881,160914976,415
50000000,4643598,35412210,7.62603,16887,161201397,416
50050000,4644225,35433101,7.6295,16896,161487897,400
50100000,4644823,35454200,7.63306,16908,161779791,420
50150000,4645477,35475061,7.63647,16914,162064114,413
50200000,4646083,35495778,7.639939999999999,16927,162345425,423
50250000,4646751,35516399,7.64328,16943,162622655,404
50300000,4647340,35536914,7.646719999999999,16951,162904450,422
50350000,4647953,35557171,7.6500699999999995,16964,163188058,404
50400000,4648601,35577981,7.65348,16975,163481091,439
50450000,4649243,35598690,7.65688,16990,163771107,397
50500000,4649863,35619231,7.66028,17004,164052060,414
50550000,4650465,35639641,7.66367,17014,164333811,407
50600000,4651034,35660169,7.66715,17025,164620869,405
50650000,4651645,35680464,7.6705,17032,164900082,417
50700000,4652220,35700833,7.67393,17045,165189076,424
50750000,4652787,35721167,7.67737,17057,165468020,404
50800000,4653399,35741682,7.68077,17065,165745081,423
50850000,4654003,35762038,7.68415,17070,166031081,396
50900000,4654592,35782197,7.6875,17077,166311680,391
50950000,4655189,35802334,7.69084,17086,166594014,409
51000000,4655754,35822574,7.694260000000001,17093,166879082,411
51050000,4656327,35842724,7.69764,17101,167164781,391
51100000,4656936,35863043,7.7010000000000005,17109,167455842,424
51150000,4657538,35883292,7.70435,17117,167749636,417
51200000,4658105,35903593,7.70777,17125,168031911,395
51250000,4658730,35923895,7.7110899999999996,17134,168315161,405
51300000,4659341,35943941,7.71438,17139,168589020,397
51350000,4659919,35964159,7.71776,17148,168877614,418
51400000,4660530,35984060,7.721019999999999,17156,169165974,382
51450000,4661120,36004145,7.72435,17165,169449274,410
51500000,4661717,36023931,7.72761,17179,169726674,393
51550000,4662276,36043814,7.73095,17190,170013716,420
51600000,4662871,36063958,7.73428,17198,170300771,402
51650000,4663476,36083940,7.73756,17203,170583396,381
51700000,4664058,36103810,7.7408600000000005,17211,170863030,401
51750000,4664639,36123583,7.74413,17220,171150606,410
51800000,4665203,36143433,7.74745,17229,171436833,384
51850000,4665799,36163254,7.750710000000001,17239,171719271,387
51900000,4666355,36183018,7.75402,17248,172008585,392
51950000,4666955,36202641,7.75723,17258,172277452,394
52000000,4667534,36222334,7.760489999999999,17265,172552314,399
52050000,4668051,36241903,7.76382,17270,172832481,373
52100000,4668659,36261823,7.7670699999999995,17280,173125346,411
52150000,4669205,36281495,7.77038,17295,173397257,406
52200000,4669735,36301085,7.773689999999999,17307,173682513,386
52250000,4670300,36320597,7.77693,17315,173969847,409
52300000,4670855,36340177,7.7802,17324,174258245,398
52350000,4671482,36359766,7.78335,17330,174539022,398
52400000,4672098,36379188,7.78648,17344,174826661,379
52450000,4672670,36398637,7.789689999999999,17349,175106859,364
52500000,4673215,36418089,7.79294,17353,175390767,389
52550000,4673770,36437322,7.796130000000001,17362,175678263,383
52600000,4674323,36456641,7.799339999999999,17370,175948545,368
52650000,4674860,36475751,7.80253,17378,176226437,387
52700000,4675433,36494944,7.805680000000001,17388,176505349,374
52750000,4676021,36514152,7.80881,17396,176784549,385
52800000,4676642,36533399,7.811889999999999,17407,177053515,388
52850000,4677226,36552594,7.81502,17414,177334083,364
52900000,4677750,36571777,7.818239999999999,17421,177611694,377
52950000,4678341,36591081,7.82138,17432,177899201,370
53000000,4678951,36610158,7.824439999999999,17438,178174738,391
53050000,4679495,36629161,7.82759,17452,178457757,353
53100000,4680066,36648122,7.83068,17458,178739652,397
53150000,4680619,36667185,7.83383,17465,179027251,363
53200000,4681165,36686269,7.837000000000001,17470,179308574,394
53250000,4681758,36705203,7.84005,17481,179593852,387
53300000,4682312,36724255,7.843189999999999,17488,179872851,366
53350000,4682852,36743119,7.846310000000001,17496,180149426,343
53400000,4683401,36762029,7.84943,17505,180428236,360
53450000,4683906,36780904,7.85261,17505,180707466,353
53500000,4684439,36799799,7.85575,17505,180990654,410
53550000,4684972,36818531,7.858860000000001,17524,181269197,376
53600000,4685506,36837220,7.86195,17526,181556219,354
53650000,4686017,36856034,7.8651100000000005,17531,181832592,379
53700000,4686550,36874680,7.868189999999999,17543,182111611,382
53750000,4687067,36893430,7.87133,17551,182381106,350
53800000,4687650,36912125,7.8743300000000005,17559,182644825,375
53850000,4688188,36930780,7.87741,17569,182921303,366
53900000,4688733,36949487,7.88048,17578,183203070,415
53950000,4689267,36967894,7.88351,17586,183482987,360
54000000,4689791,36986167,7.8865300000000005,17599,183752278,368
54050000,4690320,37004676,7.8895800000000005,17605,184018284,360
54100000,4690830,37023226,7.89268,17608,184300170,342
54150000,4691376,37041594,7.8956800000000005,17618,184575637,381
54200000,4691890,37059907,7.89872,17626,184856048,381
54250000,4692427,37078266,7.90172,17631,185132516,381
54300000,4692953,37096474,7.904719999999999,17645,185401779,358
54350000,4693445,37114817,7.9078,17651,185683734,358
54400000,4693985,37133041,7.910769999999999,17660,185958255,341
54450000,4694550,37151460,7.91374,17667,186228904,398
54500000,4695108,37169816,7.916710000000001,17677,186509128,387
54550000,4695640,37188095,7.91971,17688,186786528,337
54600000,4696159,37206336,7.92272,17698,187056999,343
54650000,4696680,37224406,7.925680000000001,17707,187332434,360
54700000,4697210,37242581,7.928660000000001,17719,187607291,368
54750000,4697737,37260779,7.93164,17727,187885652,397
54800000,4698235,37278904,7.934660000000001,17737,188163195,324
54850000,4698777,37296942,7.937589999999999,17741,188431775,381
54900000,4699257,37314838,7.940580000000001,17751,188706266,343
54950000,4699748,37332912,7.9436,17758,188974748,378
55000000,4700257,37350862,7.946560000000001,17763,189243525,369
55050000,4700769,37368834,7.94952,17778,189514119,354
55100000,4701264,37386600,7.95246,17790,189778876,379
55150000,4701731,37404259,7.955419999999999,17794,190049078,334
55200000,4702261,37422075,7.95832,17805,190320285,338
55250000,4702737,37439864,7.961289999999999,17815,190592875,357
55300000,4703262,37457653,7.964189999999999,17821,190865534,350
55350000,4703775,37475320,7.96707,17832,191133282,346
55400000,4704321,37493157,7.969939999999999,17842,191399408,341
55450000,4704790,37510882,7.972910000000001,17854,191667054,368
55500000,4705316,37528543,7.97578,17858,191938748,364
55550000,4705811,37546283,7.97871,17869,192208565,358
55600000,4706280,37563887,7.98165,17880,192485961,356
55650000,4706825,37581386,7.98445,17884,192759948,340
55700000,4707327,37598816,7.9873,17894,193031340,361
55750000,4707801,37616322,7.99021,17901,193305830,366
55800000,4708308,37633901,7.99308,17903,193578421,366
55850000,4708821,37651300,7.99591,17915,193844641,345
55900000,4709305,37668548,7.99875,17919,194109833,399
55950000,4709830,37685966,8.001560000000001,17927,194383143,355
56000000,4710328,37703347,8.0044,17936,194646775,352
56050000,4710825,37720524,8.0072,17941,194914959,347
56100000,4711326,37737712,8.01,17946,195178886,340
56150000,4711822,37755127,8.01285,17958,195447585,366
56200000,4712314,37772331,8.01567,17963,195711204,359
56250000,4712789,37789492,8.0185,17970,195983836,350
56300000,4713283,37806615,8.021289999999999,17983,196242142,349
56350000,4713767,37823894,8.02413,17993,196507427,331
56400000,4714221,37841104,8.02701,18000,196769886,332
56450000,4714695,37858082,8.029810000000001,18006,197030731,316
56500000,4715167,37875079,8.03261,18015,197296258,348
56550000,4715664,37892074,8.03536,18024,197564410,349
56600000,4716158,37909057,8.03812,18029,197816075,345
56650000,4716670,37926039,8.04085,18036,198083134,331
56700000,4717128,37942995,8.043660000000001,18045,198348719,335
56750000,4717581,37960016,8.0465,18052,198611185,322
56800000,4718103,37976717,8.04915,18063,198875884,327
56850000,4718603,37993618,8.05188,18070,199146633,334
56900000,4719052,38010558,8.0547,18074,199412478,342
56950000,4719534,38027528,8.05748,18087,199673482,330
57000000,4720044,38044283,8.06015,18098,199941740,359
57050000,4720522,38061000,8.06288,18103,200201011,354
57100000,4720993,38077741,8.06562,18111,200463935,337
57150000,4721440,38094461,8.0684,18121,200730011,332
57200000,4721901,38110943,8.0711,18129,200988836,326
57250000,4722337,38127453,8.07385,18137,201247243,307
57300000,4722821,38144123,8.07655,18150,201498455,333
57350000,4723297,38160751,8.079260000000001,18158,201751971,343
57400000,4723779,38177380,8.08196,18164,202012625,341
57450000,4724249,38193707,8.084610000000001,18170,202261321,346
57500000,4724700,38210165,8.08732,18176,202516370,304
57550000,4725162,38226656,8.090019999999999,18182,202776039,343
57600000,4725666,38243133,8.09264,18182,203025119,317
57650000,4726113,38259629,8.095369999999999,18189,203294716,310
57700000,4726585,38276028,8.09803,18197,203563264,334
57750000,4727034,38292328,8.100710000000001,18200,203822033,329
57800000,4727466,38308639,8.10342,18209,204084638,319
57850000,4727923,38324973,8.10609,18216,204353900,350
57900000,4728382,38341236,8.10874,18226,204604838,331
57950000,4728831,38357604,8.11143,18234,204862836,332
58000000,4729287,38373813,8.11408,18242,205126172,298
58050000,4729762,38390072,8.1167,18255,205387673,327
58100000,4730230,38406254,8.11932,18258,205656183,328
58150000,4730725,38422509,8.12191,18265,205915932,310
58200000,4731184,38438623,8.12453,18267,206170467,322
58250000,4731628,38454548,8.127130000000001,18273,206422637,306
58300000,4732052,38470441,8.129760000000001,18285,206681548,315
58350000,4732510,38486308,8.13232,18292,206935439,322
58400000,4732975,38502242,8.134889999999999,18301,207197788,317
58450000,4733428,38518159,8.13748,18306,207444004,299
58500000,4733850,38533897,8.140080000000001,18315,207702750,306
58550000,4734291,38549869,8.14269,18325,207965047,299
58600000,4734722,38565724,8.1453,18335,208218029,314
58650000,4735174,38581620,8.14788,18339,208469533,312
58700000,4735586,38597348,8.15049,18348,208727170,315
58750000,4735990,38613164,8.15313,18354,208983367,339
58800000,4736391,38628868,8.15576,18363,209238154,305
58850000,4736813,38644449,8.15832,18367,209489184,311
58900000,4737212,38660144,8.16095,18373,209737355,310
58950000,4737617,38675761,8.16355,18389,209994979,309
59000000,4738041,38691503,8.166139999999999,18393,210258906,330
59050000,4738441,38707031,8.16873,18393,210513617,306
59100000,4738913,38722419,8.17116,18407,210764290,297
59150000,4739343,38737869,8.173680000000001,18412,211009015,320
59200000,4739789,38753359,8.17618,18413,211256868,329
59250000,4740202,38768878,8.17874,18423,211509877,309
59300000,4740653,38784204,8.181189999999999,18430,211762443,308
59350000,4741041,38799572,8.183769999999999,18440,212009540,301
59400000,4741464,38815004,8.18629,18443,212248851,295
59450000,4741893,38830244,8.18876,18452,212487924,310
59500000,4742299,38845525,8.191289999999999,18460,212746886,284
59550000,4742756,38860799,8.193719999999999,18468,212991419,309
59600000,4743141,38876073,8.19627,18479,213253757,328
59650000,4743537,38891147,8.19877,18488,213496375,282
59700000,4743932,38906345,8.20129,18494,213753855,321
59750000,4744409,38921531,8.203660000000001,18503,214002416,299
59800000,4744837,38936670,8.20611,18508,214252417,288
59850000,4745258,38951654,8.20854,18521,214508759,289
59900000,4745666,38966739,8.21102,18523,214753534,295
59950000,4746070,38981922,8.213519999999999,18532,215006660,316
60000000,4746467,38996907,8.21599,18536,215245322,303
60050000,4746893,39011791,8.21838,18543,215487017,319
60100000,4747321,39026782,8.2208,18546,215731956,313
60150000,4747718,39041655,8.22325,18559,215983445,313
60200000,4748109,39056496,8.22569,18572,216226903,308
60250000,4748526,39071204,8.228069999999999,18578,216477023,290
60300000,4748918,39085891,8.23048,18587,216720088,275
60350000,4749311,39100636,8.23291,18593,216962936,302
60400000,4749687,39115298,8.235339999999999,18600,217202687,297
60450000,4750067,39129834,8.237739999999999,18607,217448383,280
60500000,4750447,39144754,8.24023,18613,217696661,292
60550000,4750842,39159263,8.24259,18622,217945163,296
60600000,4751272,39173928,8.24493,18632,218189751,274
60650000,4751702,39188438,8.24724,18640,218437560,317
60700000,4752125,39202991,8.24957,18644,218676529,289
60750000,4752525,39217498,8.25193,18657,218917025,306
60800000,4752909,39232098,8.25433,18661,219163726,275
60850000,4753288,39246379,8.256680000000001,18667,219399740,271
60900000,4753673,39260871,8.25906,18673,219640393,286
60950000,4754074,39275369,8.26141,18673,219882991,301
61000000,4754469,39289789,8.263760000000001,18686,220118884,297
61050000,4754875,39304357,8.266119999999999,18691,220365679,291
61100000,4755246,39318722,8.26849,18698,220616751,296
61150000,4755623,39333105,8.27086,18704,220857113,292
61200000,4756011,39347466,8.27321,18709,221109466,267
61250000,4756372,39361720,8.27558,18709,221347127,271
61300000,4756749,39375895,8.2779,18713,221588782,292
61350000,4757165,39390171,8.28018,18715,221825523,290
61400000,4757543,39404289,8.28249,18719,222070118,283
61450000,4757902,39418555,8.28486,18723,222296107,300
61500000,4758256,39432443,8.28716,18727,222530919,261
61550000,4758658,39446444,8.28941,18732,222773891,274
61600000,4759014,39460522,8.291739999999999,18740,223027424,283
61650000,4759399,39474480,8.29401,18743,223254650,281
61700000,4759795,39488557,8.29627,18753,223497442,286
61750000,4760188,39502629,8.29854,18762,223736959,294
61800000,4760558,39516705,8.30086,18767,223982711,273
61850000,4760954,39530638,8.30309,18772,224229178,303
61900000,4761327,39544473,8.30535,18781,224454929,282
61950000,4761699,39558353,8.30761,18789,224693893,277
62000000,4762047,39572145,8.3099,18792,224920302,274
62050000,4762449,39585867,8.31208,18793,225158905,260
62100000,4762807,39599788,8.31438,18802,225402108,262
62150000,4763172,39613508,8.31662,18809,225642180,263
62200000,4763580,39627247,8.3188,18812,225878245,285
62250000,4763937,39640881,8.32103,18819,226106992,275
62300000,4764318,39654669,8.323260000000001,18831,226345043,270
62350000,4764667,39668470,8.32555,18836,226583800,260
62400000,4765021,39682166,8.327810000000001,18841,226826206,284
62450000,4765387,39695840,8.33003,18848,227058987,267
62500000,4765736,39709203,8.332230000000001,18855,227278415,265
62550000,4766059,39722730,8.3345,18855,227512463,291
62600000,4766417,39736270,8.33672,18866,227743829,298
62650000,4766777,39749699,8.3389,18873,227979025,288
62700000,4767147,39763133,8.34108,18878,228215001,274
62750000,4767499,39776574,8.34328,18883,228446476,277
62800000,4767872,39789991,8.34544,18891,228678530,288
62850000,4768239,39803366,8.3476,18897,228911440,293
62900000,4768604,39816752,8.34977,18905,229154693,243
62950000,4768970,39829811,8.35187,18913,229384707,253
63000000,4769332,39843227,8.35405,18920,229620052,274
63050000,4769663,39856428,8.35624,18927,229848327,254
63100000,4769995,39869684,8.35843,18932,230078475,259
63150000,4770348,39882742,8.36055,18936,230305318,276
63200000,4770681,39895748,8.362689999999999,18936,230531692,224
63250000,4771011,39908820,8.36486,18947,230762610,262
63300000,4771360,39921946,8.367,18952,231002273,276
63350000,4771705,39934878,8.3691,18958,231232738,251
63400000,4772027,39947782,8.37124,18960,231452899,254
63450000,4772394,39960684,8.3733,18967,231670034,254
63500000,4772728,39973767,8.37545,18971,231902078,278
63550000,4773071,39986890,8.3776,18977,232131725,250
63600000,4773440,39999640,8.37963,18984,232348907,250
63650000,4773780,40012489,8.38172,18992,232574031,251
63700000,4774106,40025351,8.38384,18996,232802115,257
63750000,4774470,40038088,8.385869999999999,19003,233019819,258
63800000,4774796,40050905,8.38798,19010,233236008,257
63850000,4775127,40063781,8.3901,19010,233460324,243
63900000,4775484,40076676,8.39217,19016,233684722,263
63950000,4775798,40089451,8.39429,19024,233904955,252
64000000,4776140,40102108,8.396339999999999,19035,234122862,244
64050000,4776472,40114639,8.39838,19038,234352587,250
64100000,4776804,40127159,8.40042,19045,234573485,233
64150000,4777123,40139586,8.402460000000001,19048,234794531,261
64200000,4777435,40152003,8.40451,19048,235016480,231
64250000,4777722,40164428,8.40661,19048,235233450,239
64300000,4778053,40176957,8.40865,19064,235456152,260
64350000,4778427,40189508,8.41061,19070,235674665,247
64400000,4778772,40201924,8.41261,19074,235888909,250
64450000,4779060,40214298,8.41469,19082,236099076,239
64500000,4779409,40226716,8.41667,19082,236322773,240
64550000,4779771,40238839,8.418569999999999,19091,236544016,253
64600000,4780116,40251186,8.42055,19098,236762342,239
64650000,4780476,40263576,8.4225,19110,236997549,266
64700000,4780791,40275895,8.42453,19119,237221168,240
64750000,4781132,40288233,8.42651,19124,237438315,259
64800000,4781492,40300522,8.42844,19128,237647074,244
64850000,4781823,40312724,8.43041,19138,237852768,253
64900000,4782144,40324945,8.4324,19141,238079678,252
64950000,4782459,40337079,8.43438,19152,238298927,230
65000000,4782754,40349289,8.43641,19152,238519068,233
65050000,4783057,40361437,8.438419999999999,19165,238739133,235
65100000,4783381,40373470,8.44036,19171,238956307,219
65150000,4783675,40385494,8.44236,19172,239175553,221
65200000,4783995,40397537,8.44431,19175,239400348,243
65250000,4784290,40409501,8.44629,19182,239610995,249
65300000,4784595,40421404,8.44824,19187,239825891,254
65350000,4784896,40433410,8.45022,19195,240036461,245
65400000,4785230,40445261,8.4521,19202,240251593,231
65450000,4785530,40456920,8.45401,19209,240449784,228
65500000,4785847,40468655,8.4559,19213,240659216,249
65550000,4786175,40480541,8.45781,19217,240870919,234
65600000,4786457,40492186,8.45974,19220,241079175,221
65650000,4786788,40503925,8.46161,19220,241293863,205
65700000,4787095,40515598,8.4635,19229,241503528,246
65750000,4787407,40527343,8.46541,19231,241715098,225
65800000,4787692,40538966,8.46733,19236,241928751,238
65850000,4788013,40550480,8.46917,19238,242130798,242
65900000,4788315,40561933,8.47102,19243,242330646,239
65950000,4788614,40573476,8.47291,19250,242538773,238
66000000,4788913,40584961,8.47478,19255,242741794,231
66050000,4789233,40596440,8.47661,19255,242944054,246
66100000,4789514,40607862,8.478489999999999,19263,243149231,222
66150000,4789826,40619332,8.48034,19270,243353979,224
66200000,4790178,40630752,8.4821,19274,243552881,238
66250000,4790477,40642080,8.48393,19278,243765423,235
66300000,4790789,40653468,8.48576,19286,243970687,259
66350000,4791082,40664811,8.4876,19290,244169683,219
66400000,4791362,40676052,8.48945,19296,244374928,216
66450000,4791631,40687318,8.49133,19298,244583458,219
66500000,4791916,40698681,8.4932,19307,244786761,223
66550000,4792217,40709937,8.49501,19315,244983842,213
66600000,4792521,40721219,8.496830000000001,19318,245178372,253
66650000,4792800,40732380,8.498660000000001,19320,245380447,242
66700000,4793082,40743325,8.50044,19320,245585293,212
66750000,4793391,40754608,8.50225,19325,245784805,227
66800000,4793682,40765800,8.50407,19336,245977594,230
66850000,4793987,40776682,8.5058,19340,246169137,240
66900000,4794283,40787621,8.50755,19348,246363027,200
66950000,4794565,40798485,8.509319999999999,19352,246573144,198
67000000,4794836,40809216,8.51108,19360,246763556,196
67050000,4795122,40820110,8.512839999999999,19368,246963202,212
67100000,4795415,40830977,8.51459,19369,247166687,237
67150000,4795702,40841856,8.51635,19376,247365283,216
67200000,4795980,40852552,8.51808,19380,247565259,225
67250000,4796263,40863200,8.5198,19386,247767941,201
67300000,4796533,40873984,8.52157,19392,247961539,221
67350000,4796813,40884791,8.52332,19395,248157951,228
67400000,4797086,40895559,8.52508,19395,248352578,226
67450000,4797366,40906216,8.526810000000001,19402,248550581,211
67500000,4797611,40916899,8.5286,19411,248752569,212
67550000,4797873,40927472,8.530339999999999,19416,248941760,200
67600000,4798131,40938178,8.532110000000001,19423,249137435,211
67650000,4798418,40948693,8.53379,19426,249326677,226
67700000,4798703,40959023,8.53544,19433,249502966,186
67750000,4798969,40969610,8.53717,19440,249694139,221
67800000,4799224,40980128,8.538910000000001,19446,249880533,208
67850000,4799488,40990702,8.54064,19448,250067695,216
67900000,4799716,41001229,8.54243,19456,250280793,216
67950000,4799967,41011561,8.544130000000001,19459,250480095,212
68000000,4800241,41021896,8.5458,19463,250674109,182
68050000,4800495,41032127,8.54748,19465,250861525,193
68100000,4800783,41042422,8.54911,19466,251045542,189
68150000,4801041,41052712,8.55079,19473,251242695,196
68200000,4801294,41062841,8.55245,19477,251433029,201
68250000,4801564,41073127,8.554110000000001,19483,251611913,205
68300000,4801826,41083226,8.55575,19490,251803042,204
68350000,4802071,41093407,8.55743,19498,251982948,191
68400000,4802328,41103458,8.55907,19498,252170905,209
68450000,4802585,41113586,8.56072,19507,252347765,200
68500000,4802854,41123501,8.56231,19515,252521186,196
68550000,4803116,41133636,8.56395,19515,252702603,219
68600000,4803379,41143570,8.56555,19520,252870368,190
68650000,4803644,41153490,8.56714,19524,253044930,198
68700000,4803923,41163499,8.56873,19529,253224051,216
68750000,4804169,41173370,8.57034,19532,253400556,209
68800000,4804403,41183258,8.57198,19539,253573490,210
68850000,4804703,41193238,8.57352,19543,253755716,187
68900000,4804975,41203156,8.5751,19547,253937512,200
68950000,4805232,41212913,8.57667,19556,254118503,204
69000000,4805456,41222650,8.5783,19565,254303343,210
69050000,4805727,41232324,8.579830000000001,19570,254480861,186
69100000,4805989,41241970,8.58137,19576,254650930,198
69150000,4806256,41251658,8.58291,19580,254830439,177
69200000,4806500,41261290,8.584480000000001,19587,255009808,187
69250000,4806750,41270872,8.58602,19590,255191776,187
69300000,4806983,41280465,8.5876,19591,255366285,200
69350000,4807218,41290023,8.58917,19597,255546037,188
69400000,4807480,41299404,8.59066,19600,255719038,191
69450000,4807749,41308912,8.59215,19606,255902490,179
69500000,4807997,41318420,8.593689999999999,19610,256076476,175
69550000,4808243,41327922,8.59522,19615,256256246,192
69600000,4808471,41337318,8.59677,19623,256426489,186
69650000,4808725,41346933,8.59832,19624,256603961,190
69700000,4808956,41356309,8.59985,19628,256783053,192
69750000,4809188,41365715,8.601389999999999,19631,256957259,192
69800000,4809421,41374936,8.602889999999999,19634,257132792,203
69850000,4809661,41384283,8.604410000000001,19638,257304743,203
69900000,4809911,41393440,8.60586,19639,257482946,170
69950000,4810132,41402763,8.60741,19647,257662428,196
70000000,4810387,41411860,8.608839999999999,19650,257834996,174
70050000,4810632,41421037,8.61031,19658,258008458,192
70100000,4810866,41430117,8.61178,19665,258175574,204
70150000,4811103,41439246,8.61325,19666,258350195,170
70200000,4811314,41448351,8.61477,19666,258512541,159
70250000,4811555,41457361,8.61621,19669,258675721,177
70300000,4811789,41466417,8.61767,19672,258846685,183
70350000,4812029,41475499,8.61913,19674,259019138,185
70400000,4812238,41484549,8.62064,19676,259182323,184
70450000,4812454,41493513,8.622110000000001,19680,259336836,165
70500000,4812691,41502439,8.62354,19684,259502542,169
70550000,4812933,41511166,8.62492,19689,259662388,154
70600000,4813151,41519927,8.62635,19694,259828330,190
70650000,4813371,41528748,8.62779,19699,259996249,192
70700000,4813584,41537554,8.62924,19703,260161423,176
70750000,4813811,41546253,8.63064,19708,260319169,160
70800000,4813998,41554987,8.63212,19712,260477773,184
70850000,4814198,41563739,8.633569999999999,19717,260638693,161
70900000,4814405,41572452,8.635010000000001,19717,260799204,175
70950000,4814644,41581078,8.63638,19722,260957375,173
71000000,4814857,41589694,8.637780000000001,19722,261116769,175
71050000,4815057,41598154,8.63918,19730,261269901,167
71100000,4815270,41606737,8.64058,19736,261433293,177
71150000,4815470,41615363,8.64201,19744,261593624,173
71200000,4815707,41623894,8.643360000000001,19748,261751002,164
71250000,4815918,41632387,8.64475,19748,261918788,172
71300000,4816122,41640709,8.64611,19750,262071659,183
71350000,4816357,41649174,8.64744,19750,262227986,161
71400000,4816579,41657528,8.64878,19750,262388563,178
71450000,4816795,41665819,8.65011,19763,262543667,150
71500000,4817018,41674131,8.65144,19768,262704527,185
71550000,4817223,41682436,8.65279,19773,262854226,169
71600000,4817419,41690672,8.65415,19775,263007616,192
71650000,4817638,41698829,8.65545,19778,263154577,160
71700000,4817824,41706858,8.65678,19778,263306499,169
71750000,4818050,41715046,8.65808,19782,263461709,152
71800000,4818254,41723220,8.659410000000001,19789,263615206,146
71850000,4818452,41731297,8.660730000000001,19795,263766083,177
71900000,4818645,41739310,8.66204,19795,263922021,156
71950000,4818861,41747283,8.663310000000001,19798,264072165,145
72000000,4819070,41755367,8.66461,19804,264222780,166
72050000,4819283,41763318,8.66588,19807,264379281,139
72100000,4819491,41771402,8.66718,19809,264529461,169
72150000,4819678,41779376,8.6685,19813,264686826,162
72200000,4819903,41787236,8.66973,19819,264825209,154
72250000,4820093,41794945,8.67098,19823,264969673,142
72300000,4820292,41802885,8.67227,19827,265113510,161
72350000,4820475,41810599,8.67354,19829,265264171,150
72400000,4820694,41818431,8.67477,19837,265407551,145
72450000,4820887,41826174,8.67603,19842,265557166,152
72500000,4821085,41834171,8.67734,19845,265702041,166
72550000,4821281,41841925,8.67859,19849,265857011,153
72600000,4821496,41849648,8.67981,19853,266012670,138
72650000,4821664,41857162,8.68106,19853,266160611,162
72700000,4821870,41864749,8.682260000000001,19861,266304595,158
72750000,4822069,41872347,8.68348,19868,266450419,148
72800000,4822273,41879905,8.68468,19869,266591232,131
72850000,4822434,41887561,8.68598,19869,266733365,142
72900000,4822626,41895136,8.6872,19877,266876205,138
72950000,4822814,41902684,8.68843,19879,267024325,150
73000000,4822979,41910055,8.68966,19881,267172739,118
73050000,4823188,41917565,8.69084,19886,267317916,158
73100000,4823388,41924949,8.69201,19890,267457173,146
73150000,4823587,41932213,8.69316,19894,267594086,163
73200000,4823756,41939518,8.69437,19898,267733477,131
73250000,4823924,41946776,8.69557,19898,267872870,153
73300000,4824098,41954054,8.696769999999999,19903,268013237,146
73350000,4824275,41961401,8.69797,19904,268149775,132
73400000,4824438,41968695,8.69919,19906,268297285,149
73450000,4824628,41975815,8.70032,19910,268434107,140
73500000,4824847,41982971,8.701410000000001,19914,268574960,156
73550000,4825033,41989994,8.70253,19916,268715539,123
73600000,4825202,41997005,8.70368,19918,268854648,134
73650000,4825367,42004005,8.704830000000001,19921,268988598,132
73700000,4825536,42011177,8.706010000000001,19927,269127078,139
73750000,4825718,42018155,8.707130000000001,19930,269268411,133
73800000,4825901,42025125,8.70824,19934,269407460,138
73850000,4826084,42032159,8.70937,19940,269544212,132
73900000,4826247,42039059,8.710510000000001,19941,269676679,142
73950000,4826408,42045857,8.71163,19941,269813422,134
74000000,4826587,42052710,8.71272,19948,269943459,127
74050000,4826757,42059576,8.71384,19950,270081833,131
74100000,4826909,42066372,8.71497,19956,270220374,125
74150000,4827068,42073139,8.71609,19958,270356172,129
74200000,4827236,42080045,8.717210000000001,19959,270492128,127
74250000,4827410,42086674,8.71827,19961,270620221,126
74300000,4827592,42093285,8.71931,19961,270744613,141
74350000,4827777,42099804,8.72033,19968,270863761,129
74400000,4827942,42106311,8.72138,19972,270983586,137
74450000,4828100,42113023,8.722480000000001,19973,271112268,139
74500000,4828274,42119659,8.72354,19979,271240870,134
74550000,4828431,42126278,8.72463,19982,271372162,140
74600000,4828593,42132793,8.72569,19984,271494139,130
74650000,4828777,42139380,8.72672,19986,271622994,117
74700000,4828939,42145788,8.72775,19991,271749782,120
74750000,4829110,42152222,8.72878,19993,271875023,135
74800000,4829277,42158525,8.72978,19999,271993511,130
74850000,4829419,42164780,8.73082,19999,272112232,128
74900000,4829583,42171095,8.73183,20007,272236162,124
74950000,4829767,42177334,8.73279,20009,272360424,126
75000000,4829939,42183606,8.73378,20011,272475188,121
75050000,4830113,42189870,8.734760000000001,20015,272605310,124
75100000,4830283,42196128,8.73575,20022,272733378,125
75150000,4830424,42202333,8.73678,20024,272857396,110
75200000,4830589,42208401,8.73773,20029,272973573,117
75250000,4830716,42214526,8.73877,20031,273096464,117
75300000,4830855,42220559,8.73977,20035,273205287,117
75350000,4831017,42226824,8.74077,20041,273330452,121
75400000,4831179,42232811,8.741719999999999,20044,273444145,124
75450000,4831339,42238878,8.74269,20046,273563727,119
75500000,4831497,42244842,8.74363,20048,273676245,135
75550000,4831627,42250800,8.74463,20048,273793722,130
75600000,4831765,42256728,8.745610000000001,20056,273909046,113
75650000,4831919,42262688,8.74656,20058,274021293,129
75700000,4832077,42268539,8.747489999999999,20061,274145442,127
75750000,4832225,42274425,8.748439999999999,20066,274257762,119
75800000,4832353,42280185,8.7494,20069,274373580,111
75850000,4832491,42285899,8.75033,20073,274484079,126
75900000,4832629,42291705,8.75128,20073,274589406,122
75950000,4832779,42297426,8.7522,20077,274702155,120
76000000,4832933,42303152,8.7531,20077,274820629,100
76050000,4833060,42308754,8.75403,20082,274933432,109
76100000,4833215,42314348,8.75491,20084,275041473,101
76150000,4833345,42319792,8.7558,20085,275151756,109
76200000,4833481,42325277,8.756689999999999,20088,275254224,108
76250000,4833601,42330808,8.757610000000001,20090,275369056,104
76300000,4833738,42336361,8.758510000000001,20090,275490678,97
76350000,4833885,42341810,8.75937,20093,275602167,99
76400000,4834026,42347246,8.76024,20098,275707849,101
76450000,4834167,42352713,8.76112,20100,275811567,93
76500000,4834312,42358018,8.76195,20103,275915386,109
76550000,4834443,42363305,8.76281,20105,276024149,106
76600000,4834574,42368560,8.76366,20107,276131935,110
76650000,4834736,42373838,8.76446,20113,276237897,111
76700000,4834879,42379113,8.76529,20115,276341159,81
76750000,4835008,42384346,8.76614,20122,276439709,103
76800000,4835148,42389525,8.766960000000001,20125,276546239,85
76850000,4835280,42394674,8.76778,20128,276650858,100
76900000,4835410,42399891,8.76862,20129,276750607,111
76950000,4835548,42405010,8.76943,20131,276848123,114
77000000,4835653,42410103,8.77029,20133,276946017,92
77050000,4835774,42415100,8.77111,20138,277053698,73
77100000,4835892,42420153,8.771939999999999,20140,277156706,99
77150000,4836007,42425126,8.77276,20142,277259093,98
77200000,4836136,42430001,8.773530000000001,20142,277353844,100
77250000,4836261,42434968,8.77433,20144,277456909,94
77300000,4836383,42439846,8.77512,20146,277551104,96
77350000,4836505,42444765,8.77592,20146,277648096,108
77400000,4836609,42449563,8.77672,20152,277738895,99
77450000,4836715,42454394,8.77753,20152,277827699,107
77500000,4836838,42459204,8.7783,20155,277917828,103
77550000,4836948,42463968,8.77908,20159,278012056,101
77600000,4837076,42468777,8.77984,20164,278101140,134
77650000,4837202,42473491,8.78059,20169,278191175,106
77700000,4837323,42478154,8.78134,20169,278280974,81
77750000,4837436,42482830,8.7821,20169,278380939,85
77800000,4837563,42487192,8.78277,20169,278460629,84
77850000,4837692,42491754,8.78348,20175,278548434,83
77900000,4837800,42496320,8.78422,20176,278639921,91
77950000,4837898,42500836,8.784980000000001,20176,278729751,77
78000000,4838024,42505403,8.785689999999999,20176,278825694,73
78050000,4838133,42509817,8.78641,20181,278909834,92
78100000,4838231,42514284,8.78715,20182,278999296,89
78150000,4838328,42518754,8.7879,20182,279090126,88
78200000,4838447,42523262,8.78862,20182,279186020,99
78250000,4838564,42527564,8.78929,20182,279269246,97
78300000,4838651,42531749,8.79,20182,279348070,79
78350000,4838754,42535946,8.79068,20188,279431878,98
78400000,4838871,42540276,8.791360000000001,20191,279524447,92
78450000,4838976,42544561,8.792060000000001,20194,279611500,83
78500000,4839081,42548786,8.79274,20197,279698790,85
78550000,4839199,42553093,8.79342,20197,279790190,77
78600000,4839301,42557254,8.794089999999999,20202,279868430,82
78650000,4839390,42561373,8.794780000000001,20205,279946817,90
78700000,4839482,42565552,8.79548,20207,280026239,70
78750000,4839590,42569598,8.79612,20207,280105474,71
78800000,4839691,42573682,8.79678,20209,280186630,76
78850000,4839792,42577766,8.79744,20212,280269146,86
78900000,4839899,42581760,8.79807,20212,280348771,69
78950000,4840013,42585701,8.79867,20216,280426516,84
79000000,4840098,42589602,8.79933,20218,280496463,99
79050000,4840186,42593484,8.79997,20219,280572933,80
79100000,4840263,42597452,8.80065,20224,280650754,76
79150000,4840356,42601326,8.80128,20224,280730868,67
79200000,4840450,42605163,8.8019,20228,280804454,67
79250000,4840544,42608953,8.80251,20228,280884482,78
79300000,4840635,42612682,8.80312,20228,280959548,76
79350000,4840720,42616436,8.80374,20228,281033348,61
79400000,4840804,42620102,8.80434,20228,281105589,79
79450000,4840893,42623774,8.80494,20228,281176947,63
79500000,4840982,42627478,8.805539999999999,20235,281248157,72
79550000,4841073,42631023,8.80611,20235,281321538,75
79600000,4841149,42634650,8.80672,20238,281391791,73
79650000,4841234,42638157,8.80729,20239,281455726,90
79700000,4841316,42641644,8.80786,20240,281527679,63
79750000,4841392,42645192,8.80846,20241,281604850,76
79800000,4841489,42648671,8.809,20244,281672883,60
79850000,4841570,42652102,8.809560000000001,20247,281742766,83
79900000,4841653,42655409,8.810089999999999,20247,281801057,74
79950000,4841736,42658789,8.81064,20247,281858017,60
80000000,4841814,42662007,8.811160000000001,20249,281922176,63
80050000,4841906,42665285,8.81167,20251,281987373,69
80100000,4841995,42668535,8.81218,20251,282053272,72
80150000,4842083,42671712,8.81268,20253,282119563,56
80200000,4842166,42674900,8.813180000000001,20254,282179788,60
80250000,4842249,42678098,8.81369,20255,282251262,49
80300000,4842323,42681347,8.81423,20255,282315985,71
80350000,4842411,42684427,8.81471,20255,282371620,59
80400000,4842492,42687470,8.81519,20255,282424003,63
80450000,4842564,42690635,8.815710000000001,20257,282488326,66
80500000,4842636,42693724,8.81622,20259,282542854,73
80550000,4842699,42696707,8.81672,20259,282604288,67
80600000,4842770,42699737,8.817210000000001,20259,282663891,54
80650000,4842844,42702684,8.817689999999999,20259,282720601,50
80700000,4842921,42705594,8.81815,20264,282780574,57
80750000,4842995,42708477,8.818610000000001,20267,282836665,55
80800000,4843067,42711346,8.81907,20267,282893868,60
80850000,4843129,42714132,8.81953,20269,282947800,48
80900000,4843216,42716958,8.81996,20271,283000117,48
80950000,4843287,42719780,8.82041,20271,283056033,59
81000000,4843362,42722512,8.820839999999999,20276,283114164,63
81050000,4843432,42725271,8.82128,20276,283170721,60
81100000,4843507,42727905,8.82169,20276,283224604,52
81150000,4843568,42730588,8.82213,20281,283283166,57
81200000,4843644,42733291,8.82255,20281,283345456,54
81250000,4843725,42735895,8.82294,20281,283401065,57
81300000,4843789,42738479,8.823360000000001,20284,283455446,53
81350000,4843854,42740997,8.82376,20286,283505970,56
81400000,4843921,42743475,8.82415,20286,283555817,48
81450000,4843991,42745965,8.824530000000001,20286,283611422,41
81500000,4844050,42748421,8.82493,20288,283657792,45
81550000,4844120,42750865,8.82531,20288,283705367,57
81600000,4844183,42753260,8.82569,20288,283753237,39
81650000,4844258,42755699,8.82606,20290,283797010,47
81700000,4844304,42757961,8.82644,20291,283842564,44
81750000,4844359,42760279,8.82682,20291,283885172,43
81800000,4844419,42762644,8.8272,20292,283933136,37
81850000,4844467,42764793,8.82755,20292,283978430,32
81900000,4844535,42767030,8.82789,20292,284022810,37
81950000,4844585,42769252,8.82826,20299,284068236,46
82000000,4844643,42771425,8.8286,20304,284111076,35
82050000,4844694,42773543,8.82895,20305,284153304,39
82100000,4844740,42775624,8.82929,20307,284193277,44
82150000,4844781,42777816,8.82967,20307,284239311,37
82200000,4844828,42779873,8.830010000000001,20308,284277820,46
82250000,4844868,42781916,8.83036,20309,284320721,37
82300000,4844915,42783871,8.830680000000001,20309,284362031,42
82350000,4844967,42785885,8.831,20309,284404362,39
82400000,4845018,42787784,8.8313,20309,284444829,33
82450000,4845063,42789695,8.831610000000001,20309,284476635,24
82500000,4845109,42791567,8.83191,20309,284512188,36
82550000,4845158,42793402,8.8322,20309,284550809,32
82600000,4845205,42795222,8.83249,20314,284587389,33
82650000,4845254,42796947,8.83276,20314,284619677,35
82700000,4845289,42798707,8.833060000000001,20314,284657043,30
82750000,4845332,42800485,8.83334,20317,284690889,32
82800000,4845377,42802209,8.83362,20317,284726266,35
82850000,4845420,42803856,8.83388,20317,284763804,23
82900000,4845474,42805511,8.83412,20317,284795727,23
82950000,4845504,42807139,8.8344,20317,284827543,32
83000000,4845553,42808736,8.83464,20317,284858656,31
83050000,4845600,42810286,8.83488,20319,284889142,39
83100000,4845640,42811828,8.83512,20319,284920633,28
83150000,4845675,42813303,8.835360000000001,20319,284951817,21
83200000,4845718,42814857,8.83561,20321,284980586,23
83250000,4845754,42816306,8.83584,20321,285011345,25
83300000,4845784,42817735,8.83608,20321,285037532,37
83350000,4845818,42819130,8.836310000000001,20321,285069204,27
83400000,4845850,42820422,8.83651,20322,285094601,22
83450000,4845880,42821764,8.836739999999999,20322,285121600,25
83500000,4845918,42823008,8.83692,20322,285144289,32
83550000,4845954,42824252,8.837110000000001,20324,285167594,20
83600000,4845981,42825492,8.83732,20325,285196902,22
83650000,4846001,42826672,8.837530000000001,20327,285222845,24
83700000,4846030,42827906,8.83773,20327,285248466,29
83750000,4846064,42829083,8.83791,20327,285274165,26
83800000,4846087,42830174,8.83809,20327,285296198,17
83850000,4846117,42831227,8.83826,20327,285318105,23
83900000,4846133,42832294,8.83845,20327,285341335,16
83950000,4846160,42833306,8.838610000000001,20327,285362061,23
84000000,4846184,42834274,8.83876,20327,285381891,25
84050000,4846208,42835251,8.83892,20327,285401127,21
84100000,4846227,42836126,8.83907,20327,285417847,27
84150000,4846245,42837067,8.83923,20327,285437310,20
84200000,4846259,42838016,8.8394,20327,285456141,14
84250000,4846280,42838870,8.83954,20327,285468712,22
84300000,4846310,42839736,8.83966,20327,285488164,17
84350000,4846327,42840496,8.839789999999999,20327,285504467,13
84400000,4846344,42841300,8.83992,20327,285522118,16
84450000,4846369,42842071,8.84003,20327,285537905,8
84500000,4846378,42842807,8.84017,20327,285552462,16
84550000,4846396,42843515,8.84028,20327,285566232,10
84600000,4846419,42844167,8.84038,20327,285577514,17
84650000,4846435,42844781,8.84047,20331,285590950,10
84700000,4846455,42845358,8.84056,20331,285602955,10
84750000,4846464,42845975,8.84067,20331,285617324,19
84800000,4846474,42846507,8.840760000000001,20331,285628305,8
84850000,4846493,42847017,8.84083,20331,285639190,5
84900000,4846504,42847449,8.8409,20331,285649308,5
84950000,4846517,42847897,8.84097,20331,285660700,6
85000000,4846532,42848296,8.84102,20331,285667476,10
85050000,4846542,42848671,8.84108,20331,285675659,8
85100000,4846549,42849075,8.84115,20331,285684328,12
85150000,4846559,42849406,8.8412,20331,285690815,8
85200000,4846570,42849711,8.841239999999999,20331,285697521,6
85250000,4846575,42850009,8.8413,20331,285703875,5
85300000,4846583,42850289,8.841339999999999,20331,285708730,7
85350000,4846588,42850505,8.841380000000001,20331,285712848,3
85400000,4846596,42850702,8.8414,20331,285716140,1
85450000,4846600,42850855,8.84143,20331,285720861,2
85500000,4846604,42850980,8.841439999999999,20331,285724334,5
85550000,4846606,42851096,8.841460000000001,20331,285727696,1
85600000,4846609,42851184,8.84148,20331,285728830,1
85650000,4846609,42851224,8.84149,20331,285729900,1
85700000,4846609,42851237,8.84149,20331,285730264,0
