timestep,num_nodes,num_edges,average_degree,max_degree,num_triangles,new_edges
0,1949,1000,0.513084,3,0,1000
50000,92518,50987,0.551104,24,3,1000
100000,174003,100942,0.580116,46,12,997
150000,248990,150883,0.60598,62,32,999
200000,318563,200781,0.630271,88,62,998
250000,383550,250650,0.6535,108,105,997
300000,444831,300494,0.675524,136,160,1000
350000,503024,350305,0.696398,157,230,997
400000,558082,400100,0.71692,185,327,997
450000,610721,449831,0.736557,200,453,991
500000,660804,499545,0.755965,221,583,995
550000,709065,549204,0.774547,237,762,995
600000,755429,598866,0.79275,268,956,989
650000,800201,648511,0.810435,295,1197,999
700000,843171,698110,0.827958,327,1469,996
750000,884602,747693,0.845231,361,1783,996
800000,924546,797282,0.86235,381,2144,993
850000,963285,846810,0.879086,402,2549,989
900000,1000681,896273,0.8956629999999999,428,2984,987
950000,1037124,945770,0.911916,436,3507,991
1000000,1072370,995186,0.928025,468,4035,992
1050000,1106643,1044576,0.9439139999999999,495,4633,987
1100000,1139817,1093935,0.9597459999999999,515,5250,988
1150000,1172204,1143295,0.9753379999999999,531,5927,987
1200000,1203584,1192632,0.990901,551,6721,989
1250000,1234216,1241917,1.00624,573,7646,988
1300000,1264157,1291187,1.02138,592,8540,985
1350000,1293549,1340388,1.03621,608,9528,978
1400000,1322258,1389540,1.05088,629,10603,985
1450000,1350309,1438689,1.06545,650,11770,978
1500000,1377368,1487796,1.08017,673,12983,977
1550000,1403893,1536885,1.09473,690,14291,980
1600000,1429918,1585946,1.10912,723,15722,980
1650000,1455554,1634991,1.1232799999999998,748,17090,978
1700000,1480443,1684013,1.13751,770,18625,986
1750000,1505029,1733001,1.15147,795,20260,980
1800000,1528938,1781981,1.1655,823,21963,975
1850000,1552332,1830906,1.17946,850,23821,975
1900000,1575479,1879818,1.19317,865,25748,985
1950000,1598324,1928698,1.2067,894,27825,976
2000000,1620565,1977490,1.22025,922,29907,968
2050000,1642393,2026292,1.23374,942,32081,974
2100000,1663690,2075098,1.24729,966,34367,976
2150000,1684508,2123846,1.26081,985,36825,966
2200000,1705009,2172548,1.27421,1009,39538,973
2250000,1725364,2221257,1.28741,1025,42148,974
2300000,1744965,2269915,1.30084,1051,44970,985
2350000,1764660,2318585,1.3139,1077,47892,969
2400000,1784109,2367246,1.32685,1099,50773,977
2450000,1803109,2415848,1.33982,1128,53875,979
2500000,1821864,2464365,1.35266,1157,57186,975
2550000,1840239,2512904,1.36553,1172,60573,973
2600000,1858525,2561409,1.37819,1192,64064,974
2650000,1876314,2609834,1.39094,1221,67746,963
2700000,1893955,2658258,1.40355,1250,71493,967
2750000,1911253,2706684,1.41618,1292,75541,974
2800000,1928261,2755110,1.4288100000000001,1318,79456,977
2850000,1945147,2803497,1.44128,1338,83544,983
2900000,1961395,2851783,1.4539600000000001,1365,88117,965
2950000,1977558,2899993,1.46645,1388,92565,956
3000000,1993459,2948207,1.47894,1408,97170,969
3050000,2009308,2996371,1.49125,1446,101924,961
3100000,2024996,3044596,1.5035100000000001,1468,106779,955
3150000,2040260,3092730,1.51585,1491,111732,969
3200000,2055408,3140926,1.52813,1517,116956,968
3250000,2070608,3188930,1.54009,1548,122140,968
3300000,2085312,3237013,1.55229,1573,127680,964
3350000,2099786,3285068,1.5644799999999999,1593,133488,969
3400000,2114178,3333092,1.57654,1615,139404,964
3450000,2128345,3381064,1.58859,1638,145298,961
3500000,2142557,3429090,1.60047,1665,151334,950
3550000,2156367,3477078,1.61247,1688,157600,969
3600000,2170117,3524988,1.6243299999999998,1717,164166,955
3650000,2183678,3572806,1.63614,1736,170747,956
3700000,2196919,3620589,1.6480299999999999,1761,177506,964
3750000,2210186,3668369,1.65976,1785,184492,947
3800000,2223083,3716126,1.6716099999999998,1813,191815,959
3850000,2236022,3763898,1.6833,1842,199490,959
3900000,2248810,3811580,1.6949299999999998,1863,206902,960
3950000,2261473,3859302,1.7065400000000002,1890,214772,941
4000000,2274117,3907042,1.71805,1914,222729,964
4050000,2286614,3954683,1.7294900000000002,1939,231199,955
4100000,2298879,4002385,1.74102,1959,239441,960
4150000,2310865,4049977,1.75258,1980,248111,956
4200000,2322877,4097511,1.7639799999999999,1993,256552,952
4250000,2334669,4144982,1.7754,2026,265628,946
4300000,2346516,4192444,1.78667,2044,274502,953
4350000,2358106,4239888,1.7980099999999999,2056,283772,959
4400000,2369397,4287302,1.80945,2077,293456,948
4450000,2380570,4334695,1.82086,2101,303142,937
4500000,2391727,4382085,1.83218,2124,313165,947
4550000,2402850,4429446,1.8434099999999998,2133,323393,948
4600000,2413846,4476882,1.85467,2163,333831,944
4650000,2424702,4524168,1.8658700000000001,2183,344345,946
4700000,2435683,4571469,1.87687,2202,354835,968
4750000,2446312,4618646,1.8880000000000001,2222,365896,945
4800000,2456987,4665869,1.8990200000000002,2248,376991,938
4850000,2467487,4713131,1.91009,2268,388698,939
4900000,2477912,4760206,1.9210599999999998,2297,400434,941
4950000,2488297,4807325,1.93197,2322,412110,947
5000000,2498514,4854465,1.9429400000000001,2348,423935,942
5050000,2508794,4901559,1.95375,2364,436080,947
5100000,2518765,4948630,1.9647,2388,448399,938
5150000,2528542,4995743,1.97574,2412,461040,938
5200000,2538228,5042716,1.9867099999999998,2430,474138,938
5250000,2548059,5089695,1.99748,2463,487156,944
5300000,2557577,5136548,2.0083599999999997,2483,500762,938
5350000,2566977,5183421,2.01927,2517,514357,934
5400000,2576423,5230237,2.03004,2531,528348,931
5450000,2585872,5277030,2.04072,2553,542393,925
5500000,2595163,5323732,2.0514099999999997,2570,557250,933
5550000,2604541,5370467,2.06196,2600,571926,942
5600000,2613610,5417223,2.0727,2621,587344,941
5650000,2622704,5463865,2.0832900000000003,2656,602624,932
5700000,2631592,5510575,2.09401,2675,617826,926
5750000,2640414,5557312,2.10471,2696,633306,931
5800000,2649275,5603979,2.1152900000000003,2716,649173,938
5850000,2658000,5650564,2.12587,2737,665113,945
5900000,2666610,5697147,2.1364799999999997,2753,681321,917
5950000,2675207,5743676,2.147,2777,698110,929
6000000,2683927,5790185,2.1573599999999997,2795,714717,927
6050000,2692545,5836643,2.1677,2822,731869,928
6100000,2700896,5883085,2.1782,2840,749260,934
6150000,2709319,5929448,2.18854,2861,767197,930
6200000,2717390,5975784,2.19909,2883,785431,936
6250000,2725675,6022180,2.20943,2913,803335,919
6300000,2733956,6068571,2.2197,2935,821897,918
6350000,2742089,6114947,2.2300299999999997,2957,841004,929
6400000,2750129,6161314,2.24037,2986,860504,926
6450000,2758108,6207637,2.25069,3014,880233,938
6500000,2765990,6253872,2.26099,3039,899774,929
6550000,2773815,6300075,2.27127,3057,919653,909
6600000,2781466,6346153,2.28159,3077,939678,930
6650000,2789245,6392374,2.29179,3096,960334,915
6700000,2796953,6438469,2.30196,3121,980923,908
6750000,2804525,6484559,2.31218,3147,1001882,913
6800000,2812195,6530587,2.3222400000000003,3166,1022993,921
6850000,2819854,6576667,2.3322700000000003,3194,1044619,910
6900000,2827334,6622646,2.3423599999999998,3224,1066050,919
6950000,2834765,6668606,2.35244,3244,1088077,919
7000000,2842082,6714426,2.3625,3259,1110376,918
7050000,2849272,6760303,2.37264,3280,1133287,931
7100000,2856516,6806209,2.3827,3300,1155745,918
7150000,2863735,6852037,2.39269,3322,1180015,911
7200000,2870860,6897840,2.40271,3342,1203229,920
7250000,2877954,6943633,2.4127,3362,1226838,901
7300000,2885090,6989355,2.42258,3381,1250497,907
7350000,2892047,7035019,2.43254,3414,1274780,916
7400000,2899037,7080680,2.4424200000000003,3433,1299540,901
7450000,2905867,7126319,2.4523900000000003,3460,1324798,915
7500000,2912690,7171974,2.46232,3478,1350498,920
7550000,2919311,7217586,2.4723599999999997,3492,1376454,915
7600000,2926157,7263218,2.48217,3508,1402887,909
7650000,2932850,7308775,2.4920400000000003,3528,1428956,919
7700000,2939550,7354320,2.50185,3549,1455883,922
7750000,2946103,7399847,2.51174,3575,1482992,908
7800000,2952631,7445302,2.5215799999999997,3588,1509449,900
7850000,2959307,7490822,2.5312799999999998,3614,1537748,899
7900000,2965950,7536167,2.54089,3638,1565673,898
7950000,2972430,7581542,2.55062,3656,1593996,910
8000000,2978853,7626825,2.56032,3676,1622230,909
8050000,2985217,7672113,2.57004,3706,1651603,901
8100000,2991695,7717364,2.5796,3727,1680802,898
8150000,2998073,7762590,2.5891900000000003,3740,1709451,902
8200000,3004467,7807960,2.59878,3760,1740169,901
8250000,3010728,7853210,2.6084099999999997,3788,1770477,903
8300000,3016848,7898383,2.61809,3808,1801307,902
8350000,3022831,7943544,2.62785,3831,1832772,892
8400000,3029013,7988702,2.6373900000000003,3842,1863017,895
8450000,3035142,8033787,2.64692,3867,1894600,902
8500000,3041222,8078905,2.65647,3884,1926403,897
8550000,3047225,8123941,2.66601,3914,1959266,907
8600000,3053177,8168925,2.67555,3942,1991741,906
8650000,3059032,8213887,2.68513,3961,2024514,901
8700000,3064974,8258881,2.6946,3979,2057837,916
8750000,3070748,8303771,2.70415,4000,2090426,896
8800000,3076573,8348685,2.7136299999999998,4024,2124159,899
8850000,3082298,8393541,2.7231400000000003,4047,2157730,897
8900000,3088132,8438326,2.7325,4062,2192145,892
8950000,3093840,8483166,2.74195,4092,2226967,889
9000000,3099487,8528015,2.75143,4115,2261771,890
9050000,3105191,8572688,2.76076,4135,2297611,882
9100000,3110926,8617406,2.77005,4152,2333715,891
9150000,3116513,8661999,2.7793900000000002,4180,2369482,890
9200000,3122112,8706601,2.7886900000000003,4203,2406196,887
9250000,3127603,8751333,2.7981,4215,2443527,908
9300000,3133169,8795917,2.80735,4228,2480741,902
9350000,3138692,8840500,2.81662,4245,2518766,892
9400000,3144085,8885023,2.82595,4264,2557141,877
9450000,3149590,8929458,2.83512,4292,2594288,898
9500000,3155002,8973897,2.8443400000000003,4325,2632695,897
9550000,3160395,9018282,2.85353,4350,2672248,887
9600000,3165655,9062616,2.86279,4359,2712462,900
9650000,3170982,9106907,2.87195,4383,2753131,895
9700000,3176315,9151294,2.8811,4417,2792959,905
9750000,3181560,9195668,2.8903,4451,2834203,886
9800000,3186820,9239963,2.8994299999999997,4473,2874036,908
9850000,3192039,9284216,2.90855,4493,2914453,886
9900000,3197271,9328407,2.91762,4517,2956625,886
9950000,3202469,9372595,2.9266799999999997,4532,2996736,893
10000000,3207634,9416764,2.93574,4555,3039443,889
10050000,3212731,9460887,2.94481,4574,3082944,873
10100000,3217724,9505155,2.9539999999999997,4591,3127643,898
10150000,3222688,9549127,2.9630900000000002,4611,3171234,894
10200000,3227620,9593090,2.9721900000000003,4630,3214999,890
10250000,3232639,9637118,2.9811900000000002,4652,3259934,893
10300000,3237489,9681125,2.99032,4674,3303584,898
10350000,3242399,9725077,2.99935,4688,3348749,885
10400000,3247478,9769169,3.0082299999999997,4713,3393906,888
10450000,3252316,9813042,3.01725,4731,3439333,895
10500000,3257056,9856944,3.0263400000000003,4755,3486049,873
10550000,3261882,9900732,3.0352799999999998,4781,3532436,864
10600000,3266703,9944709,3.04426,4808,3579184,895
10650000,3271487,9988508,3.0532,4829,3626176,875
10700000,3276339,10032329,3.06205,4841,3674350,884
10750000,3280875,10076139,3.07117,4857,3723156,870
10800000,3285499,10119838,3.08015,4882,3771612,880
10850000,3290081,10163438,3.08911,4904,3820633,881
10900000,3294686,10207051,3.09803,4921,3871849,880
10950000,3299287,10250754,3.10696,4942,3923113,871
11000000,3304071,10294500,3.1157,4967,3972291,874
11050000,3308536,10337982,3.1246400000000003,4992,4023502,881
11100000,3313242,10381431,3.13332,5011,4074470,879
11150000,3317720,10424932,3.1422,5042,4127022,879
11200000,3322195,10468369,3.15104,5058,4178815,865
11250000,3326761,10511826,3.15978,5078,4231587,873
11300000,3331141,10555179,3.1686400000000003,5095,4284786,865
11350000,3335536,10598621,3.17749,5113,4337262,865
11400000,3340003,10641959,3.18621,5137,4391212,867
11450000,3344491,10685288,3.19489,5153,4447179,854
11500000,3348945,10728592,3.20357,5176,4500872,875
11550000,3353374,10772013,3.2122900000000003,5198,4556079,882
11600000,3357752,10815370,3.22102,5221,4610196,878
11650000,3361948,10858436,3.2298,5243,4665412,863
11700000,3366306,10901560,3.23843,5264,4720794,859
11750000,3370603,10944693,3.2471,5287,4776836,850
11800000,3374829,10987867,3.25583,5311,4834660,863
11850000,3379057,11030951,3.26451,5338,4892981,856
11900000,3383368,11074033,3.2730799999999998,5353,4948961,868
11950000,3387636,11117051,3.28165,5370,5006261,844
12000000,3391793,11159945,3.29028,5390,5064322,852
12050000,3396011,11202914,3.29885,5406,5123886,870
12100000,3400145,11245852,3.30746,5434,5181814,871
12150000,3404338,11288864,3.3160199999999995,5460,5240095,867
12200000,3408433,11331766,3.3246300000000004,5478,5299311,854
12250000,3412615,11374557,3.3330900000000003,5492,5358637,840
12300000,3416818,11417358,3.3415199999999996,5522,5417567,838
12350000,3420838,11460185,3.35011,5534,5479738,872
12400000,3424919,11502937,3.3586,5563,5541971,842
12450000,3428926,11545787,3.3671699999999998,5575,5606092,864
12500000,3432942,11588533,3.37569,5599,5670120,849
12550000,3437083,11631021,3.38398,5621,5733259,839
12600000,3441089,11673666,3.3924300000000005,5631,5794611,859
12650000,3445104,11716249,3.40084,5650,5858247,848
12700000,3449119,11758892,3.40925,5678,5920471,859
12750000,3453094,11801342,3.41761,5698,5984152,825
12800000,3456882,11843907,3.4261800000000004,5715,6048101,850
12850000,3460739,11886391,3.4346400000000004,5733,6114749,849
12900000,3464588,11928800,3.44306,5753,6181032,851
12950000,3468490,11971237,3.45143,5776,6248114,849
13000000,3472453,12013696,3.45971,5798,6314558,857
13050000,3476254,12056076,3.46812,5818,6384016,845
13100000,3480149,12098526,3.47644,5838,6452997,841
13150000,3483906,12140908,3.48486,5850,6520417,848
13200000,3487690,12183160,3.4931900000000002,5870,6590188,841
13250000,3491335,12225373,3.5016300000000005,5896,6660335,843
13300000,3495148,12267646,3.5099099999999996,5919,6729522,840
13350000,3498979,12309877,3.51813,5941,6798724,834
13400000,3502648,12352145,3.5265199999999997,5959,6870813,837
13450000,3506284,12394259,3.5348699999999997,5977,6941638,849
13500000,3510003,12436420,3.54314,5992,7012567,844
13550000,3513699,12478640,3.5514300000000003,6004,7083867,836
13600000,3517320,12520717,3.5597300000000005,6029,7155689,843
13650000,3521027,12563011,3.568,6045,7228368,875
13700000,3524672,12604995,3.5762199999999997,6072,7300178,827
13750000,3528263,12646896,3.58445,6095,7371904,850
13800000,3531803,12688860,3.59274,6114,7446236,839
13850000,3535444,12730713,3.60088,6136,7522852,839
13900000,3539025,12772681,3.6091,6157,7599403,857
13950000,3542687,12814632,3.61721,6178,7676433,847
14000000,3546180,12856624,3.62549,6202,7752500,844
14050000,3549720,12898400,3.63364,6222,7828881,851
14100000,3553233,12940220,3.6418199999999996,6251,7905338,828
14150000,3556764,12982010,3.64995,6266,7981205,830
14200000,3560310,13023842,3.65806,6281,8056941,834
14250000,3563843,13065499,3.6661300000000003,6304,8135077,817
14300000,3567348,13107097,3.6741900000000003,6317,8211817,823
14350000,3570788,13148759,3.6823099999999998,6331,8291503,841
14400000,3574260,13190248,3.69034,6347,8371900,838
14450000,3577627,13231677,3.69845,6362,8450017,837
14500000,3580944,13273257,3.70664,6385,8530128,830
14550000,3584276,13314720,3.71476,6402,8607963,807
14600000,3587633,13356188,3.72284,6421,8687243,841
14650000,3591000,13397682,3.7309099999999997,6442,8767066,828
14700000,3594237,13438881,3.73901,6462,8850011,813
14750000,3597554,13480437,3.7471099999999997,6479,8931480,846
14800000,3600834,13521597,3.7551300000000003,6494,9014202,840
14850000,3604179,13562801,3.7630800000000004,6518,9096775,823
14900000,3607507,13604259,3.7711,6540,9181078,822
14950000,3610853,13645491,3.7790199999999996,6551,9263890,835
15000000,3614196,13686699,3.7869300000000004,6576,9347968,813
15050000,3617492,13727866,3.79486,6594,9435718,826
15100000,3620797,13769079,3.8027800000000003,6612,9520681,807
15150000,3624139,13810340,3.81065,6640,9601195,837
15200000,3627264,13851382,3.81869,6662,9685836,823
15250000,3630485,13892422,3.8266,6682,9771312,809
15300000,3633702,13933644,3.8345599999999997,6701,9859271,855
15350000,3636882,13974445,3.8424199999999997,6719,9946325,825
15400000,3640075,14015560,3.85035,6731,10032973,826
15450000,3643246,14056479,3.8582300000000003,6755,10120739,827
15500000,3646483,14097472,3.86605,6773,10210954,807
15550000,3649642,14138580,3.87396,6789,10301605,820
15600000,3652777,14179436,3.88182,6812,10392583,839
15650000,3655971,14220380,3.8896300000000004,6834,10483436,810
15700000,3659047,14261331,3.89755,6856,10575617,823
15750000,3662216,14302218,3.90535,6868,10666606,837
15800000,3665426,14342846,3.91301,6877,10757543,805
15850000,3668491,14383678,3.92087,6893,10851296,832
15900000,3671502,14424354,3.9287300000000003,6912,10945412,810
15950000,3674644,14464967,3.93643,6934,11039659,806
16000000,3677749,14505657,3.9441699999999997,6956,11133357,846
16050000,3680890,14546247,3.95183,6974,11225582,823
16100000,3684051,14586814,3.95945,7004,11318646,804
16150000,3687026,14627458,3.96728,7025,11413706,808
16200000,3690056,14668057,3.9750199999999998,7044,11510189,805
16250000,3693044,14708563,3.98277,7057,11607559,791
16300000,3696047,14749210,3.99054,7066,11700933,777
16350000,3699018,14789640,3.9982599999999997,7083,11798960,813
16400000,3701985,14830147,4.006,7110,11895461,813
16450000,3704990,14870485,4.0136400000000005,7126,11993685,778
16500000,3707898,14910764,4.02135,7143,12090193,808
16550000,3710861,14951113,4.0290099999999995,7162,12186641,813
16600000,3713818,14991235,4.03661,7179,12285797,816
16650000,3716786,15031586,4.04424,7193,12383430,811
16700000,3719636,15071888,4.05198,7206,12487219,785
16750000,3722552,15112072,4.0596,7231,12585159,808
16800000,3725479,15152385,4.06723,7243,12684308,823
16850000,3728432,15192650,4.07481,7265,12785521,779
16900000,3731341,15232714,4.08237,7278,12887605,792
16950000,3734284,15272955,4.089930000000001,7301,12989733,795
17000000,3737210,15313003,4.09744,7322,13094575,793
17050000,3740000,15352975,4.1050699999999996,7340,13198082,799
17100000,3742934,15393017,4.11255,7354,13298497,789
17150000,3745822,15433054,4.12007,7373,13405445,803
17200000,3748653,15472993,4.12761,7386,13506932,830
17250000,3751467,15513017,4.135190000000001,7412,13611832,781
17300000,3754317,15552958,4.14269,7423,13716835,795
17350000,3757127,15592697,4.15017,7441,13820133,786
17400000,3759841,15632466,4.15775,7459,13923790,824
17450000,3762620,15672187,4.16523,7478,14028676,786
17500000,3765354,15711995,4.17278,7491,14139702,797
17550000,3767961,15751764,4.18045,7509,14246755,784
17600000,3770785,15791535,4.18786,7522,14352700,810
17650000,3773603,15831307,4.19528,7545,14462940,803
17700000,3776381,15871014,4.2027,7564,14573141,794
17750000,3779131,15910873,4.21019,7588,14682107,793
17800000,3781805,15950567,4.21771,7608,14793028,781
17850000,3784547,15990211,4.22513,7628,14906313,782
17900000,3787203,16029779,4.23262,7643,15015358,797
17950000,3789856,16069312,4.24009,7660,15129677,816
18000000,3792518,16108903,4.24755,7681,15241641,809
18050000,3795179,16148305,4.25495,7699,15357374,793
18100000,3797797,16187793,4.26242,7727,15469450,776
18150000,3800410,16227269,4.26987,7737,15581660,777
18200000,3803068,16266643,4.27724,7758,15693553,785
18250000,3805725,16305934,4.28458,7783,15806466,767
18300000,3808320,16345454,4.29204,7807,15920838,774
18350000,3810905,16384724,4.29943,7822,16038168,774
18400000,3813510,16423889,4.30676,7846,16150773,772
18450000,3816177,16463020,4.31401,7861,16267104,760
18500000,3818690,16502329,4.32146,7877,16386088,789
18550000,3821298,16541318,4.32872,7889,16500079,774
18600000,3823927,16580396,4.33596,7913,16616989,765
18650000,3826456,16619337,4.3432699999999995,7939,16734369,753
18700000,3829070,16658500,4.35053,7961,16849093,790
18750000,3831646,16697664,4.35783,7976,16964562,768
18800000,3834149,16736662,4.3651599999999995,7996,17084318,780
18850000,3836609,16775506,4.37248,8014,17200222,771
18900000,3839106,16814515,4.3798,8035,17322411,789
18950000,3841658,16853515,4.38704,8055,17441557,784
19000000,3844159,16892490,4.39433,8071,17562813,771
19050000,3846650,16931483,4.401619999999999,8085,17684452,791
19100000,3849187,16970337,4.40881,8100,17808941,783
19150000,3851585,17009193,4.41615,8119,17930242,790
19200000,3854047,17048195,4.42345,8136,18052844,803
19250000,3856600,17087121,4.430619999999999,8148,18175346,781
19300000,3859082,17126041,4.43785,8163,18300066,743
19350000,3861543,17164773,4.44506,8183,18425571,770
19400000,3864068,17203390,4.45214,8202,18547088,774
19450000,3866393,17242112,4.45948,8217,18674261,768
19500000,3868810,17280639,4.46665,8238,18798706,741
19550000,3871261,17319269,4.47381,8262,18927241,767
19600000,3873741,17357684,4.48086,8283,19051427,760
19650000,3876142,17396288,4.48804,8308,19179696,809
19700000,3878557,17434854,4.49519,8319,19307595,755
19750000,3880942,17473400,4.5023599999999995,8333,19437232,774
19800000,3883364,17512018,4.5095,8352,19568040,787
19850000,3885834,17550421,4.51651,8369,19697504,775
19900000,3888162,17588810,4.523680000000001,8385,19825954,780
19950000,3890529,17627226,4.5308,8396,19957976,758
20000000,3892920,17665509,4.53786,8418,20084985,756
20050000,3895241,17703769,4.544969999999999,8437,20214234,759
20100000,3897555,17742077,4.5521,8450,20342062,781
20150000,3899902,17780306,4.55917,8472,20474497,732
20200000,3902227,17818597,4.56626,8492,20610656,773
20250000,3904548,17856747,4.57332,8516,20744822,760
20300000,3906820,17894921,4.580430000000001,8536,20877351,769
20350000,3909111,17932783,4.58743,8549,21014060,772
20400000,3911445,17970971,4.59446,8573,21149163,758
20450000,3913819,18008955,4.601380000000001,8584,21286062,740
20500000,3916135,18047028,4.60838,8604,21421738,771
20550000,3918451,18084925,4.61533,8621,21556998,764
20600000,3920783,18122919,4.622269999999999,8634,21690078,757
20650000,3923001,18160742,4.6293,8653,21827559,751
20700000,3925320,18198694,4.63623,8666,21962748,760
20750000,3927580,18236472,4.64318,8683,22101057,755
20800000,3929814,18274470,4.6502099999999995,8707,22242972,780
20850000,3932057,18312283,4.65718,8731,22381216,780
20900000,3934335,18349961,4.66406,8744,22520203,740
20950000,3936615,18387647,4.67093,8764,22659694,741
21000000,3938848,18425148,4.6778,8782,22802202,735
21050000,3941049,18462986,4.6847900000000005,8794,22945638,753
21100000,3943245,18500741,4.6917599999999995,8814,23090797,764
21150000,3945453,18538386,4.69867,8832,23234690,751
21200000,3947623,18575999,4.70562,8847,23375320,759
21250000,3949830,18613555,4.7125,8861,23512461,748
21300000,3952007,18651215,4.71943,8879,23659715,752
21350000,3954109,18688898,4.72645,8902,23801311,769
21400000,3956336,18726295,4.73324,8921,23939708,764
21450000,3958464,18763858,4.74019,8941,24085799,761
21500000,3960610,18801318,4.74708,8958,24224638,740
21550000,3962863,18838832,4.75384,8972,24365805,753
21600000,3964972,18876163,4.760730000000001,8985,24511883,738
21650000,3967137,18913498,4.76754,9002,24659107,725
21700000,3969265,18950875,4.7744,9027,24802358,755
21750000,3971386,18988365,4.78129,9049,24945375,754
21800000,3973614,19025837,4.7880400000000005,9067,25093501,748
21850000,3975757,19063248,4.7948699999999995,9080,25237965,740
21900000,3977840,19100522,4.80173,9101,25382048,738
21950000,3979891,19137691,4.8086,9121,25530538,754
22000000,3982058,19174850,4.81531,9139,25674363,742
22050000,3984195,19212146,4.82209,9152,25826255,738
22100000,3986253,19249261,4.82891,9169,25971185,769
22150000,3988388,19286489,4.83566,9182,26118665,735
22200000,3990473,19323552,4.84242,9191,26269865,766
22250000,3992564,19360421,4.84912,9215,26417535,737
22300000,3994655,19397343,4.85582,9225,26570252,775
22350000,3996784,19434343,4.8625,9247,26720952,760
22400000,3998891,19471173,4.86914,9255,26872378,738
22450000,4001012,19508355,4.875859999999999,9269,27031028,739
22500000,4003105,19545267,4.88253,9293,27189464,760
22550000,4005145,19581932,4.88919,9307,27347274,716
22600000,4007185,19618587,4.89585,9326,27499960,763
22650000,4009221,19655410,4.90255,9343,27656455,724
22700000,4011209,19692216,4.9093,9356,27811678,752
22750000,4013246,19728841,4.91593,9377,27967795,727
22800000,4015254,19765739,4.92266,9385,28122777,719
22850000,4017253,19802342,4.92932,9411,28277423,748
22900000,4019217,19838932,4.93602,9432,28428590,710
22950000,4021172,19875542,4.94272,9451,28587783,711
23000000,4023198,19911997,4.9493,9467,28746042,719
23050000,4025163,19948626,4.95598,9486,28903534,735
23100000,4027198,19985201,4.96256,9505,29058978,751
23150000,4029205,20021831,4.969180000000001,9527,29213643,734
23200000,4031139,20058447,4.97588,9540,29371965,731
23250000,4033086,20094884,4.9825099999999996,9561,29530899,728
23300000,4035071,20131153,4.98905,9575,29690095,744
23350000,4037017,20167564,4.99566,9587,29844709,720
23400000,4038961,20203940,5.00226,9602,30005439,722
23450000,4040810,20240133,5.00893,9619,30167882,704
23500000,4042789,20276337,5.01543,9642,30330102,718
23550000,4044767,20312793,5.02199,9660,30491934,741
23600000,4046730,20349029,5.02851,9682,30655440,748
23650000,4048661,20385184,5.03504,9706,30816986,717
23700000,4050533,20421470,5.04167,9732,30983145,722
23750000,4052504,20457690,5.04816,9746,31147410,717
23800000,4054371,20493862,5.05476,9770,31314680,738
23850000,4056267,20530014,5.06131,9782,31478910,711
23900000,4058172,20566044,5.06781,9800,31644043,706
23950000,4060031,20602015,5.07435,9817,31811611,688
24000000,4061921,20638099,5.08087,9831,31974432,729
24050000,4063785,20674095,5.0874,9845,32144590,711
24100000,4065682,20710093,5.09388,9865,32315647,731
24150000,4067548,20746053,5.10038,9877,32484837,718
24200000,4069410,20782105,5.10691,9894,32651209,701
24250000,4071307,20818089,5.11337,9911,32816838,726
24300000,4073119,20853776,5.11985,9928,32984585,714
24350000,4074965,20889594,5.12632,9944,33148915,731
24400000,4076758,20925387,5.13285,9964,33322593,735
24450000,4078660,20961230,5.13924,9980,33495759,745
24500000,4080442,20996911,5.14574,9993,33673090,721
24550000,4082324,21032690,5.15214,10012,33844757,698
24600000,4084117,21068497,5.15864,10037,34018998,703
24650000,4086009,21104054,5.16496,10045,34195824,722
24700000,4087829,21139893,5.1714199999999995,10066,34371884,703
24750000,4089563,21175498,5.17794,10085,34547736,715
24800000,4091314,21210730,5.18433,10099,34715290,693
24850000,4093122,21246235,5.19072,10117,34890494,733
24900000,4095034,21281786,5.196969999999999,10140,35067263,699
24950000,4096818,21317281,5.20338,10152,35245135,701
25000000,4098563,21352914,5.20985,10162,35423031,725
25050000,4100309,21388208,5.21624,10186,35608965,684
25100000,4102065,21423412,5.22259,10206,35786911,718
25150000,4103872,21458619,5.22887,10226,35962635,734
25200000,4105606,21493721,5.2352099999999995,10246,36140109,707
25250000,4107420,21528894,5.24146,10261,36318366,719
25300000,4109192,21564173,5.24779,10285,36496146,704
25350000,4111022,21599452,5.25403,10300,36673008,682
25400000,4112848,21634646,5.26026,10310,36856250,702
25450000,4114610,21669887,5.26657,10321,37036156,701
25500000,4116430,21705063,5.2727900000000005,10338,37214452,710
25550000,4118233,21740256,5.2790300000000006,10364,37394775,689
25600000,4120074,21775488,5.28522,10375,37576166,690
25650000,4121797,21810537,5.29151,10398,37754138,717
25700000,4123480,21845528,5.29784,10417,37940304,681
25750000,4125189,21880552,5.304130000000001,10428,38121416,698
25800000,4126930,21915414,5.31034,10451,38304218,723
25850000,4128633,21950170,5.31657,10470,38482721,709
25900000,4130308,21985047,5.3228599999999995,10493,38660202,696
25950000,4131989,22019975,5.32915,10510,38842527,665
26000000,4133708,22054855,5.335369999999999,10528,39025150,701
26050000,4135430,22089701,5.34157,10549,39213396,699
26100000,4137199,22124591,5.34772,10564,39396490,694
26150000,4138873,22159382,5.3539699999999995,10582,39576811,705
26200000,4140556,22193913,5.360130000000001,10600,39764294,702
26250000,4142207,22228590,5.36636,10618,39949157,698
26300000,4143831,22263188,5.37261,10638,40138641,683
26350000,4145548,22297875,5.37875,10655,40323458,707
26400000,4147169,22332542,5.38501,10664,40515691,678
26450000,4148917,22367143,5.3910800000000005,10681,40703800,690
26500000,4150590,22401828,5.39726,10692,40893761,695
26550000,4152189,22436507,5.4035400000000005,10716,41086597,687
26600000,4153840,22470939,5.409680000000001,10730,41275653,676
26650000,4155506,22505393,5.4158,10743,41468573,698
26700000,4157079,22539993,5.42207,10762,41656013,677
26750000,4158746,22574522,5.4282,10778,41851348,681
26800000,4160436,22608635,5.4342,10796,42036167,704
26850000,4162043,22642986,5.44035,10815,42226895,691
26900000,4163693,22677373,5.44646,10828,42421693,703
26950000,4165337,22711840,5.45258,10847,42616161,697
27000000,4166901,22746064,5.45875,10858,42806491,660
27050000,4168466,22780163,5.46488,10881,43004142,684
27100000,4170111,22814332,5.47092,10896,43199532,700
27150000,4171742,22848582,5.47699,10906,43396249,694
27200000,4173332,22882624,5.48306,10927,43591554,687
27250000,4174970,22916831,5.4891,10935,43791391,690
27300000,4176608,22950718,5.49506,10949,43991594,686
27350000,4178210,22984916,5.50114,10967,44190577,650
27400000,4179789,23018736,5.50715,10983,44382727,658
27450000,4181399,23052980,5.51322,10994,44572919,701
27500000,4183017,23087011,5.51922,11010,44776370,687
27550000,4184602,23120839,5.52522,11027,44971571,671
27600000,4186076,23154814,5.53139,11044,45169485,690
27650000,4187695,23188792,5.53736,11058,45369462,679
27700000,4189273,23222615,5.54335,11078,45570901,658
27750000,4190850,23256539,5.54936,11086,45768833,662
27800000,4192401,23290322,5.55537,11102,45965945,685
27850000,4193978,23324029,5.56131,11130,46162094,669
27900000,4195606,23357718,5.56719,11137,46362602,681
27950000,4197190,23391336,5.5730900000000005,11153,46570853,683
28000000,4198762,23424984,5.57902,11171,46768266,683
28050000,4200344,23458603,5.584919999999999,11182,46968398,665
28100000,4201857,23492154,5.5909,11197,47167315,674
28150000,4203433,23525707,5.59678,11214,47368087,663
28200000,4204920,23559373,5.60281,11222,47576619,686
28250000,4206453,23593054,5.60878,11236,47780687,691
28300000,4208024,23626652,5.614669999999999,11256,47987526,669
28350000,4209572,23660018,5.6205300000000005,11277,48193175,665
28400000,4211011,23693418,5.62654,11295,48396183,656
28450000,4212524,23726832,5.63245,11319,48597514,664
28500000,4214069,23760199,5.6383,11340,48802478,661
28550000,4215633,23793725,5.64416,11349,49005520,656
28600000,4217185,23827018,5.64998,11360,49216576,687
28650000,4218659,23860288,5.65589,11372,49422415,667
28700000,4220218,23893358,5.66164,11388,49623785,659
28750000,4221749,23926498,5.66744,11398,49823501,655
28800000,4223309,23959663,5.6732,11415,50026929,676
28850000,4224790,23992895,5.679069999999999,11429,50239427,648
28900000,4226267,24026118,5.68495,11444,50443461,657
28950000,4227769,24059222,5.69076,11460,50652895,665
29000000,4229274,24092206,5.69653,11480,50861087,649
29050000,4230765,24125386,5.702369999999999,11492,51067846,654
29100000,4232211,24158421,5.70823,11506,51276711,671
29150000,4233720,24191206,5.71394,11521,51480358,661
29200000,4235251,24224146,5.71965,11542,51690513,629
29250000,4236680,24257171,5.72551,11557,51899792,645
29300000,4238059,24290114,5.73142,11576,52111185,655
29350000,4239577,24322985,5.7371300000000005,11595,52321569,641
29400000,4241073,24355969,5.74288,11610,52537509,665
29450000,4242592,24388945,5.7486,11623,52744504,652
29500000,4244001,24421698,5.7544,11626,52958536,661
29550000,4245453,24454379,5.76013,11644,53172119,665
29600000,4246913,24486989,5.76583,11657,53380423,653
29650000,4248361,24519728,5.77157,11672,53591356,653
29700000,4249753,24552440,5.77738,11684,53811286,664
29750000,4251246,24585272,5.7830699999999995,11697,54028283,659
29800000,4252737,24617975,5.78874,11710,54235443,669
29850000,4254193,24650583,5.79442,11726,54446006,654
29900000,4255596,24682905,5.80011,11737,54661691,665
29950000,4257058,24715492,5.80577,11751,54875241,642
30000000,4258545,24748206,5.81142,11764,55089122,646
30050000,4259946,24780515,5.8171,11777,55304020,654
30100000,4261362,24812976,5.822780000000001,11792,55512167,649
30150000,4262805,24845333,5.8284,11804,55730354,650
30200000,4264202,24877686,5.83408,11816,55946371,651
30250000,4265685,24910119,5.83965,11831,56166337,642
30300000,4267060,24942441,5.84535,11853,56384472,665
30350000,4268369,24974865,5.85115,11872,56609161,640
30400000,4269710,25007015,5.85684,11887,56831258,624
30450000,4271098,25039231,5.862480000000001,11894,57058111,639
30500000,4272473,25071389,5.868119999999999,11906,57276419,642
30550000,4273885,25103770,5.87376,11929,57494693,659
30600000,4275305,25135761,5.87929,11941,57714530,644
30650000,4276631,25167885,5.8849800000000005,11954,57933791,638
30700000,4277984,25200024,5.890630000000001,11973,58159090,644
30750000,4279402,25232192,5.8962,11992,58376871,657
30800000,4280770,25264155,5.9017800000000005,12007,58602148,652
30850000,4282086,25296045,5.90741,12019,58819380,638
30900000,4283454,25328048,5.912999999999999,12026,59041393,619
30950000,4284758,25360023,5.91866,12051,59266917,648
31000000,4286043,25391933,5.92433,12057,59490154,684
31050000,4287388,25423943,5.92994,12077,59719161,618
31100000,4288761,25455847,5.93548,12093,59946792,645
31150000,4290112,25487656,5.94102,12113,60167113,651
31200000,4291413,25519380,5.94661,12125,60394626,653
31250000,4292788,25551069,5.95209,12142,60617063,640
31300000,4294079,25582844,5.9577,12154,60845679,613
31350000,4295413,25614743,5.96328,12182,61062824,629
31400000,4296719,25646434,5.96884,12199,61286854,624
31450000,4298035,25678031,5.9743699999999995,12215,61512863,644
31500000,4299315,25709662,5.97994,12234,61740916,618
31550000,4300632,25741341,5.98548,12251,61963230,638
31600000,4301973,25772709,5.9909,12270,62185908,642
31650000,4303272,25804224,5.99642,12289,62418958,630
31700000,4304598,25835675,6.00188,12300,62643219,631
31750000,4305930,25867015,6.0073,12308,62866139,628
31800000,4307201,25898387,6.01281,12332,63098555,610
31850000,4308471,25929628,6.01829,12353,63327232,637
31900000,4309757,25961201,6.02382,12367,63551263,622
31950000,4311105,25992674,6.02924,12381,63785200,636
32000000,4312390,26024056,6.03472,12393,64017090,637
32050000,4313693,26055455,6.04017,12409,64247578,651
32100000,4314988,26086881,6.045640000000001,12424,64477868,621
32150000,4316288,26118238,6.05109,12441,64713745,648
32200000,4317540,26149520,6.05658,12460,64947501,626
32250000,4318865,26180948,6.062,12479,65184506,661
32300000,4320198,26212178,6.06736,12499,65424731,607
32350000,4321459,26243212,6.072769999999999,12510,65662297,615
32400000,4322717,26274338,6.0782,12523,65888319,608
32450000,4323913,26305483,6.08372,12536,66124486,589
32500000,4325131,26336673,6.08922,12546,66362351,637
32550000,4326398,26367795,6.09463,12562,66604986,615
32600000,4327664,26398895,6.10003,12573,66843769,619
32650000,4328921,26429946,6.10544,12593,67089026,629
32700000,4330219,26460962,6.11077,12607,67332223,614
32750000,4331510,26491738,6.11605,12622,67559786,607
32800000,4332805,26522705,6.12137,12638,67798104,624
32850000,4334045,26553542,6.12673,12652,68031613,615
32900000,4335249,26584437,6.13216,12665,68270820,608
32950000,4336480,26615324,6.13754,12679,68502411,595
33000000,4337685,26646034,6.142919999999999,12693,68735331,625
33050000,4338847,26676932,6.14839,12707,68983721,606
33100000,4340126,26707580,6.15364,12718,69221953,623
33150000,4341357,26738144,6.15894,12721,69466433,626
33200000,4342565,26768914,6.1643099999999995,12736,69707055,622
33250000,4343770,26799540,6.16965,12749,69945738,615
33300000,4345072,26830308,6.17488,12770,70184331,628
33350000,4346360,26860761,6.18006,12786,70426815,593
33400000,4347569,26891263,6.18536,12800,70665425,613
33450000,4348738,26921733,6.1907,12815,70904221,596
33500000,4349951,26952138,6.1959599999999995,12835,71144525,610
33550000,4351168,26982580,6.201230000000001,12847,71382068,598
33600000,4352371,27013118,6.20653,12865,71622620,621
33650000,4353581,27043502,6.21178,12879,71867054,609
33700000,4354806,27073827,6.2170000000000005,12898,72111025,614
33750000,4356014,27104131,6.222230000000001,12913,72357149,597
33800000,4357239,27134348,6.2274199999999995,12928,72598294,626
33850000,4358393,27164459,6.23268,12944,72840467,607
33900000,4359573,27194855,6.23796,12961,73083178,599
33950000,4360809,27225029,6.24311,12973,73330897,586
34000000,4362021,27255279,6.24831,12992,73570049,637
34050000,4363183,27285549,6.25359,13005,73819440,587
34100000,4364408,27315789,6.25876,13016,74066516,602
34150000,4365652,27346059,6.26391,13023,74311514,587
34200000,4366895,27376176,6.26903,13028,74555248,617
34250000,4368091,27406242,6.27419,13038,74805277,609
34300000,4369282,27436288,6.27936,13047,75056668,584
34350000,4370508,27466260,6.28445,13064,75299081,618
34400000,4371681,27496134,6.2896,13077,75546221,596
34450000,4372832,27526080,6.29479,13091,75793929,621
34500000,4374001,27555979,6.29995,13104,76039197,637
34550000,4375141,27585699,6.3051,13119,76288792,593
34600000,4376325,27615493,6.3102,13137,76534347,587
34650000,4377467,27645262,6.31536,13147,76774548,575
34700000,4378649,27675102,6.320469999999999,13164,77029501,585
34750000,4379847,27704807,6.32552,13178,77281527,575
34800000,4380998,27734572,6.33065,13186,77521125,610
34850000,4382113,27764400,6.33585,13202,77774470,591
34900000,4383211,27794255,6.341069999999999,13218,78023966,601
34950000,4384405,27823842,6.34609,13226,78276891,597
35000000,4385614,27853620,6.35113,13244,78521265,593
35050000,4386743,27883363,6.35628,13256,78766332,602
35100000,4387916,27912903,6.36131,13271,79026250,559
35150000,4389105,27942616,6.36636,13284,79281089,572
35200000,4390286,27972036,6.37135,13292,79529172,576
35250000,4391489,28001462,6.3763,13301,79776375,582
35300000,4392666,28030899,6.3813,13311,80024765,588
35350000,4393797,28060254,6.38633,13328,80276435,559
35400000,4394953,28089738,6.39136,13343,80538917,586
35450000,4396027,28118954,6.39645,13360,80789303,603
35500000,4397191,28148268,6.40142,13371,81033021,584
35550000,4398354,28177654,6.40641,13388,81282015,564
35600000,4399459,28206880,6.41144,13397,81539578,572
35650000,4400591,28236211,6.41646,13410,81801779,576
35700000,4401692,28265472,6.4215,13427,82050829,573
35750000,4402894,28294551,6.42635,13440,82302463,585
35800000,4404015,28323643,6.4313199999999995,13452,82554317,591
35850000,4405108,28352746,6.43633,13469,82816005,584
35900000,4406202,28381749,6.441319999999999,13478,83063437,584
35950000,4407272,28410728,6.446330000000001,13490,83314213,591
36000000,4408383,28439676,6.45127,13496,83573522,579
36050000,4409444,28468720,6.45631,13510,83832761,532
36100000,4410557,28497414,6.461180000000001,13528,84091388,570
36150000,4411605,28526116,6.46615,13538,84344150,563
36200000,4412725,28555147,6.47109,13563,84594462,591
36250000,4413791,28584000,6.47607,13576,84852509,555
36300000,4414865,28612983,6.48106,13591,85112341,587
36350000,4415925,28641869,6.48604,13603,85370294,572
36400000,4416919,28670664,6.4911,13616,85633407,610
36450000,4417944,28699361,6.496090000000001,13627,85887665,581
36500000,4419005,28728054,6.50102,13642,86154187,585
36550000,4420064,28756607,6.50593,13655,86414772,580
36600000,4421168,28785249,6.5107800000000005,13669,86674040,585
36650000,4422289,28813722,6.515569999999999,13681,86930601,573
36700000,4423336,28842279,6.52048,13694,87200410,569
36750000,4424466,28870804,6.52526,13716,87452703,581
36800000,4425517,28899346,6.5301599999999995,13725,87711123,556
36850000,4426558,28927845,6.535069999999999,13744,87972221,565
36900000,4427609,28956328,6.53995,13766,88229614,595
36950000,4428625,28984795,6.5448699999999995,13774,88487359,591
37000000,4429643,29013116,6.54976,13789,88739506,541
37050000,4430743,29041317,6.5545,13809,88999538,605
37100000,4431842,29069552,6.55925,13830,89247402,564
37150000,4432903,29097745,6.564039999999999,13842,89515037,584
37200000,4433959,29126002,6.56885,13858,89777169,569
37250000,4435041,29154483,6.57367,13867,90042976,571
37300000,4436102,29182987,6.57852,13884,90318562,551
37350000,4437231,29211313,6.58323,13901,90585740,555
37400000,4438317,29239507,6.587969999999999,13915,90845625,585
37450000,4439361,29267504,6.59273,13929,91109677,561
37500000,4440366,29295727,6.597589999999999,13939,91379807,543
37550000,4441401,29323959,6.602410000000001,13957,91645234,571
37600000,4442396,29351836,6.60721,13963,91905803,554
37650000,4443354,29379931,6.61211,13981,92174714,554
37700000,4444372,29407981,6.6169,13992,92445082,552
37750000,4445375,29435779,6.62166,14003,92706555,556
37800000,4446355,29463650,6.626469999999999,14017,92969257,561
37850000,4447298,29491541,6.63134,14031,93233777,574
37900000,4448340,29519409,6.63605,14040,93502723,570
37950000,4449366,29547326,6.640789999999999,14051,93769685,551
38000000,4450382,29575240,6.64555,14067,94039458,532
38050000,4451420,29603071,6.65025,14082,94302423,541
38100000,4452416,29630944,6.65503,14095,94562860,562
38150000,4453453,29658685,6.6597100000000005,14102,94824911,552
38200000,4454428,29686393,6.66447,14113,95095555,555
38250000,4455416,29714162,6.66922,14131,95366476,574
38300000,4456438,29741987,6.673939999999999,14152,95630618,548
38350000,4457402,29769492,6.678660000000001,14159,95897615,529
38400000,4458353,29796987,6.68341,14169,96172598,564
38450000,4459440,29824595,6.68797,14179,96438929,554
38500000,4460475,29852127,6.692589999999999,14195,96708069,551
38550000,4461440,29879520,6.69728,14215,96982078,537
38600000,4462467,29907080,6.701919999999999,14225,97251829,559
38650000,4463400,29934511,6.70666,14236,97522158,542
38700000,4464381,29961870,6.71132,14253,97789651,522
38750000,4465389,29989356,6.715960000000001,14270,98064756,547
38800000,4466365,30016864,6.72065,14282,98338925,590
38850000,4467348,30044221,6.725289999999999,14294,98609353,562
38900000,4468359,30071535,6.7298800000000005,14311,98870327,564
38950000,4469322,30098920,6.734560000000001,14331,99131795,539
39000000,4470329,30126313,6.73917,14350,99406058,520
39050000,4471282,30153472,6.743810000000001,14364,99671337,528
39100000,4472307,30180702,6.74835,14381,99943698,562
39150000,4473331,30207937,6.7529,14397,100215529,556
39200000,4474301,30235067,6.7575,14408,100483270,525
39250000,4475271,30262218,6.7621,14425,100757690,533
39300000,4476225,30289484,6.76675,14441,101031886,545
39350000,4477191,30316428,6.771310000000001,14455,101299105,547
39400000,4478066,30343480,6.77602,14471,101575391,538
39450000,4479053,30370544,6.78057,14485,101850130,510
39500000,4480008,30397441,6.7851300000000005,14493,102117831,554
39550000,4480980,30424361,6.78967,14503,102391016,549
39600000,4481942,30451389,6.794239999999999,14522,102663118,533
39650000,4482877,30478147,6.7987899999999994,14542,102925509,537
39700000,4483811,30504846,6.80333,14547,103196336,514
39750000,4484759,30531614,6.807860000000001,14566,103461622,500
39800000,4485699,30558511,6.81243,14580,103731211,531
39850000,4486645,30585386,6.81698,14591,103998847,550
39900000,4487569,30612254,6.8215699999999995,14608,104265804,542
39950000,4488526,30639166,6.826110000000001,14620,104530485,531
40000000,4489471,30665622,6.83056,14636,104797221,515
40050000,4490409,30692125,6.835039999999999,14648,105073481,490
40100000,4491368,30718670,6.83949,14663,105339414,539
40150000,4492317,30745150,6.843939999999999,14673,105613087,502
40200000,4493280,30771663,6.84837,14686,105878126,506
40250000,4494256,30798094,6.85277,14704,106142730,546
40300000,4495178,30824511,6.857239999999999,14718,106411194,526
40350000,4496100,30850937,6.86171,14732,106685409,530
40400000,4497050,30877507,6.866169999999999,14755,106950026,509
40450000,4497914,30903984,6.87074,14768,107231407,520
40500000,4498809,30930435,6.87525,14782,107509797,518
40550000,4499698,30956739,6.879739999999999,14794,107785766,539
40600000,4500640,30983052,6.8841399999999995,14812,108062613,535
40650000,4501479,31009182,6.888669999999999,14827,108344513,532
40700000,4502351,31035501,6.89318,14839,108626404,537
40750000,4503321,31061558,6.897480000000001,14852,108902055,532
40800000,4504232,31087689,6.90188,14864,109171768,526
40850000,4505116,31113769,6.90632,14879,109432232,533
40900000,4506047,31139793,6.91067,14898,109705630,519
40950000,4506901,31165877,6.91515,14905,109983864,509
41000000,4507830,31191870,6.91949,14917,110253371,510
41050000,4508720,31217897,6.923889999999999,14935,110529433,512
41100000,4509692,31243860,6.928160000000001,14954,110805841,522
41150000,4510548,31269817,6.9326,14963,111083656,539
41200000,4511456,31295806,6.936960000000001,14972,111352834,509
41250000,4512340,31321726,6.94135,14981,111626895,548
41300000,4513140,31347633,6.945860000000001,14989,111898760,520
41350000,4514057,31373561,6.950189999999999,15003,112166741,502
41400000,4515024,31399722,6.9545,15021,112443914,516
41450000,4515880,31425325,6.95885,15027,112720589,527
41500000,4516781,31450998,6.963139999999999,15040,112996498,520
41550000,4517660,31476825,6.967510000000001,15051,113274987,517
41600000,4518560,31502477,6.9718,15064,113563901,507
41650000,4519415,31528312,6.976189999999999,15078,113844938,502
41700000,4520290,31554015,6.98053,15090,114114986,535
41750000,4521168,31579658,6.98485,15096,114390883,531
41800000,4522042,31605402,6.98919,15105,114671098,517
41850000,4522977,31631173,6.99344,15113,114946032,499
41900000,4523860,31656717,6.997719999999999,15126,115231271,532
41950000,4524752,31682325,7.002000000000001,15129,115513014,480
42000000,4525636,31707743,7.00625,15144,115782986,495
42050000,4526436,31733117,7.010619999999999,15159,116061192,514
42100000,4527314,31758651,7.0149,15167,116348255,519
42150000,4528170,31784126,7.0192,15175,116637713,505
42200000,4529033,31809486,7.023460000000001,15186,116918759,513
42250000,4529916,31834810,7.02768,15200,117196309,502
42300000,4530774,31860161,7.03195,15219,117482002,536
42350000,4531668,31885156,7.03608,15233,117755289,505
42400000,4532463,31910418,7.0404100000000005,15249,118036066,496
42450000,4533330,31935719,7.04465,15255,118318264,494
42500000,4534182,31960966,7.048889999999999,15268,118606203,518
42550000,4535021,31986175,7.05315,15284,118888532,509
42600000,4535861,32011319,7.05739,15295,119170756,512
42650000,4536698,32036585,7.06165,15301,119455303,502
42700000,4537551,32061704,7.065860000000001,15313,119733203,502
42750000,4538349,32086822,7.07015,15324,120009731,510
42800000,4539186,32111877,7.07437,15338,120287370,482
42850000,4540016,32136835,7.07857,15347,120573413,512
42900000,4540861,32161812,7.08276,15360,120855467,528
42950000,4541713,32186799,7.086930000000001,15373,121134066,502
43000000,4542535,32211952,7.0911800000000005,15378,121407151,518
43050000,4543333,32236902,7.09543,15389,121691187,502
43100000,4544194,32261784,7.09956,15399,121973642,505
43150000,4545043,32286432,7.1036600000000005,15415,122251675,462
43200000,4545869,32311286,7.10783,15418,122527191,499
43250000,4546701,32335987,7.1119699999999995,15428,122809353,510
43300000,4547543,32360906,7.11613,15440,123093909,510
43350000,4548377,32385708,7.12028,15452,123373415,475
43400000,4549173,32410558,7.12449,15462,123661510,513
43450000,4550019,32435272,7.1286,15468,123948150,514
43500000,4550869,32459923,7.132689999999999,15483,124243275,484
43550000,4551603,32484567,7.13695,15495,124519472,503
43600000,4552451,32508974,7.14098,15508,124805449,489
43650000,4553306,32533493,7.14503,15519,125084254,507
43700000,4554117,32558143,7.14917,15530,125372579,487
43750000,4554908,32582734,7.15332,15541,125649840,474
43800000,4555715,32607224,7.157430000000001,15550,125925896,491
43850000,4556511,32631597,7.16153,15566,126194155,491
43900000,4557378,32655997,7.16552,15583,126478576,495
43950000,4558208,32680614,7.16962,15595,126763629,499
44000000,4558963,32705063,7.1737899999999994,15606,127042484,492
44050000,4559794,32729421,7.17783,15621,127324697,513
44100000,4560558,32753664,7.181939999999999,15638,127603494,491
44150000,4561408,32777869,7.185910000000001,15645,127888565,488
44200000,4562194,32802097,7.18998,15661,128171431,505
44250000,4562988,32826397,7.19406,15670,128459481,488
44300000,4563717,32850469,7.198180000000001,15683,128740287,477
44350000,4564488,32874470,7.20223,15693,129023847,480
44400000,4565248,32898431,7.20627,15705,129307722,481
44450000,4566018,32922602,7.21035,15728,129597346,498
44500000,4566780,32946756,7.21444,15742,129880164,475
44550000,4567572,32970874,7.21847,15749,130168750,458
44600000,4568332,32994654,7.2224699999999995,15764,130436519,487
44650000,4569088,33018551,7.22651,15771,130726966,491
44700000,4569850,33042237,7.23049,15786,131010537,464
44750000,4570601,33065884,7.23447,15796,131282011,470
44800000,4571416,33089824,7.23842,15804,131568532,470
44850000,4572232,33113725,7.24235,15811,131860629,505
44900000,4573039,33137709,7.24632,15821,132150142,471
44950000,4573819,33161480,7.25028,15827,132424442,486
45000000,4574571,33185308,7.2543,15832,132717822,466
45050000,4575342,33209069,7.2582699999999996,15844,133002030,459
45100000,4576087,33232765,7.26227,15853,133287186,473
45150000,4576853,33256661,7.26627,15865,133575139,492
45200000,4577609,33280416,7.27026,15877,133858518,456
45250000,4578395,33304167,7.2742,15889,134139823,470
45300000,4579110,33327603,7.27818,15905,134425163,458
45350000,4579854,33351318,7.28218,15918,134717050,467
45400000,4580637,33374905,7.28608,15926,135006870,476
45450000,4581386,33398456,7.290030000000001,15936,135293763,469
45500000,4582171,33421958,7.29391,15948,135575357,494
45550000,4582948,33445469,7.297810000000001,15954,135865458,473
45600000,4583703,33468984,7.30173,15964,136148243,471
45650000,4584463,33492312,7.305610000000001,15978,136428373,479
45700000,4585194,33515522,7.30951,15984,136716522,474
45750000,4585921,33538679,7.3134,15994,136999713,443
45800000,4586616,33562089,7.3174,16004,137287082,477
45850000,4587367,33585380,7.321280000000001,16018,137570694,465
45900000,4588144,33608442,7.325060000000001,16025,137844014,455
45950000,4588876,33631578,7.328939999999999,16039,138132510,456
46000000,4589553,33654814,7.33292,16049,138418099,498
46050000,4590286,33678014,7.3368,16057,138701407,470
46100000,4590973,33701016,7.3407100000000005,16065,138991469,456
46150000,4591670,33723991,7.3446,16071,139283426,453
46200000,4592397,33746878,7.34842,16084,139570116,447
46250000,4593157,33770056,7.35225,16089,139857304,481
46300000,4593878,33792895,7.35607,16102,140147546,460
46350000,4594626,33815732,7.359839999999999,16111,140429292,468
46400000,4595416,33838742,7.363589999999999,16114,140709436,458
46450000,4596145,33861728,7.36742,16125,140993668,483
46500000,4596941,33884526,7.3711,16140,141280120,487
46550000,4597679,33907375,7.37489,16147,141557769,446
46600000,4598436,33930420,7.37869,16159,141848472,486
46650000,4599167,33953164,7.382460000000001,16175,142134602,462
46700000,4599868,33975901,7.38628,16188,142415999,471
46750000,4600527,33998603,7.39015,16200,142695126,462
46800000,4601250,34021454,7.393960000000001,16212,142979840,443
46850000,4601931,34044157,7.3978,16221,143264881,462
46900000,4602673,34066755,7.40152,16234,143544894,451
46950000,4603450,34089431,7.405189999999999,16240,143822555,449
47000000,4604193,34112116,7.408919999999999,16261,144108056,451
47050000,4604941,34134642,7.412610000000001,16280,144385655,452
47100000,4605675,34157255,7.416339999999999,16289,144673859,471
47150000,4606421,34179800,7.420030000000001,16301,144954588,460
47200000,4607096,34202208,7.4238100000000005,16309,145232989,415
47250000,4607786,34224742,7.4275899999999995,16323,145520287,439
47300000,4608429,34247267,7.431439999999999,16332,145811769,442
47350000,4609163,34269787,7.43514,16346,146090789,461
47400000,4609820,34292028,7.438910000000001,16358,146374718,448
47450000,4610515,34314430,7.44265,16378,146654221,458
47500000,4611183,34336797,7.44642,16385,146923987,446
47550000,4611903,34359151,7.4501,16394,147205852,451
47600000,4612573,34381391,7.45384,16400,147495827,431
47650000,4613258,34403669,7.457560000000001,16415,147783279,437
47700000,4613930,34425711,7.46126,16428,148067283,449
47750000,4614634,34447856,7.464919999999999,16437,148363659,422
47800000,4615307,34469918,7.468610000000001,16454,148642357,435
47850000,4615990,34492000,7.472289999999999,16465,148918734,449
47900000,4616675,34514132,7.475969999999999,16474,149216148,437
47950000,4617349,34536173,7.47965,16480,149498625,454
48000000,4618003,34558045,7.4833300000000005,16491,149771696,428
48050000,4618694,34580109,7.48699,16497,150067426,448
48100000,4619385,34601951,7.4906,16506,150340713,438
48150000,4620072,34623701,7.49419,16520,150629402,434
48200000,4620734,34645652,7.49787,16534,150924581,450
48250000,4621375,34667611,7.501580000000001,16544,151204765,454
48300000,4622045,34689488,7.50523,16556,151488264,443
48350000,4622714,34711218,7.508839999999999,16567,151782197,435
48400000,4623373,34733039,7.51249,16574,152073469,433
48450000,4624040,34754978,7.51615,16586,152370748,429
48500000,4624683,34776857,7.519839999999999,16587,152651945,444
48550000,4625328,34798402,7.52345,16597,152934196,411
48600000,4625983,34820069,7.5270600000000005,16603,153222955,391
48650000,4626692,34841775,7.5306,16609,153504412,430
48700000,4627304,34863347,7.534269999999999,16622,153786972,426
48750000,4627943,34884896,7.53788,16631,154084363,431
48800000,4628616,34906413,7.54144,16644,154376696,437
48850000,4629220,34927903,7.545089999999999,16654,154661852,467
48900000,4629893,34949468,7.548660000000001,16663,154944522,457
48950000,4630556,34971001,7.552230000000001,16679,155232961,427
49000000,4631253,34992562,7.555739999999999,16688,155520450,454
49050000,4631903,35013927,7.5593,16696,155800273,433
49100000,4632555,35035335,7.56285,16708,156090920,423
49150000,4633156,35056604,7.56646,16718,156368255,434
49200000,4633830,35077964,7.56997,16728,156653147,438
49250000,4634485,35099370,7.573519999999999,16735,156941909,445
49300000,4635147,35120709,7.577039999999999,16747,157231033,421
49350000,4635779,35141812,7.58056,16757,157505260,438
49400000,4636450,35162986,7.58403,16767,157789846,421
49450000,4637079,35184277,7.58759,16778,158079384,414
49500000,4637723,35205511,7.59112,16786,158365557,400
49550000,4638405,35226762,7.594589999999999,16805,158666078,434
49600000,4639046,35247852,7.59808,16817,158950333,418
49650000,4639719,35269125,7.601560000000001,16827,159228144,425
49700000,4640363,35290286,7.6050699999999996,16829,159511794,430
49750000,4641020,35311201,7.6085,16833,159805131,424
49800000,4641697,35332110,7.61189,16843,160089524,427
49850000,4642325,35352934,7.61535,16852,160364071,398
49900000,4642979,35373996,7.618810000000001,16861,160650197,426
49950000,4643611,35394932,7.62229,16872,160932400,408
50000000,4644254,35415865,7.6257399999999995,16882,161219275,420
50050000,4644886,35436554,7.62915,16892,161498236,422
50100000,4645475,35457374,7.63267,16902,161778325,401
50150000,4646113,35478078,7.636080000000001,16910,162069632,386
50200000,4646681,35498757,7.639589999999999,16915,162354659,434
50250000,4647309,35519532,7.64303,16924,162633423,396
50300000,4647928,35540227,7.64647,16936,162921392,392
50350000,4648522,35561014,7.649960000000001,16942,163214965,439
50400000,4649167,35581623,7.65333,16953,163501445,397
50450000,4649771,35602375,7.6568,16961,163800823,420
50500000,4650340,35622752,7.66025,16965,164090252,404
50550000,4650957,35643267,7.663639999999999,16980,164357746,405
50600000,4651540,35663682,7.66707,16995,164643557,399
50650000,4652167,35684231,7.67045,17004,164932229,400
50700000,4652800,35704738,7.67382,17009,165215976,411
50750000,4653423,35725184,7.67718,17013,165502983,429
50800000,4654018,35745720,7.680610000000001,17027,165791343,415
50850000,4654625,35765976,7.6839699999999995,17040,166076193,413
50900000,4655186,35786233,7.68739,17045,166357693,403
50950000,4655812,35806590,7.69073,17055,166644485,425
51000000,4656401,35826992,7.694139999999999,17068,166917641,391
51050000,4657016,35847197,7.69746,17078,167204564,413
51100000,4657615,35867477,7.700819999999999,17089,167482858,382
51150000,4658201,35887521,7.704160000000001,17095,167755931,402
51200000,4658780,35907559,7.7075,17106,168038244,412
51250000,4659355,35927641,7.71086,17114,168317835,408
51300000,4659926,35947774,7.714239999999999,17121,168593781,365
51350000,4660547,35967785,7.7175,17129,168875614,417
51400000,4661136,35987619,7.72078,17141,169161529,390
51450000,4661772,36007784,7.724060000000001,17151,169444019,413
51500000,4662320,36027701,7.7274199999999995,17159,169734797,385
51550000,4662895,36047699,7.730760000000001,17167,170015110,376
51600000,4663493,36067497,7.7340100000000005,17181,170299352,416
51650000,4664041,36087483,7.7373899999999995,17187,170577577,425
51700000,4664657,36107300,7.74061,17200,170866019,389
51750000,4665240,36127162,7.7439,17200,171148771,387
51800000,4665849,36147061,7.747160000000001,17217,171435109,395
51850000,4666452,36166921,7.7504100000000005,17226,171715436,405
51900000,4666991,36186802,7.75378,17238,171995455,409
51950000,4667577,36206596,7.757039999999999,17241,172277872,392
52000000,4668147,36226289,7.7603100000000005,17254,172560257,409
52050000,4668762,36245871,7.763489999999999,17254,172832767,377
52100000,4669315,36265371,7.7667399999999995,17266,173110030,376
52150000,4669885,36285312,7.77007,17287,173395880,386
52200000,4670413,36304868,7.77337,17299,173671781,367
52250000,4670999,36324501,7.7766,17309,173952326,374
52300000,4671595,36344144,7.77981,17315,174229040,401
52350000,4672179,36363645,7.78302,17323,174513609,372
52400000,4672729,36383205,7.786289999999999,17334,174804421,410
52450000,4673303,36402422,7.789439999999999,17347,175078423,377
52500000,4673839,36421721,7.792680000000001,17352,175359213,413
52550000,4674417,36441122,7.79586,17359,175641767,378
52600000,4674950,36460362,7.79909,17371,175924475,377
52650000,4675524,36479482,7.802219999999999,17378,176185537,391
52700000,4676064,36498663,7.80542,17389,176469208,385
52750000,4676596,36518129,7.8087,17392,176743382,373
52800000,4677157,36537302,7.81186,17395,177011821,371
52850000,4677766,36556463,7.814939999999999,17413,177286041,374
52900000,4678363,36575659,7.81805,17421,177559993,407
52950000,4678904,36594876,7.82125,17425,177833857,399
53000000,4679481,36613962,7.82436,17439,178113678,369
53050000,4680021,36633057,7.827539999999999,17460,178388158,368
53100000,4680567,36651953,7.83067,17472,178660209,367
53150000,4681102,36670723,7.83378,17476,178917682,367
53200000,4681674,36689706,7.836880000000001,17484,179192121,394
53250000,4682252,36708835,7.84,17494,179480195,346
53300000,4682812,36727844,7.84312,17501,179760954,398
53350000,4683386,36746895,7.84622,17515,180036592,394
53400000,4683917,36765756,7.849360000000001,17522,180307658,380
53450000,4684504,36784541,7.85239,17528,180573711,388
53500000,4685073,36803346,7.85545,17538,180837317,371
53550000,4685657,36822352,7.8585199999999995,17552,181130856,367
53600000,4686197,36841006,7.8616,17560,181411524,365
53650000,4686751,36859727,7.864669999999999,17568,181684567,396
53700000,4687316,36878570,7.8677399999999995,17581,181971054,378
53750000,4687833,36897160,7.870830000000001,17587,182262419,406
53800000,4688348,36915849,7.87396,17598,182530517,389
53850000,4688866,36934361,7.87703,17612,182813350,388
53900000,4689398,36952856,7.880089999999999,17618,183083537,363
53950000,4689953,36971362,7.8831,17621,183360449,391
54000000,4690460,36989985,7.88622,17633,183635072,351
54050000,4691015,37008490,7.88923,17645,183899329,331
54100000,4691580,37026977,7.89222,17648,184173873,370
54150000,4692127,37045280,7.8952,17658,184449408,362
54200000,4692638,37063548,7.89823,17666,184717404,367
54250000,4693140,37081818,7.90128,17674,184997418,363
54300000,4693669,37100023,7.9042699999999995,17685,185274196,348
54350000,4694228,37118447,7.90725,17685,185549159,364
54400000,4694754,37136580,7.91023,17698,185823688,365
54450000,4695266,37154809,7.91325,17700,186101510,344
54500000,4695771,37172993,7.91627,17715,186374870,328
54550000,4696285,37191154,7.91927,17720,186647509,362
54600000,4696792,37209257,7.92227,17728,186930166,341
54650000,4697324,37227426,7.92524,17732,187201800,387
54700000,4697857,37245673,7.92823,17735,187484369,350
54750000,4698362,37263493,7.93117,17745,187752338,355
54800000,4698857,37281537,7.93417,17761,188018213,350
54850000,4699363,37299405,7.937119999999999,17770,188284569,365
54900000,4699855,37317471,7.94013,17782,188576946,373
54950000,4700345,37335531,7.94315,17793,188855931,335
55000000,4700880,37353337,7.94603,17800,189115591,371
55050000,4701417,37371198,7.948919999999999,17812,189399408,346
55100000,4701917,37389130,7.95189,17819,189676211,362
55150000,4702424,37406940,7.95482,17830,189940743,345
55200000,4702907,37424773,7.9578,17844,190219167,357
55250000,4703401,37442587,7.96075,17850,190492384,356
55300000,4703896,37460490,7.9637199999999995,17860,190759390,328
55350000,4704401,37478190,7.96662,17867,191025366,385
55400000,4704936,37495870,7.96948,17873,191295683,328
55450000,4705426,37513516,7.9724,17877,191557348,364
55500000,4705927,37531095,7.975280000000001,17890,191831150,337
55550000,4706384,37548701,7.97825,17893,192093062,357
55600000,4706915,37566190,7.98106,17901,192361555,350
55650000,4707412,37583702,7.98394,17915,192631569,341
55700000,4707905,37601336,7.98685,17923,192910274,358
55750000,4708383,37618916,7.98977,17938,193188799,362
55800000,4708888,37636413,7.99263,17943,193459090,343
55850000,4709353,37653867,7.99555,17950,193739485,352
55900000,4709869,37671235,7.998360000000001,17957,194003167,308
55950000,4710361,37688551,8.0012,17964,194276784,372
56000000,4710822,37705916,8.00411,17974,194550393,337
56050000,4711328,37723497,8.00698,17981,194813626,364
56100000,4711798,37740850,8.00986,17987,195092349,368
56150000,4712288,37758043,8.01268,17996,195359005,373
56200000,4712763,37775144,8.0155,18005,195619594,348
56250000,4713266,37792377,8.0183,18013,195886314,314
56300000,4713778,37809643,8.02109,18019,196151932,348
56350000,4714268,37826784,8.02389,18025,196418323,337
56400000,4714766,37843806,8.026660000000001,18037,196679832,319
56450000,4715227,37861025,8.02952,18037,196951693,368
56500000,4715694,37878141,8.03236,18045,197227193,332
56550000,4716157,37895079,8.035160000000001,18058,197479143,368
56600000,4716632,37912014,8.037939999999999,18064,197739420,333
56650000,4717148,37928923,8.04065,18070,198003602,317
56700000,4717649,37945908,8.043389999999999,18080,198267034,360
56750000,4718092,37962880,8.04624,18089,198527098,344
56800000,4718559,37979893,8.04904,18098,198799145,339
56850000,4719059,37996749,8.05176,18104,199062973,343
56900000,4719564,38013589,8.05447,18113,199318429,327
56950000,4720039,38030377,8.05722,18121,199573227,335
57000000,4720507,38047145,8.05997,18124,199837228,353
57050000,4720965,38063864,8.06273,18129,200110138,350
57100000,4721437,38080529,8.06545,18143,200378515,359
57150000,4721924,38097242,8.06816,18149,200647006,374
57200000,4722398,38113939,8.070889999999999,18159,200921653,345
57250000,4722843,38130576,8.07365,18169,201183065,323
57300000,4723300,38147149,8.07638,18176,201463099,337
57350000,4723777,38163765,8.079080000000001,18182,201732200,329
57400000,4724254,38180356,8.08177,18193,202002155,321
57450000,4724710,38196829,8.084480000000001,18202,202264844,287
57500000,4725210,38213256,8.0871,18208,202533632,310
57550000,4725627,38229749,8.08988,18219,202801489,327
57600000,4726074,38246123,8.09258,18228,203056188,320
57650000,4726494,38262390,8.0953,18234,203312183,315
57700000,4726942,38278763,8.097999999999999,18242,203574126,324
57750000,4727416,38295301,8.10068,18254,203840290,324
57800000,4727898,38311621,8.10331,18261,204100748,323
57850000,4728358,38327990,8.10598,18265,204347606,343
57900000,4728795,38344224,8.10867,18271,204594376,334
57950000,4729204,38360478,8.1114,18276,204854222,323
58000000,4729623,38376736,8.11412,18283,205110200,319
58050000,4730058,38392818,8.11678,18300,205366015,323
58100000,4730486,38408959,8.11945,18310,205628869,338
58150000,4730919,38425041,8.122110000000001,18318,205908304,272
58200000,4731347,38440937,8.12473,18329,206154461,304
58250000,4731829,38457116,8.12733,18338,206422828,314
58300000,4732250,38472931,8.12994,18340,206670435,325
58350000,4732681,38488667,8.132530000000001,18358,206926209,339
58400000,4733103,38504592,8.13517,18369,207186180,304
58450000,4733529,38520538,8.13781,18377,207448888,305
58500000,4734002,38536510,8.140369999999999,18386,207708015,327
58550000,4734454,38552608,8.14299,18393,207979779,309
58600000,4734917,38568520,8.14555,18400,208231733,321
58650000,4735353,38584168,8.14811,18403,208483604,299
58700000,4735744,38599871,8.15075,18408,208738800,326
58750000,4736139,38615609,8.15339,18413,208992503,311
58800000,4736555,38631376,8.15601,18419,209264260,302
58850000,4737025,38647124,8.15852,18424,209519919,300
58900000,4737465,38662978,8.16111,18430,209790170,320
58950000,4737882,38678618,8.163689999999999,18430,210045114,312
59000000,4738295,38694213,8.166269999999999,18440,210299504,297
59050000,4738712,38709845,8.16885,18449,210554473,340
59100000,4739120,38725535,8.17146,18461,210803943,313
59150000,4739515,38741097,8.17406,18465,211064508,278
59200000,4739961,38756692,8.17658,18475,211320570,326
59250000,4740401,38772062,8.17907,18479,211571508,316
59300000,4740814,38787422,8.1816,18481,211819686,325
59350000,4741235,38802693,8.18409,18494,212070712,302
59400000,4741640,38818228,8.18667,18502,212327966,307
59450000,4742086,38833785,8.18918,18504,212584031,328
59500000,4742500,38849026,8.19168,18512,212833954,281
59550000,4742929,38864329,8.19416,18512,213084087,316
59600000,4743343,38879327,8.19661,18525,213325078,318
59650000,4743770,38894564,8.19908,18530,213570595,301
59700000,4744145,38909689,8.20162,18538,213825063,308
59750000,4744574,38924775,8.20406,18542,214072315,298
59800000,4744988,38939645,8.20648,18551,214322415,287
59850000,4745416,38954711,8.208910000000001,18557,214560464,317
59900000,4745839,38969656,8.21133,18559,214814527,286
59950000,4746286,38984720,8.21373,18568,215064230,294
60000000,4746676,38999839,8.216239999999999,18574,215316041,286
60050000,4747068,39014780,8.21871,18585,215567158,306
60100000,4747466,39029724,8.221169999999999,18585,215814422,281
60150000,4747881,39044521,8.22357,18585,216067656,308
60200000,4748261,39059597,8.22608,18593,216312178,292
60250000,4748654,39074358,8.22851,18593,216558995,290
60300000,4749034,39089020,8.230939999999999,18596,216794200,314
60350000,4749461,39103625,8.23328,18612,217025198,330
60400000,4749863,39118358,8.23568,18616,217260761,298
60450000,4750272,39133068,8.23807,18628,217515815,284
60500000,4750660,39147938,8.24053,18629,217760238,313
60550000,4751057,39162679,8.242939999999999,18642,218004967,276
60600000,4751478,39177545,8.245339999999999,18654,218249828,332
60650000,4751877,39192223,8.24774,18660,218491166,301
60700000,4752272,39206871,8.25013,18667,218747840,267
60750000,4752668,39221424,8.252510000000001,18674,218994846,299
60800000,4753065,39235827,8.25485,18677,219247191,301
60850000,4753466,39250190,8.25717,18680,219486349,291
60900000,4753817,39264848,8.25965,18685,219727488,290
60950000,4754197,39279182,8.262,18689,219967705,291
61000000,4754609,39293549,8.26431,18694,220210309,286
61050000,4755010,39307980,8.26665,18701,220442151,302
61100000,4755401,39322313,8.26898,18708,220684361,292
61150000,4755791,39336535,8.271289999999999,18716,220930619,266
61200000,4756183,39350921,8.27363,18721,221179450,291
61250000,4756556,39365020,8.27595,18725,221419226,267
61300000,4756901,39379285,8.27835,18731,221662030,313
61350000,4757272,39393395,8.280669999999999,18739,221905980,238
61400000,4757661,39407432,8.28294,18745,222138164,257
61450000,4758033,39421563,8.285260000000001,18756,222372858,303
61500000,4758395,39435636,8.28759,18762,222611419,294
61550000,4758769,39449628,8.28988,18767,222852904,277
61600000,4759149,39463843,8.29221,18768,223103701,287
61650000,4759538,39478009,8.2945,18780,223347022,276
61700000,4759937,39492042,8.29676,18784,223589272,278
61750000,4760322,39506129,8.29905,18789,223834112,287
61800000,4760696,39520074,8.30132,18795,224066286,262
61850000,4761096,39534031,8.303560000000001,18806,224304917,305
61900000,4761462,39547813,8.305810000000001,18812,224539488,263
61950000,4761857,39561895,8.30808,18824,224769324,283
62000000,4762228,39575514,8.31029,18833,224996205,271
62050000,4762596,39589296,8.31255,18841,225231909,279
62100000,4762977,39602930,8.314739999999999,18845,225473073,255
62150000,4763363,39616777,8.316980000000001,18853,225709733,276
62200000,4763714,39630549,8.31925,18861,225937043,267
62250000,4764107,39644397,8.32147,18868,226174259,283
62300000,4764427,39657952,8.32376,18873,226397114,266
62350000,4764811,39671461,8.32593,18880,226626669,291
62400000,4765196,39685160,8.32813,18886,226853152,279
62450000,4765539,39698688,8.33037,18898,227084523,269
62500000,4765927,39712249,8.33253,18905,227328787,261
62550000,4766293,39725572,8.33469,18911,227554923,271
62600000,4766665,39738987,8.33685,18911,227783555,288
62650000,4767010,39752208,8.33902,18916,228014279,259
62700000,4767364,39765541,8.3412,18921,228242567,256
62750000,4767710,39778853,8.34339,18930,228464595,265
62800000,4768080,39792263,8.34555,18934,228705309,242
62850000,4768433,39805454,8.3477,18934,228931578,260
62900000,4768796,39818974,8.3499,18942,229164978,282
62950000,4769149,39832275,8.35207,18946,229395519,265
63000000,4769505,39845411,8.3542,18950,229625966,267
63050000,4769870,39858513,8.35631,18952,229858504,272
63100000,4770240,39871697,8.35843,18956,230088616,259
63150000,4770581,39884839,8.36058,18965,230312999,253
63200000,4770954,39898030,8.362689999999999,18973,230546318,257
63250000,4771291,39911198,8.36486,18975,230767272,254
63300000,4771662,39924423,8.36698,18975,230992526,288
63350000,4771999,39937475,8.36913,18985,231219500,257
63400000,4772347,39950509,8.37125,18988,231453940,246
63450000,4772669,39963668,8.373439999999999,18991,231683267,261
63500000,4773013,39976716,8.37557,18998,231914360,299
63550000,4773393,39989602,8.37761,19002,232138719,249
63600000,4773744,40002648,8.379719999999999,19007,232370993,269
63650000,4774078,40015513,8.38183,19013,232595832,256
63700000,4774425,40028421,8.38392,19021,232824246,259
63750000,4774756,40041116,8.386000000000001,19023,233047821,238
63800000,4775117,40053782,8.38802,19032,233271195,249
63850000,4775481,40066454,8.390039999999999,19040,233505396,251
63900000,4775817,40079160,8.39211,19050,233728245,252
63950000,4776157,40091798,8.39415,19052,233946982,238
64000000,4776504,40104443,8.396189999999999,19056,234173349,262
64050000,4776836,40116997,8.39824,19066,234384797,251
64100000,4777166,40129632,8.4003,19071,234613398,249
64150000,4777495,40142184,8.40235,19075,234835658,282
64200000,4777815,40154717,8.40441,19088,235052249,242
64250000,4778141,40167245,8.406460000000001,19095,235278867,270
64300000,4778480,40179753,8.40848,19103,235507477,264
64350000,4778802,40192086,8.41049,19103,235728789,244
64400000,4779128,40204584,8.41254,19110,235940662,248
64450000,4779464,40217027,8.41455,19116,236162999,273
64500000,4779774,40229426,8.4166,19122,236381598,271
64550000,4780094,40241769,8.418610000000001,19128,236601495,247
64600000,4780399,40253980,8.420630000000001,19136,236814955,247
64650000,4780755,40266298,8.42258,19138,237028274,273
64700000,4781080,40278463,8.42455,19149,237245136,252
64750000,4781410,40290793,8.42655,19153,237460017,233
64800000,4781707,40303100,8.4286,19163,237679663,265
64850000,4782035,40315256,8.43056,19168,237893803,218
64900000,4782332,40327466,8.43259,19171,238105266,250
64950000,4782658,40339577,8.43455,19171,238320274,225
65000000,4782968,40351732,8.43655,19180,238541621,271
65050000,4783304,40363818,8.43848,19188,238766054,233
65100000,4783629,40375770,8.44041,19195,238978079,244
65150000,4783939,40387707,8.44235,19199,239191518,244
65200000,4784238,40399566,8.44431,19212,239397950,270
65250000,4784532,40411507,8.44628,19213,239610838,232
65300000,4784894,40423573,8.448160000000001,19213,239819915,272
65350000,4785209,40435462,8.45009,19224,240032424,235
65400000,4785512,40447366,8.45205,19226,240245539,267
65450000,4785843,40459230,8.45394,19233,240466951,242
65500000,4786177,40471023,8.455810000000001,19235,240678524,249
65550000,4786474,40482761,8.45774,19241,240878665,249
65600000,4786756,40494718,8.45974,19248,241088767,221
65650000,4787056,40506248,8.46162,19251,241300390,227
65700000,4787356,40518089,8.463560000000001,19261,241508690,219
65750000,4787636,40529595,8.46547,19267,241712829,235
65800000,4787948,40541124,8.46733,19272,241919681,230
65850000,4788249,40552732,8.46922,19279,242134665,256
65900000,4788564,40564257,8.47107,19287,242346332,245
65950000,4788880,40575945,8.47295,19293,242546670,222
66000000,4789172,40587338,8.47481,19302,242765463,226
66050000,4789479,40598795,8.47666,19305,242969600,248
66100000,4789772,40610232,8.478530000000001,19311,243169533,226
66150000,4790081,40621702,8.48038,19315,243381420,220
66200000,4790411,40633035,8.48216,19323,243586314,224
66250000,4790677,40644244,8.48403,19326,243785841,244
66300000,4790954,40655451,8.48588,19330,243988780,236
66350000,4791237,40666855,8.48776,19338,244190281,253
66400000,4791539,40678268,8.4896,19346,244389469,225
66450000,4791823,40689628,8.49147,19352,244592296,253
66500000,4792125,40700852,8.49328,19356,244798866,224
66550000,4792416,40712027,8.49509,19356,244999838,250
66600000,4792681,40723098,8.49693,19366,245194160,191
66650000,4792999,40734192,8.49869,19373,245391859,228
66700000,4793299,40745453,8.5005,19379,245599825,259
66750000,4793578,40756541,8.50232,19384,245797914,242
66800000,4793878,40767671,8.50411,19391,245990768,222
66850000,4794154,40778774,8.505939999999999,19391,246188526,229
66900000,4794426,40789618,8.507719999999999,19397,246385799,232
66950000,4794718,40800691,8.50951,19405,246588808,207
67000000,4795020,40811794,8.511289999999999,19413,246789389,212
67050000,4795313,40822528,8.513010000000001,19419,246984389,207
67100000,4795608,40833397,8.51475,19420,247172322,232
67150000,4795882,40844355,8.51655,19427,247366527,215
67200000,4796153,40855191,8.51833,19431,247568226,226
67250000,4796443,40866006,8.52006,19431,247760809,212
67300000,4796702,40876725,8.52184,19439,247955013,187
67350000,4797015,40887470,8.52352,19445,248149744,199
67400000,4797294,40898137,8.52525,19452,248350059,217
67450000,4797545,40908730,8.52701,19456,248547778,227
67500000,4797797,40919489,8.52881,19461,248740924,229
67550000,4798068,40930173,8.53055,19471,248932775,236
67600000,4798344,40940764,8.53227,19482,249125450,228
67650000,4798614,40951372,8.533999999999999,19484,249324179,203
67700000,4798895,40961830,8.535680000000001,19487,249519075,198
67750000,4799182,40972260,8.537339999999999,19489,249705457,194
67800000,4799443,40982614,8.53904,19498,249899766,201
67850000,4799702,40992962,8.54073,19502,250086914,198
67900000,4799969,41003381,8.54243,19513,250276523,208
67950000,4800233,41013780,8.54412,19518,250473999,213
68000000,4800506,41024026,8.54577,19521,250651866,213
68050000,4800771,41034243,8.54743,19524,250836309,217
68100000,4801050,41044603,8.54909,19530,251027173,186
68150000,4801320,41054897,8.55075,19534,251216220,207
68200000,4801592,41065056,8.55238,19542,251405104,190
68250000,4801853,41075312,8.55405,19548,251593575,213
68300000,4802143,41085380,8.55563,19555,251780897,202
68350000,4802404,41095537,8.55728,19560,251966176,211
68400000,4802672,41105614,8.558910000000001,19564,252160955,191
68450000,4802930,41115605,8.56053,19569,252344740,179
68500000,4803179,41125529,8.56215,19576,252526799,203
68550000,4803438,41135581,8.56378,19581,252713646,205
68600000,4803691,41145563,8.56541,19585,252897838,197
68650000,4803979,41155736,8.56701,19587,253084636,217
68700000,4804218,41165890,8.5687,19591,253268892,189
68750000,4804486,41175836,8.57029,19596,253463923,189
68800000,4804723,41185663,8.57191,19600,253646663,198
68850000,4804988,41195375,8.57346,19607,253833496,185
68900000,4805246,41205213,8.57505,19609,254012810,196
68950000,4805496,41215023,8.57664,19612,254191936,201
69000000,4805745,41224670,8.57821,19615,254362929,192
69050000,4805968,41234392,8.579830000000001,19624,254541744,217
69100000,4806196,41244066,8.581439999999999,19629,254725218,169
69150000,4806451,41253708,8.582989999999999,19632,254899221,217
69200000,4806691,41263371,8.58457,19636,255084356,178
69250000,4806928,41273055,8.586160000000001,19639,255269090,193
69300000,4807136,41282504,8.58775,19640,255442099,204
69350000,4807355,41292019,8.58934,19643,255615061,193
69400000,4807568,41301578,8.59095,19646,255788517,201
69450000,4807813,41311122,8.5925,19649,255969355,189
69500000,4808046,41320611,8.59405,19652,256151142,200
69550000,4808314,41330017,8.59553,19656,256338846,187
69600000,4808541,41339429,8.59708,19664,256513669,194
69650000,4808790,41348799,8.59859,19668,256694780,169
69700000,4809020,41358091,8.60011,19668,256856131,178
69750000,4809234,41367457,8.60167,19674,257029056,173
69800000,4809494,41376812,8.60315,19679,257209899,174
69850000,4809718,41385994,8.60466,19687,257382402,196
69900000,4809949,41395100,8.60614,19693,257560888,182
69950000,4810178,41404224,8.60763,19700,257735332,184
70000000,4810412,41413377,8.609110000000001,19706,257902407,182
70050000,4810641,41422572,8.610610000000001,19709,258070868,179
70100000,4810905,41431749,8.61205,19713,258247021,159
70150000,4811127,41440713,8.61351,19713,258423675,187
70200000,4811379,41449695,8.614930000000001,19718,258588237,177
70250000,4811618,41458475,8.61633,19721,258753256,155
70300000,4811836,41467345,8.61778,19724,258915204,178
70350000,4812053,41476330,8.61926,19733,259082765,182
70400000,4812290,41485318,8.6207,19733,259260426,172
70450000,4812532,41494270,8.62213,19741,259422303,198
70500000,4812757,41503201,8.62358,19745,259595732,187
70550000,4812991,41512048,8.625,19754,259757541,183
70600000,4813198,41520779,8.626439999999999,19758,259918661,157
70650000,4813420,41529631,8.627880000000001,19763,260088478,163
70700000,4813636,41538372,8.62931,19770,260254559,169
70750000,4813851,41547129,8.63075,19770,260420279,185
70800000,4814038,41555855,8.63222,19774,260579455,182
70850000,4814245,41564418,8.63363,19774,260737824,173
70900000,4814446,41573014,8.635060000000001,19779,260903101,182
70950000,4814635,41581533,8.63649,19783,261061487,179
71000000,4814819,41589966,8.63791,19786,261216994,168
71050000,4815023,41598524,8.63932,19790,261385571,186
71100000,4815241,41606967,8.64068,19794,261558255,164
71150000,4815480,41615501,8.64203,19797,261714388,167
71200000,4815697,41623917,8.64338,19797,261877826,160
71250000,4815903,41632381,8.64477,19799,262034823,164
71300000,4816112,41640656,8.64611,19801,262197611,161
71350000,4816324,41648985,8.64746,19809,262360411,154
71400000,4816558,41657289,8.648769999999999,19813,262519494,161
71450000,4816776,41665672,8.65012,19819,262680468,177
71500000,4816982,41674008,8.651480000000001,19819,262835618,162
71550000,4817188,41682229,8.65281,19821,262996534,160
71600000,4817406,41690616,8.654160000000001,19826,263161072,185
71650000,4817623,41698856,8.65548,19827,263311681,146
71700000,4817849,41707030,8.65677,19827,263462701,139
71750000,4818044,41715169,8.65811,19829,263615552,150
71800000,4818278,41723278,8.65938,19829,263767066,149
71850000,4818481,41731390,8.660689999999999,19837,263921409,182
71900000,4818673,41739395,8.66201,19840,264085182,179
71950000,4818872,41747350,8.6633,19849,264240252,162
72000000,4819089,41755414,8.664589999999999,19853,264392332,155
72050000,4819303,41763382,8.66586,19858,264544856,150
72100000,4819495,41771303,8.66715,19863,264685693,156
72150000,4819690,41779271,8.668460000000001,19870,264837990,150
72200000,4819878,41787203,8.66976,19876,264993604,157
72250000,4820084,41795048,8.67102,19883,265136369,146
72300000,4820276,41802974,8.67232,19885,265283798,140
72350000,4820477,41810852,8.673589999999999,19890,265437348,155
72400000,4820674,41818595,8.67484,19893,265577045,157
72450000,4820875,41826486,8.67612,19896,265718414,153
72500000,4821078,41834380,8.677389999999999,19899,265870864,148
72550000,4821283,41842002,8.6786,19902,266007403,159
72600000,4821462,41849749,8.679889999999999,19902,266161571,153
72650000,4821661,41857487,8.68113,19907,266308283,171
72700000,4821829,41865152,8.68242,19909,266454911,152
72750000,4822013,41872794,8.68368,19909,266599251,142
72800000,4822177,41880361,8.68495,19909,266747633,135
72850000,4822391,41887923,8.68613,19917,266896501,145
72900000,4822579,41895448,8.68735,19918,267036122,136
72950000,4822745,41902932,8.68861,19920,267182517,144
73000000,4822916,41910317,8.68983,19923,267331983,134
73050000,4823130,41917793,8.69099,19930,267476644,161
73100000,4823323,41925133,8.692169999999999,19932,267615270,145
73150000,4823496,41932336,8.69335,19934,267756634,151
73200000,4823646,41939515,8.69457,19936,267893846,143
73250000,4823825,41946706,8.695739999999999,19941,268031741,139
73300000,4824013,41953891,8.69689,19943,268173135,148
73350000,4824185,41961069,8.69806,19947,268320249,148
73400000,4824370,41968249,8.69922,19951,268452068,149
73450000,4824558,41975415,8.70036,19956,268588496,138
73500000,4824717,41982625,8.70157,19961,268723927,145
73550000,4824927,41989773,8.70268,19962,268867098,139
73600000,4825108,41996778,8.7038,19970,268999261,138
73650000,4825306,42003760,8.704889999999999,19970,269135327,151
73700000,4825478,42010755,8.70603,19974,269263224,148
73750000,4825658,42017659,8.707139999999999,19977,269394115,154
73800000,4825838,42024696,8.708269999999999,19977,269517913,136
73850000,4826037,42031735,8.70937,19979,269646938,108
73900000,4826196,42038554,8.71049,19979,269779524,140
73950000,4826366,42045449,8.71162,19985,269908232,130
74000000,4826525,42052410,8.712769999999999,19991,270042261,158
74050000,4826684,42059164,8.71388,19992,270174383,128
74100000,4826850,42066096,8.715019999999999,19993,270313622,122
74150000,4827023,42072804,8.7161,19995,270449723,130
74200000,4827182,42079479,8.717189999999999,19999,270580420,139
74250000,4827354,42086337,8.7183,19999,270708879,143
74300000,4827533,42093070,8.71937,20005,270840042,130
74350000,4827699,42099703,8.72045,20012,270969426,128
74400000,4827874,42106279,8.7215,20015,271088687,134
74450000,4828036,42112805,8.72255,20019,271216709,111
74500000,4828211,42119336,8.72359,20021,271343406,112
74550000,4828377,42125684,8.72461,20021,271464860,119
74600000,4828553,42132135,8.72562,20026,271583173,142
74650000,4828687,42138627,8.72673,20026,271708738,134
74700000,4828823,42144949,8.727789999999999,20036,271829820,118
74750000,4828972,42151373,8.72885,20041,271951835,119
74800000,4829153,42157790,8.72985,20041,272077754,150
74850000,4829310,42164147,8.73088,20041,272201374,124
74900000,4829478,42170397,8.731869999999999,20049,272317783,124
74950000,4829633,42176738,8.73291,20054,272442412,121
75000000,4829787,42183050,8.733939999999999,20059,272559793,118
75050000,4829935,42189097,8.734919999999999,20064,272674942,121
75100000,4830106,42195388,8.73591,20066,272795479,132
75150000,4830276,42201544,8.736880000000001,20070,272916853,104
75200000,4830426,42207615,8.73787,20070,273033685,106
75250000,4830571,42213755,8.73887,20070,273148860,146
75300000,4830729,42219894,8.73986,20074,273265986,120
75350000,4830894,42225923,8.74081,20074,273381160,119
75400000,4831025,42232049,8.74184,20077,273498576,122
75450000,4831188,42238050,8.74279,20077,273614411,124
75500000,4831349,42243877,8.7437,20080,273728268,124
75550000,4831491,42249905,8.74469,20084,273848030,114
75600000,4831648,42255745,8.745619999999999,20087,273964149,126
75650000,4831793,42261586,8.74656,20087,274071021,117
75700000,4831933,42267421,8.74752,20091,274182844,129
75750000,4832089,42273344,8.748460000000001,20096,274298109,124
75800000,4832218,42278989,8.7494,20098,274412758,106
75850000,4832346,42284678,8.75034,20098,274530217,120
75900000,4832483,42290280,8.75125,20103,274638137,116
75950000,4832642,42295996,8.75215,20105,274747865,113
76000000,4832770,42301676,8.75309,20107,274864830,95
76050000,4832915,42307365,8.754010000000001,20110,274980155,100
76100000,4833048,42313110,8.75495,20113,275089893,114
76150000,4833188,42318583,8.75583,20118,275191188,109
76200000,4833337,42324157,8.75672,20119,275305735,107
76250000,4833506,42329665,8.75755,20123,275406944,106
76300000,4833642,42335058,8.75842,20123,275501708,99
76350000,4833760,42340508,8.75933,20123,275609039,95
76400000,4833884,42345961,8.76024,20129,275714106,102
76450000,4834026,42351324,8.76109,20130,275819648,93
76500000,4834169,42356604,8.76192,20131,275927602,113
76550000,4834303,42361932,8.762780000000001,20133,276022833,103
76600000,4834433,42367321,8.76366,20133,276130320,100
76650000,4834566,42372543,8.7645,20133,276227961,87
76700000,4834712,42377849,8.76533,20136,276329150,108
76750000,4834835,42382969,8.766169999999999,20140,276426804,112
76800000,4834970,42388269,8.76702,20140,276533046,117
76850000,4835081,42393527,8.7679,20147,276640375,106
76900000,4835227,42398669,8.7687,20149,276740440,97
76950000,4835347,42403865,8.76956,20150,276844223,108
77000000,4835462,42408994,8.77041,20150,276947178,109
77050000,4835597,42414033,8.77121,20156,277039207,121
77100000,4835747,42419052,8.771980000000001,20158,277138284,98
77150000,4835867,42424104,8.7728,20163,277240253,96
77200000,4835989,42428976,8.773589999999999,20165,277344026,77
77250000,4836110,42433949,8.7744,20168,277443011,94
77300000,4836236,42438871,8.77519,20168,277542257,95
77350000,4836365,42443748,8.775960000000001,20168,277631686,85
77400000,4836485,42448625,8.77675,20168,277730411,110
77450000,4836611,42453374,8.7775,20173,277819352,110
77500000,4836734,42458131,8.778260000000001,20173,277909653,111
77550000,4836854,42462890,8.77903,20173,278008954,84
77600000,4836981,42467622,8.77978,20173,278104167,96
77650000,4837103,42472354,8.78054,20173,278200942,104
77700000,4837236,42476985,8.78125,20173,278293887,94
77750000,4837342,42481635,8.78202,20173,278383346,81
77800000,4837452,42486243,8.78277,20180,278477258,94
77850000,4837557,42490870,8.783539999999999,20183,278563321,105
77900000,4837672,42495397,8.78427,20183,278651309,102
77950000,4837788,42499935,8.784989999999999,20183,278745036,89
78000000,4837912,42504557,8.78572,20183,278835522,104
78050000,4838030,42509083,8.786439999999999,20188,278928111,97
78100000,4838129,42513500,8.787180000000001,20190,279014589,89
78150000,4838258,42518018,8.78788,20192,279099327,100
78200000,4838393,42522459,8.78855,20194,279181207,103
78250000,4838511,42526756,8.78922,20202,279266352,85
78300000,4838631,42531247,8.78993,20202,279359830,88
78350000,4838741,42535523,8.79062,20205,279446643,92
78400000,4838853,42539857,8.791310000000001,20206,279530578,75
78450000,4838956,42544182,8.792019999999999,20207,279613643,92
78500000,4839034,42548327,8.79273,20207,279691916,103
78550000,4839150,42552457,8.79337,20207,279771345,78
78600000,4839250,42556616,8.79405,20207,279859837,89
78650000,4839356,42560757,8.79472,20218,279944815,85
78700000,4839480,42564826,8.79533,20219,280024559,78
78750000,4839587,42568899,8.79598,20219,280101318,82
78800000,4839683,42572832,8.796619999999999,20222,280182972,74
78850000,4839796,42576916,8.79725,20223,280259421,77
78900000,4839900,42580893,8.797889999999999,20223,280344659,76
78950000,4839997,42584869,8.79853,20223,280422628,82
79000000,4840098,42588858,8.79917,20223,280503068,66
79050000,4840187,42592798,8.79982,20223,280585177,77
79100000,4840278,42596484,8.800419999999999,20223,280657834,83
79150000,4840368,42600330,8.80105,20234,280733918,91
79200000,4840471,42604198,8.80166,20238,280815379,81
79250000,4840584,42607938,8.80223,20238,280889325,65
79300000,4840668,42611645,8.80284,20240,280961482,71
79350000,4840755,42615311,8.80344,20240,281037582,63
79400000,4840858,42619122,8.804039999999999,20245,281110804,80
79450000,4840953,42622787,8.80463,20245,281188685,81
79500000,4841049,42626508,8.80522,20245,281261156,80
79550000,4841124,42630025,8.805810000000001,20246,281337933,87
79600000,4841210,42633583,8.806389999999999,20247,281406513,67
79650000,4841306,42637190,8.80696,20248,281474032,65
79700000,4841400,42640608,8.8075,20248,281543267,79
79750000,4841494,42644156,8.808060000000001,20248,281610534,69
79800000,4841589,42647595,8.808589999999999,20248,281678970,55
79850000,4841681,42651055,8.80914,20248,281749875,72
79900000,4841785,42654470,8.809660000000001,20253,281817488,60
79950000,4841870,42657866,8.8102,20253,281884037,74
80000000,4841961,42661262,8.81074,20253,281949482,90
80050000,4842039,42664627,8.81129,20253,282014287,57
80100000,4842123,42667897,8.811819999999999,20253,282084208,62
80150000,4842200,42671158,8.81235,20253,282150301,61
80200000,4842265,42674283,8.81288,20253,282210013,60
80250000,4842345,42677548,8.813410000000001,20253,282282223,74
80300000,4842413,42680717,8.813939999999999,20253,282344188,69
80350000,4842484,42683849,8.81445,20253,282405068,73
80400000,4842560,42686948,8.81495,20260,282468108,56
80450000,4842643,42690006,8.815439999999999,20263,282525495,57
80500000,4842700,42693107,8.81597,20263,282587625,57
80550000,4842778,42696142,8.816460000000001,20266,282647684,58
80600000,4842856,42699099,8.816930000000001,20266,282712746,62
80650000,4842916,42702074,8.81743,20268,282771016,51
80700000,4842994,42705039,8.8179,20269,282830009,64
80750000,4843065,42707970,8.81838,20271,282887617,56
80800000,4843146,42710858,8.81883,20271,282943003,68
80850000,4843216,42713688,8.819280000000001,20271,282998095,66
80900000,4843287,42716493,8.81973,20271,283053899,58
80950000,4843365,42719292,8.82017,20278,283109753,59
81000000,4843437,42722052,8.82061,20278,283162792,63
81050000,4843506,42724745,8.82104,20278,283216294,44
81100000,4843565,42727469,8.821489999999999,20281,283268748,46
81150000,4843634,42730209,8.82193,20281,283322566,51
81200000,4843700,42732959,8.82238,20283,283378879,48
81250000,4843769,42735581,8.8228,20287,283434890,50
81300000,4843827,42738177,8.82323,20287,283486547,57
81350000,4843888,42740773,8.82365,20288,283538187,61
81400000,4843952,42743338,8.824060000000001,20288,283594612,48
81450000,4844030,42745854,8.82444,20288,283643124,62
81500000,4844098,42748336,8.82483,20291,283694779,44
81550000,4844159,42750781,8.82522,20291,283742885,49
81600000,4844228,42753293,8.825619999999999,20292,283796656,38
81650000,4844294,42755742,8.826,20292,283843026,47
81700000,4844358,42758055,8.826360000000001,20292,283885037,40
81750000,4844417,42760360,8.82673,20292,283929893,45
81800000,4844466,42762681,8.827119999999999,20292,283975905,32
81850000,4844517,42764978,8.8275,20292,284024447,35
81900000,4844571,42767221,8.827869999999999,20292,284064024,42
81950000,4844632,42769406,8.82821,20292,284109463,37
82000000,4844687,42771605,8.828560000000001,20292,284151376,53
82050000,4844726,42773783,8.82894,20298,284192661,48
82100000,4844778,42775843,8.82927,20298,284231404,43
82150000,4844820,42777852,8.82961,20301,284272646,46
82200000,4844867,42779943,8.82995,20302,284314247,40
82250000,4844925,42782021,8.83028,20306,284356047,46
82300000,4844972,42783969,8.830589999999999,20306,284394198,46
82350000,4845014,42785894,8.830910000000001,20306,284436520,54
82400000,4845072,42787854,8.83121,20306,284476952,49
82450000,4845119,42789755,8.83152,20308,284514251,42
82500000,4845163,42791608,8.83182,20308,284549648,32
82550000,4845209,42793435,8.83211,20311,284583936,33
82600000,4845247,42795246,8.832419999999999,20311,284620638,40
82650000,4845297,42797145,8.83272,20311,284655706,48
82700000,4845334,42798966,8.83303,20311,284689000,34
82750000,4845387,42800715,8.83329,20311,284723189,32
82800000,4845428,42802481,8.83358,20314,284759195,39
82850000,4845470,42804144,8.83385,20314,284791362,34
82900000,4845509,42805776,8.83411,20314,284821852,32
82950000,4845536,42807393,8.8344,20314,284855311,23
83000000,4845578,42808984,8.83465,20319,284884764,27
83050000,4845615,42810520,8.8349,20319,284913715,30
83100000,4845663,42812019,8.83512,20319,284943155,28
83150000,4845690,42813513,8.83538,20319,284973765,26
83200000,4845735,42815013,8.83561,20319,285006264,24
83250000,4845775,42816437,8.83583,20321,285036977,22
83300000,4845809,42817802,8.83605,20321,285066176,26
83350000,4845837,42819198,8.83629,20323,285093434,24
83400000,4845887,42820597,8.83648,20323,285118635,27
83450000,4845910,42821943,8.83672,20324,285148479,29
83500000,4845936,42823207,8.83693,20324,285174008,30
83550000,4845971,42824442,8.83712,20324,285194531,28
83600000,4846000,42825634,8.83732,20324,285220315,20
83650000,4846034,42826805,8.8375,20324,285246960,25
83700000,4846064,42827950,8.83768,20326,285274097,20
83750000,4846090,42829083,8.837860000000001,20326,285293833,15
83800000,4846117,42830254,8.83806,20327,285319783,30
83850000,4846136,42831364,8.83825,20327,285343465,31
83900000,4846170,42832461,8.838410000000001,20327,285364647,18
83950000,4846197,42833479,8.83858,20327,285381915,25
84000000,4846223,42834448,8.83873,20327,285400580,25
84050000,4846249,42835440,8.83889,20329,285417627,13
84100000,4846275,42836315,8.83902,20329,285436091,21
84150000,4846303,42837221,8.83915,20329,285456030,22
84200000,4846315,42838092,8.839310000000001,20329,285472600,14
84250000,4846332,42838969,8.83946,20329,285489874,20
84300000,4846346,42839793,8.83961,20329,285506871,17
84350000,4846367,42840637,8.839739999999999,20329,285525248,14
84400000,4846390,42841379,8.83985,20329,285540534,23
84450000,4846407,42842111,8.83997,20329,285556281,17
84500000,4846425,42842816,8.84009,20329,285570692,14
84550000,4846435,42843482,8.84021,20329,285581978,19
84600000,4846454,42844142,8.84031,20329,285593998,14
84650000,4846462,42844773,8.84042,20329,285606143,21
84700000,4846473,42845386,8.840530000000001,20329,285616987,8
84750000,4846485,42845914,8.84062,20329,285627769,15
84800000,4846502,42846475,8.8407,20329,285636815,12
84850000,4846513,42847037,8.8408,20329,285646937,11
84900000,4846525,42847530,8.84088,20329,285656607,6
84950000,4846536,42847975,8.84095,20329,285664363,8
85000000,4846543,42848381,8.84102,20329,285674785,7
85050000,4846549,42848763,8.84109,20329,285680456,9
85100000,4846554,42849130,8.84115,20329,285687901,8
85150000,4846564,42849445,8.8412,20329,285694294,7
85200000,4846573,42849764,8.84125,20329,285700550,7
85250000,4846585,42850044,8.841289999999999,20329,285707259,9
85300000,4846591,42850311,8.841330000000001,20333,285713909,3
85350000,4846594,42850515,8.84137,20333,285717573,1
85400000,4846599,42850695,8.841389999999999,20333,285720576,2
85450000,4846602,42850859,8.84142,20333,285724114,5
85500000,4846605,42851003,8.84145,20333,285725904,4
85550000,4846606,42851095,8.841460000000001,20333,285728349,2
85600000,4846607,42851165,8.84148,20333,285729203,1
85650000,4846607,42851214,8.84149,20333,285730093,0
85700000,4846609,42851237,8.84149,20333,285730264,0
