timestep,num_nodes,num_edges,average_degree,max_degree,num_triangles,new_edges
0,1948,1000,0.513347,3,0,1000
50000,93422,50990,0.5458029999999999,20,0,1000
100000,175698,100934,0.5744739999999999,51,6,997
150000,251296,150855,0.600308,75,13,1000
200000,321174,200737,0.6250100000000001,96,32,999
250000,386894,250596,0.647712,121,58,998
300000,448728,300436,0.669528,140,102,996
350000,507554,350242,0.690059,162,166,998
400000,563199,400018,0.71026,188,258,993
450000,616049,449783,0.730109,212,385,994
500000,666658,499507,0.74927,240,518,997
550000,715184,549215,0.767935,272,666,998
600000,761989,598888,0.785954,287,845,992
650000,806956,648549,0.8036979999999999,315,1057,997
700000,850361,698159,0.8210149999999999,335,1295,990
750000,892033,747718,0.838218,352,1586,991
800000,932260,797232,0.8551610000000001,378,1937,990
850000,971262,846726,0.8717790000000001,404,2296,993
900000,1008991,896208,0.888222,432,2675,988
950000,1045467,945676,0.9045489999999999,457,3143,989
1000000,1081204,995141,0.920401,481,3673,988
1050000,1115916,1044571,0.936066,503,4244,988
1100000,1149516,1093945,0.951657,527,4847,987
1150000,1182207,1143334,0.967118,554,5606,990
1200000,1213859,1192647,0.982525,579,6310,989
1250000,1244502,1241936,0.9979379999999999,599,7123,977
1300000,1274707,1291163,1.01291,634,8037,981
1350000,1304030,1340381,1.02788,662,8997,983
1400000,1332191,1389591,1.04309,692,9988,982
1450000,1360143,1438742,1.05779,712,11049,988
1500000,1387347,1487867,1.07245,736,12270,985
1550000,1413800,1536951,1.08711,750,13551,976
1600000,1439764,1586013,1.10158,775,14871,984
1650000,1465421,1635066,1.1157700000000002,788,16315,972
1700000,1490446,1684022,1.12988,823,17837,978
1750000,1515125,1732980,1.1437899999999999,839,19403,975
1800000,1539183,1781923,1.15771,867,21064,985
1850000,1562417,1830883,1.17183,881,22870,978
1900000,1585380,1879766,1.18569,900,24801,976
1950000,1607966,1928692,1.19946,920,26775,978
2000000,1630180,1977484,1.21305,935,28962,977
2050000,1652012,2026288,1.22656,960,31150,971
2100000,1673434,2075159,1.24006,992,33515,982
2150000,1694463,2123906,1.2534399999999999,1031,35891,974
2200000,1714881,2172618,1.26692,1052,38392,977
2250000,1735192,2221315,1.28016,1065,40953,974
2300000,1755209,2270012,1.2933,1090,43668,972
2350000,1774778,2318617,1.30643,1111,46577,964
2400000,1794237,2367197,1.31933,1131,49520,976
2450000,1813152,2415787,1.33237,1151,52650,974
2500000,1831687,2464358,1.3454,1173,55868,968
2550000,1849817,2512991,1.35851,1199,59282,962
2600000,1867830,2561500,1.3713799999999998,1227,62762,964
2650000,1885903,2610021,1.38396,1244,66493,955
2700000,1903173,2658492,1.39687,1266,70225,963
2750000,1920300,2706802,1.40957,1292,74105,972
2800000,1937080,2755065,1.42228,1318,78098,960
2850000,1953707,2803450,1.4349399999999999,1335,82231,977
2900000,1970057,2851814,1.4475799999999999,1361,86475,970
2950000,1986246,2900042,1.4600600000000001,1389,90994,961
3000000,2002235,2948317,1.47251,1417,95590,970
3050000,2017911,2996520,1.48496,1444,100269,963
3100000,2033459,3044655,1.49728,1468,105084,961
3150000,2048724,3092813,1.50963,1486,110219,961
3200000,2063873,3140942,1.52187,1510,115375,968
3250000,2078798,3189014,1.53407,1529,120649,955
3300000,2093626,3237054,1.54615,1551,125980,957
3350000,2108151,3285100,1.5582799999999999,1569,131498,968
3400000,2122514,3333182,1.57039,1598,137301,969
3450000,2136724,3381201,1.5824200000000002,1617,143379,951
3500000,2150856,3429180,1.59433,1638,149308,961
3550000,2164604,3477124,1.60636,1654,155663,947
3600000,2178299,3525045,1.61826,1677,162116,952
3650000,2191899,3572974,1.63008,1700,168680,951
3700000,2205183,3620792,1.64195,1723,175245,965
3750000,2218330,3668622,1.65378,1739,182168,959
3800000,2231272,3716417,1.6656,1765,189545,954
3850000,2244038,3764207,1.67743,1783,197109,951
3900000,2256806,3811965,1.6891,1813,204318,946
3950000,2269152,3859686,1.7009400000000001,1832,212159,952
4000000,2281475,3907301,1.71262,1843,220049,946
4050000,2293664,3954912,1.72428,1880,228132,948
4100000,2305912,4002472,1.73574,1899,236366,945
4150000,2317781,4050067,1.7473900000000002,1919,244884,945
4200000,2329604,4097580,1.75892,1945,253489,944
4250000,2341376,4145067,1.77036,1968,262493,952
4300000,2352958,4192647,1.7818599999999998,1990,271697,937
4350000,2364413,4240144,1.79332,2007,280659,942
4400000,2375707,4287591,1.80476,2023,290359,949
4450000,2387098,4335035,1.81603,2046,300140,948
4500000,2398235,4382472,1.8273700000000002,2068,309775,952
4550000,2409339,4429859,1.8386200000000001,2094,319972,951
4600000,2420404,4477227,1.84978,2111,330232,951
4650000,2431354,4524519,1.8609099999999998,2139,340578,947
4700000,2442193,4571681,1.8719599999999998,2162,351071,944
4750000,2452783,4618793,1.8830799999999999,2184,362518,939
4800000,2463244,4665987,1.8942400000000001,2203,373893,938
4850000,2473604,4713121,1.90537,2223,385368,938
4900000,2483903,4760220,1.9164299999999999,2243,397045,938
4950000,2494360,4807252,1.92725,2258,408400,942
5000000,2504494,4854401,1.93828,2276,420103,937
5050000,2514480,4901504,1.9493099999999999,2303,432348,956
5100000,2524340,4948571,1.9603400000000002,2333,444936,941
5150000,2534265,4995583,1.97122,2359,457868,938
5200000,2544141,5042558,1.98203,2385,470470,931
5250000,2553952,5089474,1.99278,2407,483723,949
5300000,2563614,5136387,2.00357,2438,497195,946
5350000,2573268,5183272,2.01428,2459,510941,924
5400000,2582698,5230120,2.02506,2477,524680,937
5450000,2592190,5276951,2.03571,2498,538865,935
5500000,2601247,5323715,2.0466,2516,553014,935
5550000,2610444,5370559,2.05734,2542,567496,934
5600000,2619528,5417398,2.06808,2564,582386,935
5650000,2628428,5464192,2.07888,2594,597393,920
5700000,2637281,5510874,2.0896,2607,612978,942
5750000,2646099,5557516,2.10027,2630,628276,932
5800000,2654863,5604100,2.11088,2655,644311,933
5850000,2663684,5650663,2.12137,2673,660256,925
5900000,2672331,5697270,2.13195,2701,676996,933
5950000,2680986,5743872,2.14245,2722,693870,946
6000000,2689592,5790451,2.15291,2745,710690,926
6050000,2698243,5837003,2.1632599999999997,2756,727795,921
6100000,2706726,5883512,2.17366,2782,745203,935
6150000,2715124,5929963,2.18405,2801,762779,928
6200000,2723358,5976388,2.19449,2811,781134,928
6250000,2731541,6022794,2.20491,2828,799292,930
6300000,2739635,6069168,2.21532,2849,818075,937
6350000,2747844,6115410,2.22553,2866,836757,929
6400000,2755757,6161692,2.2359299999999998,2888,856075,933
6450000,2763631,6208046,2.24634,2913,875899,916
6500000,2771514,6254300,2.25664,2937,895683,928
6550000,2779261,6300489,2.26697,2960,915906,903
6600000,2786960,6346688,2.2772799999999997,2982,935530,924
6650000,2794678,6392662,2.28744,3001,956135,920
6700000,2802281,6438781,2.2976900000000002,3018,977287,923
6750000,2809813,6484951,2.30797,3036,998556,933
6800000,2817298,6531049,2.3182,3063,1019983,919
6850000,2824685,6577023,2.32841,3078,1041888,928
6900000,2832204,6622944,2.3384400000000003,3085,1064259,923
6950000,2839678,6668879,2.3484599999999998,3103,1086263,922
7000000,2846922,6714830,2.35863,3130,1108772,922
7050000,2854224,6760776,2.36869,3157,1131990,928
7100000,2861464,6806650,2.37873,3173,1154704,917
7150000,2868370,6852349,2.3889299999999998,3195,1177860,920
7200000,2875443,6898102,2.3989700000000003,3217,1201722,918
7250000,2882577,6943906,2.40892,3242,1225805,907
7300000,2889604,6989632,2.41889,3277,1250353,919
7350000,2896602,7035319,2.42882,3292,1274967,905
7400000,2903447,7080914,2.4388,3307,1299940,891
7450000,2910237,7126633,2.44882,3326,1325420,919
7500000,2917021,7172331,2.45879,3343,1351476,904
7550000,2923731,7217978,2.46876,3370,1377033,913
7600000,2930290,7263550,2.47878,3398,1402587,908
7650000,2936879,7309104,2.48873,3417,1429450,924
7700000,2943534,7354614,2.49857,3439,1456065,915
7750000,2950193,7399930,2.50829,3462,1482135,915
7800000,2956756,7445336,2.51808,3489,1509654,922
7850000,2963351,7490807,2.52782,3508,1536796,913
7900000,2969756,7536119,2.53762,3521,1564961,904
7950000,2976160,7581352,2.54736,3535,1592912,904
8000000,2982312,7626652,2.5573,3563,1621936,920
8050000,2988617,7671990,2.56707,3587,1650394,903
8100000,2994984,7717414,2.57678,3615,1679464,894
8150000,3001370,7762583,2.58635,3635,1708572,919
8200000,3007566,7807897,2.5960900000000002,3660,1739448,899
8250000,3013759,7853047,2.60573,3679,1770074,895
8300000,3019996,7898381,2.61536,3703,1801209,906
8350000,3026011,7943620,2.62511,3718,1832812,906
8400000,3032230,7988702,2.6346,3740,1863579,883
8450000,3038249,8033839,2.64423,3765,1895604,896
8500000,3044214,8078851,2.65384,3779,1927384,865
8550000,3050115,8123806,2.66344,3798,1959489,886
8600000,3056147,8168815,2.67291,3825,1991296,895
8650000,3062112,8213709,2.68237,3844,2024164,904
8700000,3068026,8258676,2.69185,3868,2057260,879
8750000,3073992,8303517,2.70122,3886,2090413,902
8800000,3079868,8348434,2.71065,3906,2124228,909
8850000,3085694,8393293,2.72007,3924,2158096,902
8900000,3091345,8438159,2.7296099999999996,3941,2193236,896
8950000,3097042,8483014,2.73907,3963,2226920,904
9000000,3102746,8527828,2.74848,3983,2261965,888
9050000,3108379,8572604,2.7579,4002,2297855,902
9100000,3113922,8617305,2.76735,4018,2333231,895
9150000,3119483,8662031,2.77675,4035,2368733,902
9200000,3125014,8706711,2.78614,4055,2405423,885
9250000,3130613,8751151,2.79535,4068,2441983,879
9300000,3136081,8795753,2.8047,4094,2479943,895
9350000,3141557,8840422,2.81403,4112,2517732,898
9400000,3146884,8884956,2.82341,4140,2555396,900
9450000,3152241,8929411,2.83272,4149,2593974,904
9500000,3157658,8973827,2.84192,4178,2632744,890
9550000,3163019,9018349,2.85118,4208,2672114,890
9600000,3168203,9062865,2.86057,4223,2712117,886
9650000,3173388,9107371,2.86992,4244,2752249,882
9700000,3178671,9151776,2.87912,4269,2791939,883
9750000,3183998,9196112,2.88823,4287,2832144,882
9800000,3189206,9240409,2.8974,4301,2873395,888
9850000,3194311,9284656,2.90662,4321,2914056,882
9900000,3199363,9328795,2.91583,4342,2956412,882
9950000,3204446,9372977,2.92499,4361,2999428,882
10000000,3209541,9417149,2.93411,4382,3042045,880
10050000,3214463,9461349,2.9433700000000003,4401,3084907,884
10100000,3219469,9505434,2.95249,4428,3128303,888
10150000,3224496,9549398,2.96152,4453,3171205,884
10200000,3229446,9593382,2.9706,4477,3215611,884
10250000,3234296,9637303,2.97972,4498,3260561,882
10300000,3239286,9681365,2.98873,4529,3305754,894
10350000,3244189,9725354,2.99778,4538,3350663,891
10400000,3249016,9769274,3.00684,4567,3395986,865
10450000,3253939,9813274,3.0158099999999997,4588,3440856,877
10500000,3258735,9857168,3.02484,4611,3486250,876
10550000,3263486,9901028,3.03388,4629,3534170,874
10600000,3268355,9944857,3.04277,4652,3580404,880
10650000,3273283,9988669,3.05158,4669,3628531,882
10700000,3278021,10032441,3.06052,4700,3676273,857
10750000,3282581,10076081,3.06956,4730,3725531,884
10800000,3287239,10119832,3.07852,4749,3775433,889
10850000,3291893,10163515,3.08744,4769,3825409,877
10900000,3296550,10207172,3.09632,4793,3873685,877
10950000,3301157,10250740,3.1052,4817,3922768,866
11000000,3305708,10294291,3.1141,4828,3971850,863
11050000,3310348,10337917,3.12291,4846,4021235,867
11100000,3314936,10381361,3.1316900000000003,4871,4071004,860
11150000,3319454,10424904,3.14055,4901,4121851,872
11200000,3324016,10468520,3.1493599999999997,4916,4172511,881
11250000,3328536,10511929,3.1581200000000003,4938,4225847,867
11300000,3332959,10555340,3.16696,4953,4278148,852
11350000,3337476,10598678,3.1756599999999997,4972,4330755,866
11400000,3341866,10641910,3.1844200000000003,4990,4384077,874
11450000,3346236,10685230,3.1932099999999997,5007,4439497,880
11500000,3350533,10728572,3.20205,5030,4494920,861
11550000,3354841,10771904,3.21085,5052,4549880,862
11600000,3359211,10815115,3.2195400000000003,5072,4605135,855
11650000,3363601,10858226,3.22816,5095,4660997,867
11700000,3367916,10901332,3.2368200000000003,5115,4716964,859
11750000,3372184,10944560,3.24554,5141,4774791,847
11800000,3376596,10987711,3.25408,5157,4830894,865
11850000,3380783,11030930,3.26283,5177,4887991,870
11900000,3385092,11073913,3.2713799999999997,5203,4946617,837
11950000,3389210,11116877,3.2800800000000003,5213,5004705,857
12000000,3393352,11159845,3.28874,5235,5062100,859
12050000,3397434,11202853,3.29745,5260,5121857,876
12100000,3401647,11245799,3.30599,5280,5181708,863
12150000,3405701,11288577,3.31461,5304,5240087,825
12200000,3409826,11331565,3.32321,5323,5298235,850
12250000,3413932,11374390,3.33176,5342,5357645,861
12300000,3418025,11417269,3.3403099999999997,5366,5418774,857
12350000,3422006,11460077,3.3489400000000002,5390,5480019,870
12400000,3425995,11502808,3.35751,5413,5543259,856
12450000,3430086,11545480,3.36594,5426,5604447,852
12500000,3434123,11588204,3.3744300000000003,5439,5667127,847
12550000,3438133,11630878,3.38291,5455,5730031,851
12600000,3441988,11673597,3.3915300000000004,5483,5793538,842
12650000,3445816,11716313,3.40016,5504,5855092,849
12700000,3449670,11758913,3.4087099999999997,5525,5919436,838
12750000,3453641,11801407,3.41709,5550,5983174,841
12800000,3457565,11843978,3.42553,5561,6048665,855
12850000,3461465,11886513,3.43395,5581,6114554,847
12900000,3465339,11928958,3.44236,5603,6181268,846
12950000,3469174,11971468,3.4508099999999997,5625,6246142,859
13000000,3473042,12013980,3.4592099999999997,5647,6309395,840
13050000,3476903,12056345,3.46755,5669,6376014,850
13100000,3480769,12098900,3.4759300000000004,5682,6444375,856
13150000,3484596,12141417,3.48431,5703,6512490,836
13200000,3488338,12183705,3.4927,5721,6580386,843
13250000,3492092,12226058,3.50107,5745,6650459,835
13300000,3495704,12268258,3.5095199999999998,5759,6720863,838
13350000,3499401,12310426,3.51787,5775,6790134,823
13400000,3503120,12352623,3.52618,5798,6859897,828
13450000,3506906,12394772,3.53439,5822,6929630,848
13500000,3510620,12436852,3.54264,5844,7000111,846
13550000,3514247,12479027,3.5509800000000005,5861,7068114,866
13600000,3517828,12521118,3.55933,5880,7138488,841
13650000,3521458,12563195,3.5676099999999997,5906,7210210,864
13700000,3525115,12605093,3.5758,5931,7283408,823
13750000,3528813,12647182,3.5839800000000004,5941,7355168,853
13800000,3532340,12689031,3.59225,5964,7429364,844
13850000,3535814,12731049,3.6006,5987,7501292,808
13900000,3539379,12772853,3.6087800000000003,6005,7575323,840
13950000,3542835,12814765,3.61709,6027,7648470,842
14000000,3546377,12856558,3.6252699999999995,6048,7723375,826
14050000,3549974,12898399,3.6333800000000003,6067,7799323,844
14100000,3553496,12940026,3.64149,6082,7875906,839
14150000,3557013,12981919,3.6496699999999995,6101,7950806,825
14200000,3560497,13023733,3.65784,6122,8029151,824
14250000,3564018,13065468,3.66594,6140,8105461,835
14300000,3567417,13107248,3.6741599999999996,6156,8184356,857
14350000,3570873,13148730,3.6822199999999996,6175,8264629,834
14400000,3574340,13190146,3.69023,6200,8343014,829
14450000,3577822,13231869,3.6983,6225,8421076,822
14500000,3581289,13273611,3.7063800000000002,6243,8500572,835
14550000,3584696,13314938,3.7143800000000002,6266,8579328,828
14600000,3588228,13356423,3.72229,6286,8657466,806
14650000,3591606,13397935,3.73035,6301,8737177,830
14700000,3594998,13439467,3.7383800000000003,6318,8819353,835
14750000,3598307,13480811,3.74643,6334,8902577,834
14800000,3601589,13522145,3.75449,6355,8982312,826
14850000,3605068,13563600,3.7623699999999998,6363,9066144,809
14900000,3608254,13604916,3.7705,6391,9148570,828
14950000,3611413,13646151,3.7786199999999996,6414,9232693,813
15000000,3614649,13687441,3.78666,6433,9316069,816
15050000,3617946,13728658,3.7946,6453,9399405,829
15100000,3621246,13769806,3.8025,6480,9483825,809
15150000,3624415,13810963,3.81054,6498,9569587,825
15200000,3627655,13852170,3.81849,6514,9655747,830
15250000,3630760,13893371,3.82657,6540,9741791,839
15300000,3633984,13934206,3.8344199999999997,6560,9826908,821
15350000,3637235,13975451,3.8423300000000005,6582,9913375,829
15400000,3640434,14016457,3.8502199999999998,6606,10000891,840
15450000,3643577,14057592,3.8581800000000004,6615,10090031,830
15500000,3646741,14098532,3.86606,6636,10174881,815
15550000,3649957,14139632,3.8739199999999996,6652,10262749,826
15600000,3653131,14180485,3.88173,6665,10351378,826
15650000,3656162,14221365,3.8897,6680,10443455,811
15700000,3659294,14262207,3.89753,6686,10536151,816
15750000,3662370,14303036,3.9054,6700,10628192,834
15800000,3665469,14343741,3.91321,6721,10718187,806
15850000,3668462,14384504,3.9211300000000002,6736,10809242,821
15900000,3671540,14425168,3.9289099999999997,6756,10900438,824
15950000,3674686,14465937,3.93665,6778,10992319,805
16000000,3677729,14506731,3.9444800000000004,6801,11085112,812
16050000,3680814,14547170,3.9521599999999997,6822,11175195,777
16100000,3683787,14587868,3.9600199999999997,6827,11268927,814
16150000,3686822,14628383,3.96775,6850,11364128,807
16200000,3689903,14669027,3.97545,6869,11457937,825
16250000,3693005,14709341,3.9830300000000003,6887,11552258,797
16300000,3696037,14749784,3.9907,6908,11648615,803
16350000,3699062,14790325,3.9984,6931,11743667,796
16400000,3702060,14830709,4.006069999999999,6952,11837098,812
16450000,3705019,14871157,4.01379,6973,11933705,797
16500000,3707931,14911452,4.0215,6990,12030751,801
16550000,3710890,14951940,4.02921,7008,12129620,810
16600000,3713911,14992293,4.03679,7030,12228920,822
16650000,3716860,15032706,4.04446,7055,12327818,802
16700000,3719704,15072917,4.05218,7069,12427017,823
16750000,3722652,15113119,4.059769999999999,7099,12527242,803
16800000,3725511,15153292,4.06744,7121,12628686,840
16850000,3728324,15193285,4.0751,7136,12733481,803
16900000,3731127,15233492,4.08281,7159,12834346,800
16950000,3733953,15273495,4.09044,7179,12935538,809
17000000,3736828,15313751,4.09806,7199,13036109,820
17050000,3739658,15353893,4.10569,7219,13141449,809
17100000,3742414,15393974,4.11338,7242,13244967,817
17150000,3745263,15434003,4.12094,7277,13347434,791
17200000,3748136,15474064,4.12847,7295,13451868,795
17250000,3750989,15513959,4.13596,7312,13557058,804
17300000,3753781,15554039,4.1435699999999995,7330,13662971,805
17350000,3756684,15593888,4.15097,7347,13774449,814
17400000,3759484,15633892,4.158519999999999,7366,13880079,790
17450000,3762263,15673684,4.16603,7384,13985591,800
17500000,3765047,15713507,4.17352,7402,14094430,803
17550000,3767746,15753190,4.1810599999999996,7422,14201767,781
17600000,3770464,15793074,4.18863,7446,14310113,775
17650000,3773186,15832758,4.19612,7471,14417687,793
17700000,3775955,15872280,4.20351,7482,14523024,769
17750000,3778760,15911915,4.21088,7499,14628974,777
17800000,3781490,15951483,4.21831,7512,14737627,801
17850000,3784187,15991055,4.22576,7538,14845567,782
17900000,3786831,16030553,4.23324,7558,14952380,813
17950000,3789518,16070082,4.24067,7573,15065746,784
18000000,3792160,16109535,4.24812,7585,15180076,793
18050000,3794770,16148899,4.25557,7601,15288944,791
18100000,3797405,16188192,4.26296,7630,15401115,809
18150000,3800032,16227519,4.27036,7654,15513410,781
18200000,3802628,16266895,4.2778,7671,15626862,757
18250000,3805273,16306207,4.285159999999999,7686,15738255,801
18300000,3807957,16345589,4.29248,7697,15852688,782
18350000,3810582,16385103,4.2999,7721,15970856,776
18400000,3813212,16424300,4.3072099999999995,7737,16087132,774
18450000,3815830,16463614,4.31456,7749,16202523,776
18500000,3818489,16502841,4.32182,7764,16316711,775
18550000,3821140,16542052,4.32909,7786,16432751,799
18600000,3823835,16581277,4.3363,7802,16551920,775
18650000,3826409,16620545,4.34364,7818,16669586,798
18700000,3828966,16659665,4.35096,7832,16789777,778
18750000,3831569,16698726,4.3582,7848,16910802,770
18800000,3834090,16737879,4.36554,7864,17030167,792
18850000,3836594,16776873,4.37286,7893,17151180,767
18900000,3839146,16815886,4.38011,7909,17270716,777
18950000,3841687,16854840,4.38735,7921,17393059,778
19000000,3844261,16893766,4.39454,7940,17512833,780
19050000,3846771,16932901,4.40185,7960,17636905,780
19100000,3849280,16971763,4.40907,7980,17759056,776
19150000,3851731,17010648,4.41636,7998,17880694,765
19200000,3854353,17049535,4.42345,8015,18002492,769
19250000,3856810,17088371,4.4307,8032,18126697,789
19300000,3859266,17127299,4.43797,8052,18248344,798
19350000,3861746,17166017,4.44514,8065,18372212,771
19400000,3864127,17204816,4.45245,8081,18498932,754
19450000,3866510,17243412,4.4596800000000005,8102,18625904,763
19500000,3868966,17282171,4.46687,8120,18754971,768
19550000,3871330,17320782,4.47412,8145,18881107,778
19600000,3873848,17359409,4.48118,8160,19007578,780
19650000,3876282,17397800,4.48827,8181,19134035,772
19700000,3878760,17436197,4.4953,8198,19260467,742
19750000,3881150,17474680,4.50245,8223,19389324,765
19800000,3883502,17513232,4.50965,8234,19515431,755
19850000,3885950,17551728,4.51671,8253,19643558,750
19900000,3888266,17590060,4.52388,8273,19775775,767
19950000,3890731,17628495,4.5309,8280,19911696,757
20000000,3893065,17666787,4.53801,8299,20041181,761
20050000,3895368,17705154,4.54518,8315,20173469,748
20100000,3897713,17743345,4.55225,8329,20306247,745
20150000,3900060,17781679,4.55933,8356,20438287,779
20200000,3902344,17820032,4.56649,8369,20569763,778
20250000,3904697,17858208,4.573519999999999,8381,20699875,763
20300000,3907014,17896269,4.58055,8400,20835074,750
20350000,3909249,17934298,4.58766,8417,20965932,771
20400000,3911625,17972593,4.59466,8441,21101122,761
20450000,3913872,18010891,4.6018099999999995,8461,21239276,775
20500000,3916127,18048882,4.60886,8479,21373633,764
20550000,3918360,18086705,4.61589,8498,21505883,774
20600000,3920634,18124601,4.62288,8507,21641201,771
20650000,3922847,18162534,4.62994,8526,21778985,761
20700000,3925188,18200500,4.63685,8547,21915390,780
20750000,3927421,18238494,4.64389,8561,22055227,742
20800000,3929677,18276552,4.6509,8573,22196288,767
20850000,3931929,18314567,4.65791,8590,22337647,775
20900000,3934178,18352487,4.66488,8611,22477121,769
20950000,3936444,18390343,4.671819999999999,8624,22617155,780
21000000,3938733,18428130,4.6786900000000005,8643,22758497,774
21050000,3941022,18465976,4.68558,8659,22897302,740
21100000,3943222,18503612,4.6925099999999995,8671,23037834,739
21150000,3945528,18541379,4.69934,8700,23182151,779
21200000,3947730,18578982,4.70624,8721,23322440,744
21250000,3949914,18616701,4.71319,8739,23464577,766
21300000,3952078,18654265,4.72012,8762,23608582,747
21350000,3954290,18691740,4.72695,8778,23749677,734
21400000,3956449,18729314,4.73387,8795,23887927,743
21450000,3958585,18766897,4.74081,8806,24034188,766
21500000,3960817,18804335,4.74759,8832,24175212,730
21550000,3962947,18841686,4.75446,8843,24322729,762
21600000,3964998,18879058,4.761430000000001,8860,24470002,771
21650000,3967106,18916471,4.768330000000001,8885,24616940,739
21700000,3969247,18953931,4.7752,8905,24764740,745
21750000,3971324,18991152,4.78207,8921,24910094,723
21800000,3973367,19028419,4.78899,8942,25056592,737
21850000,3975587,19065822,4.795730000000001,8954,25199130,740
21900000,3977734,19103006,4.80248,8977,25345990,763
21950000,3979805,19140107,4.80931,8996,25493315,743
22000000,3981877,19177295,4.81614,9008,25649067,752
22050000,3983956,19214479,4.82296,9027,25796071,741
22100000,3986123,19251602,4.82966,9045,25945210,763
22150000,3988230,19288840,4.8364400000000005,9064,26093283,726
22200000,3990367,19325871,4.84313,9079,26245073,741
22250000,3992434,19362828,4.849880000000001,9102,26396676,754
22300000,3994425,19399755,4.85671,9120,26552678,746
22350000,3996517,19436743,4.86342,9145,26700634,756
22400000,3998638,19473633,4.87007,9161,26852025,737
22450000,4000696,19510408,4.87675,9188,27003223,723
22500000,4002805,19547346,4.88341,9203,27157325,721
22550000,4004827,19584313,4.89018,9222,27310450,745
22600000,4006888,19621149,4.89685,9245,27463276,745
22650000,4009011,19657987,4.90345,9259,27617009,748
22700000,4010973,19694727,4.91021,9269,27775813,728
22750000,4013000,19731414,4.916869999999999,9283,27929932,761
22800000,4014990,19768170,4.92359,9308,28089166,736
22850000,4016993,19804671,4.930219999999999,9333,28242436,738
22900000,4019002,19841337,4.93688,9346,28398372,745
22950000,4021042,19877993,4.94349,9363,28561165,716
23000000,4023094,19914594,4.950069999999999,9379,28715984,736
23050000,4025121,19951175,4.95666,9401,28876444,733
23100000,4027075,19987893,4.96338,9411,29035631,757
23150000,4029132,20024374,4.9699,9433,29199595,740
23200000,4031117,20060886,4.97651,9451,29358297,728
23250000,4033192,20097389,4.9830000000000005,9468,29514947,713
23300000,4035137,20133951,4.98966,9477,29674020,738
23350000,4037060,20170512,4.99634,9496,29835286,736
23400000,4039020,20206871,5.00291,9521,29995447,716
23450000,4040971,20243182,5.00948,9538,30154809,710
23500000,4042924,20279695,5.0161,9554,30318257,728
23550000,4044872,20315775,5.0226,9577,30480122,708
23600000,4046791,20352076,5.02919,9589,30647971,716
23650000,4048672,20388226,5.03578,9608,30810059,736
23700000,4050594,20424546,5.0423599999999995,9617,30975970,707
23750000,4052519,20460631,5.04887,9633,31143907,734
23800000,4054460,20496868,5.05539,9644,31308708,740
23850000,4056437,20533001,5.0618300000000005,9665,31474011,727
23900000,4058300,20569168,5.06842,9681,31641322,730
23950000,4060164,20605218,5.0749699999999995,9699,31812124,717
24000000,4062082,20641170,5.08143,9714,31978413,711
24050000,4064056,20677266,5.08784,9735,32146168,703
24100000,4065852,20713079,5.0944,9750,32319007,717
24150000,4067696,20748921,5.1009,9770,32489791,710
24200000,4069498,20784604,5.10741,9797,32659158,733
24250000,4071417,20820444,5.11381,9818,32830702,698
24300000,4073246,20856225,5.1203,9833,33000417,697
24350000,4075080,20892004,5.12677,9855,33169488,721
24400000,4076918,20927644,5.1332,9878,33340400,722
24450000,4078820,20963430,5.1395800000000005,9903,33510743,697
24500000,4080739,20999073,5.1459,9919,33680136,695
24550000,4082666,21034673,5.15219,9929,33853588,736
24600000,4084485,21070484,5.15866,9945,34026169,728
24650000,4086327,21106139,5.1650599999999995,9960,34197115,717
24700000,4088188,21141849,5.17145,9978,34368715,719
24750000,4090009,21177452,5.17785,10002,34538033,687
24800000,4091853,21212896,5.1841800000000005,10019,34710453,712
24850000,4093776,21248453,5.19043,10027,34885218,691
24900000,4095584,21284047,5.19683,10041,35056470,716
24950000,4097384,21319561,5.2032099999999994,10053,35230181,715
25000000,4099243,21354855,5.20946,10073,35406272,738
25050000,4101027,21390296,5.21584,10093,35582417,699
25100000,4102773,21425766,5.2222599999999995,10114,35755207,719
25150000,4104514,21461010,5.22864,10132,35936665,700
25200000,4106347,21496326,5.2349,10146,36113704,702
25250000,4108083,21531533,5.24126,10159,36288243,692
25300000,4109884,21566770,5.24754,10175,36463853,711
25350000,4111677,21601989,5.25381,10193,36639995,695
25400000,4113426,21637102,5.26012,10222,36815275,704
25450000,4115230,21672470,5.26641,10236,36998694,685
25500000,4116987,21707569,5.27268,10249,37173338,713
25550000,4118704,21742617,5.27899,10261,37357088,717
25600000,4120468,21777760,5.28526,10280,37537737,711
25650000,4122197,21812678,5.291519999999999,10291,37715234,703
25700000,4123850,21847840,5.2979199999999995,10303,37898808,688
25750000,4125613,21882776,5.304130000000001,10322,38077491,695
25800000,4127342,21917606,5.31034,10342,38262578,696
25850000,4129089,21952547,5.31656,10364,38445167,718
25900000,4130784,21987475,5.322830000000001,10378,38635674,687
25950000,4132573,22022305,5.3289599999999995,10391,38819185,700
26000000,4134282,22057339,5.33523,10397,39005521,704
26050000,4135968,22092199,5.341480000000001,10416,39190109,692
26100000,4137726,22127068,5.34764,10429,39376015,722
26150000,4139433,22161881,5.35384,10451,39566199,675
26200000,4141114,22196701,5.36008,10472,39750267,705
26250000,4142883,22231485,5.3661900000000005,10483,39940667,684
26300000,4144603,22266315,5.37236,10503,40130512,718
26350000,4146249,22301031,5.3786,10514,40315755,691
26400000,4147953,22335667,5.38474,10528,40499678,698
26450000,4149674,22370075,5.3908,10547,40686078,720
26500000,4151332,22404726,5.397,10562,40874387,683
26550000,4152971,22439275,5.40319,10576,41056534,693
26600000,4154654,22473864,5.40932,10597,41247245,696
26650000,4156328,22508133,5.41539,10609,41438477,705
26700000,4158031,22542374,5.42141,10618,41630978,689
26750000,4159680,22576750,5.4275199999999995,10639,41823548,672
26800000,4161345,22611239,5.4336400000000005,10661,42014430,693
26850000,4163019,22645395,5.43966,10684,42205015,691
26900000,4164637,22679674,5.4457699999999996,10699,42395984,685
26950000,4166317,22713950,5.45181,10712,42585622,671
27000000,4167930,22748129,5.4579,10726,42780612,685
27050000,4169579,22782444,5.46397,10743,42969983,671
27100000,4171277,22816733,5.4699599999999995,10757,43166281,686
27150000,4172891,22850766,5.476,10772,43362583,670
27200000,4174474,22884793,5.482080000000001,10786,43556558,691
27250000,4176097,22918934,5.488119999999999,10800,43751692,660
27300000,4177713,22952890,5.49413,10813,43948160,703
27350000,4179284,22986974,5.50022,10824,44148449,664
27400000,4180975,23021161,5.50617,10845,44350152,682
27450000,4182565,23055160,5.51221,10860,44547141,674
27500000,4184246,23089195,5.51813,10880,44743175,689
27550000,4185850,23123241,5.52414,10892,44940865,662
27600000,4187386,23157199,5.53023,10917,45137935,692
27650000,4189018,23191118,5.536169999999999,10935,45338960,649
27700000,4190534,23224843,5.5422199999999995,10946,45534903,661
27750000,4192159,23258793,5.54817,10958,45737644,675
27800000,4193769,23292488,5.554069999999999,10966,45935884,670
27850000,4195327,23326131,5.56003,10983,46135054,678
27900000,4196935,23360131,5.566,11008,46336435,669
27950000,4198470,23393893,5.572,11027,46540039,673
28000000,4200007,23427817,5.5780400000000006,11035,46741011,674
28050000,4201558,23461275,5.58395,11058,46938715,673
28100000,4203084,23494917,5.589919999999999,11069,47145045,711
28150000,4204693,23528553,5.59578,11086,47348294,691
28200000,4206220,23562153,5.60174,11099,47554136,667
28250000,4207803,23595719,5.60761,11119,47760871,696
28300000,4209352,23629157,5.6134900000000005,11140,47961663,668
28350000,4210877,23662839,5.61946,11158,48168887,678
28400000,4212401,23696420,5.6254,11184,48373254,677
28450000,4213894,23729860,5.63134,11198,48584350,675
28500000,4215378,23763147,5.63725,11219,48790503,669
28550000,4216940,23796618,5.6431,11235,49000359,662
28600000,4218486,23829845,5.64891,11248,49203741,663
28650000,4219954,23863006,5.6548,11266,49409308,665
28700000,4221455,23896181,5.66065,11282,49614775,692
28750000,4222982,23929428,5.66648,11302,49817419,679
28800000,4224468,23962539,5.67232,11317,50021520,661
28850000,4226008,23995476,5.67805,11340,50225043,661
28900000,4227518,24028666,5.68387,11350,50435205,658
28950000,4229060,24061505,5.68956,11372,50640254,653
29000000,4230480,24094426,5.6954400000000005,11386,50849353,640
29050000,4231951,24127375,5.70124,11400,51059416,674
29100000,4233444,24160383,5.7070300000000005,11415,51265480,650
29150000,4234886,24193080,5.71281,11435,51471768,672
29200000,4236378,24226034,5.71857,11450,51677240,667
29250000,4237868,24258962,5.72433,11460,51890216,634
29300000,4239378,24291891,5.73006,11475,52099201,667
29350000,4240847,24324874,5.73585,11487,52314589,633
29400000,4242294,24357716,5.74164,11495,52526068,650
29450000,4243779,24390385,5.747330000000001,11504,52736228,674
29500000,4245212,24423273,5.7531300000000005,11518,52949779,652
29550000,4246667,24456044,5.75888,11546,53164626,639
29600000,4248094,24488697,5.76463,11560,53377058,640
29650000,4249495,24521473,5.77044,11569,53588425,637
29700000,4250935,24554020,5.77615,11587,53809529,638
29750000,4252418,24586646,5.7818,11598,54023515,640
29800000,4253903,24619284,5.78746,11610,54237234,636
29850000,4255306,24651855,5.7932,11634,54449788,644
29900000,4256731,24684397,5.79891,11655,54666346,619
29950000,4258163,24716907,5.80459,11664,54884816,634
30000000,4259603,24749411,5.8102599999999995,11677,55108520,637
30050000,4260989,24781860,5.81599,11690,55324353,674
30100000,4262443,24814341,5.821619999999999,11703,55543928,645
30150000,4263899,24846772,5.82724,11722,55763906,646
30200000,4265242,24878996,5.83296,11739,55983252,632
30250000,4266680,24911367,5.83858,11760,56199117,667
30300000,4268063,24943677,5.84426,11771,56411489,631
30350000,4269371,24975967,5.85003,11785,56626937,685
30400000,4270766,25008122,5.85565,11806,56851096,644
30450000,4272145,25040437,5.861330000000001,11819,57070339,666
30500000,4273528,25072719,5.86698,11836,57291691,641
30550000,4274929,25104959,5.8726,11848,57511876,667
30600000,4276283,25136976,5.87823,11860,57728440,632
30650000,4277656,25169181,5.88387,11872,57946494,642
30700000,4279032,25201071,5.88943,11886,58168221,640
30750000,4280455,25233178,5.89498,11900,58389292,637
30800000,4281876,25265172,5.9004900000000005,11907,58616059,643
30850000,4283239,25297245,5.9061,11924,58839617,650
30900000,4284613,25329278,5.9116800000000005,11940,59061164,626
30950000,4285979,25361360,5.91729,11952,59277534,655
31000000,4287311,25393261,5.92289,11973,59500364,648
31050000,4288683,25425285,5.92846,11983,59719340,642
31100000,4290061,25457110,5.9339699999999995,12009,59942771,638
31150000,4291452,25488992,5.9394800000000005,12013,60172535,651
31200000,4292784,25520743,5.94503,12040,60398951,643
31250000,4294122,25552535,5.95058,12059,60623809,642
31300000,4295475,25584398,5.95613,12069,60845041,627
31350000,4296770,25616051,5.9617,12084,61071762,614
31400000,4298085,25647714,5.96724,12098,61293383,639
31450000,4299372,25679171,5.97277,12119,61526477,624
31500000,4300689,25710703,5.978280000000001,12134,61754509,625
31550000,4302078,25742455,5.98373,12150,61985007,634
31600000,4303373,25774046,5.989269999999999,12168,62207757,623
31650000,4304703,25805500,5.99472,12191,62438343,640
31700000,4305987,25837092,6.0002699999999995,12205,62671923,665
31750000,4307368,25868555,6.00565,12221,62901727,641
31800000,4308701,25900017,6.0111,12235,63131865,624
31850000,4310017,25931533,6.01657,12253,63363541,649
31900000,4311323,25962856,6.0220199999999995,12270,63595550,620
31950000,4312637,25994249,6.02746,12288,63819953,637
32000000,4313969,26025599,6.03287,12300,64050617,620
32050000,4315277,26057173,6.03835,12312,64288892,633
32100000,4316562,26088395,6.04379,12326,64523487,627
32150000,4317888,26119614,6.04916,12341,64752297,617
32200000,4319173,26150859,6.0546,12353,64988140,646
32250000,4320403,26182141,6.0601199999999995,12364,65228430,592
32300000,4321656,26213347,6.065580000000001,12373,65465098,608
32350000,4322945,26244480,6.07097,12385,65696889,626
32400000,4324216,26275736,6.07642,12404,65934099,622
32450000,4325532,26306849,6.08176,12419,66164071,597
32500000,4326799,26337735,6.08712,12434,66398611,607
32550000,4328015,26368652,6.09255,12441,66633187,609
32600000,4329252,26399572,6.09795,12446,66869188,623
32650000,4330532,26430475,6.10329,12459,67109739,611
32700000,4331761,26461471,6.108709999999999,12480,67341929,627
32750000,4333025,26492535,6.1141,12491,67578337,626
32800000,4334299,26523489,6.11944,12508,67818162,621
32850000,4335596,26554421,6.12475,12528,68054360,610
32900000,4336835,26585331,6.13012,12538,68285696,612
32950000,4338075,26616039,6.13545,12551,68518775,613
33000000,4339332,26646912,6.14079,12563,68755795,599
33050000,4340579,26677554,6.14608,12579,68992674,597
33100000,4341807,26708342,6.15143,12589,69236688,645
33150000,4343021,26739042,6.15678,12601,69480510,605
33200000,4344266,26769943,6.16213,12628,69717539,616
33250000,4345486,26800725,6.16749,12639,69958819,611
33300000,4346749,26831347,6.17274,12658,70198776,614
33350000,4347931,26861859,6.1780800000000005,12673,70429651,640
33400000,4349195,26892511,6.183330000000001,12694,70665489,618
33450000,4350432,26923012,6.18858,12710,70899191,601
33500000,4351626,26953453,6.19388,12723,71140336,615
33550000,4352820,26984014,6.1992,12738,71388542,630
33600000,4354036,27014587,6.20449,12753,71638093,603
33650000,4355299,27044890,6.20965,12767,71876857,602
33700000,4356469,27075238,6.21495,12790,72114587,567
33750000,4357650,27105568,6.22023,12805,72361067,603
33800000,4358773,27135974,6.2256,12822,72604287,594
33850000,4359915,27165894,6.23083,12835,72851876,613
33900000,4361198,27196105,6.235930000000001,12852,73095750,613
33950000,4362399,27226249,6.24112,12864,73339866,587
34000000,4363567,27256294,6.24633,12873,73583396,611
34050000,4364760,27286425,6.251530000000001,12892,73829750,606
34100000,4365891,27316622,6.25683,12904,74076834,581
34150000,4367057,27346689,6.26204,12917,74323674,626
34200000,4368270,27376716,6.267180000000001,12928,74566304,590
34250000,4369418,27406645,6.27238,12942,74813205,618
34300000,4370557,27436589,6.2776,12957,75051342,603
34350000,4371699,27466443,6.282780000000001,12969,75300939,603
34400000,4372847,27496391,6.28798,12975,75545647,597
34450000,4374014,27526191,6.29312,12998,75790846,593
34500000,4375149,27556199,6.29835,13011,76036868,579
34550000,4376325,27586187,6.30351,13026,76292255,597
34600000,4377486,27616097,6.308669999999999,13035,76539189,605
34650000,4378669,27645621,6.3137,13059,76785873,578
34700000,4379822,27675400,6.31884,13076,77036282,569
34750000,4380932,27705009,6.324,13091,77288887,585
34800000,4382055,27734749,6.32916,13106,77538317,608
34850000,4383184,27764498,6.33432,13115,77785698,624
34900000,4384331,27794019,6.3394,13142,78034880,577
34950000,4385459,27823870,6.34457,13154,78283201,602
35000000,4386616,27853346,6.34962,13173,78528223,606
35050000,4387770,27882760,6.35465,13190,78781376,600
35100000,4388927,27912355,6.359719999999999,13207,79034260,593
35150000,4390079,27941939,6.36479,13219,79284718,563
35200000,4391202,27971404,6.36987,13233,79534906,583
35250000,4392326,28000906,6.37496,13243,79790894,628
35300000,4393419,28030357,6.38008,13258,80038455,571
35350000,4394560,28059744,6.38511,13269,80287737,569
35400000,4395696,28088823,6.39007,13290,80534580,571
35450000,4396785,28118097,6.39515,13307,80794149,586
35500000,4397833,28147266,6.40026,13325,81047077,584
35550000,4398986,28176471,6.40522,13343,81292484,585
35600000,4400112,28205813,6.41025,13355,81551952,570
35650000,4401271,28235191,6.41524,13370,81805425,604
35700000,4402431,28264535,6.42021,13375,82056124,585
35750000,4403578,28293716,6.42517,13387,82310720,575
35800000,4404704,28322794,6.43012,13400,82565235,598
35850000,4405831,28351787,6.43506,13412,82811725,580
35900000,4406939,28380884,6.44004,13422,83072560,584
35950000,4408061,28409890,6.44499,13429,83334180,591
36000000,4409181,28438944,6.44994,13442,83582888,616
36050000,4410223,28467828,6.45496,13445,83839232,616
36100000,4411335,28496883,6.459919999999999,13461,84104414,583
36150000,4412383,28525773,6.46494,13476,84361294,588
36200000,4413467,28554669,6.4699,13491,84621649,541
36250000,4414520,28583562,6.4749,13498,84882646,582
36300000,4415649,28612336,6.47976,13521,85144459,581
36350000,4416716,28641062,6.4847,13536,85405452,584
36400000,4417845,28669805,6.48955,13549,85663777,579
36450000,4418908,28698675,6.49452,13565,85921656,572
36500000,4420019,28727222,6.49934,13572,86169964,571
36550000,4421133,28755970,6.50421,13579,86429466,582
36600000,4422198,28784460,6.50908,13579,86682339,556
36650000,4423253,28813252,6.5140400000000005,13597,86944824,589
36700000,4424316,28841895,6.51895,13606,87205489,547
36750000,4425354,28870406,6.52386,13620,87464238,566
36800000,4426417,28898860,6.52873,13631,87722724,574
36850000,4427485,28927624,6.53365,13648,87980096,560
36900000,4428543,28956223,6.53854,13663,88236564,586
36950000,4429623,28984748,6.5433900000000005,13675,88493411,582
37000000,4430669,29013212,6.54827,13690,88757481,556
37050000,4431723,29041553,6.55311,13704,89011491,588
37100000,4432792,29070272,6.558,13713,89278209,581
37150000,4433871,29098673,6.562810000000001,13725,89537899,571
37200000,4434935,29126877,6.5676,13746,89798252,556
37250000,4435997,29155363,6.57245,13756,90064446,596
37300000,4437063,29183666,6.57725,13769,90327494,546
37350000,4438064,29212184,6.58219,13793,90587236,569
37400000,4439189,29240369,6.586869999999999,13812,90851702,549
37450000,4440222,29268472,6.59167,13823,91108524,567
37500000,4441255,29296564,6.59646,13835,91376033,559
37550000,4442295,29324591,6.60123,13858,91639805,564
37600000,4443362,29352716,6.60597,13873,91905618,577
37650000,4444394,29380915,6.61078,13884,92166108,578
37700000,4445441,29408962,6.615530000000001,13909,92433974,576
37750000,4446501,29436957,6.62025,13920,92696506,555
37800000,4447517,29464844,6.6250100000000005,13937,92962270,555
37850000,4448521,29492802,6.6298,13953,93230747,573
37900000,4449573,29520769,6.634519999999999,13966,93496771,545
37950000,4450606,29548642,6.639239999999999,13975,93757309,567
38000000,4451590,29576161,6.64395,13995,94017349,555
38050000,4452636,29603891,6.648619999999999,14007,94275069,566
38100000,4453635,29631543,6.653339999999999,14025,94536271,590
38150000,4454647,29659213,6.65804,14035,94800760,563
38200000,4455612,29686883,6.66281,14054,95063024,557
38250000,4456571,29714693,6.667610000000001,14063,95327880,572
38300000,4457518,29742536,6.672439999999999,14077,95595988,519
38350000,4458504,29770120,6.67715,14098,95861339,540
38400000,4459464,29797733,6.68191,14108,96130477,556
38450000,4460433,29825295,6.68664,14120,96394381,567
38500000,4461436,29852786,6.6913,14131,96653078,574
38550000,4462438,29880159,6.695930000000001,14139,96917495,544
38600000,4463410,29907630,6.70062,14148,97188648,514
38650000,4464401,29935170,6.7053,14162,97461688,562
38700000,4465478,29962680,6.70985,14172,97729931,543
38750000,4466454,29989796,6.71445,14186,97984441,545
38800000,4467438,30017183,6.7191,14198,98266918,566
38850000,4468452,30044429,6.72368,14213,98520183,579
38900000,4469454,30071530,6.72823,14224,98787385,547
38950000,4470438,30098892,6.73287,14240,99058321,532
39000000,4471437,30126126,6.7374600000000004,14253,99332420,512
39050000,4472460,30153523,6.742039999999999,14271,99607379,566
39100000,4473405,30180512,6.74665,14280,99866611,540
39150000,4474381,30207533,6.75122,14292,100133686,542
39200000,4475309,30234692,6.755889999999999,14302,100406238,547
39250000,4476316,30261624,6.760389999999999,14312,100674549,537
39300000,4477264,30288773,6.76502,14325,100950743,549
39350000,4478185,30315762,6.76965,14329,101227972,532
39400000,4479146,30342720,6.77422,14342,101505111,558
39450000,4480069,30369833,6.77888,14356,101780047,536
39500000,4481035,30397031,6.78348,14373,102061601,556
39550000,4481922,30423891,6.788130000000001,14382,102341557,544
39600000,4482825,30450744,6.79276,14398,102622778,538
39650000,4483725,30477699,6.79741,14411,102892672,556
39700000,4484677,30504814,6.802010000000001,14416,103167157,546
39750000,4485611,30531628,6.80657,14426,103433997,522
39800000,4486564,30558381,6.811089999999999,14448,103700954,534
39850000,4487463,30585124,6.81568,14461,103978104,531
39900000,4488392,30611715,6.8202,14472,104252187,513
39950000,4489380,30638364,6.82463,14488,104530987,532
40000000,4490307,30665034,6.829160000000001,14502,104800114,555
40050000,4491167,30691848,6.833819999999999,14515,105068931,529
40100000,4492097,30718356,6.838310000000001,14530,105341060,547
40150000,4492980,30744922,6.84288,14535,105611177,554
40200000,4493976,30771550,6.847289999999999,14545,105881804,542
40250000,4494895,30798150,6.85181,14558,106144635,515
40300000,4495840,30824758,6.85628,14567,106415437,569
40350000,4496746,30851384,6.8608199999999995,14580,106689732,532
40400000,4497671,30878015,6.86533,14593,106967609,529
40450000,4498572,30904363,6.86982,14618,107234917,524
40500000,4499502,30930550,6.874219999999999,14636,107513050,546
40550000,4500376,30956785,6.878710000000001,14647,107781345,539
40600000,4501327,30982993,6.8830800000000005,14660,108060229,512
40650000,4502152,31009157,6.887630000000001,14671,108331579,533
40700000,4503061,31035459,6.89208,14687,108617074,522
40750000,4504015,31061626,6.8964300000000005,14695,108893053,545
40800000,4504897,31087905,6.9009100000000005,14702,109169554,571
40850000,4505776,31114082,6.90538,14713,109442591,536
40900000,4506646,31140255,6.90985,14729,109708736,516
40950000,4507534,31166524,6.91432,14743,109981221,548
41000000,4508441,31192434,6.91867,14752,110267961,499
41050000,4509378,31218508,6.923019999999999,14767,110540503,519
41100000,4510231,31244356,6.92744,14777,110814538,522
41150000,4511101,31270327,6.93186,14788,111094575,519
41200000,4511968,31296290,6.93628,14799,111372135,536
41250000,4512817,31322374,6.940760000000001,14808,111655930,515
41300000,4513690,31348365,6.94517,14822,111928828,535
41350000,4514563,31374234,6.949560000000001,14832,112205854,531
41400000,4515420,31399983,6.95395,14844,112488691,532
41450000,4516285,31425750,6.95832,14864,112765281,495
41500000,4517128,31451532,6.9627300000000005,14872,113043173,529
41550000,4518012,31477133,6.96703,14896,113318984,519
41600000,4518894,31503113,6.971419999999999,14906,113597812,522
41650000,4519742,31528733,6.97578,14918,113880273,500
41700000,4520644,31554445,6.98008,14927,114157900,501
41750000,4521535,31580191,6.9844,14940,114431526,515
41800000,4522401,31605695,6.9887,14946,114706776,511
41850000,4523228,31631301,6.99308,14952,114975881,511
41900000,4524108,31656922,6.997380000000001,14965,115256044,535
41950000,4524970,31682460,7.0017,14970,115531530,482
42000000,4525849,31707963,7.00597,14989,115801136,506
42050000,4526713,31733477,7.010269999999999,14995,116079417,492
42100000,4527515,31758920,7.01465,15004,116355564,516
42150000,4528347,31784312,7.0189699999999995,15017,116639043,499
42200000,4529176,31809562,7.0232600000000005,15035,116925365,506
42250000,4530067,31835005,7.027489999999999,15041,117210624,528
42300000,4530943,31860446,7.03175,15059,117491048,516
42350000,4531789,31885761,7.03602,15068,117776706,546
42400000,4532684,31910859,7.04017,15076,118054525,497
42450000,4533520,31936217,7.044460000000001,15089,118340417,506
42500000,4534311,31961426,7.0487899999999994,15100,118622379,503
42550000,4535137,31986485,7.053039999999999,15113,118896895,498
42600000,4535939,32011584,7.05732,15122,119175409,518
42650000,4536794,32036593,7.0615,15131,119454876,487
42700000,4537632,32061735,7.065739999999999,15136,119734773,518
42750000,4538448,32086649,7.069960000000001,15149,120016871,505
42800000,4539277,32111607,7.07417,15158,120291220,496
42850000,4540079,32136589,7.0784199999999995,15174,120581493,489
42900000,4540952,32161597,7.08257,15190,120862474,522
42950000,4541753,32186627,7.08683,15206,121145248,494
43000000,4542559,32211748,7.0911,15218,121429766,524
43050000,4543301,32236486,7.095389999999999,15227,121699196,508
43100000,4544160,32261303,7.09951,15238,121984407,497
43150000,4544983,32286270,7.10372,15246,122265033,488
43200000,4545817,32311137,7.107880000000001,15263,122549420,496
43250000,4546619,32336239,7.11215,15269,122836099,512
43300000,4547407,32361106,7.116389999999999,15282,123117632,459
43350000,4548267,32385755,7.1204600000000005,15300,123398534,493
43400000,4549103,32410463,7.12458,15315,123681961,496
43450000,4549927,32435262,7.12874,15329,123972144,484
43500000,4550773,32459900,7.13283,15335,124256254,488
43550000,4551587,32484519,7.13697,15345,124536496,492
43600000,4552376,32509176,7.141139999999999,15357,124820204,487
43650000,4553143,32533765,7.145339999999999,15366,125101235,479
43700000,4553940,32558332,7.149489999999999,15370,125392328,484
43750000,4554720,32582896,7.15366,15389,125670328,490
43800000,4555505,32607273,7.157769999999999,15404,125944866,497
43850000,4556295,32631669,7.16189,15408,126235046,474
43900000,4557110,32655906,7.16592,15415,126515429,462
43950000,4557896,32680321,7.17005,15430,126799137,496
44000000,4558710,32704691,7.174110000000001,15442,127082524,470
44050000,4559475,32729102,7.178260000000001,15463,127370816,495
44100000,4560250,32753378,7.182360000000001,15471,127651072,464
44150000,4561083,32777765,7.1864,15482,127936445,502
44200000,4561852,32801987,7.1905,15497,128213298,485
44250000,4562622,32826037,7.194560000000001,15503,128486479,467
44300000,4563361,32850301,7.19871,15516,128769326,479
44350000,4564133,32874440,7.202780000000001,15532,129055888,491
44400000,4564943,32898634,7.2068,15542,129343539,492
44450000,4565716,32922927,7.2109,15549,129636915,482
44500000,4566565,32946991,7.21483,15563,129918217,496
44550000,4567355,32971018,7.218839999999999,15575,130197894,476
44600000,4568147,32995164,7.22288,15584,130487949,491
44650000,4568938,33019268,7.2269,15602,130772926,482
44700000,4569717,33043312,7.23093,15606,131055668,475
44750000,4570491,33067265,7.23495,15633,131342906,446
44800000,4571297,33091135,7.23889,15647,131628516,467
44850000,4572080,33115012,7.24288,15663,131917647,470
44900000,4572827,33138769,7.24689,15673,132200539,510
44950000,4573655,33162482,7.2507600000000005,15686,132484913,470
45000000,4574375,33186194,7.2548,15692,132767612,510
45050000,4575126,33209683,7.25875,15706,133055330,454
45100000,4575901,33233275,7.26267,15717,133333875,473
45150000,4576656,33257046,7.2666699999999995,15730,133614474,460
45200000,4577474,33280603,7.270519999999999,15741,133906273,457
45250000,4578187,33304147,7.27453,15755,134185441,463
45300000,4578938,33327675,7.2784699999999996,15763,134468518,452
45350000,4579698,33351267,7.28242,15771,134765147,481
45400000,4580475,33374653,7.286289999999999,15782,135044462,467
45450000,4581180,33398273,7.2903199999999995,15785,135334113,463
45500000,4581899,33421573,7.29426,15802,135617748,473
45550000,4582665,33445096,7.29818,15813,135903718,446
45600000,4583384,33468495,7.30214,15818,136196833,502
45650000,4584100,33491879,7.3061,15834,136477367,438
45700000,4584809,33515179,7.31005,15847,136771169,458
45750000,4585562,33538430,7.3139199999999995,15858,137058875,460
45800000,4586328,33561610,7.31775,15879,137334294,466
45850000,4587076,33584942,7.3216399999999995,15898,137612759,448
45900000,4587847,33608225,7.325489999999999,15910,137889401,458
45950000,4588565,33631300,7.32937,15920,138182577,493
46000000,4589293,33654453,7.33325,15928,138474017,457
46050000,4590029,33677560,7.337110000000001,15943,138758459,460
46100000,4590819,33700669,7.34088,15954,139035505,440
46150000,4591569,33723737,7.344710000000001,15960,139323121,490
46200000,4592287,33746693,7.348560000000001,15970,139605543,449
46250000,4593008,33769811,7.35244,15979,139895784,465
46300000,4593778,33792917,7.35624,15990,140173829,469
46350000,4594459,33815949,7.3601600000000005,15990,140460128,432
46400000,4595229,33839129,7.36397,16005,140752575,426
46450000,4595932,33862088,7.367839999999999,16019,141042494,465
46500000,4596650,33884839,7.371639999999999,16023,141332795,469
46550000,4597371,33907654,7.375439999999999,16035,141619961,461
46600000,4598052,33930281,7.37927,16045,141897069,431
46650000,4598827,33952911,7.38295,16050,142183650,452
46700000,4599576,33975832,7.38673,16065,142466880,448
46750000,4600298,33998553,7.390510000000001,16068,142753047,441
46800000,4600987,34021083,7.3943,16076,143036299,421
46850000,4601713,34043598,7.39803,16087,143308800,469
46900000,4602410,34066197,7.40182,16095,143592795,472
46950000,4603131,34088891,7.405589999999999,16107,143876928,450
47000000,4603884,34111554,7.4093,16116,144157875,441
47050000,4604595,34134075,7.41305,16125,144446295,434
47100000,4605310,34156636,7.41679,16139,144731643,456
47150000,4606007,34179210,7.42057,16150,145016175,464
47200000,4606762,34201724,7.424239999999999,16161,145305228,446
47250000,4607403,34223942,7.428030000000001,16180,145577722,443
47300000,4608108,34246308,7.43175,16187,145871262,430
47350000,4608830,34268639,7.43543,16195,146142390,432
47400000,4609501,34291032,7.439210000000001,16201,146435032,461
47450000,4610197,34313074,7.44287,16209,146728326,447
47500000,4610901,34335525,7.4466,16219,147018941,468
47550000,4611589,34357962,7.45035,16228,147313242,444
47600000,4612288,34380119,7.45403,16238,147602228,434
47650000,4612999,34402287,7.45768,16248,147883294,449
47700000,4613632,34424383,7.46145,16257,148164283,442
47750000,4614293,34446435,7.465160000000001,16268,148447386,462
47800000,4614975,34468716,7.46888,16275,148745472,444
47850000,4615663,34490844,7.472569999999999,16287,149026957,434
47900000,4616384,34512748,7.476139999999999,16298,149307277,466
47950000,4617039,34534724,7.479839999999999,16307,149594666,444
48000000,4617695,34556701,7.48354,16318,149876109,451
48050000,4618410,34578505,7.4871,16331,150168671,431
48100000,4619063,34600462,7.4908,16347,150450887,423
48150000,4619732,34622227,7.49442,16354,150733539,450
48200000,4620440,34644303,7.49805,16373,151014674,446
48250000,4621167,34666172,7.50161,16388,151296689,431
48300000,4621834,34688034,7.50525,16400,151594551,458
48350000,4622517,34709832,7.50886,16417,151881740,461
48400000,4623214,34731677,7.51245,16441,152175899,430
48450000,4623933,34753377,7.51598,16457,152463085,457
48500000,4624593,34775229,7.51963,16468,152747124,429
48550000,4625270,34796919,7.523219999999999,16477,153040610,448
48600000,4625979,34818590,7.52675,16486,153329098,410
48650000,4626649,34840214,7.53033,16499,153603141,413
48700000,4627294,34861702,7.533930000000001,16504,153888265,431
48750000,4627961,34883341,7.53752,16521,154163612,444
48800000,4628616,34904884,7.541110000000001,16527,154452457,421
48850000,4629258,34926332,7.544689999999999,16533,154747978,461
48900000,4629941,34947856,7.54823,16539,155041836,444
48950000,4630613,34969115,7.5517199999999995,16553,155340042,435
49000000,4631291,34990484,7.55523,16567,155626223,434
49050000,4631910,35011927,7.55885,16574,155914426,442
49100000,4632564,35033393,7.5624199999999995,16580,156210281,428
49150000,4633142,35054690,7.56607,16590,156493677,434
49200000,4633788,35076242,7.5696699999999995,16603,156780819,418
49250000,4634463,35097410,7.57313,16609,157070853,425
49300000,4635093,35118416,7.576639999999999,16626,157354573,445
49350000,4635686,35139621,7.580239999999999,16636,157632926,419
49400000,4636314,35160594,7.58374,16646,157914772,423
49450000,4636960,35181561,7.5872,16657,158199851,436
49500000,4637652,35202859,7.590660000000001,16664,158486389,419
49550000,4638302,35223902,7.5941399999999994,16670,158770137,439
49600000,4638913,35245042,7.597689999999999,16690,159061620,435
49650000,4639590,35266032,7.60111,16696,159355023,424
49700000,4640227,35287190,7.60463,16706,159639122,419
49750000,4640880,35308274,7.6081,16727,159916322,441
49800000,4641472,35329267,7.61165,16738,160199038,416
49850000,4642114,35350279,7.615130000000001,16751,160482142,420
49900000,4642745,35371289,7.61862,16761,160764659,402
49950000,4643345,35392105,7.62211,16773,161045456,429
50000000,4643939,35412968,7.62563,16791,161321475,403
50050000,4644515,35433571,7.6291199999999995,16800,161601111,444
50100000,4645193,35454389,7.63249,16808,161882348,425
50150000,4645820,35475002,7.6359,16819,162169727,420
50200000,4646460,35495725,7.6393,16830,162455803,409
50250000,4647066,35516246,7.64272,16840,162737706,399
50300000,4647724,35536729,7.64605,16850,163013236,405
50350000,4648301,35557305,7.64953,16862,163302017,399
50400000,4648925,35577915,7.6529300000000005,16867,163586350,391
50450000,4649577,35598382,7.6562600000000005,16876,163870304,419
50500000,4650220,35618923,7.659619999999999,16888,164159545,410
50550000,4650847,35639360,7.66298,16895,164439195,407
50600000,4651453,35659923,7.666410000000001,16907,164722974,420
50650000,4652033,35680364,7.66984,16913,164997034,399
50700000,4652638,35700966,7.67327,16922,165276185,450
50750000,4653216,35721271,7.67668,16933,165558718,408
50800000,4653831,35741586,7.680039999999999,16944,165843459,426
50850000,4654468,35762005,7.68337,16944,166128565,432
50900000,4655051,35782262,7.6867600000000005,16956,166411716,416
50950000,4655624,35802469,7.69015,16966,166697588,395
51000000,4656274,35822680,7.69342,16972,166986062,411
51050000,4656896,35842969,7.69675,16983,167274554,397
51100000,4657476,35863075,7.7001100000000005,16988,167556568,404
51150000,4658080,35883291,7.70345,17001,167844083,395
51200000,4658687,35903273,7.706739999999999,17010,168124285,368
51250000,4659273,35923343,7.71007,17022,168402716,397
51300000,4659856,35943470,7.713430000000001,17033,168683794,438
51350000,4660409,35963494,7.716810000000001,17038,168966465,385
51400000,4661062,35983457,7.72001,17049,169252031,409
51450000,4661642,36003456,7.723339999999999,17057,169524812,406
51500000,4662216,36023211,7.72663,17066,169799955,406
51550000,4662806,36043014,7.7299,17072,170086635,411
51600000,4663398,36062818,7.733160000000001,17079,170363080,388
51650000,4664008,36082583,7.736389999999999,17090,170650861,402
51700000,4664578,36102484,7.7397100000000005,17102,170933921,414
51750000,4665153,36122610,7.7430699999999995,17110,171217084,420
51800000,4665735,36142399,7.74635,17120,171493485,372
51850000,4666345,36162066,7.74955,17126,171773790,421
51900000,4666912,36181793,7.75283,17137,172062879,394
51950000,4667513,36201265,7.756010000000001,17145,172350676,389
52000000,4668104,36220850,7.75922,17154,172631507,377
52050000,4668694,36240510,7.76245,17159,172911761,403
52100000,4669291,36260201,7.765680000000001,17174,173198778,367
52150000,4669847,36280001,7.76899,17184,173480012,416
52200000,4670443,36299588,7.772189999999999,17202,173756506,445
52250000,4671019,36319287,7.77545,17210,174037048,428
52300000,4671606,36338870,7.77867,17217,174315235,392
52350000,4672190,36358330,7.781860000000001,17222,174596224,382
52400000,4672758,36377859,7.785089999999999,17229,174875388,380
52450000,4673319,36397209,7.7883,17238,175153271,387
52500000,4673870,36416530,7.791519999999999,17242,175439435,378
52550000,4674396,36435976,7.7948,17251,175720636,369
52600000,4675012,36455418,7.79793,17274,175998987,375
52650000,4675603,36474764,7.801080000000001,17284,176282463,383
52700000,4676168,36494005,7.80425,17295,176558467,374
52750000,4676691,36513324,7.807510000000001,17304,176853940,405
52800000,4677219,36532682,7.81077,17314,177134246,376
52850000,4677801,36551828,7.81389,17326,177409955,362
52900000,4678346,36570797,7.8170399999999995,17329,177682884,384
52950000,4678924,36590116,7.8202,17337,177965034,391
53000000,4679521,36609303,7.8233,17346,178241246,381
53050000,4680044,36628030,7.82643,17361,178517183,380
53100000,4680591,36646934,7.82955,17373,178800866,370
53150000,4681113,36665829,7.83272,17382,179076849,371
53200000,4681652,36684988,7.83591,17397,179357516,373
53250000,4682176,36703910,7.8390699999999995,17400,179638292,378
53300000,4682726,36722825,7.8421899999999996,17412,179919675,379
53350000,4683281,36741607,7.845269999999999,17425,180192347,382
53400000,4683845,36760661,7.848389999999999,17430,180469398,367
53450000,4684400,36779542,7.851489999999999,17445,180750362,369
53500000,4684969,36798419,7.85457,17457,181020521,391
53550000,4685489,36817269,7.85772,17461,181299396,356
53600000,4686058,36836208,7.860810000000001,17472,181577396,361
53650000,4686574,36854946,7.8639399999999995,17479,181846974,361
53700000,4687105,36873631,7.867039999999999,17487,182119762,400
53750000,4687658,36892276,7.870089999999999,17493,182402109,369
53800000,4688222,36910909,7.8731100000000005,17493,182686939,366
53850000,4688715,36929555,7.87626,17498,182967103,387
53900000,4689271,36948373,7.879339999999999,17510,183242382,359
53950000,4689819,36966833,7.88236,17519,183510815,364
54000000,4690361,36985399,7.88541,17527,183784919,381
54050000,4690886,37003793,7.888439999999999,17536,184061108,388
54100000,4691396,37022299,7.89153,17543,184333127,391
54150000,4691953,37040701,7.89452,17550,184607733,378
54200000,4692515,37059032,7.897480000000001,17561,184867546,359
54250000,4693041,37077401,7.900510000000001,17569,185146722,365
54300000,4693571,37095774,7.90353,17579,185429846,364
54350000,4694093,37114116,7.906560000000001,17594,185706639,339
54400000,4694604,37132378,7.90959,17601,185981731,357
54450000,4695103,37150731,7.912660000000001,17610,186253830,372
54500000,4695623,37169010,7.9156699999999995,17614,186540198,351
54550000,4696156,37187058,7.91862,17622,186815633,378
54600000,4696708,37205093,7.921530000000001,17634,187093010,369
54650000,4697230,37223297,7.924519999999999,17644,187375728,372
54700000,4697759,37241426,7.92749,17653,187647384,355
54750000,4698242,37259485,7.93052,17659,187915068,368
54800000,4698743,37277487,7.9335,17673,188201670,340
54850000,4699258,37295584,7.93648,17679,188472740,363
54900000,4699779,37313610,7.939439999999999,17685,188753328,300
54950000,4700281,37331561,7.942410000000001,17692,189035431,378
55000000,4700796,37349542,7.94537,17698,189304646,379
55050000,4701262,37367638,7.94843,17710,189580067,356
55100000,4701753,37385595,7.95142,17716,189850741,340
55150000,4702278,37403276,7.954289999999999,17720,190117398,378
55200000,4702789,37421299,7.957260000000001,17729,190391727,347
55250000,4703315,37439105,7.96015,17739,190661448,345
55300000,4703818,37456732,7.96305,17740,190937917,347
55350000,4704322,37474361,7.96594,17752,191206899,360
55400000,4704799,37492244,7.968939999999999,17755,191479636,373
55450000,4705288,37509808,7.971839999999999,17763,191756092,315
55500000,4705759,37527496,7.9748,17767,192037386,357
55550000,4706231,37545065,7.97774,17773,192305555,371
55600000,4706693,37562533,7.98066,17787,192566982,364
55650000,4707188,37580010,7.98354,17797,192833236,367
55700000,4707715,37597664,7.986389999999999,17807,193105317,354
55750000,4708207,37615059,7.98925,17815,193369371,328
55800000,4708694,37632568,7.99215,17822,193635597,347
55850000,4709202,37649865,7.994960000000001,17830,193902126,347
55900000,4709655,37667386,7.997910000000001,17838,194170173,343
55950000,4710129,37684793,8.0008,17845,194429420,355
56000000,4710584,37702137,8.00371,17850,194704609,346
56050000,4711053,37719456,8.00659,17856,194986375,370
56100000,4711544,37736649,8.0094,17870,195248717,326
56150000,4712052,37753974,8.01222,17881,195516241,366
56200000,4712521,37771158,8.01506,17889,195775677,350
56250000,4713009,37788316,8.01787,17894,196039754,328
56300000,4713519,37805551,8.020660000000001,17897,196305787,330
56350000,4713992,37822787,8.02352,17909,196569447,349
56400000,4714500,37840049,8.02631,17927,196839864,360
56450000,4714943,37857172,8.02919,17934,197103121,325
56500000,4715439,37874320,8.03198,17939,197373398,334
56550000,4715904,37891502,8.03483,17949,197639394,355
56600000,4716395,37908476,8.0376,17954,197902714,340
56650000,4716859,37925542,8.04042,17958,198173291,328
56700000,4717316,37942538,8.04325,17971,198442633,341
56750000,4717801,37959443,8.046,17978,198704536,337
56800000,4718290,37976546,8.048789999999999,17986,198980945,349
56850000,4718772,37993357,8.05153,17993,199237120,322
56900000,4719230,38010157,8.054310000000001,18005,199506437,338
56950000,4719708,38026965,8.05706,18012,199772919,333
57000000,4720211,38043876,8.05978,18016,200052140,346
57050000,4720646,38060671,8.0626,18022,200321226,325
57100000,4721113,38077374,8.065339999999999,18031,200575325,308
57150000,4721569,38094069,8.0681,18037,200831543,339
57200000,4722050,38110727,8.0708,18046,201088180,352
57250000,4722503,38127254,8.07353,18057,201356100,301
57300000,4722952,38143850,8.07627,18061,201619660,325
57350000,4723448,38160532,8.07896,18063,201887073,357
57400000,4723915,38177123,8.081669999999999,18074,202145408,299
57450000,4724372,38193663,8.084389999999999,18082,202402919,337
57500000,4724840,38210225,8.08709,18088,202665168,326
57550000,4725278,38226712,8.089830000000001,18099,202922331,326
57600000,4725725,38243251,8.09257,18107,203179852,344
57650000,4726176,38259631,8.095260000000001,18114,203430722,318
57700000,4726644,38275836,8.09789,18119,203691623,354
57750000,4727100,38292113,8.10055,18125,203959098,319
57800000,4727563,38308238,8.10317,18133,204217827,300
57850000,4728045,38324572,8.1058,18139,204468145,327
57900000,4728481,38340780,8.10848,18146,204730751,305
57950000,4728906,38357056,8.111189999999999,18152,204996392,321
58000000,4729307,38373084,8.11389,18159,205247606,340
58050000,4729721,38389258,8.1166,18170,205511079,336
58100000,4730135,38405460,8.11932,18174,205772180,310
58150000,4730585,38421529,8.121939999999999,18185,206033735,324
58200000,4731040,38437735,8.12458,18196,206297053,323
58250000,4731429,38453841,8.12732,18201,206547909,302
58300000,4731900,38469866,8.1299,18205,206809022,296
58350000,4732350,38485948,8.13252,18209,207071657,324
58400000,4732772,38501789,8.13515,18215,207327612,322
58450000,4733246,38517750,8.1377,18220,207582918,317
58500000,4733684,38533430,8.140260000000001,18229,207832963,288
58550000,4734141,38549067,8.14278,18235,208091416,305
58600000,4734588,38564936,8.14536,18239,208348601,286
58650000,4735004,38580758,8.14799,18246,208612177,331
58700000,4735479,38596642,8.15053,18251,208875990,327
58750000,4735921,38612369,8.153089999999999,18261,209130556,302
58800000,4736304,38628202,8.15577,18267,209385291,315
58850000,4736716,38643927,8.158380000000001,18267,209651938,334
58900000,4737127,38659463,8.16095,18274,209899357,321
58950000,4737563,38675009,8.16348,18278,210160785,314
59000000,4737994,38690557,8.16602,18283,210405213,303
59050000,4738411,38706165,8.1686,18291,210658461,334
59100000,4738823,38721708,8.17117,18307,210917076,306
59150000,4739212,38737133,8.17375,18313,211166986,300
59200000,4739634,38752446,8.17625,18319,211424804,303
59250000,4740036,38767780,8.17879,18329,211680098,304
59300000,4740476,38783319,8.18131,18336,211942817,306
59350000,4740872,38798735,8.18388,18341,212194854,308
59400000,4741295,38813857,8.18634,18347,212444674,301
59450000,4741697,38829185,8.188880000000001,18354,212700548,301
59500000,4742138,38844429,8.19133,18356,212956903,312
59550000,4742562,38859605,8.1938,18368,213207628,313
59600000,4742991,38874777,8.19626,18374,213455457,282
59650000,4743384,38890044,8.1988,18381,213707540,311
59700000,4743810,38905050,8.20122,18387,213954154,291
59750000,4744199,38920261,8.20376,18396,214204475,304
59800000,4744630,38935407,8.20621,18407,214449130,323
59850000,4745064,38950708,8.208680000000001,18409,214709080,310
59900000,4745476,38965958,8.21118,18418,214965244,307
59950000,4745867,38981056,8.21368,18422,215214843,316
60000000,4746265,38996146,8.21618,18433,215466090,314
60050000,4746692,39011316,8.218630000000001,18442,215719145,303
60100000,4747098,39026382,8.2211,18453,215977478,302
60150000,4747497,39041234,8.22354,18459,216224890,312
60200000,4747930,39056092,8.22592,18461,216465788,286
60250000,4748317,39070693,8.22832,18467,216714829,284
60300000,4748701,39085406,8.23076,18483,216962127,277
60350000,4749112,39100163,8.23315,18491,217202294,286
60400000,4749518,39114938,8.235560000000001,18499,217455973,297
60450000,4749935,39129548,8.237910000000001,18510,217694763,308
60500000,4750343,39144228,8.2403,18518,217944228,301
60550000,4750736,39158719,8.24266,18528,218174498,290
60600000,4751134,39173407,8.24506,18537,218420836,303
60650000,4751533,39188128,8.24747,18548,218659904,272
60700000,4751939,39202885,8.24987,18562,218911649,288
60750000,4752351,39217489,8.25223,18573,219149276,290
60800000,4752757,39231845,8.254539999999999,18590,219378951,285
60850000,4753146,39246525,8.256960000000001,18594,219621714,308
60900000,4753529,39260955,8.25933,18603,219864764,262
60950000,4753907,39275385,8.26171,18609,220103519,294
61000000,4754286,39289716,8.26406,18618,220331225,300
61050000,4754665,39304184,8.26645,18627,220576348,279
61100000,4755054,39318460,8.26877,18635,220816976,279
61150000,4755406,39332789,8.27117,18643,221063566,287
61200000,4755794,39346965,8.273480000000001,18647,221295258,292
61250000,4756191,39361090,8.27576,18662,221531351,287
61300000,4756579,39375401,8.278089999999999,18669,221764613,289
61350000,4756962,39389651,8.28042,18673,222010297,266
61400000,4757334,39403962,8.28278,18684,222248118,296
61450000,4757727,39418137,8.28508,18692,222489012,261
61500000,4758139,39432408,8.287360000000001,18702,222723930,284
61550000,4758521,39446629,8.28968,18705,222963183,281
61600000,4758902,39460868,8.292010000000001,18714,223200220,291
61650000,4759268,39474877,8.294319999999999,18723,223438835,277
61700000,4759662,39488898,8.29658,18723,223670425,258
61750000,4760066,39502782,8.298789999999999,18731,223913796,283
61800000,4760431,39516638,8.301060000000001,18741,224162803,299
61850000,4760792,39530416,8.30333,18746,224387758,279
61900000,4761180,39544407,8.305589999999999,18756,224613266,298
61950000,4761557,39558275,8.307839999999999,18762,224851965,297
62000000,4761928,39571957,8.31007,18771,225084770,259
62050000,4762316,39585915,8.31232,18776,225318484,279
62100000,4762721,39599714,8.31451,18786,225549075,285
62150000,4763115,39613344,8.31669,18792,225784500,294
62200000,4763465,39626940,8.31893,18794,226024223,250
62250000,4763828,39640651,8.32118,18803,226254731,274
62300000,4764186,39654418,8.32344,18810,226504544,263
62350000,4764554,39668094,8.32567,18812,226739794,267
62400000,4764923,39681763,8.32789,18824,226981765,270
62450000,4765314,39695333,8.330060000000001,18827,227210233,297
62500000,4765659,39708954,8.332310000000001,18833,227435601,284
62550000,4766029,39722544,8.33452,18838,227660650,258
62600000,4766388,39735920,8.336689999999999,18845,227887408,258
62650000,4766748,39749465,8.33891,18850,228117695,256
62700000,4767147,39762725,8.34099,18862,228345823,263
62750000,4767522,39776353,8.34319,18865,228586061,266
62800000,4767894,39789848,8.345369999999999,18871,228817904,300
62850000,4768268,39803285,8.347539999999999,18884,229046396,268
62900000,4768624,39816543,8.349689999999999,18887,229273602,269
62950000,4768969,39829858,8.35188,18893,229504388,281
63000000,4769276,39843137,8.35413,18901,229734478,288
63050000,4769586,39856485,8.35638,18911,229952037,261
63100000,4769940,39869639,8.35852,18921,230176793,266
63150000,4770278,39882841,8.3607,18926,230406613,271
63200000,4770632,39895985,8.36283,18932,230631335,250
63250000,4770988,39909156,8.36497,18939,230857809,256
63300000,4771331,39922374,8.36714,18948,231080862,255
63350000,4771677,39935465,8.36927,18955,231313492,271
63400000,4772020,39948593,8.37142,18964,231545387,277
63450000,4772345,39961662,8.37359,18964,231780115,274
63500000,4772662,39974785,8.37578,18971,232012529,277
63550000,4773024,39987594,8.37783,18973,232238050,268
63600000,4773337,40000391,8.37996,18973,232457506,242
63650000,4773667,40013267,8.38208,18980,232671805,251
63700000,4773993,40026080,8.38419,18989,232896400,212
63750000,4774341,40038812,8.38625,18991,233116572,232
63800000,4774685,40051655,8.38833,18994,233329336,292
63850000,4775012,40064235,8.39039,18997,233547670,252
63900000,4775366,40077033,8.39245,19003,233778764,277
63950000,4775720,40089781,8.3945,19007,233997845,243
64000000,4776040,40102519,8.3966,19016,234220076,241
64050000,4776389,40115355,8.39868,19018,234450474,235
64100000,4776745,40128083,8.40072,19023,234685735,253
64150000,4777119,40140675,8.4027,19030,234910887,262
64200000,4777481,40153195,8.40468,19039,235127268,251
64250000,4777828,40165943,8.40674,19042,235342745,270
64300000,4778216,40178474,8.40868,19046,235563612,227
64350000,4778564,40190943,8.41067,19053,235779138,254
64400000,4778904,40203308,8.41266,19053,236000278,243
64450000,4779250,40215796,8.41467,19063,236221522,270
64500000,4779574,40228246,8.4167,19066,236446693,261
64550000,4779887,40240622,8.41874,19067,236675364,247
64600000,4780237,40252922,8.4207,19079,236894132,242
64650000,4780585,40265316,8.42268,19084,237114929,254
64700000,4780920,40277546,8.42464,19086,237329464,223
64750000,4781245,40289835,8.426639999999999,19092,237550567,255
64800000,4781577,40302171,8.42864,19094,237765720,249
64850000,4781876,40314444,8.43068,19101,237984241,239
64900000,4782234,40326706,8.43261,19103,238205751,232
64950000,4782538,40338855,8.434610000000001,19108,238422996,248
65000000,4782849,40351226,8.43665,19116,238642329,242
65050000,4783187,40363065,8.43853,19120,238848994,229
65100000,4783483,40374912,8.44048,19129,239063548,216
65150000,4783779,40386985,8.44249,19137,239277261,220
65200000,4784087,40399112,8.44448,19144,239484547,233
65250000,4784407,40411068,8.44641,19146,239701137,236
65300000,4784721,40423030,8.448360000000001,19157,239908980,232
65350000,4785054,40434974,8.45026,19164,240129287,245
65400000,4785372,40446940,8.4522,19169,240353356,245
65450000,4785685,40458650,8.4541,19170,240564247,208
65500000,4785970,40470375,8.45604,19177,240763520,218
65550000,4786252,40481998,8.45797,19187,240968835,224
65600000,4786572,40493837,8.45988,19192,241184553,242
65650000,4786892,40505473,8.46175,19198,241392623,234
65700000,4787207,40517042,8.463610000000001,19201,241600841,231
65750000,4787461,40528677,8.465589999999999,19201,241818913,234
65800000,4787782,40540236,8.46744,19204,242027348,216
65850000,4788067,40551733,8.469330000000001,19211,242232846,202
65900000,4788363,40563363,8.47124,19217,242441726,233
65950000,4788657,40575059,8.47316,19224,242648679,245
66000000,4788947,40586722,8.47508,19227,242875475,216
66050000,4789260,40598162,8.47692,19233,243075759,216
66100000,4789588,40609700,8.47875,19239,243289354,218
66150000,4789878,40621290,8.48065,19246,243484894,220
66200000,4790164,40632500,8.482489999999999,19249,243689956,234
66250000,4790489,40643938,8.4843,19256,243888299,252
66300000,4790782,40655282,8.48615,19264,244086670,242
66350000,4791070,40666579,8.488,19273,244295742,218
66400000,4791346,40677909,8.48987,19278,244505116,218
66450000,4791650,40689172,8.49168,19279,244708440,220
66500000,4791931,40700269,8.4935,19286,244909427,230
66550000,4792195,40711574,8.495389999999999,19291,245113125,222
66600000,4792462,40722687,8.49724,19301,245313950,234
66650000,4792762,40733779,8.49902,19307,245520905,222
66700000,4793034,40744801,8.50084,19313,245714339,223
66750000,4793317,40755881,8.50265,19315,245904799,219
66800000,4793598,40766826,8.504430000000001,19324,246101341,208
66850000,4793910,40777809,8.50617,19335,246296171,207
66900000,4794216,40788966,8.50795,19341,246497646,215
66950000,4794504,40799939,8.509730000000001,19343,246691342,202
67000000,4794759,40811013,8.51159,19351,246890771,219
67050000,4795056,40822076,8.51337,19351,247087206,226
67100000,4795345,40833009,8.515130000000001,19358,247279520,207
67150000,4795623,40843884,8.516910000000001,19362,247463629,234
67200000,4795918,40854795,8.51866,19367,247668466,218
67250000,4796185,40865416,8.5204,19374,247855411,211
67300000,4796456,40876117,8.52215,19376,248051640,217
67350000,4796758,40886950,8.52387,19378,248249480,214
67400000,4797071,40897648,8.52555,19382,248450195,214
67450000,4797354,40908232,8.52725,19386,248648633,209
67500000,4797661,40918899,8.52893,19389,248843009,220
67550000,4797937,40929470,8.53064,19394,249045189,203
67600000,4798205,40940200,8.5324,19400,249245476,205
67650000,4798466,40950574,8.5341,19408,249429820,212
67700000,4798715,40961103,8.53585,19414,249621243,226
67750000,4798981,40971628,8.53757,19421,249816478,206
67800000,4799258,40982072,8.53925,19423,250018089,232
67850000,4799518,40992490,8.54096,19433,250203961,200
67900000,4799797,41002941,8.542639999999999,19438,250397976,185
67950000,4800069,41013234,8.5443,19444,250582269,218
68000000,4800334,41023699,8.54601,19448,250768979,210
68050000,4800586,41033958,8.5477,19454,250964453,206
68100000,4800872,41044226,8.54933,19461,251146037,203
68150000,4801135,41054570,8.55101,19467,251330021,181
68200000,4801441,41064813,8.5526,19479,251508529,201
68250000,4801688,41075142,8.554310000000001,19483,251698374,198
68300000,4801961,41085425,8.55597,19486,251877483,196
68350000,4802202,41095484,8.55763,19490,252059447,216
68400000,4802453,41105559,8.559280000000001,19497,252242664,221
68450000,4802695,41115686,8.560960000000001,19502,252421403,219
68500000,4802953,41125731,8.56259,19505,252612404,211
68550000,4803203,41135826,8.56425,19513,252814835,194
68600000,4803438,41145670,8.56588,19518,253011769,196
68650000,4803714,41155506,8.56743,19527,253192889,177
68700000,4803988,41165341,8.56899,19531,253368333,183
68750000,4804261,41175330,8.57059,19536,253556742,204
68800000,4804498,41185195,8.57222,19538,253737912,200
68850000,4804743,41194947,8.57381,19543,253913013,200
68900000,4804980,41204725,8.57542,19552,254094378,185
68950000,4805209,41214522,8.57705,19556,254280446,189
69000000,4805485,41224325,8.5786,19561,254454055,194
69050000,4805729,41234125,8.5802,19565,254649428,192
69100000,4805961,41243822,8.58181,19571,254817817,187
69150000,4806178,41253433,8.58342,19576,254987807,187
69200000,4806418,41263108,8.585,19577,255162261,214
69250000,4806684,41272717,8.58653,19582,255348793,185
69300000,4806943,41282297,8.58806,19584,255524840,196
69350000,4807176,41291758,8.58961,19588,255704560,197
69400000,4807444,41301380,8.59113,19591,255879399,180
69450000,4807710,41310881,8.59263,19594,256051465,169
69500000,4807942,41320457,8.59421,19597,256231863,199
69550000,4808195,41329842,8.59571,19597,256407324,198
69600000,4808430,41339215,8.59724,19605,256582804,188
69650000,4808684,41348632,8.59874,19613,256746430,162
69700000,4808925,41358020,8.60026,19618,256918516,195
69750000,4809160,41367409,8.6018,19618,257091466,150
69800000,4809412,41376676,8.60327,19622,257259883,197
69850000,4809684,41385992,8.60472,19625,257432659,168
69900000,4809934,41395312,8.60621,19632,257610376,193
69950000,4810197,41404577,8.607669999999999,19636,257785355,177
70000000,4810436,41413832,8.609160000000001,19640,257955472,206
70050000,4810684,41423096,8.61065,19643,258120966,194
70100000,4810906,41432177,8.61214,19647,258292680,184
70150000,4811124,41441250,8.61363,19653,258471018,204
70200000,4811332,41450356,8.61515,19658,258642639,200
70250000,4811575,41459326,8.61658,19660,258822679,173
70300000,4811795,41468096,8.61801,19665,258992590,178
70350000,4812080,41477118,8.61937,19666,259162290,198
70400000,4812297,41486029,8.62084,19668,259333431,177
70450000,4812498,41494936,8.62233,19671,259502497,168
70500000,4812714,41503769,8.62378,19671,259667132,191
70550000,4812936,41512655,8.62522,19675,259843178,189
70600000,4813140,41521354,8.626669999999999,19681,260005772,166
70650000,4813354,41530119,8.6281,19688,260166675,188
70700000,4813578,41538725,8.629489999999999,19694,260332378,159
70750000,4813789,41547473,8.630930000000001,19694,260501374,176
70800000,4813995,41556102,8.63235,19700,260664182,167
70850000,4814224,41564762,8.63374,19706,260830908,177
70900000,4814462,41573510,8.63513,19711,260996187,174
70950000,4814685,41582140,8.636519999999999,19716,261151419,173
71000000,4814923,41590620,8.63786,19719,261310225,172
71050000,4815138,41599033,8.63922,19724,261466459,158
71100000,4815343,41607552,8.64062,19732,261632666,176
71150000,4815542,41616170,8.64205,19732,261795886,176
71200000,4815718,41624591,8.64349,19732,261958059,162
71250000,4815930,41633109,8.64487,19735,262122558,163
71300000,4816141,41641691,8.64628,19739,262288655,153
71350000,4816321,41650048,8.647689999999999,19744,262450734,174
71400000,4816523,41658480,8.64908,19749,262617628,189
71450000,4816743,41666897,8.65043,19752,262771464,181
71500000,4816937,41675117,8.65179,19756,262932961,165
71550000,4817136,41683280,8.65313,19758,263082092,154
71600000,4817356,41691529,8.65444,19761,263232486,185
71650000,4817571,41699756,8.65576,19764,263389747,155
71700000,4817788,41707967,8.65708,19764,263556140,179
71750000,4817991,41716124,8.65841,19775,263710170,175
71800000,4818204,41724341,8.65973,19781,263869680,173
71850000,4818406,41732491,8.66106,19785,264032216,162
71900000,4818591,41740573,8.6624,19789,264185981,157
71950000,4818805,41748591,8.663680000000001,19795,264343872,150
72000000,4819004,41756611,8.66499,19805,264495763,153
72050000,4819234,41764595,8.66623,19811,264648320,163
72100000,4819426,41772613,8.66755,19815,264791684,148
72150000,4819618,41780696,8.66888,19816,264941427,169
72200000,4819808,41788540,8.670169999999999,19820,265094998,158
72250000,4820016,41796334,8.67141,19826,265245769,171
72300000,4820206,41804129,8.67269,19828,265393884,146
72350000,4820398,41811882,8.67395,19829,265538416,151
72400000,4820587,41819583,8.67521,19834,265681862,180
72450000,4820763,41827264,8.67648,19844,265827358,173
72500000,4820921,41834876,8.67778,19844,265973160,142
72550000,4821127,41842628,8.67901,19848,266111398,146
72600000,4821318,41850317,8.68026,19851,266257023,147
72650000,4821507,41857863,8.68149,19855,266392914,145
72700000,4821708,41865499,8.68271,19861,266539010,148
72750000,4821893,41872906,8.683910000000001,19864,266681554,140
72800000,4822084,41880532,8.68515,19872,266814595,149
72850000,4822266,41888037,8.68638,19876,266959438,158
72900000,4822460,41895582,8.6876,19880,267113173,152
72950000,4822637,41903000,8.68881,19885,267255328,139
73000000,4822820,41910318,8.69,19885,267393192,131
73050000,4823000,41917779,8.691230000000001,19891,267539089,142
73100000,4823178,41925002,8.6924,19896,267673915,142
73150000,4823370,41932264,8.69356,19896,267815366,144
73200000,4823563,41939489,8.69471,19901,267954925,134
73250000,4823750,41946845,8.6959,19902,268097041,156
73300000,4823927,41954031,8.69707,19911,268233697,133
73350000,4824116,41961112,8.6982,19919,268362791,135
73400000,4824292,41968268,8.69936,19919,268505305,146
73450000,4824470,41975397,8.70052,19923,268639606,137
73500000,4824630,41982538,8.70171,19926,268778818,150
73550000,4824811,41989629,8.70285,19935,268916362,140
73600000,4824988,41996537,8.70397,19937,269046119,119
73650000,4825179,42003578,8.70508,19940,269177136,145
73700000,4825337,42010497,8.70623,19944,269309827,132
73750000,4825518,42017700,8.7074,19951,269454556,143
73800000,4825707,42024609,8.70849,19952,269577632,133
73850000,4825898,42031455,8.70956,19957,269709161,150
73900000,4826056,42038355,8.71071,19959,269840888,128
73950000,4826240,42045162,8.711780000000001,19960,269972386,143
74000000,4826412,42052046,8.7129,19960,270103714,138
74050000,4826605,42058956,8.713980000000001,19965,270238184,141
74100000,4826783,42065859,8.71509,19968,270370173,139
74150000,4826958,42072560,8.71616,19972,270501147,140
74200000,4827126,42079214,8.717239999999999,19972,270625198,123
74250000,4827275,42086048,8.71839,19976,270754193,137
74300000,4827454,42092734,8.71945,19976,270876067,142
74350000,4827626,42099279,8.72049,19981,271004648,120
74400000,4827794,42105990,8.72158,19983,271134999,136
74450000,4827964,42112567,8.72263,19987,271260421,124
74500000,4828133,42119034,8.72367,19990,271384595,125
74550000,4828287,42125505,8.724730000000001,19990,271502485,116
74600000,4828448,42131993,8.72578,19996,271630201,114
74650000,4828622,42138407,8.7268,20000,271760793,114
74700000,4828792,42144873,8.72783,20003,271898052,119
74750000,4828952,42151248,8.728860000000001,20005,272009895,129
74800000,4829115,42157552,8.72987,20010,272131776,132
74850000,4829306,42163798,8.73082,20011,272251679,126
74900000,4829465,42170132,8.73184,20015,272367771,135
74950000,4829634,42176497,8.73286,20015,272485968,146
75000000,4829781,42182637,8.73386,20020,272605597,112
75050000,4829939,42188770,8.73485,20023,272718706,120
75100000,4830101,42194999,8.73584,20024,272839482,122
75150000,4830255,42201274,8.73686,20027,272955861,122
75200000,4830411,42207394,8.73785,20027,273082929,115
75250000,4830566,42213453,8.73882,20029,273197489,123
75300000,4830721,42219555,8.7398,20033,273308561,134
75350000,4830869,42225605,8.740789999999999,20037,273425528,115
75400000,4831000,42231690,8.741810000000001,20041,273540904,142
75450000,4831150,42237698,8.74278,20041,273660593,125
75500000,4831315,42243646,8.74372,20043,273783357,107
75550000,4831469,42249621,8.74467,20047,273903620,121
75600000,4831612,42255520,8.74564,20047,274015382,97
75650000,4831765,42261520,8.7466,20047,274137867,122
75700000,4831910,42267522,8.747580000000001,20055,274258064,120
75750000,4832049,42273505,8.748569999999999,20056,274373655,126
75800000,4832179,42279123,8.74949,20061,274473872,108
75850000,4832307,42284908,8.75046,20061,274585834,117
75900000,4832438,42290667,8.75141,20068,274699347,105
75950000,4832578,42296328,8.75233,20072,274808842,106
76000000,4832709,42301939,8.753260000000001,20073,274918382,113
76050000,4832846,42307578,8.75417,20075,275023982,93
76100000,4832989,42313112,8.75506,20082,275129471,106
76150000,4833121,42318659,8.75597,20082,275238623,128
76200000,4833275,42324299,8.756860000000001,20086,275354447,137
76250000,4833414,42329663,8.757719999999999,20090,275458479,98
76300000,4833548,42335057,8.75859,20094,275570178,125
76350000,4833695,42340490,8.75945,20094,275680488,115
76400000,4833821,42346008,8.76036,20101,275787260,114
76450000,4833970,42351528,8.76123,20101,275892549,124
76500000,4834122,42356824,8.76205,20101,276001303,109
76550000,4834251,42362247,8.762939999999999,20107,276104939,108
76600000,4834376,42367534,8.763810000000001,20109,276205762,93
76650000,4834514,42372863,8.764660000000001,20112,276309247,103
76700000,4834633,42378188,8.76554,20112,276418439,117
76750000,4834761,42383449,8.7664,20112,276529528,100
76800000,4834904,42388660,8.76722,20112,276635358,94
76850000,4835042,42393786,8.76803,20118,276739152,113
76900000,4835189,42399033,8.76885,20122,276846069,104
76950000,4835326,42404212,8.76967,20123,276950531,96
77000000,4835457,42409390,8.7705,20124,277052178,98
77050000,4835588,42414440,8.77131,20125,277144889,106
77100000,4835708,42419551,8.77215,20125,277239262,111
77150000,4835836,42424552,8.77295,20126,277335843,114
77200000,4835944,42429374,8.77375,20126,277439066,88
77250000,4836084,42434423,8.77454,20126,277535021,110
77300000,4836192,42439254,8.77535,20130,277621903,92
77350000,4836310,42444200,8.77615,20131,277719022,98
77400000,4836447,42449036,8.77691,20133,277806556,101
77450000,4836562,42453834,8.77769,20133,277909113,95
77500000,4836701,42458669,8.77844,20133,278006191,86
77550000,4836824,42463491,8.77921,20138,278096031,92
77600000,4836946,42468342,8.77999,20144,278191285,93
77650000,4837075,42472981,8.78072,20147,278281800,111
77700000,4837211,42477683,8.78144,20151,278377851,92
77750000,4837298,42482394,8.78226,20153,278471865,98
77800000,4837418,42486977,8.78299,20153,278568288,80
77850000,4837535,42491556,8.783719999999999,20156,278657162,105
77900000,4837662,42496028,8.784410000000001,20158,278738208,97
77950000,4837772,42500485,8.78514,20161,278827624,79
78000000,4837873,42504896,8.785860000000001,20168,278914636,80
78050000,4837990,42509298,8.78656,20172,278997270,89
78100000,4838089,42513687,8.787289999999999,20172,279083611,91
78150000,4838215,42518090,8.78797,20172,279162718,89
78200000,4838344,42522396,8.78863,20176,279251372,85
78250000,4838464,42526817,8.78932,20176,279335310,67
78300000,4838566,42531107,8.79002,20176,279413149,95
78350000,4838663,42535450,8.79074,20182,279498047,81
78400000,4838785,42539683,8.7914,20184,279579149,87
78450000,4838891,42543928,8.79208,20184,279666903,96
78500000,4839011,42548228,8.79275,20187,279750124,88
78550000,4839113,42552557,8.793460000000001,20192,279840126,88
78600000,4839221,42556724,8.794130000000001,20192,279921311,84
78650000,4839344,42560803,8.79475,20195,280001017,90
78700000,4839447,42564927,8.79541,20197,280080080,91
78750000,4839572,42569090,8.79604,20202,280163540,86
78800000,4839677,42573067,8.79668,20203,280240176,78
78850000,4839788,42577096,8.797310000000001,20203,280312692,84
78900000,4839882,42581065,8.79796,20203,280390588,83
78950000,4839968,42585050,8.79862,20210,280471094,66
79000000,4840060,42588965,8.79926,20211,280543515,71
79050000,4840165,42592784,8.79986,20211,280620172,75
79100000,4840269,42596626,8.800469999999999,20215,280703162,69
79150000,4840364,42600522,8.8011,20217,280780269,68
79200000,4840461,42604471,8.801739999999999,20217,280855548,66
79250000,4840546,42608250,8.80236,20222,280928402,74
79300000,4840633,42612071,8.802999999999999,20224,281001576,88
79350000,4840739,42615907,8.8036,20226,281075806,73
79400000,4840821,42619633,8.804219999999999,20228,281145791,80
79450000,4840915,42623340,8.80481,20230,281214289,83
79500000,4841009,42627071,8.80541,20230,281284913,76
79550000,4841106,42630629,8.80597,20230,281353463,50
79600000,4841190,42634131,8.80654,20237,281427255,62
79650000,4841287,42637635,8.807089999999999,20239,281502573,60
79700000,4841386,42641089,8.80762,20239,281571667,72
79750000,4841464,42644584,8.8082,20241,281645674,64
79800000,4841556,42648158,8.808769999999999,20243,281716161,71
79850000,4841641,42651608,8.809330000000001,20246,281777097,69
79900000,4841732,42654932,8.80985,20246,281843180,82
79950000,4841817,42658234,8.81038,20250,281910479,65
80000000,4841904,42661549,8.8109,20250,281977156,67
80050000,4841990,42664776,8.81141,20253,282040987,68
80100000,4842064,42667984,8.81194,20253,282106089,52
80150000,4842151,42671245,8.81246,20254,282170125,58
80200000,4842230,42674551,8.812999999999999,20254,282234928,61
80250000,4842313,42677766,8.81351,20256,282297852,73
80300000,4842386,42680830,8.814010000000001,20256,282362159,57
80350000,4842473,42684066,8.81452,20256,282433742,72
80400000,4842554,42687183,8.815010000000001,20256,282502134,54
80450000,4842630,42690192,8.8155,20260,282558482,60
80500000,4842702,42693356,8.81602,20262,282618113,61
80550000,4842763,42696348,8.81653,20262,282679040,60
80600000,4842830,42699352,8.81702,20264,282737420,55
80650000,4842897,42702342,8.81752,20264,282798138,50
80700000,4842960,42705208,8.818,20268,282858866,58
80750000,4843025,42708091,8.81847,20270,282915345,51
80800000,4843084,42710895,8.81895,20272,282969221,62
80850000,4843143,42713692,8.81942,20272,283024773,59
80900000,4843216,42716616,8.81989,20272,283080472,60
80950000,4843289,42719343,8.820319999999999,20275,283131214,52
81000000,4843346,42722061,8.82077,20275,283181932,31
81050000,4843430,42724751,8.82118,20276,283231131,53
81100000,4843506,42727442,8.821589999999999,20278,283281214,66
81150000,4843583,42730145,8.82201,20280,283332926,58
81200000,4843661,42732773,8.822410000000001,20282,283382455,43
81250000,4843727,42735451,8.82284,20282,283436216,62
81300000,4843787,42738038,8.823269999999999,20286,283488518,40
81350000,4843856,42740604,8.82367,20286,283540418,44
81400000,4843915,42743137,8.82409,20286,283587718,54
81450000,4843966,42745530,8.824489999999999,20288,283634752,58
81500000,4844030,42747991,8.82488,20288,283682337,42
81550000,4844088,42750466,8.825289999999999,20288,283727204,39
81600000,4844144,42752930,8.82569,20290,283775055,59
81650000,4844195,42755267,8.826080000000001,20291,283825592,41
81700000,4844251,42757605,8.82646,20291,283868124,41
81750000,4844312,42759926,8.826830000000001,20293,283916782,46
81800000,4844359,42762216,8.82722,20295,283962154,41
81850000,4844420,42764424,8.82756,20295,284003116,47
81900000,4844478,42766710,8.82793,20297,284045425,50
81950000,4844548,42768909,8.82826,20297,284089032,47
82000000,4844603,42771038,8.8286,20298,284133047,41
82050000,4844651,42773165,8.82895,20299,284178263,53
82100000,4844695,42775270,8.8293,20300,284216435,29
82150000,4844754,42777343,8.82962,20300,284253891,43
82200000,4844806,42779397,8.82995,20300,284302745,45
82250000,4844876,42781512,8.83026,20300,284341993,37
82300000,4844920,42783473,8.83058,20300,284384263,35
82350000,4844963,42785440,8.830910000000001,20300,284426227,36
82400000,4845011,42787336,8.83122,20300,284461249,39
82450000,4845061,42789294,8.83153,20305,284500404,43
82500000,4845132,42791280,8.83181,20306,284544175,42
82550000,4845178,42793111,8.8321,20306,284579642,39
82600000,4845219,42794888,8.83239,20306,284617731,33
82650000,4845255,42796635,8.83269,20309,284652599,32
82700000,4845296,42798436,8.832989999999999,20309,284690424,29
82750000,4845336,42800186,8.83328,20309,284723890,36
82800000,4845380,42801894,8.83355,20312,284757392,26
82850000,4845421,42803547,8.83381,20312,284788161,29
82900000,4845465,42805221,8.83408,20313,284822548,34
82950000,4845514,42806864,8.83433,20313,284855017,33
83000000,4845563,42808422,8.83456,20316,284886295,34
83050000,4845597,42810030,8.83483,20316,284917996,39
83100000,4845628,42811539,8.83509,20316,284948930,28
83150000,4845663,42813056,8.835339999999999,20318,284979023,31
83200000,4845705,42814533,8.835560000000001,20319,285009734,30
83250000,4845741,42815935,8.83579,20319,285037524,30
83300000,4845775,42817327,8.83601,20319,285065844,33
83350000,4845805,42818763,8.83625,20319,285094511,26
83400000,4845839,42820161,8.83648,20319,285124436,33
83450000,4845860,42821498,8.83672,20320,285151044,27
83500000,4845895,42822858,8.83693,20320,285173255,24
83550000,4845925,42824078,8.83713,20320,285195266,20
83600000,4845952,42825329,8.83734,20320,285222585,26
83650000,4845988,42826553,8.837530000000001,20320,285245673,22
83700000,4846010,42827664,8.83772,20320,285266779,14
83750000,4846050,42828838,8.83789,20320,285288602,23
83800000,4846073,42829949,8.83807,20320,285315374,19
83850000,4846091,42831035,8.83826,20320,285335662,23
83900000,4846114,42832104,8.83844,20324,285360135,24
83950000,4846135,42833135,8.83862,20324,285378603,23
84000000,4846158,42834120,8.83878,20325,285397756,16
84050000,4846180,42835092,8.83894,20325,285417462,24
84100000,4846202,42836022,8.839089999999999,20325,285436078,13
84150000,4846230,42836924,8.83923,20325,285453074,14
84200000,4846252,42837881,8.83938,20325,285472356,27
84250000,4846279,42838771,8.83952,20328,285490818,17
84300000,4846302,42839598,8.83965,20328,285506888,20
84350000,4846326,42840392,8.83977,20328,285522558,17
84400000,4846346,42841204,8.8399,20328,285539774,18
84450000,4846358,42841948,8.84003,20329,285553520,17
84500000,4846380,42842731,8.84015,20330,285571618,21
84550000,4846398,42843430,8.84026,20330,285584603,10
84600000,4846409,42844085,8.84038,20330,285596186,13
84650000,4846422,42844718,8.84048,20330,285610216,10
84700000,4846442,42845349,8.840580000000001,20330,285622539,13
84750000,4846458,42845912,8.84067,20330,285632187,10
84800000,4846476,42846420,8.84074,20330,285641167,10
84850000,4846492,42846951,8.840819999999999,20333,285651623,12
84900000,4846502,42847465,8.840910000000001,20333,285660659,13
84950000,4846518,42847938,8.84097,20333,285667429,10
85000000,4846528,42848370,8.84104,20333,285677901,12
85050000,4846538,42848762,8.84111,20333,285684418,7
85100000,4846548,42849138,8.84117,20333,285691477,10
85150000,4846555,42849468,8.84122,20333,285696949,4
85200000,4846566,42849779,8.84127,20333,285703552,9
85250000,4846574,42850032,8.8413,20333,285708577,5
85300000,4846583,42850258,8.841330000000001,20333,285712679,6
85350000,4846588,42850461,8.84137,20333,285717762,4
85400000,4846592,42850649,8.8414,20333,285721138,4
85450000,4846595,42850842,8.84143,20333,285724108,4
85500000,4846599,42850977,8.84145,20333,285726234,2
85550000,4846602,42851079,8.84147,20333,285727529,3
85600000,4846605,42851161,8.84148,20333,285729179,0
85650000,4846608,42851216,8.84149,20333,285730048,1
85700000,4846609,42851237,8.84149,20333,285730264,0
