timestep,num_nodes,num_edges,average_degree,max_degree,num_triangles,new_edges
0,1969,1000,0.507872,3,0,1000
50000,93873,50984,0.543117,28,0,1000
100000,176538,100937,0.571758,60,6,999
150000,252251,150871,0.5980989999999999,78,28,998
200000,322777,200759,0.621974,104,52,999
250000,388713,250639,0.644792,128,82,995
300000,450981,300473,0.666265,152,132,996
350000,509707,350268,0.687195,184,192,994
400000,565517,400075,0.70745,209,289,998
450000,618832,449837,0.726913,238,399,994
500000,669737,499574,0.745926,256,541,994
550000,718384,549284,0.7646109999999999,277,721,996
600000,765195,598949,0.78274,292,879,993
650000,810109,648594,0.8006260000000001,305,1126,997
700000,853282,698212,0.8182659999999999,325,1376,996
750000,894999,747773,0.835501,350,1673,989
800000,935457,797315,0.8523270000000001,374,2006,987
850000,974388,846811,0.8690700000000001,396,2420,988
900000,1012305,896317,0.8854219999999999,418,2852,991
950000,1049017,945798,0.9016040000000001,437,3363,994
1000000,1084765,995199,0.9174329999999999,463,3864,987
1050000,1119064,1044584,0.933444,482,4438,988
1100000,1152755,1093928,0.948968,496,5079,988
1150000,1185536,1143267,0.9643459999999999,528,5727,987
1200000,1217571,1192599,0.97949,562,6528,988
1250000,1248555,1241869,0.9946450000000001,579,7355,979
1300000,1278647,1291140,1.00977,602,8237,985
1350000,1308175,1340348,1.02459,629,9193,982
1400000,1336609,1389580,1.0396299999999998,651,10274,983
1450000,1364261,1438801,1.05464,671,11426,980
1500000,1391440,1487845,1.06928,694,12554,982
1550000,1418019,1536955,1.0838700000000001,720,13814,985
1600000,1444271,1586028,1.09815,750,15152,985
1650000,1469699,1635026,1.11249,783,16558,972
1700000,1494469,1684060,1.12686,810,18113,982
1750000,1518845,1733002,1.141,840,19741,982
1800000,1542690,1781962,1.1551,861,21447,976
1850000,1565826,1830851,1.16926,881,23300,984
1900000,1588937,1879744,1.1830200000000002,893,25162,984
1950000,1611343,1928647,1.19692,920,27165,978
2000000,1633695,1977487,1.21044,938,29193,964
2050000,1655413,2026298,1.22404,963,31325,974
2100000,1676815,2075053,1.2375,989,33576,963
2150000,1697685,2123795,1.25099,1010,35900,977
2200000,1718269,2172606,1.26442,1034,38398,979
2250000,1738373,2221272,1.27779,1050,41183,971
2300000,1758053,2269893,1.29114,1083,43945,965
2350000,1777600,2318516,1.3043,1103,46731,972
2400000,1796757,2367187,1.31748,1131,49749,972
2450000,1815411,2415734,1.3306799999999999,1154,52768,965
2500000,1833928,2464253,1.3437,1177,56017,975
2550000,1852257,2512747,1.35659,1204,59390,974
2600000,1870033,2561214,1.36961,1229,62802,969
2650000,1887727,2609686,1.38245,1245,66302,982
2700000,1905345,2658123,1.39509,1266,70078,978
2750000,1922577,2706551,1.40777,1289,74026,964
2800000,1939561,2754928,1.42039,1320,77952,974
2850000,1956157,2803226,1.43303,1339,81979,961
2900000,1972619,2851502,1.44554,1364,86412,969
2950000,1988905,2899762,1.45797,1386,90862,971
3000000,2004880,2948042,1.47043,1405,95519,965
3050000,2020699,2996226,1.4827700000000001,1423,100214,952
3100000,2036091,3044392,1.49521,1442,105047,955
3150000,2051619,3092533,1.50736,1473,109964,961
3200000,2066737,3140685,1.51963,1495,114990,963
3250000,2081662,3188806,1.53186,1521,120566,967
3300000,2096188,3236943,1.5442,1548,126032,966
3350000,2110614,3285020,1.55643,1567,131569,962
3400000,2124763,3333046,1.56867,1591,137394,963
3450000,2138950,3381035,1.5807,1614,143311,960
3500000,2152811,3429032,1.5928200000000001,1639,149259,952
3550000,2166442,3476993,1.60493,1657,155305,953
3600000,2180121,3524895,1.61683,1678,161854,969
3650000,2193810,3572771,1.62857,1694,168190,963
3700000,2206994,3620531,1.64048,1708,175035,945
3750000,2220113,3668363,1.6523299999999999,1736,182137,962
3800000,2233233,3716034,1.6639700000000002,1757,189491,962
3850000,2246200,3763779,1.67562,1776,196939,939
3900000,2258957,3811513,1.6872900000000002,1790,204490,968
3950000,2271363,3859226,1.69908,1814,212212,950
4000000,2283789,3906978,1.7107400000000001,1831,219920,951
4050000,2295996,3954753,1.7224599999999999,1857,227844,961
4100000,2308092,4002331,1.7340400000000002,1884,236334,961
4150000,2319987,4049900,1.7456599999999998,1902,244756,952
4200000,2332099,4097523,1.75701,1912,253216,953
4250000,2344063,4144990,1.7682900000000001,1931,262011,945
4300000,2355726,4192522,1.77972,1951,270975,945
4350000,2367088,4239949,1.7912099999999997,1984,279994,963
4400000,2378794,4287368,1.80233,2000,289180,943
4450000,2390107,4334725,1.81361,2018,298644,945
4500000,2401147,4382035,1.8249799999999998,2042,308486,948
4550000,2412081,4429416,1.83635,2065,318500,945
4600000,2423016,4476703,1.8475700000000002,2089,328841,947
4650000,2433831,4523975,1.8587900000000002,2112,339512,952
4700000,2444467,4571252,1.8700400000000001,2144,350398,956
4750000,2455054,4618454,1.8812,2162,361430,947
4800000,2465596,4665688,1.89232,2183,372398,948
4850000,2475944,4712934,1.9034900000000001,2193,383976,940
4900000,2486207,4760075,1.9145900000000002,2208,395541,943
4950000,2496532,4807222,1.92556,2241,407476,948
5000000,2506583,4854279,1.93661,2267,419907,955
5050000,2516638,4901366,1.9475799999999999,2292,432617,959
5100000,2526682,4948415,1.9584599999999999,2316,445160,937
5150000,2536517,4995450,1.9694099999999999,2339,458070,942
5200000,2546228,5042514,1.98039,2362,471271,938
5250000,2555876,5089444,1.99127,2379,484211,936
5300000,2565571,5136414,2.00205,2410,497805,949
5350000,2575121,5183250,2.01282,2434,511549,931
5400000,2584585,5230121,2.02358,2458,525358,936
5450000,2593984,5276824,2.03425,2486,539490,939
5500000,2603083,5323583,2.0451099999999998,2510,554150,935
5550000,2612276,5370300,2.05579,2532,569173,909
5600000,2621280,5417050,2.06657,2551,583877,927
5650000,2630130,5463932,2.07744,2574,599651,918
5700000,2639060,5510663,2.08812,2592,615214,944
5750000,2647957,5557310,2.09872,2615,630768,932
5800000,2656765,5603884,2.10929,2642,646281,927
5850000,2665229,5650452,2.12006,2664,662309,918
5900000,2673826,5697023,2.1306599999999998,2683,678654,931
5950000,2682376,5743595,2.1412299999999997,2706,695237,936
6000000,2690952,5790145,2.15171,2724,712228,930
6050000,2699427,5836506,2.16213,2737,729186,924
6100000,2707668,5882988,2.17271,2767,746679,944
6150000,2715982,5929462,2.18317,2788,764155,920
6200000,2724276,5975855,2.1935599999999997,2804,782017,929
6250000,2732394,6022262,2.20402,2826,800432,933
6300000,2740658,6068498,2.21425,2848,818400,929
6350000,2748792,6114883,2.22457,2865,837011,928
6400000,2756852,6161222,2.23488,2886,856536,926
6450000,2764702,6207570,2.2452900000000002,2908,875175,907
6500000,2772472,6253807,2.25568,2931,894046,927
6550000,2780289,6300024,2.2659599999999998,2958,914194,929
6600000,2787958,6346194,2.27629,2979,934702,924
6650000,2795698,6392402,2.28651,2999,955464,916
6700000,2803275,6438599,2.29681,3019,976383,918
6750000,2810836,6484721,2.30704,3037,997810,926
6800000,2818234,6530785,2.31733,3055,1019603,913
6850000,2825619,6576817,2.32757,3088,1041238,920
6900000,2833065,6622840,2.3376900000000003,3103,1063140,906
6950000,2840401,6668818,2.34784,3129,1085673,913
7000000,2847599,6714655,2.3580099999999997,3149,1108225,920
7050000,2854880,6760551,2.36807,3171,1129963,920
7100000,2862423,6806518,2.3778900000000003,3190,1152554,932
7150000,2869592,6852391,2.38793,3211,1175859,930
7200000,2876749,6898136,2.3978900000000003,3231,1199260,911
7250000,2883891,6943936,2.40784,3254,1223660,915
7300000,2891002,6989724,2.41775,3281,1247955,925
7350000,2897877,7035506,2.42781,3304,1272977,912
7400000,2904809,7081247,2.43777,3328,1298201,919
7450000,2911583,7126886,2.4477700000000002,3350,1323081,923
7500000,2918332,7172580,2.45777,3364,1348436,907
7550000,2925131,7218226,2.46766,3382,1374444,912
7600000,2931587,7263759,2.47776,3406,1400771,911
7650000,2938215,7309388,2.4877,3425,1427106,918
7700000,2944822,7354842,2.49755,3443,1454423,922
7750000,2951372,7400266,2.5074,3475,1480928,915
7800000,2957906,7445742,2.51723,3501,1508089,909
7850000,2964523,7491178,2.52694,3525,1536711,901
7900000,2970998,7536531,2.5367,3555,1564964,914
7950000,2977492,7581950,2.54642,3574,1594043,905
8000000,2983902,7627357,2.5561700000000003,3591,1622757,898
8050000,2990310,7672624,2.56583,3608,1652260,907
8100000,2996493,7717964,2.57567,3621,1680747,919
8150000,3002686,7763227,2.58543,3642,1710762,907
8200000,3008851,7808478,2.59517,3664,1740550,897
8250000,3015010,7853524,2.60481,3686,1771506,892
8300000,3021195,7898702,2.61443,3705,1802394,910
8350000,3027198,7944031,2.62422,3725,1833667,913
8400000,3033216,7989145,2.63389,3738,1864836,893
8450000,3039152,8034222,2.64357,3766,1897338,908
8500000,3045187,8079372,2.6531599999999997,3787,1929399,902
8550000,3051066,8124492,2.66284,3812,1961647,898
8600000,3057070,8169391,2.6722900000000003,3833,1994893,898
8650000,3062882,8214360,2.68191,3854,2027701,908
8700000,3068768,8259322,2.69141,3874,2061128,901
8750000,3074530,8304231,2.70098,3906,2094512,897
8800000,3080303,8349048,2.71046,3924,2128499,902
8850000,3085995,8393899,2.72,3950,2162053,887
8900000,3091819,8438705,2.72937,3966,2196637,892
8950000,3097603,8483468,2.7387200000000003,3990,2231490,896
9000000,3103457,8528282,2.74799,4009,2266383,914
9050000,3108977,8572960,2.75749,4031,2302612,906
9100000,3114592,8617629,2.76686,4047,2338550,898
9150000,3120087,8662288,2.7763,4068,2373866,894
9200000,3125664,8706968,2.7856400000000003,4090,2410843,908
9250000,3131211,8751746,2.795,4115,2447108,910
9300000,3136580,8796282,2.80442,4139,2484410,907
9350000,3142010,8840864,2.81376,4154,2522857,904
9400000,3147437,8885480,2.82308,4179,2560557,894
9450000,3152767,8930047,2.83245,4202,2599843,886
9500000,3158183,8974553,2.8416799999999998,4224,2638416,884
9550000,3163522,9018949,2.85092,4247,2677925,898
9600000,3168700,9063323,2.86027,4262,2718478,877
9650000,3174010,9107639,2.86944,4287,2758381,866
9700000,3179195,9152005,2.87872,4311,2799421,878
9750000,3184354,9196282,2.8879599999999996,4331,2841212,888
9800000,3189604,9240567,2.89709,4354,2882815,868
9850000,3194915,9284944,2.90616,4379,2923758,875
9900000,3199966,9329185,2.9154,4403,2966087,872
9950000,3205065,9373407,2.92456,4422,3008395,897
10000000,3210288,9417567,2.93356,4440,3050069,898
10050000,3215282,9461763,2.94275,4465,3093472,878
10100000,3220331,9505941,2.95185,4486,3136798,877
10150000,3225258,9550018,2.96101,4525,3180127,871
10200000,3230130,9594067,2.97018,4540,3223994,890
10250000,3235002,9638154,2.97933,4559,3268407,894
10300000,3239950,9682146,2.9883599999999997,4580,3312856,886
10350000,3244925,9726179,2.99735,4598,3357627,891
10400000,3249904,9770169,3.0062900000000004,4616,3403721,882
10450000,3254748,9814017,3.0152900000000002,4633,3449532,879
10500000,3259655,9857998,3.02425,4648,3495849,868
10550000,3264499,9901875,3.0332,4677,3543892,866
10600000,3269150,9945684,3.04228,4698,3590470,880
10650000,3273925,9989462,3.0512200000000003,4718,3637117,866
10700000,3278771,10033146,3.06003,4741,3684185,860
10750000,3283414,10076893,3.06903,4765,3733628,871
10800000,3288084,10120472,3.07792,4788,3781944,891
10850000,3292728,10164166,3.08685,4809,3830676,873
10900000,3297360,10207854,3.09577,4828,3879431,891
10950000,3301919,10251463,3.1047,4855,3928265,867
11000000,3306569,10295003,3.1135,4880,3979322,871
11050000,3311193,10338605,3.12232,4902,4029929,892
11100000,3315823,10382117,3.13108,4929,4080442,870
11150000,3320459,10425638,3.1398200000000003,4951,4132935,864
11200000,3324865,10469136,3.14874,4973,4184900,881
11250000,3329338,10512664,3.15758,4993,4237655,881
11300000,3333827,10556150,3.1663799999999998,5013,4289912,891
11350000,3338247,10599556,3.17519,5020,4343637,883
11400000,3342629,10642906,3.18399,5040,4397974,859
11450000,3346959,10686268,3.19283,5058,4452321,871
11500000,3351321,10729548,3.20159,5075,4506308,882
11550000,3355574,10772828,3.21043,5091,4561189,844
11600000,3359814,10816027,3.21923,5105,4616987,891
11650000,3364147,10859297,3.22795,5129,4673353,861
11700000,3368442,10902438,3.23664,5150,4729590,852
11750000,3372757,10945650,3.24531,5170,4785772,848
11800000,3377052,10988771,3.25395,5184,4843120,865
11850000,3381253,11031826,3.26264,5204,4901550,861
11900000,3385557,11074851,3.27121,5225,4959746,858
11950000,3389858,11117922,3.27976,5237,5016870,849
12000000,3394061,11160770,3.2883199999999997,5255,5076087,861
12050000,3398307,11203763,3.2968699999999997,5274,5134812,877
12100000,3402543,11246746,3.30539,5296,5195043,831
12150000,3406644,11289681,3.3140199999999997,5313,5255790,836
12200000,3410710,11332528,3.32263,5341,5316493,876
12250000,3414926,11375423,3.33109,5365,5377322,864
12300000,3418973,11418310,3.33969,5373,5438465,855
12350000,3423052,11461147,3.3482199999999995,5393,5499016,856
12400000,3427116,11503924,3.3567400000000003,5412,5562268,851
12450000,3431160,11546737,3.3652599999999997,5441,5624320,823
12500000,3435229,11589341,3.3736699999999997,5466,5684702,860
12550000,3439175,11632094,3.3822300000000003,5487,5745626,845
12600000,3443020,11674821,3.3908699999999996,5509,5808825,845
12650000,3447010,11717405,3.3993,5532,5872372,848
12700000,3450965,11760010,3.40775,5554,5937585,856
12750000,3454937,11802515,3.4161300000000003,5569,6001781,844
12800000,3458889,11845096,3.4245400000000004,5586,6066995,850
12850000,3462675,11887594,3.43307,5603,6133144,846
12900000,3466585,11930174,3.4414800000000003,5627,6199219,824
12950000,3470474,11972546,3.4498300000000004,5640,6265084,851
13000000,3474365,12015000,3.45819,5665,6333452,865
13050000,3478116,12057428,3.46665,5677,6401002,833
13100000,3481965,12099853,3.4750099999999997,5688,6468030,833
13150000,3485781,12142179,3.48335,5709,6535764,833
13200000,3489504,12184636,3.4918,5726,6603288,841
13250000,3493291,12226903,3.50011,5745,6671484,849
13300000,3496915,12269131,3.5085599999999997,5766,6740902,852
13350000,3500698,12311295,3.51681,5783,6810521,848
13400000,3504491,12353563,3.52507,5799,6880203,830
13450000,3508356,12395742,3.53321,5819,6952328,839
13500000,3512140,12437919,3.54141,5837,7024100,831
13550000,3515910,12479910,3.54955,5859,7093586,842
13600000,3519640,12521953,3.5577400000000003,5877,7165606,843
13650000,3523363,12564019,3.5659199999999998,5902,7238025,825
13700000,3527035,12606054,3.5741199999999997,5930,7310393,851
13750000,3530662,12647982,3.5823300000000002,5950,7383491,848
13800000,3534231,12689825,3.59055,5966,7458230,840
13850000,3537894,12731705,3.59867,5982,7534800,850
13900000,3541460,12773667,3.60689,6005,7610380,841
13950000,3545039,12815430,3.6150300000000004,6027,7686286,831
14000000,3548638,12857313,3.6231699999999996,6050,7761158,858
14050000,3552094,12899078,3.6314,6063,7836327,803
14100000,3555551,12940887,3.6396300000000004,6084,7913717,830
14150000,3559095,12982720,3.64776,6106,7991569,854
14200000,3562483,13024357,3.6559800000000005,6123,8069999,837
14250000,3565997,13066115,3.6640800000000002,6140,8148511,855
14300000,3569495,13107859,3.67219,6166,8225678,820
14350000,3572983,13149485,3.68025,6187,8304008,821
14400000,3576421,13191195,3.6883800000000004,6212,8383094,839
14450000,3579881,13232695,3.6964099999999998,6235,8463120,844
14500000,3583276,13274296,3.70451,6247,8543105,832
14550000,3586650,13315744,3.71259,6271,8622144,823
14600000,3590017,13357257,3.7206699999999997,6282,8702171,832
14650000,3593286,13398583,3.7287800000000004,6294,8782859,806
14700000,3596677,13440004,3.7367800000000004,6309,8864528,837
14750000,3599961,13481420,3.74488,6320,8944532,830
14800000,3603414,13522774,3.7527699999999995,6342,9026524,817
14850000,3606756,13564099,3.76075,6367,9108576,826
14900000,3610033,13605438,3.7687800000000005,6386,9190745,822
14950000,3613351,13646713,3.77675,6400,9274235,815
15000000,3616614,13687928,3.78474,6417,9358686,836
15050000,3619812,13729242,3.79281,6438,9443002,797
15100000,3623119,13770457,3.8007199999999997,6450,9528686,802
15150000,3626296,13811690,3.80876,6470,9613123,824
15200000,3629565,13852850,3.81667,6490,9699073,795
15250000,3632783,13893861,3.82458,6506,9782675,786
15300000,3636024,13935091,3.8325099999999996,6525,9870229,838
15350000,3639298,13976280,3.84038,6545,9958588,829
15400000,3642537,14017274,3.8482199999999995,6568,10048373,822
15450000,3645717,14058335,3.8561199999999998,6587,10135906,821
15500000,3648891,14099291,3.8639900000000003,6606,10223113,823
15550000,3652078,14140378,3.87187,6629,10312433,818
15600000,3655228,14181108,3.8796800000000005,6654,10402332,806
15650000,3658288,14221931,3.8875900000000003,6663,10491083,826
15700000,3661453,14262861,3.89541,6682,10583099,782
15750000,3664548,14303776,3.90329,6710,10672895,810
15800000,3667535,14344687,3.91126,6729,10762458,803
15850000,3670619,14385483,3.91909,6754,10854213,823
15900000,3673709,14426256,3.92689,6774,10948316,823
15950000,3676750,14466789,3.9346699999999997,6790,11043086,822
16000000,3679831,14507625,3.9424699999999997,6819,11137060,814
16050000,3682935,14548336,3.9502,6831,11230061,796
16100000,3685981,14588971,3.95796,6846,11325288,793
16150000,3689092,14629641,3.96565,6871,11420560,811
16200000,3692014,14670266,3.9735099999999997,6893,11516153,839
16250000,3694994,14711055,3.98135,6912,11613758,828
16300000,3697981,14751456,3.98906,6940,11709690,813
16350000,3700889,14791961,3.99687,6965,11806701,804
16400000,3703898,14832291,4.00451,6977,11903767,815
16450000,3706763,14872541,4.01227,7004,12002907,768
16500000,3709739,14912919,4.01994,7024,12100542,817
16550000,3712715,14953208,4.02757,7045,12198432,809
16600000,3715699,14993529,4.03518,7070,12298826,791
16650000,3718615,15033778,4.04284,7086,12397957,818
16700000,3721464,15074129,4.050590000000001,7102,12498038,787
16750000,3724374,15114467,4.05826,7108,12599929,807
16800000,3727214,15154693,4.06596,7133,12701436,801
16850000,3730075,15194740,4.07357,7154,12799112,799
16900000,3732841,15234923,4.08132,7175,12899016,787
16950000,3735770,15275048,4.0888599999999995,7189,13000702,812
17000000,3738646,15315080,4.096419999999999,7200,13103355,774
17050000,3741478,15355243,4.10406,7218,13203146,815
17100000,3744402,15395419,4.11158,7227,13307955,792
17150000,3747245,15435480,4.11915,7236,13414175,829
17200000,3750093,15475465,4.12669,7259,13516466,799
17250000,3752853,15515301,4.13427,7270,13620654,776
17300000,3755673,15555227,4.14179,7290,13726481,801
17350000,3758440,15595122,4.14936,7308,13831411,809
17400000,3761269,15634713,4.15677,7331,13937331,817
17450000,3763983,15674599,4.16436,7343,14043512,791
17500000,3766805,15714373,4.1718,7358,14150421,805
17550000,3769537,15754240,4.17936,7377,14260248,802
17600000,3772322,15793877,4.186780000000001,7396,14367325,798
17650000,3775109,15833671,4.19423,7418,14473152,810
17700000,3777820,15873332,4.20172,7435,14582917,800
17750000,3780549,15913076,4.2092,7455,14694194,797
17800000,3783330,15952613,4.21655,7468,14807142,784
17850000,3785960,15992106,4.22406,7482,14918038,786
17900000,3788580,16031796,4.23161,7508,15028259,812
17950000,3791247,16071253,4.23904,7524,15139143,773
18000000,3793968,16110739,4.24641,7547,15249079,770
18050000,3796608,16150166,4.25384,7569,15358635,768
18100000,3799281,16189617,4.26123,7593,15469855,784
18150000,3801953,16229113,4.26863,7617,15582840,802
18200000,3804590,16268433,4.276,7634,15697028,756
18250000,3807125,16307841,4.28351,7660,15812695,775
18300000,3809795,16347167,4.290830000000001,7680,15925055,786
18350000,3812484,16386611,4.29815,7697,16040086,797
18400000,3815073,16425881,4.30552,7716,16155404,762
18450000,3817654,16465064,4.312869999999999,7732,16270146,762
18500000,3820302,16504270,4.32015,7754,16388365,792
18550000,3822956,16543498,4.3274099999999995,7769,16505806,795
18600000,3825493,16582551,4.33475,7781,16621043,777
18650000,3827961,16621703,4.34218,7800,16738203,781
18700000,3830482,16660755,4.34952,7817,16855354,774
18750000,3832967,16699963,4.35693,7829,16970113,771
18800000,3835511,16739019,4.3642199999999995,7852,17087921,806
18850000,3837992,16778036,4.371569999999999,7870,17209004,791
18900000,3840529,16816841,4.37878,7891,17332262,773
18950000,3843130,16855682,4.38593,7903,17451320,797
19000000,3845619,16894521,4.39319,7918,17571697,774
19050000,3848112,16933493,4.400469999999999,7942,17694081,776
19100000,3850590,16972396,4.40774,7961,17816641,773
19150000,3853152,17011306,4.41491,7978,17941764,777
19200000,3855592,17049950,4.42214,7998,18063171,773
19250000,3858109,17088708,4.4293,8012,18186690,778
19300000,3860661,17127523,4.43642,8034,18310197,787
19350000,3863144,17166174,4.44358,8053,18434047,773
19400000,3865620,17204949,4.45076,8073,18560350,774
19450000,3868052,17243628,4.45796,8085,18687782,771
19500000,3870478,17282454,4.4652,8108,18814465,769
19550000,3872929,17321010,4.47233,8125,18940909,759
19600000,3875360,17359474,4.47945,8136,19068159,766
19650000,3877778,17397999,4.4865900000000005,8154,19192661,778
19700000,3880267,17436482,4.4936300000000005,8167,19316067,763
19750000,3882605,17474949,4.5008300000000006,8179,19445188,790
19800000,3885013,17513408,4.5079400000000005,8193,19577376,775
19850000,3887292,17551898,4.5152,8214,19708297,764
19900000,3889762,17590300,4.5222,8231,19836479,775
19950000,3892150,17628641,4.52928,8244,19963495,787
20000000,3894511,17667118,4.53641,8257,20096710,753
20050000,3896880,17705550,4.54352,8274,20227588,769
20100000,3899207,17743770,4.55061,8289,20353184,746
20150000,3901624,17782142,4.5576300000000005,8305,20483895,765
20200000,3904021,17820484,4.56465,8320,20618145,776
20250000,3906405,17858667,4.57164,8340,20751206,765
20300000,3908802,17896830,4.5786,8350,20883414,787
20350000,3911092,17934803,4.58563,8365,21015223,740
20400000,3913393,17972986,4.59269,8379,21149023,770
20450000,3915559,18011096,4.599880000000001,8399,21283213,771
20500000,3917794,18049117,4.60696,8413,21419856,765
20550000,3920024,18087071,4.61402,8434,21554487,752
20600000,3922320,18124824,4.62094,8454,21692363,736
20650000,3924573,18162758,4.62796,8481,21827325,731
20700000,3926797,18200785,4.63502,8493,21962980,757
20750000,3929064,18238744,4.64201,8511,22098735,754
20800000,3931323,18276738,4.649,8528,22236968,768
20850000,3933503,18314437,4.65601,8542,22374411,770
20900000,3935802,18352330,4.66292,8558,22510751,758
20950000,3938067,18390181,4.66985,8574,22650825,762
21000000,3940278,18427853,4.6767900000000004,8592,22788974,736
21050000,3942524,18465621,4.68371,8610,22927744,755
21100000,3944752,18503300,4.6906099999999995,8632,23068993,749
21150000,3946941,18540969,4.69755,8646,23211430,754
21200000,3949106,18578517,4.70449,8659,23351353,736
21250000,3951295,18616254,4.71143,8693,23494388,742
21300000,3953412,18653787,4.7184,8709,23635996,747
21350000,3955572,18691267,4.7253,8718,23781149,741
21400000,3957708,18728723,4.73221,8740,23921832,758
21450000,3959789,18766103,4.73917,8762,24068228,743
21500000,3961975,18803449,4.74598,8780,24207891,756
21550000,3964116,18840993,4.75289,8800,24350757,759
21600000,3966225,18878195,4.75974,8819,24493877,727
21650000,3968389,18915555,4.76656,8841,24643420,733
21700000,3970521,18952740,4.77336,8853,24788838,746
21750000,3972737,18990231,4.78014,8879,24937888,757
21800000,3974902,19027418,4.7868900000000005,8906,25084808,745
21850000,3977005,19064675,4.79373,8925,25236067,741
21900000,3979122,19102164,4.8006,8954,25384124,778
21950000,3981189,19139309,4.80744,8972,25530024,755
22000000,3983195,19176453,4.8143400000000005,8988,25678952,751
22050000,3985320,19213657,4.82111,9012,25829005,730
22100000,3987339,19250650,4.82794,9033,25974730,759
22150000,3989458,19287595,4.83464,9049,26125697,752
22200000,3991530,19324682,4.841419999999999,9063,26280401,756
22250000,3993576,19361610,4.84819,9087,26430491,747
22300000,3995617,19398685,4.85499,9108,26583832,718
22350000,3997678,19435733,4.861759999999999,9123,26740646,736
22400000,3999813,19472617,4.86838,9147,26896136,760
22450000,4001846,19509487,4.87512,9159,27050054,741
22500000,4003806,19546245,4.88192,9177,27200873,746
22550000,4005889,19583168,4.88859,9186,27356623,728
22600000,4007905,19619917,4.8953,9220,27509832,723
22650000,4009966,19656896,4.90201,9239,27663428,721
22700000,4012014,19693729,4.90869,9261,27814883,754
22750000,4014059,19730383,4.9153199999999995,9276,27966288,757
22800000,4016057,19766975,4.92199,9290,28122539,722
22850000,4018092,19803763,4.92865,9305,28284623,752
22900000,4020090,19840277,4.9352800000000006,9323,28442625,730
22950000,4022029,19876825,4.9419900000000005,9339,28599102,761
23000000,4023987,19913531,4.94871,9362,28756321,735
23050000,4025989,19950104,4.95533,9383,28915135,744
23100000,4027906,19986544,4.96202,9406,29071026,721
23150000,4029850,20023046,4.96868,9426,29229337,717
23200000,4031818,20059367,4.97527,9452,29390613,718
23250000,4033796,20095972,4.9819,9466,29554519,729
23300000,4035835,20132439,4.98842,9488,29712105,709
23350000,4037846,20168770,4.99493,9507,29875382,749
23400000,4039851,20204839,5.00138,9522,30030849,710
23450000,4041876,20241254,5.00789,9549,30195766,758
23500000,4043791,20277493,5.014480000000001,9565,30353726,737
23550000,4045769,20313916,5.0210300000000005,9577,30511729,724
23600000,4047785,20350139,5.027480000000001,9599,30675011,725
23650000,4049717,20386107,5.0339599999999995,9620,30832305,720
23700000,4051600,20422176,5.04052,9638,30999474,721
23750000,4053511,20458449,5.04709,9655,31161933,708
23800000,4055392,20494542,5.05365,9675,31322933,731
23850000,4057326,20530731,5.06016,9685,31488367,727
23900000,4059270,20566957,5.06666,9704,31656946,717
23950000,4061223,20602975,5.0731,9712,31822165,721
24000000,4063127,20638985,5.07958,9740,31988303,727
24050000,4065040,20675235,5.08611,9750,32157970,730
24100000,4066822,20711061,5.09269,9766,32328726,721
24150000,4068693,20747031,5.09919,9779,32502307,746
24200000,4070603,20782874,5.1056,9805,32673447,739
24250000,4072474,20818679,5.11205,9833,32842142,696
24300000,4074383,20854540,5.11845,9850,33009890,732
24350000,4076257,20890393,5.1249,9873,33178319,698
24400000,4078104,20926203,5.13136,9890,33351341,689
24450000,4079920,20961787,5.13779,9909,33518553,730
24500000,4081844,20997644,5.14416,9926,33689151,717
24550000,4083643,21033270,5.1506099999999995,9942,33860328,713
24600000,4085412,21068968,5.15712,9959,34036318,718
24650000,4087265,21104704,5.163530000000001,9973,34204586,706
24700000,4089102,21140227,5.1698900000000005,9988,34377000,668
24750000,4090912,21175759,5.17629,10010,34549796,731
24800000,4092776,21211302,5.18262,10022,34721357,713
24850000,4094609,21246777,5.18896,10042,34895722,712
24900000,4096427,21282439,5.19537,10059,35074291,719
24950000,4098193,21317903,5.20178,10072,35244538,709
25000000,4099994,21353467,5.20817,10089,35422374,715
25050000,4101781,21388949,5.21455,10107,35598340,715
25100000,4103484,21424282,5.221,10126,35775395,717
25150000,4105248,21459660,5.22737,10145,35954472,690
25200000,4106997,21494895,5.23373,10156,36135037,726
25250000,4108783,21530273,5.24006,10172,36311768,733
25300000,4110616,21565523,5.2463,10192,36492676,713
25350000,4112415,21600754,5.2525699999999995,10209,36670953,706
25400000,4114148,21636087,5.25895,10225,36848064,710
25450000,4115848,21671110,5.265280000000001,10247,37024846,719
25500000,4117552,21706226,5.27163,10267,37202066,710
25550000,4119324,21741140,5.27784,10283,37379620,702
25600000,4121051,21776279,5.28416,10305,37563592,713
25650000,4122834,21811411,5.29039,10320,37748103,691
25700000,4124617,21846431,5.2966,10340,37934590,702
25750000,4126320,21881432,5.3028900000000005,10357,38114363,699
25800000,4128119,21916571,5.30909,10368,38297045,686
25850000,4129897,21951520,5.31527,10385,38483923,678
25900000,4131634,21986425,5.32148,10404,38661047,684
25950000,4133412,22021365,5.32765,10420,38836083,703
26000000,4135172,22056078,5.33378,10436,39022539,699
26050000,4136898,22091016,5.34,10452,39210719,672
26100000,4138677,22125889,5.3461300000000005,10469,39393970,694
26150000,4140388,22160575,5.35229,10489,39585796,692
26200000,4142159,22195225,5.35837,10500,39768146,705
26250000,4143876,22230077,5.36456,10510,39961596,684
26300000,4145534,22264620,5.37075,10529,40151509,695
26350000,4147219,22299203,5.37691,10545,40339173,676
26400000,4148958,22333691,5.38296,10562,40520495,689
26450000,4150644,22368158,5.38908,10579,40711185,692
26500000,4152364,22402664,5.39516,10594,40899050,708
26550000,4154047,22437279,5.40131,10616,41086616,688
26600000,4155662,22471798,5.40751,10627,41280901,701
26650000,4157274,22506290,5.41371,10643,41471427,707
26700000,4158973,22540680,5.41977,10656,41660934,691
26750000,4160559,22575149,5.4259900000000005,10676,41849353,667
26800000,4162207,22609856,5.432180000000001,10692,42045676,701
26850000,4163889,22644348,5.438269999999999,10709,42244332,685
26900000,4165548,22678715,5.44435,10720,42437187,710
26950000,4167168,22713005,5.45047,10737,42630013,684
27000000,4168847,22747406,5.456519999999999,10759,42822824,673
27050000,4170527,22781674,5.46254,10774,43019874,697
27100000,4172102,22815896,5.46868,10788,43213050,676
27150000,4173737,22849957,5.4747,10799,43403836,678
27200000,4175403,22884158,5.48071,10814,43601880,660
27250000,4177047,22918168,5.48669,10835,43800118,681
27300000,4178650,22952320,5.49276,10856,43992837,651
27350000,4180238,22986189,5.49878,10870,44188557,678
27400000,4181897,23020200,5.50473,10886,44379737,695
27450000,4183512,23054105,5.5107099999999996,10901,44574712,694
27500000,4185169,23088088,5.51664,10919,44771624,650
27550000,4186725,23122148,5.52273,10941,44960774,665
27600000,4188279,23156123,5.52879,10952,45159366,675
27650000,4189853,23190002,5.5348,10961,45360463,673
27700000,4191416,23223975,5.54084,10980,45561127,682
27750000,4193000,23257604,5.5467699999999995,10999,45761878,654
27800000,4194517,23291319,5.5528,11013,45961759,677
27850000,4196074,23325135,5.5588,11017,46160257,708
27900000,4197654,23359074,5.56479,11034,46367910,662
27950000,4199187,23392692,5.5707699999999996,11052,46567879,691
28000000,4200806,23426409,5.57665,11068,46768366,655
28050000,4202420,23459908,5.58248,11081,46976696,693
28100000,4204054,23493636,5.58833,11100,47180397,668
28150000,4205568,23527195,5.5943,11114,47379117,678
28200000,4207115,23560714,5.60021,11127,47581479,674
28250000,4208672,23594076,5.60606,11146,47784868,669
28300000,4210190,23627454,5.6119699999999995,11166,47983238,681
28350000,4211734,23660978,5.61787,11176,48191351,669
28400000,4213318,23694430,5.6237,11193,48400858,678
28450000,4214881,23728020,5.629580000000001,11205,48611157,655
28500000,4216407,23761487,5.63548,11227,48818140,687
28550000,4217918,23794702,5.6413400000000005,11238,49025299,658
28600000,4219435,23828061,5.64722,11259,49227902,658
28650000,4220868,23861360,5.65319,11274,49430105,668
28700000,4222375,23894821,5.65909,11288,49641252,682
28750000,4223880,23928183,5.66498,11307,49853771,686
28800000,4225337,23961498,5.67091,11323,50062136,696
28850000,4226910,23994755,5.67667,11335,50270527,679
28900000,4228343,24027757,5.68255,11350,50474754,653
28950000,4229841,24060913,5.68837,11366,50688495,654
29000000,4231336,24094133,5.69421,11376,50896087,646
29050000,4232780,24127210,5.70009,11394,51101526,666
29100000,4234279,24160250,5.70587,11409,51316653,657
29150000,4235763,24193274,5.71167,11424,51525926,666
29200000,4237252,24226079,5.7174,11445,51736278,649
29250000,4238772,24258978,5.72311,11457,51946743,646
29300000,4240223,24292083,5.72896,11475,52156565,678
29350000,4241681,24325120,5.734780000000001,11489,52367505,661
29400000,4243207,24357849,5.74043,11503,52577334,654
29450000,4244619,24390688,5.7462599999999995,11523,52788824,655
29500000,4246009,24423507,5.75211,11544,53005262,638
29550000,4247424,24456376,5.75793,11556,53218223,657
29600000,4248841,24488999,5.76369,11573,53431960,646
29650000,4250294,24521815,5.76944,11587,53652266,646
29700000,4251727,24554673,5.77522,11605,53869136,631
29750000,4253195,24587293,5.7809,11624,54081683,647
29800000,4254709,24619964,5.786519999999999,11643,54299259,660
29850000,4256224,24652615,5.79213,11662,54511678,639
29900000,4257660,24685224,5.79784,11677,54726050,663
29950000,4259045,24717762,5.80359,11696,54938614,649
30000000,4260489,24750155,5.80923,11718,55152310,645
30050000,4261982,24782614,5.81481,11724,55369779,667
30100000,4263363,24815291,5.82059,11732,55581781,652
30150000,4264756,24847791,5.826309999999999,11742,55798595,642
30200000,4266186,24880266,5.83197,11757,56011470,643
30250000,4267532,24912626,5.8377099999999995,11777,56229053,637
30300000,4268917,24945100,5.843430000000001,11807,56452727,630
30350000,4270318,24977536,5.8491,11821,56674233,636
30400000,4271746,25009771,5.8547,11837,56889844,664
30450000,4273155,25041990,5.8603,11850,57113343,641
30500000,4274520,25074216,5.86597,11866,57331787,626
30550000,4275904,25106393,5.8716,11881,57557137,635
30600000,4277258,25138541,5.87726,11905,57776095,635
30650000,4278607,25170590,5.88289,11921,57996840,625
30700000,4280075,25202848,5.8884099999999995,11931,58222521,628
30750000,4281469,25234949,5.8939900000000005,11945,58447157,631
30800000,4282863,25266895,5.89953,11968,58666080,630
30850000,4284244,25298859,5.90509,11980,58889470,655
30900000,4285578,25330757,5.9107,11989,59112598,631
30950000,4286918,25362604,5.91628,12010,59331471,633
31000000,4288253,25394587,5.9219,12027,59558590,625
31050000,4289589,25426368,5.92746,12046,59775654,626
31100000,4291007,25458294,5.93294,12068,59995607,668
31150000,4292342,25490131,5.93851,12082,60219977,634
31200000,4293731,25522004,5.94402,12093,60449465,641
31250000,4295156,25553768,5.94944,12108,60674753,640
31300000,4296541,25585608,5.95493,12124,60903885,634
31350000,4297883,25617377,5.960459999999999,12134,61128178,615
31400000,4299165,25649223,5.96609,12159,61356620,612
31450000,4300473,25681018,5.97167,12171,61586377,608
31500000,4301823,25712621,5.97715,12187,61816080,619
31550000,4303195,25744176,5.98257,12201,62044535,644
31600000,4304528,25775820,5.98807,12217,62276534,626
31650000,4305850,25807171,5.99351,12226,62508691,627
31700000,4307181,25838756,5.99899,12241,62743356,676
31750000,4308499,25870126,6.00444,12266,62976743,619
31800000,4309766,25901367,6.00992,12270,63215726,620
31850000,4311046,25932764,6.01542,12282,63447664,636
31900000,4312337,25964119,6.0208900000000005,12296,63680127,654
31950000,4313662,25995604,6.02634,12319,63908830,618
32000000,4314882,26026949,6.0319,12330,64138828,617
32050000,4316177,26058320,6.03736,12345,64376320,637
32100000,4317500,26089595,6.0427599999999995,12351,64605948,619
32150000,4318774,26120863,6.04821,12365,64837272,621
32200000,4320097,26152278,6.05363,12381,65072205,640
32250000,4321266,26183478,6.05921,12399,65302978,624
32300000,4322519,26214713,6.06468,12418,65537778,604
32350000,4323774,26245812,6.070119999999999,12427,65764958,597
32400000,4325097,26276903,6.07545,12442,66000069,633
32450000,4326393,26308075,6.080830000000001,12450,66236240,631
32500000,4327646,26339067,6.0862300000000005,12470,66472558,596
32550000,4328990,26370101,6.0915099999999995,12485,66706585,617
32600000,4330268,26401074,6.09687,12498,66937660,632
32650000,4331534,26431960,6.10222,12513,67167987,645
32700000,4332735,26462937,6.10767,12524,67405350,610
32750000,4333986,26493853,6.11305,12542,67636120,605
32800000,4335223,26524868,6.11846,12556,67869734,622
32850000,4336508,26555656,6.12374,12568,68111535,634
32900000,4337778,26586474,6.12905,12581,68349453,626
32950000,4338988,26617175,6.1344199999999995,12600,68585742,582
33000000,4340246,26647844,6.13971,12609,68821810,600
33050000,4341447,26678508,6.14507,12619,69056969,621
33100000,4342681,26709215,6.1504,12637,69291141,628
33150000,4343883,26740012,6.1557900000000005,12660,69531405,651
33200000,4345117,26770615,6.16108,12676,69768466,635
33250000,4346311,26801191,6.16642,12690,70010982,612
33300000,4347565,26831739,6.17167,12703,70245096,588
33350000,4348782,26862218,6.17695,12721,70481660,603
33400000,4350018,26892829,6.182230000000001,12735,70723437,602
33450000,4351230,26923259,6.18751,12741,70963972,595
33500000,4352468,26953687,6.192740000000001,12757,71206920,606
33550000,4353622,26984156,6.1980900000000005,12782,71451408,588
33600000,4354837,27014446,6.20332,12798,71692463,616
33650000,4356102,27045055,6.20854,12816,71939522,619
33700000,4357280,27075313,6.21381,12836,72183975,618
33750000,4358529,27105783,6.2190199999999995,12845,72429414,613
33800000,4359700,27136245,6.22434,12860,72672770,603
33850000,4360905,27166622,6.22958,12867,72921692,626
33900000,4362066,27196775,6.23484,12887,73160279,594
33950000,4363283,27226914,6.24001,12904,73402517,619
34000000,4364485,27257195,6.24523,12916,73649042,607
34050000,4365647,27287519,6.25051,12926,73900004,598
34100000,4366816,27317610,6.255730000000001,12937,74144142,611
34150000,4367997,27347767,6.26094,12952,74393424,613
34200000,4369203,27377698,6.2660599999999995,12963,74635461,615
34250000,4370411,27407905,6.27124,12972,74878433,617
34300000,4371590,27437944,6.27642,12993,75123931,619
34350000,4372709,27467697,6.281619999999999,13017,75364467,605
34400000,4373818,27497448,6.28683,13021,75615296,574
34450000,4375008,27527587,6.292009999999999,13038,75871023,625
34500000,4376129,27557709,6.297280000000001,13051,76109960,597
34550000,4377276,27587602,6.30246,13067,76354626,626
34600000,4378457,27617387,6.30756,13080,76609998,615
34650000,4379605,27647156,6.31271,13087,76859192,610
34700000,4380750,27676972,6.31786,13101,77107954,615
34750000,4381865,27706915,6.3230900000000005,13115,77361209,624
34800000,4383044,27736714,6.32819,13141,77617401,584
34850000,4384210,27766546,6.33331,13151,77867768,591
34900000,4385331,27796162,6.33844,13162,78116352,576
34950000,4386457,27825739,6.34356,13170,78366880,605
35000000,4387585,27855344,6.348669999999999,13181,78608488,574
35050000,4388794,27884922,6.35366,13206,78859396,578
35100000,4389927,27914666,6.3588,13221,79108554,588
35150000,4391064,27944207,6.36388,13236,79358866,578
35200000,4392207,27973846,6.36897,13251,79607500,601
35250000,4393315,28003312,6.37407,13267,79857181,587
35300000,4394446,28032707,6.3791199999999995,13282,80103967,575
35350000,4395592,28062149,6.38416,13292,80362211,586
35400000,4396698,28091586,6.38925,13316,80608952,567
35450000,4397792,28120844,6.39431,13330,80857027,605
35500000,4398909,28150014,6.3993199999999995,13341,81104857,592
35550000,4400015,28179088,6.404319999999999,13350,81354530,575
35600000,4401176,28208372,6.40928,13360,81608198,561
35650000,4402268,28237510,6.4143099999999995,13369,81859957,594
35700000,4403398,28266830,6.41932,13389,82117758,586
35750000,4404527,28295926,6.42428,13401,82370959,585
35800000,4405627,28325041,6.42929,13421,82621993,573
35850000,4406728,28354083,6.43427,13427,82867555,604
35900000,4407837,28383219,6.43926,13440,83117897,598
35950000,4408977,28412304,6.44419,13452,83371964,574
36000000,4410119,28441522,6.44915,13464,83623214,584
36050000,4411162,28470406,6.4541699999999995,13471,83877802,599
36100000,4412220,28499317,6.45918,13495,84123240,583
36150000,4413248,28528335,6.46425,13511,84387010,588
36200000,4414342,28557174,6.469180000000001,13530,84649019,561
36250000,4415440,28586208,6.47415,13539,84911841,607
36300000,4416576,28615046,6.47901,13562,85158598,589
36350000,4417634,28643964,6.48401,13580,85417949,584
36400000,4418737,28672823,6.488919999999999,13587,85676534,567
36450000,4419810,28701382,6.4938,13603,85931319,560
36500000,4420867,28730265,6.4987900000000005,13614,86195214,591
36550000,4421910,28759181,6.50379,13624,86456841,567
36600000,4422938,28787786,6.50875,13641,86718479,595
36650000,4424043,28816446,6.5136,13660,86979665,585
36700000,4425086,28845001,6.51852,13677,87248652,570
36750000,4426146,28873604,6.52342,13686,87500256,542
36800000,4427209,28902074,6.5282800000000005,13699,87764851,606
36850000,4428310,28930590,6.5331,13707,88023131,585
36900000,4429365,28958959,6.53795,13721,88282708,554
36950000,4430439,28987463,6.5428,13738,88546431,560
37000000,4431522,29015764,6.54758,13749,88806118,555
37050000,4432556,29044051,6.55244,13758,89065988,549
37100000,4433591,29072246,6.55727,13768,89326248,573
37150000,4434612,29100555,6.562139999999999,13778,89591408,586
37200000,4435686,29128871,6.56694,13794,89845971,590
37250000,4436724,29157151,6.57177,13805,90109795,540
37300000,4437806,29185406,6.57654,13818,90366986,554
37350000,4438863,29213521,6.58131,13827,90629706,563
37400000,4439936,29241713,6.586069999999999,13836,90891952,544
37450000,4440960,29269955,6.590910000000001,13848,91158193,598
37500000,4441928,29298047,6.5958,13856,91415239,559
37550000,4443007,29326092,6.600510000000001,13864,91678938,563
37600000,4444065,29354051,6.605230000000001,13876,91936873,570
37650000,4445145,29382349,6.60999,13894,92207321,560
37700000,4446140,29410302,6.614789999999999,13910,92473071,573
37750000,4447110,29438207,6.61963,13915,92740944,551
37800000,4448146,29466160,6.62437,13933,93001165,540
37850000,4449130,29494059,6.629169999999999,13946,93270329,563
37900000,4450178,29521981,6.633889999999999,13953,93537768,524
37950000,4451219,29549992,6.63863,13975,93804814,557
38000000,4452203,29577845,6.64342,13990,94072689,549
38050000,4453234,29605726,6.64814,14005,94339078,577
38100000,4454291,29633335,6.652760000000001,14019,94598687,524
38150000,4455292,29661112,6.6575,14027,94862993,584
38200000,4456291,29688838,6.66223,14034,95125932,523
38250000,4457247,29716600,6.6670300000000005,14046,95391127,580
38300000,4458256,29744451,6.6717699999999995,14064,95649647,600
38350000,4459234,29772107,6.67651,14083,95909042,557
38400000,4460263,29799974,6.681210000000001,14104,96185449,575
38450000,4461270,29827414,6.685860000000001,14112,96449019,529
38500000,4462253,29855002,6.69057,14124,96717844,555
38550000,4463270,29882389,6.695180000000001,14139,96982960,544
38600000,4464224,29909955,6.69992,14147,97252167,545
38650000,4465178,29937271,6.704610000000001,14165,97512013,540
38700000,4466178,29964811,6.70927,14182,97774957,521
38750000,4467072,29992125,6.71405,14194,98044590,548
38800000,4468067,30019455,6.7186699999999995,14203,98312865,566
38850000,4469046,30046912,6.723339999999999,14215,98581976,549
38900000,4469984,30074035,6.728,14226,98855375,540
38950000,4470977,30101286,6.7326,14248,99118676,550
39000000,4471943,30128636,6.737260000000001,14254,99390886,535
39050000,4472911,30156019,6.7419199999999995,14262,99660918,535
39100000,4473899,30183262,6.746519999999999,14279,99937354,562
39150000,4474871,30210587,6.7511600000000005,14285,100207317,547
39200000,4475775,30237804,6.75588,14297,100468725,552
39250000,4476680,30265019,6.76059,14308,100747344,558
39300000,4477622,30292113,6.765219999999999,14317,101018044,550
39350000,4478573,30319182,6.769830000000001,14334,101291980,553
39400000,4479488,30346126,6.77446,14354,101560833,550
39450000,4480385,30373176,6.779139999999999,14372,101839421,511
39500000,4481317,30400254,6.78378,14386,102108106,538
39550000,4482298,30427242,6.788310000000001,14391,102381525,544
39600000,4483228,30454203,6.79292,14405,102652101,537
39650000,4484163,30481032,6.79749,14421,102925720,531
39700000,4485135,30507948,6.802010000000001,14433,103198061,507
39750000,4486031,30534881,6.806660000000001,14442,103481868,547
39800000,4486980,30561787,6.81122,14452,103755425,536
39850000,4487962,30588549,6.815689999999999,14465,104031779,516
39900000,4488790,30615229,6.82037,14472,104308259,544
39950000,4489765,30641712,6.824789999999999,14491,104574436,522
40000000,4490666,30668592,6.82941,14498,104844851,532
40050000,4491581,30695152,6.8339300000000005,14505,105114529,500
40100000,4492511,30721621,6.8384100000000005,14515,105395275,518
40150000,4493434,30748208,6.8429199999999994,14529,105672608,517
40200000,4494384,30774729,6.84737,14536,105951242,506
40250000,4495350,30801269,6.85181,14539,106220720,501
40300000,4496325,30827807,6.8562199999999995,14549,106489929,519
40350000,4497285,30854139,6.86061,14559,106773150,533
40400000,4498228,30880787,6.8651,14580,107042282,516
40450000,4499171,30907025,6.869489999999999,14592,107318728,525
40500000,4500067,30933311,6.87397,14600,107590677,504
40550000,4500960,30959664,6.8784600000000005,14610,107868321,532
40600000,4501920,30986186,6.88288,14625,108149879,524
40650000,4502821,31012509,6.88735,14635,108420754,532
40700000,4503729,31038740,6.891789999999999,14650,108701303,516
40750000,4504630,31065063,6.89625,14659,108980402,525
40800000,4505495,31091220,6.90073,14677,109252994,532
40850000,4506414,31117663,6.905189999999999,14690,109533978,542
40900000,4507298,31143808,6.90964,14699,109806412,512
40950000,4508207,31169926,6.914039999999999,14716,110081154,529
41000000,4509063,31196045,6.91852,14725,110368654,492
41050000,4509999,31222213,6.92289,14747,110640997,537
41100000,4510946,31248237,6.9272,14760,110916796,497
41150000,4511903,31274206,6.931489999999999,14775,111192131,508
41200000,4512735,31299971,6.935919999999999,14787,111482374,500
41250000,4513612,31326002,6.940339999999999,14799,111759847,516
41300000,4514457,31351970,6.944789999999999,14805,112038421,509
41350000,4515367,31378170,6.9492,14812,112322034,504
41400000,4516203,31403881,6.9536,14833,112592890,516
41450000,4517080,31429654,6.957960000000001,14839,112868622,554
41500000,4517991,31455588,6.9623,14852,113149440,523
41550000,4518897,31481296,6.966589999999999,14865,113423213,516
41600000,4519804,31507021,6.97088,14873,113701296,549
41650000,4520705,31532620,6.975160000000001,14886,113986644,498
41700000,4521609,31558382,6.97946,14898,114273895,511
41750000,4522422,31583888,6.98384,14909,114542995,519
41800000,4523296,31609555,6.988169999999999,14913,114827263,500
41850000,4524157,31634924,6.99245,14933,115107369,504
41900000,4525051,31660296,6.99667,14947,115384078,519
41950000,4525884,31685796,7.00102,14957,115660438,503
42000000,4526751,31711253,7.0053,14968,115943338,515
42050000,4527575,31736642,7.0096300000000005,14981,116218700,501
42100000,4528447,31762230,7.01393,14992,116492241,522
42150000,4529318,31787569,7.01818,15003,116766451,514
42200000,4530238,31813144,7.0224,15011,117045890,502
42250000,4531077,31838534,7.0267,15021,117323625,510
42300000,4531935,31863738,7.030930000000001,15029,117605137,532
42350000,4532742,31888989,7.03525,15042,117876550,505
42400000,4533583,31914304,7.03953,15056,118153950,480
42450000,4534391,31939501,7.043830000000001,15080,118425958,483
42500000,4535263,31964696,7.048039999999999,15092,118704228,520
42550000,4536148,31989865,7.0522100000000005,15110,118988637,486
42600000,4536968,32015066,7.056489999999999,15124,119276635,502
42650000,4537771,32040233,7.060789999999999,15141,119558936,529
42700000,4538584,32065379,7.065060000000001,15157,119843612,523
42750000,4539406,32090395,7.06929,15169,120124358,508
42800000,4540214,32115489,7.0735600000000005,15178,120406497,517
42850000,4541020,32140442,7.0778,15186,120679738,508
42900000,4541869,32165477,7.081989999999999,15200,120964594,467
42950000,4542675,32190635,7.08627,15217,121245251,493
43000000,4543537,32215508,7.0904,15230,121519331,509
43050000,4544366,32240459,7.0946,15237,121797893,473
43100000,4545224,32265408,7.09875,15243,122081569,479
43150000,4546004,32290001,7.102939999999999,15256,122356652,468
43200000,4546885,32314807,7.1070199999999994,15271,122635213,481
43250000,4547712,32339628,7.11119,15282,122918421,492
43300000,4548533,32364454,7.115360000000001,15294,123203236,499
43350000,4549366,32389083,7.11947,15301,123493735,505
43400000,4550188,32413621,7.1235800000000005,15315,123769199,521
43450000,4551029,32438269,7.127680000000001,15326,124055978,488
43500000,4551852,32463029,7.13183,15334,124338436,500
43550000,4552577,32487405,7.13605,15346,124619558,481
43600000,4553396,32512204,7.140210000000001,15350,124907150,493
43650000,4554208,32536592,7.14429,15361,125182312,505
43700000,4555015,32560982,7.14838,15381,125467832,476
43750000,4555815,32585605,7.1525300000000005,15392,125747360,505
43800000,4556589,32609956,7.1566600000000005,15400,126029383,495
43850000,4557383,32634404,7.16078,15424,126312615,496
43900000,4558155,32658874,7.16493,15431,126600796,459
43950000,4558976,32683278,7.169,15448,126892772,477
44000000,4559806,32707565,7.173019999999999,15464,127181259,468
44050000,4560563,32731842,7.17715,15476,127466734,486
44100000,4561384,32756099,7.18118,15490,127761053,485
44150000,4562226,32780302,7.185160000000001,15501,128046230,483
44200000,4562967,32804397,7.18927,15513,128323501,481
44250000,4563703,32828586,7.193410000000001,15523,128604062,506
44300000,4564470,32852455,7.197430000000001,15534,128886391,480
44350000,4565256,32876469,7.20145,15542,129171344,492
44400000,4566028,32900546,7.20551,15552,129456494,466
44450000,4566815,32924563,7.2095199999999995,15560,129735782,463
44500000,4567570,32948517,7.21358,15573,130016393,482
44550000,4568356,32972519,7.2175899999999995,15586,130309354,483
44600000,4569141,32996560,7.221610000000001,15592,130599143,476
44650000,4569883,33020347,7.225639999999999,15597,130886609,468
44700000,4570636,33044259,7.22969,15620,131176673,521
44750000,4571407,33068180,7.2337,15632,131457686,493
44800000,4572169,33092156,7.23774,15642,131736812,503
44850000,4572956,33115738,7.24165,15661,132015280,502
44900000,4573710,33139672,7.24569,15682,132304412,490
44950000,4574511,33163451,7.249619999999999,15692,132591719,480
45000000,4575285,33187164,7.25357,15709,132868594,457
45050000,4576035,33210672,7.2575199999999995,15714,133146466,470
45100000,4576798,33234327,7.261480000000001,15731,133437211,449
45150000,4577557,33258166,7.26548,15744,133721545,485
45200000,4578299,33281772,7.2694600000000005,15758,134020674,479
45250000,4579041,33305376,7.273439999999999,15767,134307647,477
45300000,4579799,33329128,7.277419999999999,15778,134599147,476
45350000,4580548,33352889,7.28142,15788,134888448,443
45400000,4581280,33376378,7.28538,15803,135169802,443
45450000,4582041,33399879,7.2893,15817,135447426,448
45500000,4582812,33423305,7.293189999999999,15829,135732682,450
45550000,4583539,33446661,7.29713,15842,136021205,498
45600000,4584302,33470093,7.301019999999999,15851,136300485,475
45650000,4585048,33493430,7.30492,15860,136578684,489
45700000,4585797,33516720,7.30881,15872,136863604,508
45750000,4586512,33540055,7.312760000000001,15876,137153436,473
45800000,4587284,33563458,7.31663,15884,137443347,488
45850000,4587963,33586587,7.320589999999999,15896,137730462,446
45900000,4588702,33609819,7.32447,15907,138016074,471
45950000,4589438,33632825,7.328310000000001,15918,138300361,439
46000000,4590163,33656088,7.3322199999999995,15925,138580849,460
46050000,4590913,33679306,7.33608,15936,138863136,465
46100000,4591603,33702240,7.33997,15942,139136435,470
46150000,4592307,33725239,7.34386,15955,139417666,464
46200000,4593010,33748328,7.347760000000001,15966,139706921,491
46250000,4593741,33771508,7.35164,15974,139998605,431
46300000,4594495,33794574,7.35545,15990,140289481,469
46350000,4595192,33817521,7.35933,16002,140574015,463
46400000,4595937,33840316,7.36309,16011,140854329,455
46450000,4596724,33863130,7.3668,16025,141134681,467
46500000,4597394,33885925,7.37068,16036,141425664,446
46550000,4598126,33908853,7.37449,16048,141711640,456
46600000,4598824,33931709,7.37834,16053,141999840,454
46650000,4599495,33954554,7.3822399999999995,16064,142278031,477
46700000,4600213,33977492,7.38607,16074,142562281,456
46750000,4600943,34000228,7.3898399999999995,16083,142862740,437
46800000,4601693,34022859,7.39355,16090,143150996,477
46850000,4602355,34045456,7.3974,16113,143435804,455
46900000,4603069,34068237,7.4012,16116,143725570,441
46950000,4603785,34090851,7.404960000000001,16122,144007593,449
47000000,4604510,34113451,7.4087,16132,144292869,437
47050000,4605233,34136006,7.412439999999999,16142,144593406,468
47100000,4605947,34158472,7.41617,16152,144876212,432
47150000,4606665,34180857,7.4198699999999995,16162,145166765,447
47200000,4607296,34203259,7.423719999999999,16167,145454704,435
47250000,4607978,34225623,7.42747,16180,145743315,452
47300000,4608697,34247901,7.43115,16184,146028338,443
47350000,4609389,34270368,7.4349,16196,146321106,460
47400000,4610073,34292571,7.438619999999999,16208,146608612,454
47450000,4610748,34314919,7.44238,16216,146900804,462
47500000,4611434,34337006,7.446060000000001,16233,147185990,425
47550000,4612108,34359183,7.4497800000000005,16242,147482853,459
47600000,4612802,34381553,7.4535100000000005,16255,147772743,463
47650000,4613488,34403818,7.4572199999999995,16259,148056149,451
47700000,4614184,34425911,7.460889999999999,16270,148350555,461
47750000,4614897,34448088,7.4645399999999995,16280,148635541,454
47800000,4615576,34470284,7.46825,16289,148915726,467
47850000,4616287,34492255,7.47186,16303,149189671,442
47900000,4616997,34514265,7.47548,16322,149475981,437
47950000,4617666,34536167,7.479139999999999,16326,149764555,438
48000000,4618383,34558101,7.48273,16335,150053219,439
48050000,4619028,34580155,7.486460000000001,16344,150347732,467
48100000,4619714,34602083,7.4900899999999995,16358,150634450,413
48150000,4620413,34623996,7.4937,16370,150924440,434
48200000,4621106,34645997,7.4973399999999994,16386,151207686,454
48250000,4621766,34667741,7.50097,16393,151482276,424
48300000,4622470,34689451,7.50453,16401,151772220,404
48350000,4623115,34711091,7.50816,16411,152059376,464
48400000,4623825,34732937,7.51173,16417,152348273,462
48450000,4624470,34754552,7.51536,16429,152635069,426
48500000,4625143,34776271,7.518960000000001,16433,152918956,422
48550000,4625808,34797757,7.522530000000001,16449,153186350,464
48600000,4626418,34819180,7.526160000000001,16459,153460247,423
48650000,4627063,34840887,7.52981,16469,153739152,436
48700000,4627673,34862436,7.5334699999999994,16489,154016911,412
48750000,4628303,34884007,7.53711,16505,154301918,446
48800000,4628979,34905570,7.540660000000001,16514,154582845,428
48850000,4629627,34927277,7.5443,16529,154868601,457
48900000,4630281,34948703,7.547860000000001,16539,155162864,436
48950000,4630980,34970296,7.55138,16552,155435961,428
49000000,4631654,34991740,7.5549100000000005,16563,155730275,416
49050000,4632299,35013198,7.558489999999999,16567,156028537,417
49100000,4632986,35034540,7.56198,16578,156318073,411
49150000,4633704,35056034,7.56545,16590,156615106,453
49200000,4634342,35077574,7.56905,16601,156901546,426
49250000,4634983,35098908,7.572610000000001,16611,157190429,426
49300000,4635641,35120151,7.5761199999999995,16625,157479375,429
49350000,4636265,35141246,7.57965,16639,157766091,419
49400000,4636922,35162497,7.58315,16642,158053447,424
49450000,4637576,35183508,7.58662,16654,158335813,401
49500000,4638230,35204316,7.5900300000000005,16659,158620830,423
49550000,4638877,35225413,7.59352,16665,158903201,426
49600000,4639487,35246299,7.59703,16677,159176380,422
49650000,4640176,35267181,7.6004,16686,159467885,417
49700000,4640795,35288213,7.60392,16694,159753975,440
49750000,4641425,35309096,7.60738,16701,160037354,437
49800000,4642055,35330109,7.61088,16706,160331801,405
49850000,4642724,35351013,7.61428,16713,160606419,405
49900000,4643384,35371910,7.6177,16723,160890947,395
49950000,4643972,35392769,7.621230000000001,16729,161175645,409
50000000,4644619,35413564,7.624639999999999,16744,161443804,387
50050000,4645213,35434360,7.62815,16744,161729767,399
50100000,4645878,35455070,7.6315100000000005,16756,162012095,412
50150000,4646516,35475579,7.63488,16767,162291784,439
50200000,4647127,35496270,7.638330000000001,16776,162583199,430
50250000,4647750,35516918,7.6417399999999995,16783,162861140,392
50300000,4648380,35537613,7.645160000000001,16792,163146291,433
50350000,4648990,35558185,7.64858,16802,163429391,402
50400000,4649605,35578879,7.652019999999999,16815,163720255,439
50450000,4650198,35599509,7.655480000000001,16820,164002292,397
50500000,4650815,35620110,7.6589,16831,164295060,424
50550000,4651457,35640761,7.66228,16838,164588537,420
50600000,4652057,35661173,7.66568,16851,164858276,419
50650000,4652622,35681476,7.669110000000001,16862,165141276,428
50700000,4653258,35701623,7.672389999999999,16869,165418214,403
50750000,4653925,35722108,7.6756899999999995,16876,165705620,381
50800000,4654561,35742474,7.6790199999999995,16891,165989257,416
50850000,4655200,35762955,7.68237,16904,166272819,384
50900000,4655801,35783264,7.685739999999999,16915,166549819,414
50950000,4656426,35803599,7.68907,16919,166839358,417
51000000,4657068,35823703,7.69233,16924,167112821,403
51050000,4657659,35843871,7.69568,16938,167400519,402
51100000,4658243,35864206,7.69908,16952,167682621,404
51150000,4658793,35884383,7.70251,16963,167971525,404
51200000,4659386,35904609,7.70587,16970,168248828,416
51250000,4660012,35924774,7.709160000000001,16984,168536192,441
51300000,4660569,35944830,7.71254,16988,168824630,436
51350000,4661150,35964989,7.7159,16997,169109685,419
51400000,4661717,35985169,7.7193,17006,169398302,390
51450000,4662371,36005195,7.722510000000001,17017,169676525,420
51500000,4662931,36025065,7.72584,17023,169954087,376
51550000,4663527,36045070,7.729139999999999,17027,170238598,393
51600000,4664124,36065183,7.732469999999999,17031,170521128,407
51650000,4664733,36085231,7.73575,17049,170805851,397
51700000,4665319,36105137,7.73905,17053,171094278,396
51750000,4665893,36124914,7.7423399999999996,17062,171376354,414
51800000,4666521,36144805,7.74556,17073,171659247,399
51850000,4667082,36164515,7.74885,17084,171934189,412
51900000,4667661,36184358,7.75214,17094,172209700,399
51950000,4668250,36204140,7.7554,17107,172494249,385
52000000,4668820,36223688,7.75864,17112,172766822,404
52050000,4669409,36243431,7.761889999999999,17124,173053692,384
52100000,4670001,36263213,7.76514,17130,173345372,361
52150000,4670568,36282718,7.76837,17135,173621190,393
52200000,4671151,36302335,7.7716,17145,173902155,400
52250000,4671747,36321689,7.774760000000001,17151,174190228,392
52300000,4672317,36341110,7.77796,17164,174467919,417
52350000,4672852,36360647,7.78125,17169,174747883,387
52400000,4673395,36380149,7.78452,17177,175033632,365
52450000,4673979,36399608,7.787710000000001,17188,175319448,370
52500000,4674551,36419014,7.79091,17194,175595213,404
52550000,4675109,36438236,7.79409,17203,175881869,376
52600000,4675636,36457367,7.79731,17212,176163300,385
52650000,4676176,36476518,7.8005,17220,176442685,384
52700000,4676772,36495904,7.80365,17223,176732897,378
52750000,4677332,36515107,7.80682,17234,177012032,385
52800000,4677877,36534492,7.810060000000001,17242,177291497,366
52850000,4678419,36553571,7.81323,17251,177565376,376
52900000,4678988,36572759,7.8163800000000005,17258,177834425,369
52950000,4679538,36591876,7.81955,17268,178119306,372
53000000,4680084,36610945,7.822710000000001,17277,178392762,380
53050000,4680677,36630175,7.825830000000001,17288,178681000,390
53100000,4681206,36649312,7.82903,17296,178961255,377
53150000,4681708,36668311,7.83225,17308,179232670,344
53200000,4682263,36687305,7.835380000000001,17321,179507360,341
53250000,4682782,36706296,7.83857,17334,179787745,365
53300000,4683353,36725395,7.84169,17348,180065352,373
53350000,4683887,36744358,7.84484,17363,180350848,380
53400000,4684449,36763108,7.8479,17369,180632501,406
53450000,4685014,36781847,7.850960000000001,17380,180910735,384
53500000,4685578,36800586,7.854010000000001,17390,181189627,384
53550000,4686128,36819376,7.8571,17403,181456291,369
53600000,4686655,36838144,7.86022,17409,181731992,370
53650000,4687204,36856727,7.86326,17423,182013155,370
53700000,4687741,36875331,7.8663300000000005,17427,182286892,366
53750000,4688317,36894147,7.8693800000000005,17436,182560614,346
53800000,4688880,36912771,7.87241,17441,182835864,366
53850000,4689434,36931495,7.87547,17453,183123386,377
53900000,4689961,36950078,7.87855,17458,183406968,383
53950000,4690491,36968676,7.88162,17471,183690779,394
54000000,4691008,36987124,7.884689999999999,17484,183967525,359
54050000,4691551,37005741,7.887739999999999,17491,184246170,382
54100000,4692081,37024288,7.8908,17501,184520648,387
54150000,4692582,37042756,7.8939,17508,184795319,378
54200000,4693086,37061105,7.896960000000001,17522,185067387,372
54250000,4693647,37079443,7.89992,17535,185340768,389
54300000,4694204,37097822,7.9029,17545,185620098,366
54350000,4694709,37116214,7.90597,17553,185889087,369
54400000,4695229,37134544,7.909,17567,186156854,356
54450000,4695751,37152879,7.91202,17579,186429503,348
54500000,4696277,37171219,7.915039999999999,17590,186704058,390
54550000,4696796,37189334,7.918019999999999,17594,186980396,363
54600000,4697312,37207672,7.921060000000001,17606,187251620,344
54650000,4697852,37226011,7.92405,17614,187545548,376
54700000,4698366,37243996,7.927010000000001,17620,187817064,334
54750000,4698859,37262069,7.93002,17633,188085601,360
54800000,4699344,37280055,7.9330300000000005,17638,188361107,359
54850000,4699847,37298110,7.936030000000001,17640,188643540,357
54900000,4700323,37316114,7.93905,17652,188912044,345
54950000,4700832,37334126,7.94203,17658,189185417,344
55000000,4701320,37351895,7.94498,17670,189458818,349
55050000,4701838,37369693,7.947889999999999,17678,189744267,376
55100000,4702315,37387458,7.9508600000000005,17685,190015409,349
55150000,4702839,37405334,7.95378,17694,190286716,362
55200000,4703361,37423131,7.95668,17700,190556828,356
55250000,4703873,37441088,7.959630000000001,17708,190829734,341
55300000,4704377,37458702,7.96252,17715,191097879,339
55350000,4704871,37476412,7.96545,17720,191366981,353
55400000,4705329,37494159,7.96845,17728,191634450,348
55450000,4705814,37511682,7.97135,17729,191902061,339
55500000,4706307,37529259,7.97425,17734,192166167,337
55550000,4706768,37546766,7.977189999999999,17742,192442021,388
55600000,4707299,37564201,7.979989999999999,17751,192703829,353
55650000,4707788,37581822,7.9829,17760,192974665,325
55700000,4708272,37599275,7.98579,17772,193239909,330
55750000,4708772,37616782,7.98866,17781,193507235,362
55800000,4709225,37634154,7.99158,17789,193773808,358
55850000,4709730,37651737,7.994460000000001,17795,194042668,344
55900000,4710241,37669248,7.997310000000001,17802,194314926,372
55950000,4710686,37686326,8.00018,17808,194581261,330
56000000,4711182,37703660,8.00301,17816,194862373,336
56050000,4711665,37720670,8.0058,17829,195126123,352
56100000,4712141,37738065,8.00869,17833,195394685,334
56150000,4712624,37755316,8.01153,17842,195661459,340
56200000,4713102,37772450,8.01435,17851,195933691,346
56250000,4713635,37789747,8.01711,17865,196200268,345
56300000,4714114,37806868,8.01993,17872,196466937,372
56350000,4714580,37824057,8.022780000000001,17889,196746879,361
56400000,4715101,37841099,8.02551,17900,197011033,345
56450000,4715612,37858050,8.02824,17909,197267084,336
56500000,4716095,37874952,8.031,17914,197527009,341
56550000,4716566,37891940,8.0338,17922,197791835,335
56600000,4717045,37909161,8.03663,17927,198057071,350
56650000,4717480,37926075,8.039480000000001,17935,198324202,329
56700000,4717906,37942966,8.04233,17936,198587776,359
56750000,4718410,37959938,8.045069999999999,17953,198853794,335
56800000,4718879,37976982,8.047880000000001,17958,199134953,302
56850000,4719365,37993929,8.05064,17965,199406809,358
56900000,4719800,38010604,8.05344,17967,199663848,344
56950000,4720285,38027404,8.05617,17976,199925487,342
57000000,4720751,38044180,8.05893,17980,200190851,315
57050000,4721249,38060883,8.06161,17998,200440791,331
57100000,4721717,38077571,8.06435,18006,200697905,362
57150000,4722156,38094249,8.06713,18012,200964684,320
57200000,4722592,38110909,8.06991,18020,201229847,314
57250000,4723043,38127498,8.07266,18029,201501183,308
57300000,4723496,38144122,8.0754,18037,201770044,363
57350000,4723956,38160593,8.0781,18046,202038023,344
57400000,4724396,38177208,8.080869999999999,18046,202291338,350
57450000,4724879,38193808,8.08355,18060,202557346,337
57500000,4725307,38210133,8.08628,18067,202817285,342
57550000,4725711,38226527,8.08905,18073,203081036,298
57600000,4726192,38242978,8.09171,18087,203345911,320
57650000,4726627,38259164,8.094389999999999,18096,203612726,317
57700000,4727108,38275346,8.09699,18110,203870605,319
57750000,4727515,38291775,8.09977,18113,204136076,328
57800000,4727988,38308044,8.1024,18126,204397713,316
57850000,4728424,38324264,8.105080000000001,18135,204648161,319
57900000,4728862,38340385,8.10774,18139,204907304,311
57950000,4729303,38356526,8.1104,18147,205169213,315
58000000,4729748,38372652,8.11304,18158,205417048,323
58050000,4730208,38388809,8.11567,18163,205676601,320
58100000,4730658,38404857,8.11829,18173,205930363,325
58150000,4731107,38420953,8.12092,18180,206190268,330
58200000,4731541,38437078,8.12359,18182,206449692,315
58250000,4731976,38453283,8.12626,18189,206705110,319
58300000,4732453,38469348,8.12884,18197,206961991,325
58350000,4732874,38485413,8.13151,18205,207221202,321
58400000,4733285,38501244,8.13415,18209,207489431,290
58450000,4733734,38517157,8.13674,18212,207751799,328
58500000,4734181,38533078,8.139330000000001,18219,208003497,290
58550000,4734591,38548820,8.14195,18227,208254901,323
58600000,4735021,38564722,8.14457,18238,208502605,328
58650000,4735468,38580732,8.14718,18244,208763113,325
58700000,4735930,38596471,8.14971,18254,209009594,295
58750000,4736364,38612331,8.15231,18266,209259689,299
58800000,4736762,38627942,8.15493,18275,209503595,303
58850000,4737173,38643553,8.15751,18279,209764402,331
58900000,4737609,38659246,8.16008,18295,210023868,302
58950000,4738009,38674782,8.16267,18300,210274607,282
59000000,4738405,38690431,8.165289999999999,18307,210527363,310
59050000,4738833,38705891,8.167810000000001,18315,210781639,324
59100000,4739274,38721558,8.17036,18323,211039247,309
59150000,4739685,38737116,8.172930000000001,18330,211294403,326
59200000,4740096,38752615,8.17549,18338,211545512,301
59250000,4740526,38767892,8.17797,18341,211784907,288
59300000,4740947,38783323,8.1805,18347,212043797,283
59350000,4741353,38798836,8.183069999999999,18350,212291820,300
59400000,4741781,38813943,8.18552,18361,212558146,333
59450000,4742231,38829242,8.18797,18369,212814665,312
59500000,4742607,38844596,8.190560000000001,18374,213066172,316
59550000,4743009,38860034,8.19312,18381,213308054,347
59600000,4743432,38875341,8.19561,18389,213564221,280
59650000,4743861,38890369,8.198039999999999,18393,213802479,296
59700000,4744236,38905585,8.2006,18400,214056956,300
59750000,4744628,38920822,8.20313,18406,214306728,336
59800000,4745077,38935883,8.20553,18420,214556371,301
59850000,4745478,38950911,8.20801,18428,214805870,278
59900000,4745886,38965993,8.21048,18436,215056922,315
59950000,4746249,38980940,8.213,18443,215310071,293
60000000,4746644,38996034,8.2155,18450,215563201,274
60050000,4747045,39011060,8.21797,18457,215806313,307
60100000,4747462,39026098,8.220410000000001,18461,216055056,296
60150000,4747849,39041213,8.22293,18470,216318230,327
60200000,4748243,39056176,8.2254,18476,216566485,292
60250000,4748628,39071167,8.227889999999999,18481,216799540,323
60300000,4749030,39085951,8.2303,18495,217046155,309
60350000,4749450,39100784,8.2327,18502,217296236,286
60400000,4749849,39115620,8.23513,18502,217545414,286
60450000,4750219,39130419,8.2376,18510,217797424,311
60500000,4750577,39145156,8.24008,18517,218042855,298
60550000,4750959,39159767,8.2425,18520,218288554,299
60600000,4751332,39174314,8.24491,18523,218528551,298
60650000,4751731,39188905,8.24729,18526,218762973,300
60700000,4752126,39203381,8.24965,18527,219005398,292
60750000,4752522,39217863,8.25201,18540,219242917,302
60800000,4752938,39232484,8.25436,18549,219496274,302
60850000,4753311,39246819,8.256730000000001,18554,219731365,282
60900000,4753698,39261307,8.25911,18565,219978764,266
60950000,4754116,39275830,8.261439999999999,18569,220232331,276
61000000,4754494,39290456,8.263860000000001,18576,220475750,282
61050000,4754869,39304915,8.26625,18584,220718586,284
61100000,4755248,39319330,8.26862,18590,220965863,294
61150000,4755623,39333743,8.271,18600,221208350,284
61200000,4756032,39348053,8.27329,18610,221443581,269
61250000,4756399,39362291,8.27565,18613,221681755,284
61300000,4756811,39376277,8.27787,18626,221914347,281
61350000,4757200,39390434,8.28017,18630,222161366,290
61400000,4757580,39404623,8.28249,18634,222405971,247
61450000,4757952,39418829,8.28483,18648,222641662,291
61500000,4758333,39432976,8.287139999999999,18656,222877174,329
61550000,4758706,39447165,8.28947,18666,223119760,279
61600000,4759114,39461413,8.29176,18668,223362867,303
61650000,4759504,39475560,8.29405,18677,223612511,256
61700000,4759875,39489611,8.29635,18685,223855282,313
61750000,4760267,39503690,8.298630000000001,18692,224098001,282
61800000,4760619,39517591,8.300939999999999,18698,224344037,300
61850000,4761014,39531595,8.303189999999999,18701,224577344,301
61900000,4761391,39545542,8.30546,18713,224823154,261
61950000,4761788,39559446,8.30769,18715,225058545,276
62000000,4762152,39573522,8.31001,18720,225292894,270
62050000,4762547,39587377,8.31223,18726,225519938,274
62100000,4762897,39601193,8.31452,18732,225760495,304
62150000,4763284,39614978,8.31674,18736,225990145,272
62200000,4763666,39628702,8.31895,18738,226219465,262
62250000,4764010,39642264,8.3212,18740,226458408,281
62300000,4764361,39655961,8.32346,18745,226691286,280
62350000,4764718,39669412,8.325660000000001,18752,226918751,248
62400000,4765100,39683177,8.32788,18758,227155801,278
62450000,4765454,39696772,8.330110000000001,18761,227392896,255
62500000,4765820,39710359,8.33232,18768,227620864,289
62550000,4766166,39723941,8.33457,18773,227856425,271
62600000,4766511,39737383,8.336789999999999,18776,228088649,264
62650000,4766923,39750899,8.3389,18790,228310183,254
62700000,4767268,39764226,8.34109,18793,228539635,270
62750000,4767638,39777578,8.34325,18800,228758452,279
62800000,4767991,39790803,8.3454,18802,228988559,260
62850000,4768359,39804293,8.34759,18809,229222313,254
62900000,4768686,39817557,8.3498,18819,229438391,273
62950000,4769046,39830745,8.35193,18824,229665319,271
63000000,4769441,39844165,8.35405,18827,229884965,282
63050000,4769782,39857414,8.35623,18830,230114540,251
63100000,4770137,39870693,8.3584,18841,230331203,277
63150000,4770520,39883709,8.36045,18849,230562603,271
63200000,4770846,39896800,8.362630000000001,18855,230788774,272
63250000,4771205,39909902,8.36474,18858,231011894,270
63300000,4771545,39922871,8.36686,18867,231238888,262
63350000,4771915,39936101,8.36899,18875,231468751,281
63400000,4772263,39949317,8.37115,18879,231691593,289
63450000,4772622,39962305,8.37324,18892,231909720,268
63500000,4772997,39975419,8.37533,18897,232136353,273
63550000,4773317,39988318,8.377469999999999,18905,232370558,241
63600000,4773678,40001237,8.379539999999999,18913,232591274,233
63650000,4774026,40014055,8.38162,18918,232813380,269
63700000,4774367,40026771,8.38368,18921,233034836,239
63750000,4774741,40039523,8.3857,18929,233255119,245
63800000,4775067,40052338,8.38781,18933,233481276,281
63850000,4775420,40065073,8.38985,18938,233699355,263
63900000,4775768,40077833,8.391910000000001,18946,233920575,256
63950000,4776071,40090567,8.39405,18956,234143099,224
64000000,4776417,40103283,8.3961,18960,234359660,252
64050000,4776715,40116009,8.39824,18960,234568250,251
64100000,4777030,40128597,8.400319999999999,18977,234785363,233
64150000,4777363,40141187,8.40237,18983,235003892,254
64200000,4777695,40153563,8.40438,18991,235225110,226
64250000,4778025,40166255,8.406460000000001,18998,235448789,247
64300000,4778351,40178716,8.408489999999999,19007,235663371,247
64350000,4778701,40191036,8.41045,19013,235889332,239
64400000,4779036,40203686,8.412510000000001,19020,236126311,250
64450000,4779408,40216254,8.414480000000001,19026,236340459,249
64500000,4779699,40228629,8.41656,19029,236559932,249
64550000,4780019,40241065,8.4186,19040,236772903,241
64600000,4780352,40253304,8.42057,19046,236991195,242
64650000,4780698,40265629,8.42254,19054,237208860,247
64700000,4781065,40277980,8.42448,19057,237421820,251
64750000,4781428,40290194,8.42639,19068,237647193,250
64800000,4781741,40302410,8.4284,19074,237863104,235
64850000,4782050,40314657,8.43041,19082,238081247,245
64900000,4782375,40326686,8.432360000000001,19091,238296185,226
64950000,4782687,40338788,8.434339999999999,19099,238508541,256
65000000,4782998,40350805,8.4363,19101,238716084,217
65050000,4783324,40362900,8.43825,19106,238927405,246
65100000,4783643,40375008,8.44022,19113,239137056,238
65150000,4783948,40387043,8.4422,19117,239352173,238
65200000,4784276,40398934,8.44411,19120,239561486,233
65250000,4784574,40410745,8.44605,19127,239769279,250
65300000,4784885,40422768,8.44801,19135,239993789,267
65350000,4785224,40434754,8.44992,19139,240198745,239
65400000,4785503,40446588,8.4519,19146,240409789,241
65450000,4785808,40458406,8.45383,19157,240608934,218
65500000,4786162,40470304,8.455689999999999,19165,240815220,246
65550000,4786489,40482091,8.45758,19169,241027453,240
65600000,4786796,40493869,8.459489999999999,19173,241237853,226
65650000,4787111,40505720,8.46141,19187,241446859,233
65700000,4787407,40517220,8.463289999999999,19194,241648543,218
65750000,4787660,40528896,8.46528,19203,241858564,231
65800000,4787951,40540534,8.4672,19206,242070269,236
65850000,4788222,40552254,8.46917,19211,242288875,225
65900000,4788537,40563842,8.47103,19215,242491087,210
65950000,4788821,40575310,8.47292,19222,242702256,225
66000000,4789135,40587069,8.47482,19225,242909946,230
66050000,4789454,40598601,8.47667,19231,243107989,232
66100000,4789743,40609950,8.47852,19231,243317750,216
66150000,4790034,40621341,8.48039,19240,243523215,235
66200000,4790318,40632569,8.48223,19240,243719809,229
66250000,4790629,40644132,8.48409,19240,243930306,222
66300000,4790909,40655399,8.48595,19248,244135747,227
66350000,4791205,40666629,8.48777,19250,244334381,230
66400000,4791501,40677838,8.48958,19256,244532839,233
66450000,4791811,40689127,8.491389999999999,19260,244733260,210
66500000,4792084,40700395,8.493260000000001,19266,244931024,218
66550000,4792380,40711465,8.49504,19272,245126405,220
66600000,4792657,40722655,8.49688,19274,245325924,224
66650000,4792961,40733981,8.49871,19276,245531804,234
66700000,4793269,40745417,8.50055,19285,245734319,230
66750000,4793535,40756451,8.50238,19285,245937341,233
66800000,4793824,40767496,8.50417,19294,246137742,231
66850000,4794091,40778391,8.50597,19299,246335153,214
66900000,4794360,40789385,8.50779,19302,246532167,219
66950000,4794650,40800191,8.50952,19302,246721846,209
67000000,4794913,40811126,8.511339999999999,19307,246919516,217
67050000,4795181,40821940,8.513119999999999,19312,247118759,220
67100000,4795453,40832637,8.51487,19320,247299291,217
67150000,4795732,40843509,8.516639999999999,19320,247496902,231
67200000,4796016,40854448,8.518410000000001,19330,247688498,212
67250000,4796284,40865224,8.52018,19331,247880798,196
67300000,4796609,40875887,8.52183,19336,248084412,224
67350000,4796844,40886484,8.52362,19344,248271004,229
67400000,4797123,40896921,8.5253,19353,248450367,191
67450000,4797425,40907663,8.527000000000001,19359,248646753,231
67500000,4797685,40918278,8.52875,19367,248843337,222
67550000,4797960,40928923,8.53048,19372,249038040,202
67600000,4798268,40939645,8.532169999999999,19377,249237318,235
67650000,4798539,40950263,8.5339,19381,249427959,212
67700000,4798839,40960789,8.53556,19385,249620133,198
67750000,4799116,40971256,8.53725,19392,249808349,231
67800000,4799394,40981788,8.53895,19402,250006104,215
67850000,4799688,40992070,8.540569999999999,19408,250188262,233
67900000,4799942,41002430,8.54228,19415,250376112,211
67950000,4800206,41012746,8.54396,19417,250557725,201
68000000,4800499,41023135,8.5456,19423,250743535,192
68050000,4800834,41033429,8.54715,19429,250939728,193
68100000,4801093,41043723,8.54883,19435,251137272,192
68150000,4801362,41053692,8.55043,19438,251320112,167
68200000,4801639,41063889,8.55206,19442,251508253,212
68250000,4801907,41074245,8.55374,19445,251699609,214
68300000,4802177,41084341,8.55536,19453,251892255,201
68350000,4802426,41094411,8.55701,19454,252065421,202
68400000,4802706,41104261,8.55856,19462,252247924,196
68450000,4802952,41114251,8.5602,19463,252424248,208
68500000,4803227,41124438,8.56184,19468,252605698,215
68550000,4803492,41134529,8.563460000000001,19469,252788341,220
68600000,4803754,41144607,8.56509,19478,252977151,182
68650000,4804012,41154761,8.56675,19479,253157933,205
68700000,4804263,41164546,8.56834,19484,253334641,191
68750000,4804540,41174660,8.56995,19487,253525060,198
68800000,4804790,41184590,8.57157,19489,253709663,203
68850000,4805038,41194528,8.5732,19505,253891096,219
68900000,4805320,41204292,8.57472,19506,254073891,231
68950000,4805571,41214173,8.57633,19516,254255437,196
69000000,4805813,41223946,8.57793,19526,254446479,190
69050000,4806063,41233733,8.57952,19526,254623511,191
69100000,4806321,41243413,8.58108,19533,254800458,183
69150000,4806565,41252965,8.58263,19538,254975530,173
69200000,4806814,41262677,8.58421,19543,255154149,198
69250000,4807066,41272300,8.58576,19549,255329178,189
69300000,4807285,41281770,8.58734,19552,255496371,188
69350000,4807530,41291180,8.58886,19556,255665480,193
69400000,4807753,41300807,8.59046,19561,255841023,193
69450000,4808002,41310397,8.59201,19566,256012962,183
69500000,4808228,41319818,8.59356,19573,256188042,175
69550000,4808479,41329214,8.59507,19581,256361442,184
69600000,4808715,41338429,8.59656,19584,256540063,187
69650000,4808965,41347870,8.59808,19591,256716222,196
69700000,4809203,41357151,8.59959,19594,256896751,191
69750000,4809435,41366442,8.6011,19594,257072730,169
69800000,4809679,41375748,8.6026,19607,257238086,191
69850000,4809912,41384983,8.6041,19609,257412528,176
69900000,4810138,41394140,8.6056,19613,257589959,188
69950000,4810377,41403398,8.6071,19620,257757067,204
70000000,4810589,41412441,8.6086,19620,257931697,177
70050000,4810822,41421444,8.61006,19628,258092705,196
70100000,4811066,41430641,8.61153,19634,258267905,177
70150000,4811290,41439805,8.61303,19636,258438028,195
70200000,4811516,41448846,8.614510000000001,19638,258601956,178
70250000,4811756,41457859,8.61595,19644,258767251,165
70300000,4812011,41466934,8.61738,19648,258938324,180
70350000,4812243,41476055,8.61886,19651,259103282,193
70400000,4812491,41484828,8.620239999999999,19653,259265424,191
70450000,4812721,41493739,8.62168,19653,259431692,179
70500000,4812926,41502483,8.62313,19664,259587937,169
70550000,4813165,41511459,8.62457,19667,259767765,176
70600000,4813370,41520286,8.62603,19672,259944926,170
70650000,4813613,41529109,8.62743,19677,260107090,170
70700000,4813851,41537894,8.62883,19677,260273186,184
70750000,4814102,41546584,8.630180000000001,19687,260437302,173
70800000,4814329,41555323,8.63159,19691,260599171,192
70850000,4814530,41564015,8.63304,19694,260776370,168
70900000,4814749,41572756,8.63446,19701,260940498,163
70950000,4814963,41581465,8.63588,19701,261105028,182
71000000,4815192,41590023,8.63725,19708,261265780,172
71050000,4815415,41598512,8.63861,19715,261430394,154
71100000,4815635,41606819,8.63994,19721,261585866,168
71150000,4815880,41615467,8.6413,19725,261744662,163
71200000,4816114,41624023,8.642660000000001,19730,261901669,158
71250000,4816318,41632441,8.644039999999999,19733,262058148,175
71300000,4816529,41640877,8.64541,19744,262218785,163
71350000,4816738,41649310,8.64679,19745,262379911,154
71400000,4816940,41657668,8.64816,19751,262536743,175
71450000,4817156,41666102,8.649519999999999,19756,262697230,164
71500000,4817360,41674259,8.65085,19759,262856157,176
71550000,4817579,41682566,8.65218,19762,263008891,164
71600000,4817784,41690940,8.65355,19765,263158761,163
71650000,4818007,41699153,8.654860000000001,19770,263311196,161
71700000,4818229,41707316,8.65615,19771,263462112,156
71750000,4818443,41715436,8.65745,19779,263612037,153
71800000,4818646,41723600,8.65878,19784,263769349,160
71850000,4818831,41731713,8.66013,19787,263919030,170
71900000,4819054,41739857,8.66142,19790,264072460,176
71950000,4819246,41747903,8.66275,19797,264225740,168
72000000,4819461,41755980,8.66404,19797,264381271,173
72050000,4819675,41764031,8.66532,19801,264538323,168
72100000,4819890,41771878,8.66656,19804,264695520,154
72150000,4820095,41779806,8.66784,19807,264842672,143
72200000,4820336,41787814,8.66907,19813,264990514,170
72250000,4820536,41795819,8.67037,19815,265146926,153
72300000,4820726,41803628,8.67165,19817,265296292,163
72350000,4820911,41811380,8.67292,19820,265443406,139
72400000,4821106,41819203,8.67419,19820,265596670,157
72450000,4821297,41826953,8.675460000000001,19827,265743961,133
72500000,4821472,41834614,8.676730000000001,19828,265894689,165
72550000,4821682,41842365,8.67796,19833,266050202,164
72600000,4821885,41849970,8.67917,19833,266198516,154
72650000,4822108,41857682,8.68037,19835,266335991,130
72700000,4822315,41865344,8.68159,19835,266482829,151
72750000,4822517,41872757,8.68276,19848,266625798,138
72800000,4822697,41880203,8.68398,19851,266766490,131
72850000,4822888,41887686,8.685189999999999,19851,266902471,131
72900000,4823085,41895190,8.68639,19858,267046544,146
72950000,4823259,41902576,8.687610000000001,19858,267189869,179
73000000,4823454,41909905,8.68877,19860,267327253,142
73050000,4823636,41917364,8.68999,19864,267472126,150
73100000,4823795,41924777,8.691239999999999,19867,267617579,145
73150000,4823969,41932202,8.69247,19871,267767984,141
73200000,4824156,41939462,8.69364,19872,267907698,130
73250000,4824330,41946623,8.69481,19878,268043597,144
73300000,4824536,41953994,8.695960000000001,19878,268181610,141
73350000,4824730,41961375,8.69714,19884,268320246,162
73400000,4824921,41968642,8.698310000000001,19887,268466279,140
73450000,4825111,41975865,8.69946,19889,268601100,153
73500000,4825291,41983095,8.70063,19894,268744802,132
73550000,4825462,41990186,8.7018,19897,268875573,144
73600000,4825647,41997116,8.7029,19897,269008889,160
73650000,4825826,42004053,8.70401,19909,269138848,139
73700000,4825989,42010999,8.705160000000001,19914,269272091,124
73750000,4826156,42018014,8.70631,19917,269408580,146
73800000,4826303,42025098,8.707510000000001,19927,269545647,134
73850000,4826503,42032013,8.70859,19933,269677105,129
73900000,4826679,42039069,8.70973,19934,269810430,155
73950000,4826845,42045873,8.71084,19942,269937984,164
74000000,4827020,42052753,8.71195,19946,270077569,156
74050000,4827205,42059533,8.71302,19947,270212786,131
74100000,4827365,42066374,8.71415,19949,270349772,124
74150000,4827531,42073065,8.71523,19949,270472737,141
74200000,4827705,42079885,8.716330000000001,19959,270600772,133
74250000,4827873,42086561,8.717410000000001,19961,270731075,125
74300000,4828031,42093191,8.7185,19967,270867135,136
74350000,4828179,42099804,8.7196,19968,271003613,122
74400000,4828342,42106403,8.72068,19970,271119538,147
74450000,4828509,42112971,8.72173,19972,271243487,122
74500000,4828673,42119429,8.72278,19972,271371067,140
74550000,4828816,42125937,8.72386,19982,271492493,128
74600000,4828971,42132402,8.72492,19987,271628279,129
74650000,4829111,42138818,8.726,19988,271760439,129
74700000,4829263,42145224,8.72705,19991,271883363,121
74750000,4829421,42151542,8.728069999999999,19992,272000323,138
74800000,4829586,42157980,8.72911,20000,272121404,137
74850000,4829766,42164253,8.730080000000001,20003,272234850,114
74900000,4829924,42170561,8.7311,20007,272358160,126
74950000,4830066,42176891,8.73216,20011,272482889,133
75000000,4830214,42183166,8.733189999999999,20014,272608613,119
75050000,4830387,42189515,8.73419,20019,272736156,131
75100000,4830535,42195745,8.73521,20024,272855571,138
75150000,4830679,42201983,8.736239999999999,20025,272974380,132
75200000,4830844,42208200,8.73723,20032,273098652,138
75250000,4831012,42214546,8.73824,20036,273221171,139
75300000,4831165,42220670,8.739230000000001,20040,273343347,111
75350000,4831308,42226742,8.74023,20044,273464646,117
75400000,4831449,42232646,8.7412,20048,273583709,113
75450000,4831601,42238673,8.74217,20051,273703503,112
75500000,4831735,42244455,8.74312,20055,273821835,122
75550000,4831873,42250417,8.744110000000001,20055,273939572,143
75600000,4832023,42256321,8.74506,20064,274056217,108
75650000,4832190,42262127,8.74596,20065,274170118,106
75700000,4832341,42267999,8.7469,20069,274281636,129
75750000,4832498,42273662,8.74779,20069,274391168,109
75800000,4832626,42279409,8.74874,20073,274506529,117
75850000,4832800,42285216,8.74963,20079,274621911,126
75900000,4832931,42290932,8.750580000000001,20079,274736292,135
75950000,4833077,42296724,8.751510000000001,20082,274847344,118
76000000,4833224,42302237,8.75238,20085,274952353,107
76050000,4833369,42307779,8.75327,20088,275057070,112
76100000,4833492,42313393,8.75421,20088,275170633,108
76150000,4833625,42319012,8.75513,20088,275275757,110
76200000,4833763,42324449,8.756,20088,275381450,96
76250000,4833890,42329993,8.75692,20093,275491792,116
76300000,4834051,42335454,8.757760000000001,20097,275590925,97
76350000,4834190,42340866,8.75863,20099,275697992,119
76400000,4834337,42346326,8.75949,20101,275791736,101
76450000,4834482,42351808,8.76036,20102,275892758,103
76500000,4834605,42357205,8.76125,20104,276001245,116
76550000,4834739,42362590,8.76213,20104,276109352,94
76600000,4834877,42367992,8.76299,20108,276222075,117
76650000,4835017,42373315,8.76384,20114,276320219,118
76700000,4835142,42378518,8.76469,20115,276422327,99
76750000,4835274,42383820,8.76555,20124,276534011,101
76800000,4835401,42389003,8.76639,20125,276629166,98
76850000,4835525,42394127,8.76722,20127,276730292,105
76900000,4835669,42399343,8.76804,20127,276829371,103
76950000,4835799,42404538,8.768880000000001,20127,276931633,96
77000000,4835918,42409582,8.76971,20130,277034048,80
77050000,4836055,42414747,8.77053,20131,277130491,94
77100000,4836152,42419846,8.7714,20131,277232757,106
77150000,4836274,42424876,8.772219999999999,20131,277330672,93
77200000,4836424,42429867,8.77298,20133,277426049,107
77250000,4836531,42434760,8.7738,20134,277520673,98
77300000,4836665,42439576,8.77455,20137,277623890,96
77350000,4836778,42444451,8.775360000000001,20137,277726022,93
77400000,4836893,42449223,8.77613,20139,277821652,94
77450000,4837022,42454181,8.77693,20139,277917554,90
77500000,4837146,42458957,8.77769,20143,278011402,90
77550000,4837275,42463691,8.77843,20145,278101239,100
77600000,4837395,42468448,8.7792,20145,278199894,114
77650000,4837501,42473188,8.77999,20147,278293798,117
77700000,4837630,42477871,8.78072,20150,278390282,89
77750000,4837745,42482550,8.78148,20150,278479165,89
77800000,4837862,42487132,8.782210000000001,20156,278573282,95
77850000,4837953,42491834,8.78302,20156,278668190,105
77900000,4838060,42496469,8.78378,20161,278758384,98
77950000,4838152,42500940,8.78454,20166,278846308,72
78000000,4838257,42505333,8.785260000000001,20168,278926831,93
78050000,4838356,42509839,8.786010000000001,20172,279009982,82
78100000,4838463,42514383,8.78675,20173,279105432,95
78150000,4838584,42518840,8.787460000000001,20173,279192274,82
78200000,4838697,42523154,8.78814,20175,279282570,74
78250000,4838825,42527507,8.78881,20177,279367271,98
78300000,4838924,42531760,8.78951,20179,279454391,89
78350000,4839025,42535957,8.790189999999999,20181,279537185,100
78400000,4839128,42540172,8.79088,20181,279622085,90
78450000,4839236,42544427,8.79156,20185,279701666,103
78500000,4839332,42548585,8.79224,20187,279780533,84
78550000,4839433,42552783,8.79293,20190,279860237,83
78600000,4839534,42556994,8.793610000000001,20192,279942825,86
78650000,4839651,42561286,8.79429,20192,280022327,82
78700000,4839751,42565412,8.794960000000001,20195,280096623,87
78750000,4839851,42569422,8.79561,20195,280177462,89
78800000,4839943,42573359,8.79625,20197,280257455,73
78850000,4840040,42577356,8.7969,20200,280335102,66
78900000,4840146,42581410,8.79755,20200,280420367,75
78950000,4840231,42585342,8.7982,20202,280493028,76
79000000,4840323,42589225,8.79884,20202,280567581,96
79050000,4840409,42593023,8.79947,20202,280641336,78
79100000,4840504,42596966,8.80011,20206,280718740,84
79150000,4840602,42600648,8.80069,20206,280795348,75
79200000,4840695,42604530,8.80133,20209,280864673,89
79250000,4840786,42608411,8.801960000000001,20213,280939847,72
79300000,4840875,42612134,8.80257,20213,281015297,91
79350000,4840950,42615894,8.80321,20213,281088035,85
79400000,4841041,42619505,8.80379,20213,281159433,60
79450000,4841138,42623164,8.80437,20220,281230651,69
79500000,4841243,42626753,8.80492,20221,281299831,68
79550000,4841316,42630433,8.80555,20223,281366920,79
79600000,4841404,42633951,8.80611,20223,281433520,75
79650000,4841509,42637433,8.80664,20227,281502219,78
79700000,4841597,42640913,8.8072,20230,281574257,81
79750000,4841668,42644373,8.807789999999999,20232,281641459,66
79800000,4841737,42647901,8.80839,20233,281704206,65
79850000,4841815,42651193,8.80893,20233,281767679,69
79900000,4841904,42654597,8.80947,20233,281832318,69
79950000,4841984,42657965,8.81002,20233,281900550,68
80000000,4842068,42661348,8.81056,20238,281968273,66
80050000,4842140,42664601,8.8111,20238,282035254,78
80100000,4842221,42667875,8.811630000000001,20242,282101134,58
80150000,4842318,42671173,8.81214,20247,282166937,70
80200000,4842395,42674450,8.812669999999999,20249,282225782,56
80250000,4842469,42677708,8.81321,20249,282293942,70
80300000,4842537,42680930,8.81375,20252,282357807,77
80350000,4842614,42684073,8.81426,20252,282416809,64
80400000,4842702,42687151,8.814739999999999,20252,282471213,71
80450000,4842765,42690198,8.81525,20252,282538245,62
80500000,4842860,42693325,8.81573,20258,282597106,55
80550000,4842932,42696361,8.81622,20258,282654140,55
80600000,4843005,42699341,8.8167,20260,282713101,55
80650000,4843070,42702222,8.81718,20262,282771255,59
80700000,4843140,42705096,8.81765,20262,282822666,51
80750000,4843229,42707991,8.81808,20262,282876370,68
80800000,4843290,42710890,8.81857,20265,282934434,65
80850000,4843359,42713770,8.81904,20265,282990756,46
80900000,4843427,42716600,8.8195,20269,283045440,61
80950000,4843501,42719409,8.819939999999999,20271,283101427,51
81000000,4843557,42722194,8.82042,20273,283156228,58
81050000,4843632,42724953,8.82085,20277,283213260,66
81100000,4843690,42727641,8.8213,20277,283268670,52
81150000,4843760,42730317,8.82172,20277,283326017,49
81200000,4843823,42732988,8.82216,20277,283377804,53
81250000,4843878,42735632,8.822610000000001,20281,283427414,38
81300000,4843935,42738264,8.82305,20281,283480861,54
81350000,4843989,42740783,8.82347,20286,283530570,57
81400000,4844047,42743259,8.82387,20286,283582369,53
81450000,4844098,42745647,8.82427,20286,283627260,47
81500000,4844156,42748113,8.82468,20287,283677649,42
81550000,4844219,42750538,8.82506,20289,283728038,54
81600000,4844284,42753007,8.82545,20289,283778544,50
81650000,4844338,42755323,8.82583,20291,283823379,42
81700000,4844378,42757700,8.82625,20293,283871628,51
81750000,4844433,42759968,8.82662,20293,283919484,39
81800000,4844487,42762255,8.826989999999999,20295,283965317,50
81850000,4844533,42764550,8.82738,20295,284008283,36
81900000,4844588,42766820,8.82775,20296,284051786,42
81950000,4844648,42768962,8.82808,20296,284095703,44
82000000,4844696,42771196,8.82846,20296,284143615,46
82050000,4844743,42773322,8.82881,20296,284182599,32
82100000,4844787,42775407,8.82916,20296,284226113,53
82150000,4844836,42777533,8.82951,20297,284270387,52
82200000,4844879,42779552,8.82985,20299,284309593,53
82250000,4844932,42781654,8.83019,20299,284352939,44
82300000,4844990,42783628,8.83049,20299,284389793,45
82350000,4845034,42785634,8.83082,20300,284430996,41
82400000,4845075,42787538,8.83114,20300,284467528,27
82450000,4845122,42789433,8.83145,20300,284506666,37
82500000,4845172,42791305,8.83174,20300,284546757,38
82550000,4845212,42793188,8.83206,20301,284583424,30
82600000,4845262,42795118,8.832360000000001,20302,284620977,42
82650000,4845308,42796953,8.83266,20307,284656653,33
82700000,4845342,42798701,8.83296,20308,284689807,41
82750000,4845372,42800397,8.83325,20308,284726137,24
82800000,4845411,42802119,8.83354,20309,284759966,36
82850000,4845449,42803842,8.83382,20310,284794026,31
82900000,4845499,42805444,8.834060000000001,20310,284825520,32
82950000,4845538,42807069,8.83433,20312,284855491,28
83000000,4845582,42808719,8.834589999999999,20312,284884761,34
83050000,4845615,42810263,8.83485,20312,284917706,33
83100000,4845659,42811820,8.83509,20313,284947094,32
83150000,4845684,42813278,8.835339999999999,20313,284977901,20
83200000,4845729,42814700,8.83555,20313,285008699,30
83250000,4845768,42816137,8.83578,20313,285035743,19
83300000,4845800,42817523,8.83601,20315,285061883,35
83350000,4845838,42818933,8.83623,20315,285088813,34
83400000,4845865,42820324,8.83647,20315,285118048,24
83450000,4845894,42821643,8.836689999999999,20317,285145750,22
83500000,4845921,42822912,8.8369,20317,285168263,24
83550000,4845954,42824165,8.8371,20317,285194597,22
83600000,4845988,42825462,8.8373,20319,285222310,30
83650000,4846018,42826673,8.8375,20320,285247638,23
83700000,4846043,42827832,8.83769,20320,285268993,20
83750000,4846079,42829043,8.83788,20320,285291663,25
83800000,4846109,42830174,8.83805,20322,285315087,22
83850000,4846123,42831284,8.83826,20322,285337815,30
83900000,4846153,42832364,8.83843,20322,285358838,20
83950000,4846177,42833399,8.8386,20322,285381844,19
84000000,4846199,42834375,8.83876,20325,285400173,24
84050000,4846232,42835314,8.83889,20325,285417489,30
84100000,4846261,42836281,8.839039999999999,20325,285437317,22
84150000,4846285,42837177,8.83918,20327,285452974,6
84200000,4846303,42838104,8.83934,20327,285470577,13
84250000,4846328,42838964,8.83947,20327,285486166,18
84300000,4846344,42839828,8.83962,20327,285504516,24
84350000,4846362,42840654,8.83976,20327,285518808,12
84400000,4846382,42841433,8.83988,20329,285532298,12
84450000,4846402,42842130,8.83999,20329,285549487,16
84500000,4846418,42842887,8.840110000000001,20329,285563430,16
84550000,4846433,42843594,8.84023,20329,285580725,18
84600000,4846448,42844249,8.84034,20329,285591039,7
84650000,4846463,42844880,8.84044,20329,285602643,20
84700000,4846470,42845481,8.84055,20330,285614302,10
84750000,4846483,42846029,8.840639999999999,20330,285629072,7
84800000,4846494,42846582,8.84074,20330,285639972,8
84850000,4846503,42847059,8.840819999999999,20330,285648902,11
84900000,4846521,42847525,8.84088,20330,285656947,17
84950000,4846526,42847943,8.84096,20330,285667420,9
85000000,4846538,42848384,8.84103,20330,285677523,9
85050000,4846546,42848767,8.84109,20330,285685335,6
85100000,4846551,42849176,8.84117,20330,285693303,1
85150000,4846561,42849505,8.84122,20330,285697997,9
85200000,4846569,42849837,8.84127,20330,285704159,8
85250000,4846581,42850104,8.84131,20330,285708630,7
85300000,4846588,42850347,8.841339999999999,20330,285711950,8
85350000,4846593,42850541,8.84137,20330,285715671,2
85400000,4846598,42850714,8.8414,20330,285720969,2
85450000,4846600,42850869,8.84143,20330,285723995,2
85500000,4846605,42851010,8.84145,20330,285727001,2
85550000,4846605,42851114,8.84147,20330,285728341,1
85600000,4846609,42851180,8.84148,20330,285729612,0
85650000,4846609,42851222,8.84149,20330,285730053,3
85700000,4846609,42851237,8.84149,20330,285730264,0
