timestep,num_nodes,num_edges,average_degree,max_degree,num_triangles,new_edges
0,1921,1000,0.520562,4,0,1000
50000,91935,50972,0.554435,17,1,998
100000,172889,100914,0.583692,43,6,998
150000,247551,150840,0.609329,67,17,998
200000,316923,200727,0.633362,87,32,1000
250000,382250,250594,0.655576,108,59,995
300000,443970,300435,0.676701,132,101,997
350000,502179,350230,0.697421,158,164,995
400000,557752,400002,0.717168,185,252,996
450000,610914,449745,0.7361840000000001,212,381,998
500000,661902,499515,0.754666,230,514,991
550000,710493,549185,0.772963,250,674,993
600000,756932,598861,0.791169,274,867,993
650000,801667,648516,0.808959,291,1080,994
700000,845014,698116,0.826159,310,1339,994
750000,886688,747688,0.8432370000000001,334,1645,990
800000,926802,797238,0.860203,356,1994,989
850000,965979,846754,0.876576,385,2387,995
900000,1003711,896242,0.892928,405,2827,985
950000,1040525,945665,0.908834,420,3291,985
1000000,1076023,995051,0.9247489999999999,449,3824,993
1050000,1109977,1044462,0.940976,477,4463,993
1100000,1143562,1093799,0.956484,496,5103,987
1150000,1176153,1143094,0.971892,521,5793,989
1200000,1208022,1192377,0.987049,545,6561,988
1250000,1239101,1241686,1.00209,564,7374,980
1300000,1269426,1290973,1.0169700000000002,582,8246,985
1350000,1298604,1340185,1.0320200000000002,595,9235,987
1400000,1327300,1389310,1.04672,625,10292,983
1450000,1355613,1438512,1.06115,650,11356,988
1500000,1383165,1487649,1.07554,673,12567,987
1550000,1410107,1536759,1.08982,699,13820,983
1600000,1436568,1585815,1.10389,722,15120,986
1650000,1462045,1634912,1.11824,749,16620,986
1700000,1487385,1683970,1.1321700000000001,772,18054,976
1750000,1511872,1732998,1.14626,797,19679,981
1800000,1536188,1781963,1.1599899999999999,820,21329,978
1850000,1559820,1830915,1.1738,849,23180,971
1900000,1583381,1879830,1.18723,869,25029,975
1950000,1605804,1928724,1.2011,899,26980,979
2000000,1628229,1977650,1.2146,911,29056,979
2050000,1649885,2026459,1.22824,938,31331,970
2100000,1671166,2075180,1.24176,961,33697,973
2150000,1692241,2123980,1.2551299999999999,997,35923,975
2200000,1712899,2172706,1.26844,1024,38401,974
2250000,1733289,2221457,1.28164,1039,41077,967
2300000,1753409,2270144,1.2947,1077,43741,978
2350000,1772950,2318785,1.30787,1102,46687,971
2400000,1792197,2367392,1.32094,1136,49617,972
2450000,1811197,2415949,1.3339,1156,52786,978
2500000,1829741,2464534,1.34693,1178,56114,968
2550000,1848194,2513002,1.35971,1199,59454,970
2600000,1866254,2561415,1.37249,1221,62913,974
2650000,1884124,2609939,1.38523,1249,66481,960
2700000,1901638,2658357,1.39793,1272,70282,968
2750000,1918947,2706769,1.41055,1297,74242,950
2800000,1936039,2755162,1.42309,1313,78243,971
2850000,1952682,2803512,1.43572,1336,82342,974
2900000,1969082,2851889,1.44833,1356,86579,974
2950000,1985111,2900182,1.46097,1374,91089,966
3000000,2001121,2948485,1.4734200000000002,1409,95682,964
3050000,2016907,2996751,1.4858200000000001,1424,100379,967
3100000,2032502,3044939,1.4981200000000001,1457,105188,955
3150000,2047921,3093147,1.5103799999999998,1477,110094,975
3200000,2063011,3141248,1.52265,1504,115199,969
3250000,2078085,3189343,1.53475,1528,120386,969
3300000,2092944,3237458,1.54684,1549,125964,965
3350000,2107575,3285506,1.5589,1568,131618,959
3400000,2121791,3333462,1.5710600000000001,1577,137308,956
3450000,2135910,3381500,1.58317,1601,143267,956
3500000,2149937,3429501,1.5951600000000001,1621,149457,956
3550000,2163872,3477437,1.60704,1651,155642,965
3600000,2177610,3525311,1.61889,1674,162183,957
3650000,2191029,3573191,1.63083,1696,168573,957
3700000,2204351,3621082,1.6427,1723,175337,952
3750000,2217422,3668852,1.6545599999999998,1747,182339,966
3800000,2230670,3716578,1.6661299999999999,1771,189416,949
3850000,2243459,3764368,1.67793,1791,196832,950
3900000,2256396,3812135,1.6894799999999999,1817,204502,960
3950000,2269010,3859793,1.7010900000000002,1836,212127,951
4000000,2281515,3907458,1.7126599999999998,1855,220074,965
4050000,2293937,3955166,1.7241799999999998,1874,228185,961
4100000,2306191,4002785,1.73567,1894,236351,940
4150000,2318100,4050378,1.74728,1918,245130,954
4200000,2329931,4097938,1.75882,1941,253799,962
4250000,2341627,4145409,1.7703099999999998,1957,262442,951
4300000,2353237,4192958,1.78178,1981,271551,957
4350000,2364810,4240476,1.7931599999999999,2005,281020,943
4400000,2376228,4288000,1.8045400000000003,2022,290395,954
4450000,2387528,4335481,1.8158900000000002,2050,300107,945
4500000,2398514,4382926,1.82735,2071,310285,957
4550000,2409601,4430334,1.8386200000000001,2095,320593,947
4600000,2420567,4477633,1.8498299999999999,2117,330531,952
4650000,2431453,4524928,1.861,2146,340944,934
4700000,2442225,4572229,1.8721599999999998,2158,351879,944
4750000,2452997,4619502,1.8832099999999998,2186,363158,952
4800000,2463420,4666679,1.8943900000000002,2205,374450,949
4850000,2473874,4713781,1.9054200000000001,2229,385852,946
4900000,2484397,4760998,1.9163599999999998,2260,397866,939
4950000,2494606,4808164,1.9274200000000001,2284,409447,941
5000000,2504745,4855274,1.9384299999999999,2303,421504,949
5050000,2514692,4902335,1.9494799999999999,2331,433959,940
5100000,2524727,4949401,1.9603700000000002,2351,446532,943
5150000,2534501,4996386,1.97135,2371,459269,938
5200000,2544280,5043346,1.98223,2398,472195,952
5250000,2554036,5090302,1.9930400000000001,2422,485252,937
5300000,2563583,5137096,2.00387,2450,498411,941
5350000,2573011,5184050,2.01478,2469,512033,943
5400000,2582611,5230892,2.02543,2487,526024,940
5450000,2592020,5277678,2.03613,2514,540112,933
5500000,2601260,5324418,2.0468599999999997,2540,554427,939
5550000,2610306,5371139,2.05767,2570,568863,932
5600000,2619455,5417913,2.06834,2585,583969,936
5650000,2628451,5464676,2.07905,2611,599131,929
5700000,2637331,5511216,2.08969,2632,614757,937
5750000,2646263,5557860,2.10027,2651,630027,934
5800000,2655079,5604476,2.11085,2691,646311,927
5850000,2663777,5651036,2.12144,2712,663120,927
5900000,2672441,5697733,2.13203,2729,679454,934
5950000,2680925,5744338,2.14267,2749,696554,932
6000000,2689450,5790821,2.1531599999999997,2777,713041,941
6050000,2697927,5837380,2.16365,2798,729925,930
6100000,2706282,5883807,2.17413,2818,747223,920
6150000,2714636,5930227,2.18454,2842,765207,920
6200000,2722896,5976631,2.19495,2854,783533,920
6250000,2731159,6022980,2.20528,2873,801776,910
6300000,2739358,6069358,2.21561,2894,820503,931
6350000,2747502,6115688,2.22591,2910,839355,923
6400000,2755391,6161879,2.2363,2931,858304,927
6450000,2763405,6208128,2.24655,2957,877633,931
6500000,2771412,6254362,2.25674,2978,897254,936
6550000,2779044,6300509,2.26715,2993,917934,918
6600000,2786754,6346849,2.27751,3008,938543,925
6650000,2794693,6393081,2.2875799999999997,3028,958942,919
6700000,2802422,6439127,2.2977,3054,979713,921
6750000,2810140,6485159,2.30777,3079,1000544,908
6800000,2817844,6531261,2.31782,3102,1021846,903
6850000,2825541,6577319,2.32781,3123,1043038,925
6900000,2832936,6623271,2.33795,3140,1065353,920
6950000,2840350,6669165,2.34801,3169,1087418,921
7000000,2847659,6715086,2.35811,3186,1109752,908
7050000,2855026,6760934,2.36808,3206,1132231,928
7100000,2862175,6806743,2.37817,3222,1155910,922
7150000,2869278,6852586,2.38826,3238,1179437,922
7200000,2876416,6898326,2.39824,3255,1203058,920
7250000,2883646,6944155,2.4081200000000003,3285,1227056,928
7300000,2890735,6989952,2.41805,3306,1251904,905
7350000,2897754,7035610,2.42795,3327,1276514,915
7400000,2904611,7081361,2.43797,3346,1301313,922
7450000,2911476,7126942,2.44788,3375,1326060,894
7500000,2918437,7172690,2.45772,3394,1351811,905
7550000,2925181,7218259,2.4676299999999998,3420,1377477,912
7600000,2932051,7263913,2.47742,3443,1402744,921
7650000,2938642,7309588,2.4874,3460,1429103,915
7700000,2945399,7354966,2.4971,3480,1456138,906
7750000,2952222,7400457,2.50674,3504,1483157,914
7800000,2958742,7445922,2.51658,3532,1510715,905
7850000,2965393,7491325,2.52625,3558,1538374,907
7900000,2971921,7536831,2.5360099999999997,3580,1565963,909
7950000,2978482,7582223,2.54567,3598,1594139,899
8000000,2984938,7627479,2.55532,3620,1622663,902
8050000,2991234,7672699,2.56506,3638,1651957,901
8100000,2997597,7718038,2.5747400000000003,3659,1681428,891
8150000,3003782,7763328,2.58452,3682,1711593,910
8200000,3010110,7808607,2.59413,3704,1740854,918
8250000,3016270,7853862,2.60383,3728,1770877,902
8300000,3022447,7899026,2.61345,3750,1801405,916
8350000,3028641,7944164,2.62301,3772,1832612,898
8400000,3034726,7989363,2.63265,3794,1864133,902
8450000,3040833,8034400,2.64217,3815,1895229,893
8500000,3046836,8079451,2.65175,3836,1927883,902
8550000,3052716,8124418,2.6613700000000002,3857,1959703,909
8600000,3058741,8169385,2.67083,3887,1992994,905
8650000,3064685,8214244,2.6802900000000003,3902,2025730,900
8700000,3070605,8259218,2.68977,3929,2058302,886
8750000,3076407,8304105,2.69929,3946,2092884,897
8800000,3082200,8348942,2.70876,3959,2127080,900
8850000,3087879,8393675,2.71827,3981,2161410,901
8900000,3093647,8438523,2.72769,3998,2195878,902
8950000,3099297,8483332,2.73718,4018,2230604,877
9000000,3104939,8528082,2.74662,4044,2265721,908
9050000,3110617,8572879,2.75601,4062,2301333,896
9100000,3116219,8617613,2.7654099999999997,4082,2338540,863
9150000,3121843,8662302,2.77474,4112,2375221,886
9200000,3127567,8706973,2.7839400000000003,4137,2411666,896
9250000,3133005,8751523,2.79333,4154,2447986,884
9300000,3138567,8795925,2.80253,4172,2486062,893
9350000,3144053,8840464,2.81181,4200,2523944,870
9400000,3149565,8885071,2.82105,4233,2562622,893
9450000,3154972,8929565,2.83032,4251,2600929,899
9500000,3160302,8973968,2.8395900000000003,4268,2640161,887
9550000,3165671,9018461,2.84883,4290,2677928,901
9600000,3170989,9062878,2.85806,4309,2717885,896
9650000,3176284,9107194,2.86725,4328,2758011,910
9700000,3181504,9151553,2.87649,4347,2798380,870
9750000,3186579,9195837,2.8858,4363,2838233,882
9800000,3191776,9240057,2.8949599999999998,4380,2879818,871
9850000,3196875,9284277,2.90417,4398,2921821,886
9900000,3202038,9328496,2.9133,4427,2963862,858
9950000,3207159,9372651,2.9224200000000002,4457,3005694,891
10000000,3212346,9416847,2.93145,4478,3046848,899
10050000,3217389,9460998,2.9405799999999997,4500,3090980,907
10100000,3222284,9505067,2.94979,4514,3135919,892
10150000,3227328,9549189,2.95885,4532,3178869,896
10200000,3232344,9593387,2.96794,4549,3222729,901
10250000,3237385,9637333,2.97689,4565,3266783,860
10300000,3242383,9681367,2.98588,4580,3312647,869
10350000,3247424,9725343,2.99479,4601,3357412,886
10400000,3252279,9769275,3.00382,4615,3402157,887
10450000,3257037,9813033,3.01287,4640,3448092,874
10500000,3261934,9856925,3.0218,4665,3494447,886
10550000,3266774,9900767,3.03075,4691,3540755,877
10600000,3271510,9944626,3.03977,4713,3587412,870
10650000,3276156,9988381,3.04881,4743,3634658,890
10700000,3280943,10032130,3.0577,4764,3682601,864
10750000,3285556,10075888,3.06672,4780,3731753,851
10800000,3290154,10119518,3.0757,4803,3779190,877
10850000,3294821,10163336,3.0846400000000003,4823,3828364,879
10900000,3299475,10206958,3.0935099999999998,4848,3877336,878
10950000,3304125,10250611,3.10237,4867,3926785,871
11000000,3308739,10294285,3.11124,4881,3977743,884
11050000,3313344,10337926,3.1200900000000003,4896,4026907,869
11100000,3317839,10381470,3.12899,4931,4077776,880
11150000,3322299,10424954,3.13787,4948,4127327,866
11200000,3326813,10468305,3.14665,4970,4177359,855
11250000,3331322,10511669,3.1554,4988,4229037,898
11300000,3335880,10555067,3.1641,5006,4280668,862
11350000,3340400,10598522,3.17283,5026,4334429,861
11400000,3344837,10641985,3.18162,5042,4389114,866
11450000,3349274,10685248,3.1903200000000003,5057,4442875,854
11500000,3353709,10728622,3.19903,5078,4496768,865
11550000,3358039,10771982,3.20782,5100,4553006,859
11600000,3362362,10815236,3.21656,5120,4607153,882
11650000,3366733,10858578,3.22526,5136,4662392,876
11700000,3371075,10901782,3.23392,5162,4717153,870
11750000,3375238,10944959,3.2427200000000003,5174,4771615,872
11800000,3379535,10988062,3.25135,5204,4828820,860
11850000,3383867,11031298,3.25997,5224,4884123,850
11900000,3388177,11074488,3.26857,5254,4941660,885
11950000,3392379,11117341,3.27715,5272,4997785,866
12000000,3396509,11160319,3.2858199999999997,5287,5056087,863
12050000,3400594,11203349,3.2945300000000004,5314,5115668,861
12100000,3404771,11246358,3.30312,5337,5175873,864
12150000,3408802,11289163,3.3117699999999997,5356,5236090,855
12200000,3412959,11331927,3.3202599999999998,5382,5295789,843
12250000,3416977,11374849,3.3289199999999997,5406,5355368,855
12300000,3420935,11417720,3.3376,5420,5415749,849
12350000,3425025,11460516,3.34611,5448,5476653,867
12400000,3429023,11503342,3.3547,5461,5538424,855
12450000,3433094,11546007,3.36315,5481,5600875,854
12500000,3437048,11588685,3.3717,5493,5664738,841
12550000,3440873,11631334,3.3803400000000003,5511,5726693,857
12600000,3444743,11673894,3.3889,5540,5791263,879
12650000,3448762,11716518,3.39731,5574,5854449,854
12700000,3452749,11759002,3.4056900000000003,5584,5918281,860
12750000,3456598,11801557,3.4142099999999997,5610,5983529,853
12800000,3460488,11844098,3.4226699999999997,5626,6049348,841
12850000,3464411,11886538,3.4310400000000003,5652,6116109,845
12900000,3468345,11929023,3.4394,5672,6181920,859
12950000,3472182,11971453,3.4478199999999997,5690,6248396,847
13000000,3475985,12013876,3.45625,5707,6316025,859
13050000,3479819,12056240,3.4646199999999996,5728,6382215,844
13100000,3483557,12098556,3.47305,5756,6448239,837
13150000,3487456,12140996,3.4813300000000003,5776,6515341,843
13200000,3491129,12183446,3.4898300000000004,5797,6584333,871
13250000,3494950,12225671,3.4981,5817,6652895,836
13300000,3498783,12268015,3.5063699999999995,5835,6721568,860
13350000,3502557,12310224,3.51464,5855,6790872,828
13400000,3506170,12352444,3.5230599999999996,5870,6861771,843
13450000,3509775,12394636,3.53146,5893,6932981,829
13500000,3513477,12436836,3.53975,5921,7005228,851
13550000,3517041,12478925,3.5481300000000005,5940,7073900,832
13600000,3520688,12520895,3.5563800000000003,5961,7147752,832
13650000,3524367,12562960,3.5646,5974,7220376,831
13700000,3527978,12604908,3.5728400000000002,5996,7293293,826
13750000,3531611,12646956,3.5810699999999995,6013,7366575,833
13800000,3535283,12688827,3.5892,6032,7439234,841
13850000,3538787,12730635,3.59746,6051,7513143,828
13900000,3542350,12772617,3.60569,6071,7586184,835
13950000,3545942,12814470,3.61384,6102,7660648,837
14000000,3549585,12856346,3.6219300000000003,6129,7735624,833
14050000,3553134,12898260,3.6301099999999997,6145,7809851,828
14100000,3556592,12939912,3.63829,6164,7886082,838
14150000,3560078,12981706,3.64647,6176,7963164,850
14200000,3563614,13023403,3.65455,6196,8040677,824
14250000,3567089,13064946,3.66264,6216,8119193,843
14300000,3570576,13106631,3.6707300000000003,6245,8195788,830
14350000,3573963,13148130,3.67887,6263,8273077,826
14400000,3577397,13189835,3.68699,6277,8352595,833
14450000,3580819,13231486,3.6951,6297,8429188,827
14500000,3584218,13273040,3.70319,6315,8509442,826
14550000,3587744,13314580,3.7111300000000003,6331,8588510,831
14600000,3591250,13356042,3.71905,6352,8667967,847
14650000,3594652,13397488,3.72706,6368,8747250,830
14700000,3598029,13438939,3.7350800000000004,6392,8827169,831
14750000,3601366,13480362,3.74312,6405,8908620,823
14800000,3604686,13521916,3.7512,6432,8990732,822
14850000,3608103,13563331,3.7591300000000003,6445,9074814,830
14900000,3611343,13604595,3.76718,6459,9157691,824
14950000,3614726,13645985,3.7751099999999997,6480,9240367,841
15000000,3618057,13687312,3.78306,6491,9325623,823
15050000,3621387,13728513,3.79095,6521,9408522,836
15100000,3624586,13769860,3.7990199999999996,6541,9495089,829
15150000,3627891,13811018,3.8069,6562,9579515,804
15200000,3631122,13852087,3.8148199999999997,6591,9667969,834
15250000,3634207,13893172,3.82289,6616,9754221,832
15300000,3637475,13934155,3.83072,6638,9839278,834
15350000,3640672,13975369,3.83868,6656,9926770,820
15400000,3643818,14016404,3.84663,6677,10013063,846
15450000,3647117,14057379,3.8543800000000004,6704,10100500,830
15500000,3650201,14098374,3.86236,6724,10187085,826
15550000,3653489,14139291,3.87008,6746,10276222,817
15600000,3656584,14180323,3.87802,6764,10365728,806
15650000,3659775,14221184,3.8858099999999998,6791,10454211,817
15700000,3662920,14261894,3.89359,6810,10544295,824
15750000,3665936,14302672,3.90151,6832,10634671,815
15800000,3668984,14343340,3.90935,6849,10724899,803
15850000,3672084,14384065,3.9171400000000003,6873,10817687,830
15900000,3675200,14424920,3.9249300000000003,6896,10910990,831
15950000,3678262,14465483,3.9327,6916,11003990,808
16000000,3681292,14506339,3.94056,6940,11098399,810
16050000,3684367,14546771,3.94824,6962,11192056,787
16100000,3687342,14587526,3.95611,6986,11287857,811
16150000,3690383,14628095,3.9638400000000003,7011,11383860,791
16200000,3693396,14668699,3.9716,7027,11479631,812
16250000,3696381,14709192,3.97935,7051,11574421,797
16300000,3699286,14749605,3.98715,7069,11669531,809
16350000,3702334,14790035,3.99479,7084,11765251,807
16400000,3705334,14830549,4.00249,7105,11863528,821
16450000,3708454,14871091,4.01005,7127,11961554,853
16500000,3711404,14911498,4.01775,7142,12058926,812
16550000,3714327,14951817,4.025440000000001,7167,12157216,791
16600000,3717351,14992160,4.03302,7184,12253394,816
16650000,3720278,15032506,4.040690000000001,7202,12352229,783
16700000,3723101,15072791,4.04845,7228,12453759,824
16750000,3725907,15113072,4.05621,7255,12556838,798
16800000,3728814,15153156,4.0638,7280,12655431,799
16850000,3731677,15193520,4.0715,7294,12754959,793
16900000,3734571,15233659,4.07909,7310,12855643,787
16950000,3737391,15273718,4.08673,7329,12960683,817
17000000,3740191,15313795,4.09439,7351,13062058,803
17050000,3743004,15353836,4.10201,7369,13164577,776
17100000,3745792,15393732,4.10961,7389,13266972,799
17150000,3748599,15433796,4.11722,7407,13372494,798
17200000,3751410,15473782,4.12479,7418,13475287,817
17250000,3754203,15513727,4.13236,7441,13577834,803
17300000,3756974,15553487,4.1399,7454,13681879,795
17350000,3759722,15593362,4.147480000000001,7473,13788034,803
17400000,3762586,15633133,4.15489,7496,13894373,815
17450000,3765373,15673053,4.16242,7514,13999787,803
17500000,3768093,15712830,4.169969999999999,7524,14104705,773
17550000,3771010,15752715,4.17732,7547,14210433,804
17600000,3773737,15792449,4.184830000000001,7561,14320797,786
17650000,3776521,15832163,4.19226,7584,14427001,805
17700000,3779283,15871890,4.19971,7598,14537033,801
17750000,3781928,15911480,4.2072400000000005,7616,14647484,774
17800000,3784630,15951291,4.21476,7642,14755569,778
17850000,3787272,15990816,4.22225,7655,14863012,803
17900000,3790092,16030388,4.22955,7671,14967930,788
17950000,3792767,16069916,4.2369900000000005,7693,15078773,801
18000000,3795394,16109381,4.24446,7704,15191222,774
18050000,3798049,16148958,4.25191,7727,15303237,801
18100000,3800676,16188445,4.25936,7746,15418160,787
18150000,3803309,16227830,4.266769999999999,7759,15531073,785
18200000,3805933,16267293,4.27419,7793,15645011,803
18250000,3808522,16306775,4.28165,7804,15762331,795
18300000,3811102,16346162,4.28909,7835,15877627,792
18350000,3813688,16385476,4.29649,7856,15993961,781
18400000,3816289,16424748,4.30385,7884,16107454,782
18450000,3818839,16463882,4.31123,7901,16223753,770
18500000,3821460,16503093,4.31853,7916,16339056,807
18550000,3824051,16542238,4.32584,7939,16455372,777
18600000,3826653,16581390,4.333130000000001,7956,16572626,787
18650000,3829232,16620742,4.34049,7980,16687627,795
18700000,3831809,16659863,4.34778,8000,16806605,781
18750000,3834356,16698820,4.35505,8010,16925176,758
18800000,3836977,16737777,4.36223,8028,17043769,785
18850000,3839536,16776881,4.36951,8051,17164148,774
18900000,3841973,16815806,4.376869999999999,8066,17282800,777
18950000,3844366,16854624,4.38424,8086,17404384,797
19000000,3846835,16893457,4.39152,8106,17523760,758
19050000,3849240,16932357,4.39888,8119,17648108,793
19100000,3851693,16971169,4.40616,8132,17771138,783
19150000,3854159,17010131,4.41345,8153,17897020,797
19200000,3856600,17048906,4.42071,8165,18021264,797
19250000,3859067,17087657,4.427919999999999,8182,18146844,773
19300000,3861532,17126414,4.43513,8199,18270536,769
19350000,3863994,17165111,4.44232,8218,18397865,762
19400000,3866477,17203774,4.44947,8238,18522443,747
19450000,3868863,17242489,4.45673,8264,18647427,780
19500000,3871317,17281133,4.46389,8281,18773936,794
19550000,3873738,17319808,4.471080000000001,8297,18898085,774
19600000,3876085,17358415,4.47834,8315,19026764,765
19650000,3878482,17397109,4.48555,8338,19157901,772
19700000,3880949,17435939,4.4927,8354,19286540,763
19750000,3883348,17474471,4.49985,8372,19413728,776
19800000,3885745,17512921,4.50697,8390,19540696,767
19850000,3888095,17551471,4.5141599999999995,8405,19671085,755
19900000,3890397,17589899,4.52136,8428,19797599,785
19950000,3892794,17628276,4.52844,8448,19924654,782
20000000,3895125,17666741,4.5356,8468,20054290,775
20050000,3897551,17705133,4.54263,8484,20183764,792
20100000,3899914,17743391,4.54969,8509,20313195,745
20150000,3902292,17781799,4.55676,8519,20446754,757
20200000,3904588,17820032,4.56387,8535,20578087,749
20250000,3906924,17858421,4.57097,8560,20708951,754
20300000,3909241,17896555,4.57801,8582,20840811,734
20350000,3911501,17934660,4.58511,8608,20978793,738
20400000,3913755,17972758,4.5922,8632,21111044,743
20450000,3916015,18010796,4.59927,8646,21244622,758
20500000,3918278,18048787,4.60631,8662,21376508,755
20550000,3920570,18086796,4.61331,8674,21513557,770
20600000,3922899,18124790,4.62025,8697,21653281,758
20650000,3925120,18162676,4.62729,8719,21788692,754
20700000,3927371,18200506,4.63427,8740,21925091,772
20750000,3929649,18238277,4.6412,8759,22064016,774
20800000,3931912,18276137,4.64816,8778,22203857,761
20850000,3934221,18313926,4.65503,8796,22339450,779
20900000,3936493,18351784,4.66196,8820,22476451,764
20950000,3938782,18389574,4.66885,8845,22618369,771
21000000,3940950,18427228,4.67583,8862,22756656,768
21050000,3943239,18464992,4.6827,8879,22894231,743
21100000,3945432,18502604,4.68963,8906,23037020,763
21150000,3947732,18540316,4.69645,8921,23178530,746
21200000,3949891,18577839,4.70338,8940,23321274,747
21250000,3952031,18615399,4.71034,8970,23462797,755
21300000,3954248,18652759,4.7171400000000006,8997,23602138,771
21350000,3956421,18690317,4.72405,9021,23742976,770
21400000,3958592,18728071,4.73099,9037,23886020,751
21450000,3960720,18765611,4.73793,9052,24032616,756
21500000,3962881,18803073,4.7448,9076,24177410,757
21550000,3965026,18840363,4.75164,9096,24320125,741
21600000,3967138,18877730,4.75853,9107,24465961,756
21650000,3969288,18915011,4.76534,9127,24612353,732
21700000,3971384,18952292,4.77221,9150,24756341,745
21750000,3973466,18989724,4.77913,9173,24901604,745
21800000,3975554,19026895,4.78597,9188,25047979,724
21850000,3977705,19064110,4.79274,9213,25192791,735
21900000,3979799,19101374,4.799580000000001,9228,25345614,733
21950000,3981852,19138540,4.80644,9239,25495238,732
22000000,3984061,19175650,4.81309,9262,25643439,738
22050000,3986150,19212849,4.8199,9277,25795437,716
22100000,3988148,19249847,4.82676,9290,25944308,723
22150000,3990178,19287046,4.83363,9308,26094086,755
22200000,3992224,19324284,4.84048,9328,26245430,754
22250000,3994240,19361434,4.84734,9343,26399340,761
22300000,3996253,19398390,4.85414,9355,26552630,714
22350000,3998201,19435312,4.86101,9372,26704979,748
22400000,4000199,19472303,4.8678300000000005,9387,26856385,736
22450000,4002246,19509129,4.87455,9412,27009955,736
22500000,4004377,19546098,4.8811800000000005,9440,27165408,761
22550000,4006327,19582813,4.88797,9454,27310689,744
22600000,4008371,19619543,4.89464,9471,27462603,752
22650000,4010422,19656457,4.90134,9487,27614789,745
22700000,4012474,19693001,4.90794,9509,27769173,742
22750000,4014538,19729836,4.9146,9530,27927080,740
22800000,4016542,19766467,4.92126,9543,28082641,727
22850000,4018540,19803003,4.92791,9558,28236764,731
22900000,4020492,19839609,4.93462,9577,28394465,733
22950000,4022493,19876050,4.94123,9595,28551908,738
23000000,4024503,19912708,4.94787,9611,28711926,720
23050000,4026455,19949229,4.95454,9631,28871701,726
23100000,4028431,19985809,4.96119,9652,29034806,724
23150000,4030454,20022256,4.96774,9668,29193821,725
23200000,4032424,20058693,4.97435,9696,29350126,717
23250000,4034392,20095080,4.98094,9711,29513902,750
23300000,4036345,20131525,4.98756,9720,29674598,739
23350000,4038250,20167804,4.994190000000001,9740,29838137,731
23400000,4040165,20204173,5.0008300000000006,9755,29998395,724
23450000,4042075,20240426,5.00743,9765,30159778,721
23500000,4044016,20276599,5.01398,9791,30320086,728
23550000,4045973,20312777,5.020490000000001,9807,30480003,693
23600000,4047865,20349106,5.02712,9824,30641088,717
23650000,4049769,20385339,5.0337,9844,30803885,732
23700000,4051727,20421499,5.0402,9859,30961351,730
23750000,4053615,20457647,5.0467699999999995,9871,31123801,712
23800000,4055533,20493558,5.05323,9890,31288486,736
23850000,4057468,20529680,5.05973,9914,31454364,716
23900000,4059369,20565733,5.0662400000000005,9930,31618062,726
23950000,4061312,20601752,5.07268,9950,31783416,721
24000000,4063190,20637716,5.0791900000000005,9963,31958303,718
24050000,4065073,20673639,5.0856699999999995,9980,32121741,706
24100000,4066905,20709666,5.09224,10002,32288436,712
24150000,4068800,20745670,5.09872,10024,32461867,707
24200000,4070705,20781508,5.1051400000000005,10048,32630506,717
24250000,4072665,20817357,5.11148,10067,32797269,707
24300000,4074534,20853181,5.11793,10078,32970501,725
24350000,4076394,20888812,5.12434,10096,33144245,717
24400000,4078207,20924565,5.13082,10113,33309708,723
24450000,4080084,20960331,5.137230000000001,10136,33480842,711
24500000,4081913,20996171,5.14371,10150,33654344,724
24550000,4083735,21031703,5.15011,10163,33825710,722
24600000,4085558,21067441,5.15656,10172,34000690,722
24650000,4087471,21103065,5.16287,10188,34171136,720
24700000,4089276,21138679,5.1693,10206,34341331,704
24750000,4091071,21174272,5.175730000000001,10224,34520494,695
24800000,4092913,21209887,5.1821,10241,34697425,726
24850000,4094669,21245577,5.1885900000000005,10254,34874001,742
24900000,4096456,21281162,5.1950199999999995,10270,35052067,707
24950000,4098237,21316720,5.20144,10290,35227902,724
25000000,4100068,21352217,5.20777,10305,35404451,696
25050000,4101770,21387521,5.21422,10318,35582081,723
25100000,4103587,21422892,5.22053,10329,35750430,717
25150000,4105347,21458193,5.22689,10349,35923156,709
25200000,4107048,21493630,5.23335,10355,36101455,701
25250000,4108766,21528825,5.239730000000001,10366,36276533,715
25300000,4110545,21564270,5.246090000000001,10384,36454407,729
25350000,4112329,21599293,5.252330000000001,10403,36634701,727
25400000,4114056,21634197,5.25861,10414,36814773,710
25450000,4115810,21669454,5.2649300000000006,10427,36993980,718
25500000,4117576,21704663,5.27122,10438,37176852,719
25550000,4119359,21739904,5.2775,10461,37357507,701
25600000,4121019,21774906,5.28386,10480,37536297,702
25650000,4122795,21809893,5.29007,10491,37713614,712
25700000,4124471,21845033,5.2964400000000005,10509,37902039,703
25750000,4126201,21880025,5.3027,10524,38088631,684
25800000,4127927,21915023,5.3089699999999995,10535,38273522,664
25850000,4129627,21949872,5.31522,10558,38455515,695
25900000,4131398,21984946,5.32143,10583,38638851,685
25950000,4133100,22019752,5.32766,10605,38824357,710
26000000,4134817,22054773,5.33392,10622,39012108,710
26050000,4136524,22089625,5.34014,10635,39198902,680
26100000,4138188,22124312,5.34638,10651,39381863,697
26150000,4139857,22159218,5.35265,10669,39569142,711
26200000,4141488,22193920,5.3589199999999995,10683,39758085,705
26250000,4143143,22228753,5.36519,10698,39949420,683
26300000,4144772,22263514,5.3714699999999995,10714,40137564,689
26350000,4146487,22298098,5.3775900000000005,10727,40319993,718
26400000,4148248,22332684,5.38364,10738,40506434,659
26450000,4149867,22367199,5.38986,10760,40692839,707
26500000,4151556,22401854,5.3960099999999995,10771,40879448,675
26550000,4153181,22436174,5.40217,10788,41068693,705
26600000,4154805,22470744,5.40838,10798,41254844,669
26650000,4156414,22505135,5.41456,10822,41449459,699
26700000,4158102,22539375,5.42059,10843,41638962,687
26750000,4159664,22573778,5.426830000000001,10855,41832883,697
26800000,4161308,22607950,5.4329,10877,42034488,685
26850000,4162836,22642184,5.43912,10890,42228869,678
26900000,4164477,22676590,5.44524,10908,42422562,680
26950000,4166115,22710855,5.4513300000000005,10919,42615994,680
27000000,4167744,22745108,5.457409999999999,10935,42809512,681
27050000,4169366,22779503,5.46354,10946,42999585,697
27100000,4170962,22813528,5.469609999999999,10957,43191480,672
27150000,4172518,22847903,5.47581,10977,43386490,686
27200000,4174065,22882023,5.48195,10989,43576835,681
27250000,4175664,22916024,5.4879999999999995,11014,43768019,701
27300000,4177290,22950130,5.49402,11029,43964433,669
27350000,4178866,22984181,5.5001,11050,44160544,699
27400000,4180533,23018100,5.5060199999999995,11066,44354406,678
27450000,4182065,23052205,5.51216,11079,44543346,710
27500000,4183601,23086156,5.51825,11101,44739611,654
27550000,4185240,23120063,5.52419,11112,44935751,709
27600000,4186778,23154061,5.53028,11135,45129074,669
27650000,4188356,23188047,5.53631,11150,45332794,659
27700000,4189930,23221982,5.542330000000001,11164,45528574,665
27750000,4191486,23255523,5.54828,11178,45733322,703
27800000,4193015,23289283,5.5543,11190,45940567,674
27850000,4194581,23323199,5.56032,11207,46141629,652
27900000,4196176,23357005,5.56626,11217,46338402,675
27950000,4197730,23390670,5.57222,11229,46540769,684
28000000,4199271,23424241,5.57817,11244,46741916,664
28050000,4200808,23457862,5.58413,11255,46938855,661
28100000,4202354,23491560,5.5901,11266,47142023,675
28150000,4203923,23524995,5.59596,11280,47347015,667
28200000,4205455,23558586,5.60191,11295,47550915,673
28250000,4207010,23592080,5.6078,11309,47755551,660
28300000,4208506,23625669,5.61379,11317,47962191,676
28350000,4210028,23659166,5.61972,11327,48167744,654
28400000,4211618,23692747,5.62557,11344,48370189,647
28450000,4213147,23726355,5.6315,11365,48571839,684
28500000,4214619,23759712,5.63745,11379,48773603,655
28550000,4216134,23793215,5.64337,11400,48980022,658
28600000,4217733,23826658,5.64916,11418,49182359,665
28650000,4219189,23859855,5.65508,11435,49385847,674
28700000,4220702,23893142,5.66094,11452,49599018,656
28750000,4222257,23926387,5.66673,11476,49811394,680
28800000,4223742,23959544,5.6725900000000005,11496,50016902,662
28850000,4225250,23992651,5.6784,11510,50225907,655
28900000,4226750,24025738,5.68421,11525,50429937,654
28950000,4228183,24058817,5.69011,11538,50636399,688
29000000,4229709,24091962,5.69589,11555,50847429,669
29050000,4231202,24124992,5.70169,11570,51057590,679
29100000,4232723,24157987,5.7074300000000004,11585,51273173,635
29150000,4234205,24191057,5.71325,11614,51489344,656
29200000,4235678,24224057,5.71905,11624,51701469,631
29250000,4237152,24257106,5.72486,11642,51904314,664
29300000,4238581,24290119,5.73072,11657,52110624,659
29350000,4240083,24323025,5.73645,11675,52316017,649
29400000,4241566,24356046,5.74223,11688,52528608,692
29450000,4243025,24388988,5.7480199999999995,11697,52740829,668
29500000,4244430,24421764,5.75384,11714,52951577,656
29550000,4245814,24454711,5.75972,11720,53168397,643
29600000,4247288,24487506,5.76545,11736,53383907,664
29650000,4248713,24520205,5.77121,11752,53604496,688
29700000,4250192,24552814,5.77687,11773,53818943,616
29750000,4251656,24585307,5.78252,11790,54032993,655
29800000,4253085,24617931,5.78825,11812,54253439,644
29850000,4254512,24650449,5.79395,11826,54466037,628
29900000,4255999,24683107,5.7996,11843,54681271,630
29950000,4257397,24715465,5.8053,11854,54899133,646
30000000,4258816,24748036,5.81101,11873,55118464,651
30050000,4260225,24780561,5.816730000000001,11894,55333350,655
30100000,4261616,24813109,5.8224599999999995,11905,55552685,628
30150000,4262938,24845431,5.82824,11924,55767026,667
30200000,4264288,24877908,5.83401,11933,55989995,627
30250000,4265726,24910362,5.83965,11941,56208773,642
30300000,4267164,24942820,5.84529,11963,56428876,651
30350000,4268595,24975271,5.85093,11978,56651079,628
30400000,4269970,25007513,5.8566,11988,56867644,651
30450000,4271360,25039797,5.86225,12004,57084042,648
30500000,4272747,25072098,5.86791,12025,57302702,653
30550000,4274161,25104431,5.873530000000001,12032,57519279,644
30600000,4275501,25136411,5.879169999999999,12040,57743441,635
30650000,4276887,25168645,5.8848,12056,57969379,654
30700000,4278329,25200935,5.89037,12065,58193668,642
30750000,4279705,25233213,5.89602,12092,58414402,652
30800000,4281004,25265143,5.90169,12101,58633756,642
30850000,4282398,25297156,5.90724,12121,58849354,657
30900000,4283752,25329082,5.9128300000000005,12137,59067396,627
30950000,4285106,25360903,5.91838,12163,59291751,623
31000000,4286470,25392752,5.92393,12176,59516611,641
31050000,4287819,25424686,5.92951,12198,59739884,638
31100000,4289163,25456469,5.93507,12209,59963171,633
31150000,4290523,25488191,5.940580000000001,12230,60184764,628
31200000,4291866,25519970,5.94612,12244,60406202,634
31250000,4293190,25551872,5.95172,12258,60631736,610
31300000,4294484,25583494,5.95729,12266,60855607,631
31350000,4295872,25615140,5.9627300000000005,12276,61082424,643
31400000,4297206,25646671,5.96822,12290,61309013,620
31450000,4298502,25678342,5.97379,12312,61539808,624
31500000,4299768,25709960,5.97938,12326,61765270,628
31550000,4301098,25741468,5.98486,12333,61988404,594
31600000,4302458,25773181,5.99034,12351,62219204,617
31650000,4303771,25804745,5.99585,12368,62450224,638
31700000,4305064,25836412,6.0014,12381,62675893,613
31750000,4306350,25868076,6.006959999999999,12396,62913963,652
31800000,4307632,25899659,6.01251,12406,63151659,625
31850000,4308949,25931171,6.0179800000000006,12421,63381778,617
31900000,4310290,25962460,6.02337,12434,63611978,631
31950000,4311597,25993910,6.02884,12449,63842016,621
32000000,4312912,26025248,6.03426,12462,64075469,619
32050000,4314229,26056628,6.0397,12472,64303385,629
32100000,4315489,26087898,6.04518,12487,64541260,639
32150000,4316803,26119079,6.05056,12501,64769746,617
32200000,4318078,26150095,6.05596,12518,65004728,628
32250000,4319317,26181238,6.0614300000000005,12528,65236298,624
32300000,4320524,26212424,6.06695,12543,65468379,610
32350000,4321804,26243287,6.0723,12561,65701007,630
32400000,4323003,26274232,6.07777,12579,65926778,624
32450000,4324290,26305376,6.08317,12588,66160100,627
32500000,4325559,26336382,6.08855,12596,66393394,615
32550000,4326875,26367453,6.09388,12609,66629442,613
32600000,4328141,26398536,6.09928,12624,66867418,633
32650000,4329390,26429606,6.1047,12644,67098170,614
32700000,4330622,26460721,6.11014,12658,67337237,626
32750000,4331913,26491429,6.11541,12675,67571829,614
32800000,4333181,26522360,6.12076,12685,67809528,623
32850000,4334460,26553212,6.1260699999999995,12695,68042915,612
32900000,4335669,26584065,6.131480000000001,12712,68278981,612
32950000,4336995,26614832,6.1367,12718,68512550,605
33000000,4338246,26645634,6.14203,12734,68744386,589
33050000,4339506,26676425,6.14734,12746,68979399,611
33100000,4340675,26707160,6.152769999999999,12759,69210084,616
33150000,4341884,26737723,6.1580900000000005,12783,69440771,609
33200000,4343186,26768220,6.16327,12797,69676855,592
33250000,4344463,26799141,6.16857,12809,69914812,669
33300000,4345722,26829860,6.1738599999999995,12825,70160983,617
33350000,4346942,26860318,6.179130000000001,12843,70391660,590
33400000,4348155,26890730,6.1844,12858,70631225,611
33450000,4349477,26921250,6.18954,12871,70871530,616
33500000,4350719,26951713,6.19477,12888,71102682,607
33550000,4351952,26982155,6.20001,12906,71350539,630
33600000,4353183,27012590,6.20525,12920,71597200,564
33650000,4354380,27042903,6.21051,12933,71834467,622
33700000,4355586,27073378,6.2157800000000005,12944,72074226,578
33750000,4356790,27103515,6.22098,12959,72311922,605
33800000,4357954,27133495,6.2262,12969,72554822,610
33850000,4359124,27163737,6.23147,12986,72802098,595
33900000,4360322,27193896,6.236669999999999,12994,73041387,603
33950000,4361541,27224160,6.24187,13010,73289608,614
34000000,4362833,27254350,6.24694,13016,73528824,612
34050000,4364020,27284557,6.25216,13039,73767914,593
34100000,4365238,27314896,6.25737,13052,74020928,611
34150000,4366402,27344990,6.26259,13063,74267314,612
34200000,4367563,27374980,6.26779,13084,74514501,600
34250000,4368754,27405297,6.27302,13097,74763865,587
34300000,4369989,27435295,6.2781199999999995,13111,75008996,601
34350000,4371162,27465250,6.28328,13119,75258882,610
34400000,4372312,27495228,6.28849,13133,75508050,610
34450000,4373444,27525183,6.29371,13148,75761781,615
34500000,4374613,27554958,6.298830000000001,13166,76014521,610
34550000,4375742,27584922,6.30406,13190,76266409,590
34600000,4376873,27614691,6.30923,13204,76513032,596
34650000,4378043,27644328,6.31431,13224,76759583,571
34700000,4379162,27674026,6.31948,13238,77012389,594
34750000,4380334,27703725,6.32457,13244,77253789,614
34800000,4381504,27733569,6.32969,13260,77501033,617
34850000,4382638,27763245,6.33483,13270,77747778,599
34900000,4383819,27792822,6.3398699999999995,13287,77995152,572
34950000,4385023,27822308,6.34485,13302,78245596,598
35000000,4386149,27852055,6.35,13318,78492988,592
35050000,4387246,27881606,6.35515,13333,78739595,587
35100000,4388383,27911174,6.36024,13347,78984854,612
35150000,4389501,27940691,6.36535,13360,79233435,577
35200000,4390610,27970142,6.37045,13370,79492181,565
35250000,4391729,27999545,6.37552,13385,79746588,610
35300000,4392871,28029145,6.3806,13401,80000446,602
35350000,4394068,28058752,6.3856,13423,80254888,601
35400000,4395131,28087916,6.39069,13443,80511539,554
35450000,4396260,28117308,6.39573,13457,80764936,588
35500000,4397344,28146514,6.4008,13466,81018277,575
35550000,4398478,28175757,6.4058,13480,81266735,540
35600000,4399537,28204995,6.4109,13495,81529332,585
35650000,4400700,28234087,6.41582,13510,81782543,587
35700000,4401785,28263275,6.42087,13522,82036481,581
35750000,4402900,28292627,6.42591,13541,82297227,620
35800000,4403992,28321923,6.430969999999999,13548,82551222,592
35850000,4405063,28350858,6.435969999999999,13559,82799497,576
35900000,4406195,28379894,6.44091,13571,83048017,592
35950000,4407287,28409000,6.44592,13588,83300904,563
36000000,4408394,28438049,6.45089,13603,83547382,608
36050000,4409503,28467175,6.45587,13613,83802777,581
36100000,4410626,28496328,6.46084,13626,84059371,578
36150000,4411739,28525287,6.46577,13640,84315477,592
36200000,4412802,28554193,6.47076,13652,84566586,579
36250000,4413907,28583015,6.47567,13666,84818553,571
36300000,4414969,28611893,6.480659999999999,13679,85073365,571
36350000,4416084,28640595,6.485519999999999,13690,85335148,582
36400000,4417143,28669323,6.490469999999999,13702,85594047,572
36450000,4418272,28698014,6.4953,13723,85858188,577
36500000,4419339,28726643,6.50021,13737,86119868,571
36550000,4420408,28755226,6.50511,13741,86369713,536
36600000,4421472,28783984,6.51005,13763,86615587,590
36650000,4422467,28812594,6.51505,13775,86872838,553
36700000,4423483,28840942,6.51996,13785,87131940,556
36750000,4424545,28869525,6.524859999999999,13803,87392259,590
36800000,4425624,28898303,6.52977,13820,87653442,561
36850000,4426726,28926935,6.53461,13836,87911188,568
36900000,4427782,28955642,6.539540000000001,13849,88172089,562
36950000,4428828,28984364,6.54448,13860,88438672,548
37000000,4429876,29012913,6.54937,13878,88698714,565
37050000,4430927,29041326,6.5542300000000004,13888,88955127,554
37100000,4431971,29069735,6.5591,13903,89214159,566
37150000,4433110,29098032,6.5638,13925,89469668,568
37200000,4434109,29126342,6.5687,13935,89731904,585
37250000,4435178,29154774,6.57353,13950,89992788,546
37300000,4436185,29183052,6.578410000000001,13966,90247814,575
37350000,4437286,29211438,6.5831800000000005,13983,90508446,562
37400000,4438344,29239536,6.58794,13983,90771315,564
37450000,4439364,29267785,6.592789999999999,14005,91042369,562
37500000,4440348,29295612,6.597589999999999,14021,91305746,556
37550000,4441390,29323788,6.60239,14037,91561371,566
37600000,4442463,29351815,6.6071,14042,91828621,564
37650000,4443504,29379963,6.61189,14064,92101608,566
37700000,4444561,29408032,6.616630000000001,14075,92367558,558
37750000,4445577,29435949,6.6214,14085,92621089,559
37800000,4446623,29463803,6.626110000000001,14101,92878349,557
37850000,4447619,29491759,6.630910000000001,14103,93139705,567
37900000,4448637,29519664,6.635660000000001,14113,93408815,554
37950000,4449692,29547448,6.640339999999999,14122,93678530,588
38000000,4450742,29575407,6.64505,14135,93943881,559
38050000,4451820,29603366,6.649719999999999,14137,94213764,559
38100000,4452884,29631239,6.654389999999999,14155,94474115,556
38150000,4453803,29659087,6.659269999999999,14169,94741321,560
38200000,4454803,29686911,6.66402,14176,95006082,548
38250000,4455778,29714689,6.6688,14192,95279679,548
38300000,4456740,29742394,6.67358,14199,95550213,574
38350000,4457755,29770067,6.678260000000001,14207,95814041,561
38400000,4458782,29797750,6.682930000000001,14220,96082570,549
38450000,4459772,29825491,6.68767,14236,96352732,549
38500000,4460800,29852835,6.692260000000001,14245,96615411,523
38550000,4461810,29880392,6.6969199999999995,14253,96885739,527
38600000,4462771,29908074,6.7016800000000005,14259,97162687,540
38650000,4463771,29935604,6.70635,14287,97441679,574
38700000,4464719,29962945,6.71105,14304,97704214,551
38750000,4465658,29990399,6.7157800000000005,14324,97974150,550
38800000,4466658,30017916,6.720439999999999,14334,98245832,532
38850000,4467596,30045278,6.725160000000001,14339,98511899,580
38900000,4468601,30072481,6.72973,14352,98773032,537
38950000,4469579,30099821,6.734369999999999,14366,99046022,556
39000000,4470530,30127037,6.7390300000000005,14379,99320100,558
39050000,4471492,30154247,6.74367,14395,99590017,553
39100000,4472441,30181328,6.748289999999999,14407,99854818,542
39150000,4473390,30208621,6.752960000000001,14418,100123005,552
39200000,4474329,30235763,6.757610000000001,14437,100391511,553
39250000,4475292,30262761,6.7621899999999995,14442,100662607,546
39300000,4476199,30289751,6.76685,14457,100931649,540
39350000,4477084,30316634,6.77151,14477,101194534,533
39400000,4477988,30343625,6.77617,14483,101477548,530
39450000,4478970,30370541,6.7807,14496,101747602,541
39500000,4479983,30397608,6.78521,14508,102019881,530
39550000,4480948,30424508,6.78975,14523,102294814,545
39600000,4481838,30451552,6.79443,14537,102564807,527
39650000,4482797,30478527,6.7989999999999995,14548,102836220,536
39700000,4483724,30505425,6.80359,14566,103106190,514
39750000,4484599,30532149,6.8082199999999995,14574,103376820,547
39800000,4485587,30558849,6.81268,14599,103643597,543
39850000,4486536,30585579,6.817189999999999,14603,103921258,519
39900000,4487483,30612463,6.821739999999999,14609,104192463,550
39950000,4488414,30639161,6.826280000000001,14625,104460754,517
40000000,4489330,30665926,6.83085,14638,104733356,544
40050000,4490304,30692468,6.83528,14645,105010110,543
40100000,4491169,30718958,6.839860000000001,14658,105286949,503
40150000,4492115,30745657,6.844360000000001,14678,105561492,537
40200000,4493053,30772530,6.848910000000001,14687,105840841,559
40250000,4493992,30799014,6.8533800000000005,14699,106117831,522
40300000,4494893,30825545,6.8579,14709,106381781,513
40350000,4495854,30852021,6.86233,14728,106658520,555
40400000,4496826,30878590,6.86675,14736,106929597,532
40450000,4497717,30905088,6.8712800000000005,14745,107204792,529
40500000,4498645,30931494,6.8757399999999995,14753,107477063,546
40550000,4499552,30957865,6.880210000000001,14760,107756134,503
40600000,4500485,30984149,6.88462,14771,108029890,524
40650000,4501377,31010541,6.88912,14782,108309461,524
40700000,4502263,31036985,6.8936399999999995,14800,108594066,481
40750000,4503151,31063080,6.89808,14809,108870017,512
40800000,4504048,31089281,6.90252,14813,109150685,502
40850000,4504970,31115515,6.90693,14827,109424657,532
40900000,4505903,31141774,6.91133,14837,109696807,519
40950000,4506760,31168100,6.91586,14847,109970438,529
41000000,4507737,31194322,6.92017,14856,110243631,558
41050000,4508634,31220481,6.9246,14862,110523724,537
41100000,4509498,31246631,6.929069999999999,14880,110790886,548
41150000,4510399,31272599,6.933439999999999,14895,111072916,488
41200000,4511359,31298510,6.937710000000001,14915,111352607,497
41250000,4512265,31324465,6.942069999999999,14927,111636874,526
41300000,4513160,31350486,6.946460000000001,14944,111916395,513
41350000,4514035,31376585,6.9509,14948,112191033,525
41400000,4514901,31402428,6.95529,14960,112465680,508
41450000,4515760,31428189,6.95967,14975,112737821,502
41500000,4516626,31454091,6.9640699999999995,14991,113022333,514
41550000,4517511,31479784,6.968389999999999,15000,113295932,509
41600000,4518407,31505450,6.972689999999999,15009,113571635,519
41650000,4519332,31531331,6.97699,15024,113851986,520
41700000,4520188,31556840,6.981310000000001,15029,114132790,498
41750000,4521054,31582242,6.985589999999999,15043,114410100,548
41800000,4521966,31607856,6.98985,15055,114693795,488
41850000,4522853,31633381,6.99412,15057,114967219,504
41900000,4523667,31659118,6.99855,15078,115244175,538
41950000,4524563,31684558,7.002789999999999,15087,115518827,497
42000000,4525493,31710116,7.007000000000001,15100,115790033,509
42050000,4526366,31735315,7.01121,15111,116071157,501
42100000,4527190,31760595,7.0155199999999995,15122,116343137,516
42150000,4528059,31785943,7.019769999999999,15136,116622236,486
42200000,4528992,31811370,7.02394,15146,116909507,536
42250000,4529860,31836900,7.028230000000001,15167,117190646,508
42300000,4530710,31862220,7.0325,15177,117464940,511
42350000,4531538,31887335,7.036760000000001,15186,117736730,489
42400000,4532418,31912422,7.04093,15192,118018498,508
42450000,4533251,31937574,7.04518,15208,118297577,510
42500000,4534088,31962725,7.04943,15215,118569211,512
42550000,4534935,31988031,7.05369,15225,118855374,481
42600000,4535770,32013062,7.057910000000001,15238,119132909,498
42650000,4536622,32038235,7.062130000000001,15252,119421183,497
42700000,4537488,32063307,7.0663100000000005,15257,119708913,529
42750000,4538336,32088389,7.07052,15271,119990955,495
42800000,4539166,32113404,7.074739999999999,15287,120271065,484
42850000,4539978,32138519,7.079,15298,120549840,501
42900000,4540844,32163402,7.083130000000001,15310,120813518,467
42950000,4541595,32188336,7.08745,15327,121093742,491
43000000,4542454,32213178,7.09158,15336,121366332,515
43050000,4543277,32238147,7.095789999999999,15350,121641329,477
43100000,4544142,32263243,7.09996,15364,121930078,504
43150000,4544961,32288060,7.104139999999999,15373,122216250,490
43200000,4545767,32312930,7.10836,15382,122492245,473
43250000,4546635,32337863,7.112480000000001,15401,122776645,515
43300000,4547430,32362264,7.1166100000000005,15409,123060756,482
43350000,4548244,32386918,7.12075,15416,123345676,498
43400000,4549069,32411609,7.12489,15425,123625863,480
43450000,4549884,32436414,7.129060000000001,15431,123914029,513
43500000,4550697,32460985,7.133189999999999,15442,124198731,501
43550000,4551502,32485448,7.1373,15458,124488484,488
43600000,4552337,32510111,7.1414100000000005,15474,124770678,484
43650000,4553090,32534603,7.1456100000000005,15484,125053720,484
43700000,4553958,32559358,7.14968,15495,125336343,504
43750000,4554739,32583896,7.15384,15503,125616249,518
43800000,4555543,32608311,7.157939999999999,15514,125901100,490
43850000,4556353,32632752,7.162030000000001,15530,126175502,437
43900000,4557127,32657025,7.1661399999999995,15544,126458302,485
43950000,4557904,32681245,7.17024,15562,126741250,466
44000000,4558682,32705600,7.17435,15582,127022712,484
44050000,4559501,32729847,7.178380000000001,15597,127301571,475
44100000,4560295,32754237,7.18248,15603,127586962,478
44150000,4561031,32778339,7.186610000000001,15610,127863384,495
44200000,4561809,32802629,7.19071,15628,128158651,492
44250000,4562575,32826820,7.1948,15633,128437464,496
44300000,4563413,32851092,7.1988,15645,128713576,487
44350000,4564176,32875008,7.202839999999999,15659,128993005,479
44400000,4564953,32899148,7.2069,15675,129285609,492
44450000,4565762,32923108,7.21087,15690,129564259,444
44500000,4566542,32946962,7.214860000000001,15696,129839261,480
44550000,4567351,32971126,7.21887,15709,130122782,489
44600000,4568118,32995137,7.222919999999999,15729,130410119,486
44650000,4568912,33018899,7.22686,15733,130693056,460
44700000,4569705,33042970,7.23088,15744,130980856,441
44750000,4570511,33066921,7.234839999999999,15756,131267426,497
44800000,4571281,33090691,7.23882,15769,131550958,505
44850000,4571993,33114494,7.2429,15779,131833902,497
44900000,4572744,33138333,7.24693,15796,132118684,437
44950000,4573508,33162134,7.25092,15805,132405995,489
45000000,4574289,33185693,7.25483,15806,132691836,459
45050000,4575020,33209541,7.25888,15823,132964458,485
45100000,4575801,33233141,7.2628,15827,133236569,486
45150000,4576550,33256668,7.2667600000000006,15837,133529872,462
45200000,4577276,33280253,7.270760000000001,15854,133814693,469
45250000,4578044,33303854,7.27469,15866,134096227,468
45300000,4578738,33327280,7.2787,15871,134397408,496
45350000,4579517,33351035,7.28265,15879,134684165,468
45400000,4580328,33374457,7.28648,15889,134971107,484
45450000,4581111,33397928,7.290360000000001,15893,135254500,466
45500000,4581869,33421473,7.294289999999999,15907,135546728,489
45550000,4582578,33444719,7.29823,15915,135833096,453
45600000,4583324,33467971,7.3021199999999995,15938,136123722,468
45650000,4584099,33491413,7.306,15949,136402854,462
45700000,4584821,33514800,7.30995,15960,136687651,478
45750000,4585550,33538124,7.31387,15967,136970577,460
45800000,4586242,33561627,7.317889999999999,15975,137252454,482
45850000,4587017,33585117,7.32178,15987,137547058,465
45900000,4587764,33608278,7.32563,15995,137839300,457
45950000,4588544,33631671,7.32949,16010,138137996,475
46000000,4589288,33654740,7.33332,16020,138421844,454
46050000,4589975,33677759,7.3372399999999995,16031,138709416,470
46100000,4590717,33701067,7.341130000000001,16035,138984442,457
46150000,4591455,33724174,7.344989999999999,16043,139268394,431
46200000,4592191,33747254,7.348839999999999,16054,139546629,467
46250000,4592946,33770281,7.352639999999999,16059,139831860,453
46300000,4593666,33793301,7.3565,16070,140124997,439
46350000,4594425,33816424,7.36032,16081,140407245,484
46400000,4595127,33839284,7.36417,16092,140695336,459
46450000,4595852,33862043,7.367960000000001,16099,140985932,440
46500000,4596565,33885037,7.37182,16112,141274039,455
46550000,4597225,33907976,7.37575,16118,141565215,482
46600000,4597932,33930864,7.379589999999999,16133,141858857,429
46650000,4598675,33953608,7.38335,16150,142149597,452
46700000,4599377,33976359,7.387169999999999,16159,142441023,479
46750000,4600092,33998976,7.39093,16161,142720138,441
46800000,4600799,34021674,7.39473,16180,143001973,476
46850000,4601557,34044306,7.39843,16196,143283295,444
46900000,4602315,34067026,7.40215,16203,143572833,459
46950000,4603029,34089692,7.405930000000001,16214,143859107,438
47000000,4603772,34112057,7.40959,16225,144144169,451
47050000,4604456,34134636,7.41339,16232,144430694,475
47100000,4605131,34157269,7.4172199999999995,16241,144721826,457
47150000,4605833,34179735,7.42097,16255,145002139,460
47200000,4606569,34202136,7.424639999999999,16265,145290005,450
47250000,4607274,34224581,7.428380000000001,16278,145571766,449
47300000,4607955,34246915,7.43213,16289,145854193,449
47350000,4608658,34269329,7.435860000000001,16302,146129790,414
47400000,4609348,34291636,7.43958,16312,146414463,436
47450000,4610050,34313929,7.443289999999999,16329,146706059,436
47500000,4610767,34336001,7.4469199999999995,16340,146983870,477
47550000,4611442,34358147,7.45063,16357,147268009,445
47600000,4612136,34380378,7.454330000000001,16361,147553672,446
47650000,4612835,34402535,7.457999999999999,16376,147841989,422
47700000,4613518,34424836,7.46173,16384,148125315,436
47750000,4614170,34446978,7.46548,16393,148408894,433
47800000,4614862,34469112,7.46915,16402,148694194,423
47850000,4615525,34491203,7.4728699999999995,16409,148982822,452
47900000,4616190,34513236,7.476560000000001,16420,149265441,421
47950000,4616918,34535261,7.48015,16427,149554628,436
48000000,4617615,34557223,7.48378,16441,149843541,432
48050000,4618293,34579155,7.487430000000001,16457,150137932,446
48100000,4618919,34601038,7.49115,16468,150424092,410
48150000,4619614,34623016,7.494789999999999,16484,150701313,470
48200000,4620276,34644836,7.49843,16496,150986040,428
48250000,4620918,34666561,7.502089999999999,16503,151259046,415
48300000,4621629,34688496,7.5056899999999995,16513,151551060,463
48350000,4622261,34710383,7.50939,16530,151835131,429
48400000,4622899,34732028,7.513039999999999,16534,152115022,420
48450000,4623571,34753676,7.51663,16543,152415813,461
48500000,4624257,34775444,7.52022,16551,152699867,424
48550000,4624904,34797093,7.52385,16552,152989438,419
48600000,4625528,34818680,7.5275,16569,153272367,416
48650000,4626202,34840396,7.5311,16579,153558055,431
48700000,4626873,34861963,7.534669999999999,16593,153846859,443
48750000,4627509,34883678,7.53833,16602,154132640,458
48800000,4628156,34904965,7.541869999999999,16607,154414969,426
48850000,4628805,34926441,7.54546,16619,154703231,417
48900000,4629468,34947777,7.54898,16634,154987456,449
48950000,4630093,34969178,7.5525899999999995,16643,155268188,424
49000000,4630771,34990743,7.556139999999999,16652,155553776,437
49050000,4631434,35012185,7.55969,16665,155841908,438
49100000,4632112,35033501,7.56318,16674,156120196,441
49150000,4632766,35054786,7.5667100000000005,16684,156411283,419
49200000,4633392,35076119,7.570289999999999,16695,156699078,404
49250000,4634035,35097403,7.57383,16708,156986523,436
49300000,4634663,35118793,7.57742,16717,157275438,404
49350000,4635359,35140088,7.5808800000000005,16728,157564506,428
49400000,4635986,35161285,7.58442,16741,157844714,432
49450000,4636667,35182478,7.58788,16743,158132123,420
49500000,4637293,35203850,7.591469999999999,16756,158422895,445
49550000,4637918,35225058,7.59502,16758,158716768,406
49600000,4638534,35246064,7.59854,16768,159006078,414
49650000,4639125,35266858,7.60205,16776,159287282,407
49700000,4639770,35287989,7.60555,16781,159579116,402
49750000,4640409,35308917,7.6090100000000005,16791,159862426,459
49800000,4641042,35330043,7.61252,16807,160147826,436
49850000,4641722,35351000,7.61592,16814,160435771,400
49900000,4642381,35371900,7.619339999999999,16826,160727359,415
49950000,4642989,35392766,7.622839999999999,16830,161011778,401
50000000,4643631,35413542,7.62626,16841,161296986,411
50050000,4644224,35434299,7.629760000000001,16857,161568872,431
50100000,4644799,35455077,7.63329,16862,161855330,422
50150000,4645454,35475951,7.6367,16872,162146297,416
50200000,4646056,35496651,7.6401699999999995,16881,162427879,407
50250000,4646659,35517340,7.64363,16890,162711434,433
50300000,4647249,35537985,7.6471,16898,163002982,398
50350000,4647891,35558697,7.6505,16911,163292278,422
50400000,4648558,35579338,7.65384,16917,163568235,457
50450000,4649159,35599841,7.657260000000001,16929,163850732,433
50500000,4649771,35620672,7.66074,16939,164146261,424
50550000,4650390,35641351,7.664160000000001,16947,164433671,413
50600000,4650990,35661872,7.66759,16955,164715783,407
50650000,4651583,35682305,7.671,16968,164993950,410
50700000,4652188,35702713,7.67439,16976,165281341,419
50750000,4652813,35723137,7.67775,16985,165573711,418
50800000,4653408,35743427,7.6811300000000005,16995,165865265,421
50850000,4654031,35763934,7.68451,17003,166154654,404
50900000,4654672,35784219,7.687810000000001,17013,166444930,407
50950000,4655282,35804520,7.691160000000001,17024,166722056,431
51000000,4655902,35824756,7.69448,17036,167005218,401
51050000,4656518,35845166,7.69785,17054,167291439,403
51100000,4657107,35865316,7.7012,17058,167576858,428
51150000,4657714,35885512,7.70453,17071,167848688,396
51200000,4658281,35905779,7.70795,17085,168137342,421
51250000,4658859,35925825,7.711289999999999,17097,168427763,389
51300000,4659445,35945959,7.714639999999999,17102,168713133,399
51350000,4660056,35966109,7.717960000000001,17115,168993652,410
51400000,4660634,35986217,7.721310000000001,17123,169290063,380
51450000,4661261,36006247,7.72457,17130,169562871,411
51500000,4661828,36026210,7.7279100000000005,17144,169851643,384
51550000,4662427,36046158,7.7312,17147,170126680,402
51600000,4663008,36066086,7.73451,17156,170411474,410
51650000,4663598,36085981,7.7378,17160,170687663,407
51700000,4664217,36105682,7.7410000000000005,17171,170971630,407
51750000,4664835,36125398,7.7442,17178,171251389,381
51800000,4665423,36145245,7.74747,17191,171526449,378
51850000,4666024,36165181,7.75075,17197,171808822,401
51900000,4666626,36184671,7.75393,17206,172079126,380
51950000,4667206,36204381,7.75719,17219,172365278,388
52000000,4667810,36224188,7.76042,17223,172644221,383
52050000,4668460,36243747,7.76353,17234,172917070,378
52100000,4669026,36263364,7.766789999999999,17239,173203596,408
52150000,4669606,36282982,7.77003,17244,173491149,393
52200000,4670215,36302417,7.77318,17255,173768088,391
52250000,4670829,36321868,7.77632,17265,174046707,381
52300000,4671415,36341429,7.77953,17273,174333105,404
52350000,4671984,36360915,7.782760000000001,17277,174613377,381
52400000,4672552,36380226,7.785939999999999,17282,174895285,401
52450000,4673123,36399619,7.78914,17291,175181535,381
52500000,4673701,36419205,7.79237,17303,175461534,395
52550000,4674262,36438645,7.79559,17310,175743318,405
52600000,4674833,36458213,7.798830000000001,17316,176029034,385
52650000,4675411,36477528,7.801989999999999,17331,176306848,384
52700000,4676011,36496636,7.80508,17341,176570345,392
52750000,4676555,36515803,7.808269999999999,17349,176861459,389
52800000,4677137,36534877,7.811380000000001,17361,177141990,376
52850000,4677700,36554133,7.81455,17366,177436475,384
52900000,4678261,36573318,7.81772,17374,177722531,387
52950000,4678841,36592364,7.820819999999999,17384,177991509,365
53000000,4679391,36611462,7.823980000000001,17404,178264598,361
53050000,4679945,36630735,7.82717,17410,178534613,381
53100000,4680506,36649573,7.830260000000001,17419,178813776,376
53150000,4681059,36668393,7.83335,17437,179077843,387
53200000,4681595,36687455,7.836530000000001,17442,179346039,372
53250000,4682194,36706535,7.8396,17453,179634163,384
53300000,4682728,36725414,7.842739999999999,17469,179921851,382
53350000,4683308,36744247,7.845789999999999,17475,180197655,385
53400000,4683873,36763169,7.84888,17483,180484433,375
53450000,4684405,36781874,7.85198,17491,180761797,407
53500000,4684955,36800561,7.85505,17498,181037016,355
53550000,4685548,36819541,7.858110000000001,17505,181313152,387
53600000,4686076,36838339,7.86123,17517,181587548,367
53650000,4686595,36857198,7.864389999999999,17520,181879547,357
53700000,4687110,36875909,7.86752,17530,182157185,357
53750000,4687663,36894563,7.87057,17538,182429182,359
53800000,4688238,36913354,7.87361,17549,182712134,377
53850000,4688743,36931893,7.87672,17561,182985904,380
53900000,4689298,36950541,7.879760000000001,17569,183255649,383
53950000,4689829,36969126,7.88283,17578,183525788,360
54000000,4690400,36987530,7.885789999999999,17585,183807302,369
54050000,4690918,37005959,7.88885,17599,184093877,382
54100000,4691498,37024481,7.89182,17602,184362264,383
54150000,4692034,37042920,7.89485,17614,184639469,359
54200000,4692566,37061125,7.8978399999999995,17621,184915368,378
54250000,4693104,37079532,7.90085,17635,185185504,356
54300000,4693587,37097925,7.9039600000000005,17647,185456652,335
54350000,4694115,37116454,7.907019999999999,17656,185731022,370
54400000,4694680,37134685,7.90995,17666,185998575,369
54450000,4695182,37153064,7.9130199999999995,17672,186275815,373
54500000,4695695,37171201,7.91602,17683,186549235,320
54550000,4696189,37189171,7.919010000000001,17688,186818815,353
54600000,4696725,37207448,7.922000000000001,17698,187086211,339
54650000,4697247,37225484,7.9249600000000004,17710,187359864,347
54700000,4697788,37243616,7.9279,17722,187637899,359
54750000,4698325,37261644,7.930839999999999,17729,187903483,356
54800000,4698819,37279683,7.933839999999999,17739,188169243,356
54850000,4699369,37297805,7.93677,17749,188443702,331
54900000,4699889,37315625,7.93968,17762,188715706,378
54950000,4700395,37333635,7.942660000000001,17768,188990705,369
55000000,4700879,37351683,7.94568,17770,189267015,340
55050000,4701363,37369452,7.948639999999999,17780,189540773,348
55100000,4701866,37387292,7.9515899999999995,17794,189814277,379
55150000,4702354,37405139,7.954560000000001,17802,190078667,330
55200000,4702863,37423032,7.9575,17810,190360023,353
55250000,4703353,37440651,7.96042,17821,190631247,357
55300000,4703804,37458449,7.963439999999999,17829,190897592,346
55350000,4704302,37476257,7.96638,17839,191169207,368
55400000,4704795,37493799,7.96927,17845,191444386,344
55450000,4705298,37511437,7.972169999999999,17851,191698867,319
55500000,4705820,37529124,7.975039999999999,17856,191961010,369
55550000,4706266,37546830,7.97805,17870,192233468,378
55600000,4706762,37564303,7.980919999999999,17875,192506572,364
55650000,4707243,37582003,7.98387,17882,192779013,349
55700000,4707694,37599567,7.98683,17886,193041144,341
55750000,4708168,37617097,7.98975,17893,193320722,367
55800000,4708665,37634631,7.99263,17904,193591286,374
55850000,4709167,37651846,7.995439999999999,17914,193861838,346
55900000,4709660,37669203,7.998289999999999,17924,194115761,355
55950000,4710132,37686341,8.00112,17929,194382393,343
56000000,4710620,37703832,8.004010000000001,17941,194646905,372
56050000,4711083,37721176,8.0069,17951,194920865,362
56100000,4711563,37738443,8.00975,17955,195186333,342
56150000,4712072,37755626,8.01253,17961,195462849,325
56200000,4712564,37772665,8.015310000000001,17970,195729557,355
56250000,4713035,37790035,8.0182,17983,195999072,336
56300000,4713518,37807312,8.02104,17991,196266316,348
56350000,4714027,37824518,8.023819999999999,17997,196530123,350
56400000,4714562,37841693,8.02656,18002,196799651,333
56450000,4715092,37858804,8.02928,18011,197071082,339
56500000,4715592,37875932,8.032060000000001,18022,197338452,331
56550000,4716111,37893137,8.03483,18029,197612779,343
56600000,4716579,37910111,8.03763,18044,197870499,348
56650000,4717053,37927072,8.04042,18053,198127156,347
56700000,4717515,37943993,8.04322,18068,198394941,327
56750000,4717963,37960801,8.04601,18074,198654288,332
56800000,4718436,37977717,8.048789999999999,18087,198920538,335
56850000,4718918,37994602,8.05155,18102,199177740,351
56900000,4719385,38011356,8.0543,18107,199452405,356
56950000,4719823,38028059,8.057089999999999,18118,199709343,332
57000000,4720269,38044839,8.05989,18125,199963416,362
57050000,4720690,38061622,8.06272,18135,200224591,336
57100000,4721174,38078220,8.06541,18142,200473563,316
57150000,4721654,38094887,8.06812,18149,200741703,342
57200000,4722142,38111510,8.07081,18155,201006291,344
57250000,4722599,38128067,8.07353,18162,201271605,328
57300000,4723054,38144502,8.076239999999999,18171,201522131,318
57350000,4723518,38161070,8.07895,18172,201781375,334
57400000,4723958,38177791,8.08174,18184,202041557,358
57450000,4724396,38194335,8.084489999999999,18187,202297084,343
57500000,4724847,38210851,8.08721,18196,202549291,337
57550000,4725302,38227296,8.08992,18201,202815199,327
57600000,4725774,38243525,8.09254,18211,203079267,316
57650000,4726218,38259991,8.09527,18214,203338381,333
57700000,4726684,38276371,8.09793,18219,203595722,336
57750000,4727124,38293022,8.1007,18227,203862148,338
57800000,4727561,38309432,8.10342,18234,204137437,341
57850000,4728000,38325724,8.106119999999999,18237,204398506,330
57900000,4728496,38341960,8.1087,18243,204657344,320
57950000,4728916,38358070,8.11139,18249,204921939,319
58000000,4729369,38374194,8.11402,18258,205176220,336
58050000,4729840,38390315,8.11662,18264,205438209,326
58100000,4730300,38406450,8.11924,18269,205695139,336
58150000,4730721,38422408,8.121889999999999,18278,205951433,277
58200000,4731183,38438531,8.12451,18288,206207109,323
58250000,4731683,38454546,8.12703,18294,206469463,336
58300000,4732152,38470488,8.1296,18294,206718649,318
58350000,4732604,38486556,8.13222,18308,206977640,324
58400000,4733016,38502430,8.13486,18316,207234109,308
58450000,4733476,38518419,8.13745,18321,207498593,306
58500000,4733902,38534094,8.14003,18334,207753640,305
58550000,4734335,38550125,8.142669999999999,18342,208005826,325
58600000,4734767,38566136,8.14531,18347,208264082,288
58650000,4735177,38582080,8.147969999999999,18352,208526871,320
58700000,4735583,38597757,8.15058,18365,208786439,339
58750000,4736019,38613595,8.15318,18374,209050368,334
58800000,4736406,38629116,8.15579,18390,209305925,318
58850000,4736845,38644723,8.15833,18394,209572500,316
58900000,4737333,38660534,8.16082,18399,209831770,316
58950000,4737762,38676172,8.16338,18404,210087737,317
59000000,4738176,38691729,8.16595,18412,210350874,297
59050000,4738605,38707241,8.16849,18421,210610373,340
59100000,4739027,38722753,8.17103,18424,210860176,318
59150000,4739448,38738198,8.17357,18429,211114788,326
59200000,4739912,38753661,8.17603,18435,211357948,299
59250000,4740347,38768959,8.178510000000001,18440,211602466,293
59300000,4740773,38784440,8.18104,18448,211869081,292
59350000,4741199,38800004,8.183580000000001,18457,212128182,319
59400000,4741635,38815433,8.18609,18465,212376420,296
59450000,4742069,38830758,8.18857,18476,212627634,344
59500000,4742470,38845993,8.191089999999999,18480,212882290,320
59550000,4742905,38861257,8.19356,18494,213119864,282
59600000,4743375,38876659,8.19599,18501,213372216,310
59650000,4743809,38891945,8.19846,18508,213624708,302
59700000,4744225,38907233,8.20097,18510,213890857,302
59750000,4744624,38922473,8.203489999999999,18520,214137118,296
59800000,4745043,38937550,8.20594,18525,214389159,310
59850000,4745456,38952619,8.2084,18538,214646488,317
59900000,4745848,38967718,8.21091,18542,214897139,284
59950000,4746234,38982838,8.21343,18551,215147951,314
60000000,4746628,38997815,8.2159,18557,215400944,307
60050000,4747002,39012813,8.21841,18567,215655014,305
60100000,4747415,39027581,8.22081,18576,215894967,284
60150000,4747804,39042511,8.22328,18585,216144014,295
60200000,4748221,39057263,8.225660000000001,18592,216389857,274
60250000,4748647,39072195,8.228069999999999,18596,216641655,279
60300000,4749047,39087010,8.2305,18603,216895936,262
60350000,4749418,39101771,8.23296,18607,217142566,314
60400000,4749793,39116627,8.235439999999999,18616,217390145,302
60450000,4750165,39131267,8.23788,18620,217629675,289
60500000,4750557,39145946,8.24029,18634,217870083,289
60550000,4750946,39160596,8.24269,18634,218120783,306
60600000,4751375,39175293,8.24504,18648,218361689,309
60650000,4751760,39189948,8.24746,18654,218610255,311
60700000,4752132,39204502,8.249880000000001,18662,218855509,301
60750000,4752546,39218977,8.2522,18668,219109376,273
60800000,4752952,39233478,8.25455,18676,219352206,307
60850000,4753363,39248019,8.25689,18681,219593581,289
60900000,4753764,39262450,8.25923,18687,219840143,293
60950000,4754166,39276842,8.261560000000001,18695,220086929,281
61000000,4754529,39291230,8.26396,18705,220327601,272
61050000,4754918,39305569,8.2663,18712,220575473,300
61100000,4755303,39320001,8.26866,18720,220820260,280
61150000,4755680,39334257,8.27101,18725,221059217,292
61200000,4756057,39348455,8.27334,18730,221288897,277
61250000,4756450,39362817,8.27567,18736,221526784,281
61300000,4756824,39377017,8.27801,18747,221764053,288
61350000,4757191,39391239,8.28036,18749,222014886,282
61400000,4757602,39405313,8.2826,18757,222240606,300
61450000,4757984,39419630,8.284939999999999,18760,222479670,294
61500000,4758339,39433673,8.28728,18769,222720106,278
61550000,4758715,39447702,8.28957,18769,222952276,282
61600000,4759118,39461797,8.291830000000001,18784,223190963,295
61650000,4759482,39475815,8.294139999999999,18784,223432741,278
61700000,4759856,39489725,8.29641,18792,223669166,247
61750000,4760253,39503788,8.29867,18793,223901559,292
61800000,4760620,39517735,8.30096,18805,224142784,289
61850000,4760998,39531637,8.30322,18814,224379560,273
61900000,4761386,39545443,8.30545,18820,224616631,283
61950000,4761743,39559271,8.307730000000001,18824,224845145,258
62000000,4762098,39573123,8.31002,18832,225076224,281
62050000,4762505,39586879,8.3122,18842,225298090,303
62100000,4762827,39600673,8.31453,18846,225533572,270
62150000,4763180,39614401,8.3168,18848,225764696,271
62200000,4763561,39628036,8.31899,18848,225999703,270
62250000,4763983,39641692,8.32112,18848,226236745,291
62300000,4764349,39655272,8.32333,18859,226468527,265
62350000,4764756,39668919,8.32549,18864,226692329,281
62400000,4765091,39682468,8.32775,18869,226927853,263
62450000,4765446,39696186,8.33,18876,227163053,286
62500000,4765823,39709787,8.3322,18877,227392582,281
62550000,4766159,39723191,8.33442,18884,227628617,253
62600000,4766508,39736694,8.33665,18888,227865788,264
62650000,4766863,39750114,8.33884,18896,228099390,271
62700000,4767203,39763604,8.34108,18902,228332710,263
62750000,4767568,39777192,8.34329,18908,228567203,284
62800000,4767901,39790575,8.34551,18915,228798145,261
62850000,4768272,39804056,8.34769,18918,229032909,261
62900000,4768622,39817397,8.34987,18927,229270169,271
62950000,4768973,39830767,8.35206,18938,229497607,267
63000000,4769345,39844044,8.3542,18938,229728803,253
63050000,4769700,39857399,8.35637,18949,229960806,286
63100000,4770029,39870389,8.35852,18949,230191893,261
63150000,4770377,39883389,8.36064,18959,230415786,274
63200000,4770723,39896633,8.362810000000001,18966,230641759,245
63250000,4771070,39909801,8.36496,18966,230870355,279
63300000,4771389,39922916,8.36715,18977,231107941,245
63350000,4771755,39935883,8.36922,18984,231333071,236
63400000,4772082,39948979,8.37139,18990,231555151,268
63450000,4772429,39961786,8.37347,18998,231771343,264
63500000,4772781,39974871,8.375589999999999,19000,231998598,259
63550000,4773104,39987668,8.37771,19008,232224757,262
63600000,4773445,40000435,8.37978,19013,232435246,231
63650000,4773795,40013457,8.3819,19025,232661801,269
63700000,4774141,40026491,8.38402,19032,232882320,279
63750000,4774501,40039329,8.38608,19035,233118333,294
63800000,4774843,40051951,8.388119999999999,19040,233339199,268
63850000,4775168,40064725,8.39022,19043,233561899,255
63900000,4775460,40077311,8.39235,19050,233776228,250
63950000,4775810,40090065,8.3944,19060,233999236,245
64000000,4776133,40102944,8.39653,19063,234211966,246
64050000,4776464,40115489,8.39857,19069,234420381,265
64100000,4776799,40128143,8.40063,19074,234651475,249
64150000,4777126,40140732,8.40269,19082,234873193,260
64200000,4777471,40153382,8.404739999999999,19085,235091674,254
64250000,4777785,40165929,8.40681,19093,235319735,251
64300000,4778098,40178524,8.40889,19096,235549520,232
64350000,4778428,40191014,8.41093,19102,235772349,257
64400000,4778779,40203532,8.412930000000001,19112,235985538,249
64450000,4779113,40215785,8.41491,19115,236198097,259
64500000,4779409,40228084,8.416960000000001,19124,236415371,252
64550000,4779747,40240426,8.41894,19124,236628454,247
64600000,4780069,40252761,8.420960000000001,19124,236849084,233
64650000,4780407,40264960,8.42291,19137,237064958,232
64700000,4780729,40277089,8.42488,19143,237280392,242
64750000,4781057,40289326,8.42687,19145,237497724,255
64800000,4781414,40301818,8.42885,19151,237720617,263
64850000,4781766,40313907,8.430760000000001,19158,237937308,249
64900000,4782067,40325987,8.43275,19164,238148452,247
64950000,4782398,40338107,8.4347,19166,238355292,259
65000000,4782731,40350098,8.43662,19172,238569045,218
65050000,4783051,40362127,8.43857,19178,238775510,247
65100000,4783369,40374321,8.440560000000001,19187,238996654,236
65150000,4783684,40386336,8.44252,19194,239206331,270
65200000,4783998,40398484,8.4445,19200,239423962,245
65250000,4784316,40410456,8.446439999999999,19207,239634506,222
65300000,4784622,40422460,8.44841,19212,239853439,242
65350000,4784971,40434330,8.450280000000001,19213,240062585,238
65400000,4785277,40446190,8.452210000000001,19219,240271491,255
65450000,4785583,40458129,8.45417,19225,240487403,266
65500000,4785878,40469967,8.45612,19233,240696242,227
65550000,4786223,40481847,8.457989999999999,19233,240902227,241
65600000,4786520,40493726,8.45995,19237,241109217,232
65650000,4786820,40505631,8.461910000000001,19246,241331307,231
65700000,4787129,40517536,8.46385,19251,241546539,220
65750000,4787435,40529201,8.46574,19257,241761308,198
65800000,4787679,40540751,8.46773,19262,241971033,231
65850000,4788008,40552309,8.469560000000001,19267,242190315,226
65900000,4788318,40563861,8.47142,19271,242392427,227
65950000,4788598,40575344,8.47332,19278,242598987,219
66000000,4788912,40586773,8.47516,19280,242815807,227
66050000,4789185,40598218,8.47706,19290,243018456,221
66100000,4789482,40609698,8.47893,19292,243218141,236
66150000,4789782,40621059,8.48077,19300,243427383,248
66200000,4790079,40632490,8.48263,19304,243634147,248
66250000,4790377,40643904,8.48449,19313,243833483,237
66300000,4790655,40655208,8.486360000000001,19318,244037013,232
66350000,4790926,40666556,8.48825,19321,244250743,236
66400000,4791227,40677865,8.49007,19325,244458388,200
66450000,4791556,40689114,8.49184,19332,244653033,214
66500000,4791838,40700492,8.49371,19338,244860100,207
66550000,4792145,40711613,8.49549,19342,245058775,213
66600000,4792448,40722774,8.49728,19349,245262980,239
66650000,4792730,40734076,8.499139999999999,19358,245471673,225
66700000,4793006,40745073,8.50094,19362,245662152,204
66750000,4793314,40756053,8.50269,19362,245864985,229
66800000,4793615,40767060,8.50445,19374,246081106,211
66850000,4793921,40778120,8.506210000000001,19376,246274471,222
66900000,4794215,40789301,8.50802,19385,246474860,227
66950000,4794499,40800283,8.50981,19392,246670869,228
67000000,4794762,40811131,8.511610000000001,19398,246865367,200
67050000,4795021,40821973,8.51341,19403,247063680,219
67100000,4795304,40832772,8.51516,19410,247263694,198
67150000,4795597,40843473,8.516869999999999,19412,247458638,209
67200000,4795866,40854320,8.51865,19418,247649829,201
67250000,4796150,40864919,8.52036,19422,247846528,212
67300000,4796416,40875884,8.52217,19428,248047968,196
67350000,4796705,40886796,8.52393,19435,248248142,211
67400000,4796977,40897481,8.52568,19440,248449150,221
67450000,4797256,40907994,8.52737,19445,248633152,222
67500000,4797535,40918592,8.52909,19445,248820256,233
67550000,4797787,40929072,8.53082,19449,249008914,228
67600000,4798077,40939721,8.53253,19452,249204850,226
67650000,4798336,40950265,8.53426,19456,249392575,209
67700000,4798608,40960851,8.53599,19459,249590329,224
67750000,4798881,40971474,8.53771,19468,249791175,210
67800000,4799162,40981942,8.5394,19474,249984442,210
67850000,4799433,40992424,8.5411,19477,250178843,211
67900000,4799718,41002765,8.54274,19483,250368958,206
67950000,4799960,41013107,8.54447,19483,250552615,212
68000000,4800219,41023480,8.54617,19489,250747391,192
68050000,4800484,41033849,8.54786,19498,250936569,211
68100000,4800715,41044188,8.5496,19505,251129182,209
68150000,4800980,41054624,8.5513,19505,251318063,210
68200000,4801241,41064819,8.55296,19513,251496386,213
68250000,4801503,41075135,8.55464,19516,251675821,207
68300000,4801751,41085285,8.55631,19516,251853750,203
68350000,4802010,41095436,8.55797,19522,252038341,199
68400000,4802262,41105669,8.55965,19523,252223592,203
68450000,4802529,41115753,8.56127,19527,252409262,197
68500000,4802797,41125737,8.56287,19527,252595799,220
68550000,4803043,41135732,8.56451,19532,252777952,210
68600000,4803337,41146013,8.566130000000001,19536,252972945,212
68650000,4803585,41155865,8.567739999999999,19542,253146260,206
68700000,4803847,41165814,8.569339999999999,19543,253334319,173
68750000,4804091,41175705,8.570969999999999,19549,253519542,203
68800000,4804332,41185487,8.572569999999999,19555,253696464,199
68850000,4804588,41195352,8.57417,19557,253875716,217
68900000,4804861,41205072,8.57571,19560,254048164,234
68950000,4805128,41214798,8.57725,19565,254219266,172
69000000,4805376,41224577,8.57885,19569,254398957,186
69050000,4805648,41234244,8.58037,19572,254566164,202
69100000,4805887,41243880,8.58195,19575,254744326,184
69150000,4806128,41253406,8.5835,19580,254918272,185
69200000,4806396,41263016,8.58502,19589,255097466,180
69250000,4806648,41272710,8.58659,19593,255278284,191
69300000,4806895,41282305,8.58814,19593,255454950,218
69350000,4807132,41291837,8.5897,19603,255631939,191
69400000,4807390,41301463,8.591239999999999,19607,255820659,181
69450000,4807614,41310916,8.59281,19608,256000149,175
69500000,4807841,41320382,8.59437,19614,256179135,197
69550000,4808096,41329910,8.5959,19615,256359849,208
69600000,4808345,41339238,8.597389999999999,19620,256539487,190
69650000,4808575,41348600,8.598930000000001,19620,256705349,187
69700000,4808810,41357927,8.60045,19627,256884870,188
69750000,4809049,41367179,8.60195,19629,257060812,210
69800000,4809290,41376418,8.603439999999999,19635,257239303,185
69850000,4809522,41385740,8.60496,19640,257402736,177
69900000,4809765,41394896,8.60643,19646,257577471,182
69950000,4810011,41404216,8.60793,19651,257752766,156
70000000,4810269,41413456,8.60938,19658,257932559,183
70050000,4810488,41422641,8.6109,19658,258117388,166
70100000,4810712,41431828,8.61241,19668,258299101,183
70150000,4810922,41440850,8.61391,19668,258466253,183
70200000,4811154,41449851,8.61537,19674,258633860,175
70250000,4811388,41458910,8.61683,19676,258804790,178
70300000,4811632,41467864,8.61825,19680,258960093,184
70350000,4811859,41476673,8.61968,19685,259120309,165
70400000,4812063,41485420,8.62113,19686,259285399,176
70450000,4812300,41494426,8.622580000000001,19689,259460758,156
70500000,4812516,41503334,8.624039999999999,19694,259636416,157
70550000,4812745,41512219,8.62548,19698,259798222,177
70600000,4812976,41521185,8.62693,19703,259960043,160
70650000,4813188,41529977,8.62837,19707,260136121,151
70700000,4813410,41538768,8.6298,19712,260300131,187
70750000,4813625,41547472,8.631219999999999,19714,260458332,164
70800000,4813846,41556187,8.632639999999999,19718,260619362,179
70850000,4814082,41565072,8.63406,19724,260789270,182
70900000,4814302,41573763,8.63547,19733,260963378,158
70950000,4814523,41582273,8.63684,19741,261125754,160
71000000,4814762,41590899,8.6382,19745,261284175,175
71050000,4814993,41599493,8.639569999999999,19746,261449964,171
71100000,4815248,41608026,8.640889999999999,19747,261611877,187
71150000,4815445,41616396,8.64227,19753,261766805,176
71200000,4815670,41624978,8.64365,19756,261933222,167
71250000,4815883,41633463,8.64503,19756,262095130,167
71300000,4816085,41641820,8.6464,19763,262251703,168
71350000,4816306,41650188,8.64775,19763,262412623,171
71400000,4816487,41658552,8.64916,19775,262572929,170
71450000,4816693,41666842,8.65051,19780,262726531,171
71500000,4816907,41675212,8.651860000000001,19789,262885068,160
71550000,4817111,41683345,8.65318,19791,263042633,170
71600000,4817312,41691490,8.65451,19797,263205848,169
71650000,4817500,41699675,8.65587,19800,263362255,157
71700000,4817727,41707862,8.657169999999999,19808,263521007,161
71750000,4817952,41715900,8.658430000000001,19811,263673516,145
71800000,4818160,41723905,8.65972,19815,263821982,157
71850000,4818348,41732055,8.66107,19821,263980226,132
71900000,4818562,41740191,8.66237,19825,264135866,159
71950000,4818778,41748228,8.66365,19829,264287771,152
72000000,4818982,41756143,8.66493,19830,264437850,159
72050000,4819196,41764033,8.66618,19841,264582799,168
72100000,4819409,41771996,8.66745,19847,264726180,152
72150000,4819615,41780058,8.66875,19849,264881212,151
72200000,4819816,41787950,8.67003,19855,265028745,167
72250000,4820027,41795968,8.67131,19855,265180367,151
72300000,4820185,41803883,8.67267,19855,265331795,161
72350000,4820374,41811793,8.673969999999999,19862,265475986,170
72400000,4820571,41819453,8.67521,19869,265625675,148
72450000,4820763,41827074,8.67644,19872,265768913,145
72500000,4820941,41834836,8.67773,19876,265912078,148
72550000,4821128,41842521,8.678989999999999,19883,266067446,163
72600000,4821323,41850180,8.68023,19886,266221491,163
72650000,4821502,41857698,8.681460000000001,19892,266363468,139
72700000,4821690,41865358,8.68271,19893,266506256,154
72750000,4821869,41873075,8.68399,19895,266656855,167
72800000,4822080,41880550,8.68516,19898,266801564,157
72850000,4822281,41888117,8.68637,19900,266944299,164
72900000,4822483,41895585,8.68755,19904,267081511,146
72950000,4822666,41903156,8.68879,19910,267227478,159
73000000,4822853,41910637,8.690010000000001,19913,267380008,147
73050000,4823032,41918095,8.691230000000001,19916,267526273,167
73100000,4823214,41925435,8.69243,19919,267667766,148
73150000,4823423,41932801,8.69358,19921,267814824,161
73200000,4823591,41940119,8.69479,19922,267954977,124
73250000,4823799,41947468,8.69594,19926,268092465,132
73300000,4823983,41954642,8.6971,19927,268235010,152
73350000,4824171,41961830,8.69825,19929,268375998,124
73400000,4824361,41969195,8.69943,19935,268522543,143
73450000,4824564,41976323,8.70054,19936,268650856,147
73500000,4824768,41983557,8.70167,19940,268783089,157
73550000,4824942,41990631,8.70283,19940,268915408,155
73600000,4825113,41997748,8.70399,19946,269054658,141
73650000,4825263,42004747,8.705169999999999,19949,269187092,134
73700000,4825453,42011728,8.70628,19951,269323695,134
73750000,4825645,42018730,8.70738,19954,269464567,137
73800000,4825811,42025601,8.70851,19960,269595660,118
73850000,4825990,42032590,8.70963,19961,269735095,132
73900000,4826186,42039511,8.71071,19964,269864551,122
73950000,4826370,42046355,8.7118,19969,269998823,136
74000000,4826552,42053353,8.71292,19969,270134097,129
74050000,4826727,42060162,8.71401,19969,270268941,141
74100000,4826902,42066991,8.715110000000001,19975,270396623,148
74150000,4827075,42073781,8.71621,19979,270529193,133
74200000,4827257,42080481,8.71727,19979,270660575,127
74250000,4827416,42087220,8.71837,19984,270790005,136
74300000,4827611,42093877,8.7194,19985,270923291,133
74350000,4827791,42100535,8.720460000000001,19990,271055135,141
74400000,4827956,42107161,8.72153,19993,271183351,124
74450000,4828127,42113786,8.72259,19993,271311331,147
74500000,4828283,42120308,8.72366,19998,271432147,123
74550000,4828452,42126941,8.724730000000001,20002,271557565,130
74600000,4828629,42133595,8.72579,20002,271678636,155
74650000,4828767,42139998,8.72687,20007,271802736,134
74700000,4828936,42146453,8.7279,20009,271929555,136
74750000,4829122,42152857,8.72889,20013,272050007,113
74800000,4829256,42159204,8.72996,20017,272180869,146
74850000,4829411,42165490,8.73098,20017,272303843,106
74900000,4829557,42171786,8.73202,20023,272431246,119
74950000,4829725,42177954,8.73299,20025,272557142,127
75000000,4829886,42184126,8.73398,20030,272675440,113
75050000,4830047,42190335,8.73497,20031,272802279,128
75100000,4830227,42196458,8.73592,20033,272919955,136
75150000,4830368,42202549,8.73692,20037,273042907,112
75200000,4830519,42208531,8.73789,20042,273165571,112
75250000,4830680,42214647,8.73886,20042,273279236,131
75300000,4830833,42220812,8.73986,20042,273395229,125
75350000,4830986,42226875,8.740839999999999,20051,273518055,132
75400000,4831150,42232885,8.74179,20053,273637989,113
75450000,4831292,42238847,8.74276,20060,273749518,124
75500000,4831433,42244720,8.74372,20061,273859461,106
75550000,4831565,42250678,8.74472,20062,273975013,121
75600000,4831715,42256549,8.74566,20064,274094928,127
75650000,4831860,42262478,8.74663,20064,274211712,135
75700000,4832009,42268373,8.747580000000001,20073,274331577,97
75750000,4832161,42274215,8.748510000000001,20074,274449239,121
75800000,4832297,42280015,8.74947,20080,274564546,112
75850000,4832436,42285808,8.75041,20082,274673666,119
75900000,4832578,42291583,8.75135,20083,274785352,123
75950000,4832719,42297233,8.75226,20087,274892019,105
76000000,4832863,42302942,8.75318,20087,274998405,117
76050000,4832997,42308581,8.75411,20087,275105634,129
76100000,4833158,42314026,8.75494,20087,275213760,107
76150000,4833300,42319694,8.75586,20097,275323195,106
76200000,4833444,42325268,8.75675,20099,275430092,100
76250000,4833591,42330802,8.75763,20099,275533996,113
76300000,4833739,42336235,8.75849,20099,275639943,109
76350000,4833892,42341871,8.75937,20103,275741919,105
76400000,4834034,42347346,8.76025,20106,275849589,98
76450000,4834168,42352651,8.7611,20110,275954452,98
76500000,4834309,42358041,8.76196,20110,276059866,128
76550000,4834439,42363327,8.76282,20110,276161037,104
76600000,4834564,42368793,8.76373,20117,276269071,115
76650000,4834698,42374073,8.764569999999999,20121,276371405,106
76700000,4834829,42379264,8.765410000000001,20122,276472025,92
76750000,4834974,42384523,8.76624,20122,276574430,99
76800000,4835098,42389818,8.76711,20127,276677583,127
76850000,4835210,42395067,8.76799,20132,276783639,102
76900000,4835341,42400247,8.76882,20135,276883956,108
76950000,4835481,42405389,8.769630000000001,20136,276978393,92
77000000,4835621,42410527,8.770439999999999,20138,277075566,107
77050000,4835741,42415501,8.77125,20138,277176806,119
77100000,4835856,42420497,8.77208,20138,277274478,81
77150000,4835976,42425408,8.77287,20142,277361365,91
77200000,4836096,42430412,8.77369,20142,277458127,98
77250000,4836227,42435373,8.77448,20146,277554498,88
77300000,4836355,42440294,8.775260000000001,20146,277650748,114
77350000,4836475,42445177,8.776060000000001,20149,277746250,105
77400000,4836597,42450138,8.776860000000001,20149,277845756,110
77450000,4836716,42455017,8.77765,20152,277941086,85
77500000,4836856,42459797,8.77839,20154,278034398,99
77550000,4836984,42464556,8.77914,20158,278129350,92
77600000,4837099,42469273,8.779910000000001,20158,278226375,89
77650000,4837207,42473990,8.78068,20163,278323731,84
77700000,4837322,42478660,8.78144,20164,278410268,93
77750000,4837422,42483298,8.78222,20167,278499038,94
77800000,4837548,42487909,8.78294,20170,278589962,90
77850000,4837632,42492530,8.78375,20170,278688352,91
77900000,4837748,42497132,8.78449,20170,278775033,85
77950000,4837865,42501716,8.785219999999999,20174,278866030,89
78000000,4837978,42506174,8.78594,20176,278953666,117
78050000,4838097,42510761,8.786669999999999,20180,279046922,85
78100000,4838214,42515190,8.78737,20181,279138623,73
78150000,4838310,42519605,8.788110000000001,20184,279220215,77
78200000,4838413,42523980,8.78883,20184,279309149,78
78250000,4838542,42528321,8.789489999999999,20184,279390835,81
78300000,4838645,42532642,8.7902,20188,279475206,100
78350000,4838751,42536871,8.79088,20190,279555927,91
78400000,4838857,42541140,8.79157,20190,279637053,107
78450000,4838954,42545297,8.79225,20196,279718524,84
78500000,4839051,42549428,8.79293,20198,279793001,83
78550000,4839164,42553608,8.79359,20202,279869284,92
78600000,4839247,42557855,8.794310000000001,20202,279949171,92
78650000,4839356,42561975,8.79497,20208,280028233,82
78700000,4839459,42566143,8.795639999999999,20208,280107324,91
78750000,4839572,42570229,8.79628,20208,280188076,84
78800000,4839665,42574253,8.79694,20208,280269109,78
78850000,4839755,42578209,8.7976,20208,280348776,70
78900000,4839858,42582127,8.79822,20211,280429439,63
78950000,4839973,42586159,8.79884,20211,280508232,102
79000000,4840057,42590117,8.79951,20217,280584286,79
79050000,4840151,42594007,8.800139999999999,20217,280654168,81
79100000,4840258,42597876,8.80074,20221,280743384,81
79150000,4840359,42601780,8.80137,20226,280820310,87
79200000,4840463,42605692,8.80199,20227,280890717,79
79250000,4840549,42609621,8.80264,20230,280965598,80
79300000,4840651,42613274,8.80321,20232,281032382,67
79350000,4840749,42617073,8.80382,20233,281109855,92
79400000,4840830,42620800,8.80444,20233,281184272,82
79450000,4840914,42624492,8.80505,20235,281254782,74
79500000,4840997,42628009,8.80563,20235,281331003,76
79550000,4841084,42631622,8.80621,20237,281400873,60
79600000,4841180,42635149,8.80677,20237,281472967,63
79650000,4841261,42638722,8.807360000000001,20237,281540553,72
79700000,4841365,42642242,8.8079,20242,281608708,77
79750000,4841450,42645722,8.80846,20245,281677252,78
79800000,4841547,42649138,8.80899,20248,281744199,63
79850000,4841622,42652554,8.809560000000001,20248,281813527,55
79900000,4841702,42656012,8.810130000000001,20248,281890179,57
79950000,4841791,42659303,8.81065,20248,281946875,63
80000000,4841864,42662646,8.8112,20254,282011921,50
80050000,4841952,42666045,8.811739999999999,20257,282083473,64
80100000,4842033,42669304,8.81227,20262,282147270,52
80150000,4842119,42672582,8.81279,20262,282210032,64
80200000,4842204,42675887,8.81332,20262,282277765,65
80250000,4842299,42679160,8.81382,20265,282341799,56
80300000,4842383,42682346,8.81433,20265,282404533,68
80350000,4842467,42685423,8.814810000000001,20265,282457962,68
80400000,4842552,42688468,8.81528,20265,282523517,55
80450000,4842631,42691577,8.81578,20267,282585075,67
80500000,4842701,42694649,8.816289999999999,20267,282649590,53
80550000,4842772,42697584,8.81677,20269,282706708,52
80600000,4842841,42700573,8.817260000000001,20269,282759849,61
80650000,4842902,42703461,8.817739999999999,20271,282819154,76
80700000,4842979,42706439,8.81822,20271,282874245,69
80750000,4843055,42709288,8.81867,20273,282934074,57
80800000,4843123,42712149,8.81913,20274,282996339,61
80850000,4843193,42715025,8.8196,20274,283049344,47
80900000,4843253,42717815,8.82007,20274,283105366,68
80950000,4843328,42720620,8.82051,20277,283157806,57
81000000,4843387,42723338,8.820960000000001,20280,283214325,69
81050000,4843450,42726033,8.8214,20280,283267522,57
81100000,4843531,42728697,8.821810000000001,20281,283321055,51
81150000,4843596,42731387,8.822239999999999,20284,283375314,59
81200000,4843680,42733970,8.82262,20284,283429203,41
81250000,4843745,42736492,8.823030000000001,20284,283475906,61
81300000,4843818,42739090,8.82343,20287,283531594,49
81350000,4843869,42741585,8.82385,20287,283583420,55
81400000,4843933,42744109,8.82426,20287,283635287,57
81450000,4844000,42746578,8.824639999999999,20289,283687112,46
81500000,4844048,42748944,8.82505,20289,283734000,45
81550000,4844114,42751375,8.82543,20289,283779685,45
81600000,4844178,42753802,8.82581,20289,283825336,47
81650000,4844238,42756140,8.82618,20291,283870402,44
81700000,4844292,42758416,8.82656,20291,283917323,56
81750000,4844356,42760752,8.82692,20291,283963638,33
81800000,4844419,42763007,8.82727,20295,284004659,43
81850000,4844471,42765242,8.827639999999999,20295,284048152,45
81900000,4844523,42767423,8.82799,20298,284092196,45
81950000,4844566,42769613,8.82837,20299,284135671,46
82000000,4844618,42771841,8.82873,20299,284176831,46
82050000,4844665,42773955,8.829080000000001,20299,284219750,49
82100000,4844716,42776097,8.82943,20301,284258272,44
82150000,4844771,42778168,8.82976,20301,284298737,40
82200000,4844818,42780282,8.830110000000001,20301,284344515,41
82250000,4844880,42782278,8.83041,20302,284383182,39
82300000,4844926,42784311,8.83075,20304,284421835,35
82350000,4844967,42786186,8.83106,20306,284457790,42
82400000,4845003,42788149,8.8314,20306,284498985,34
82450000,4845057,42790029,8.83169,20306,284533303,29
82500000,4845105,42791865,8.83198,20306,284570688,45
82550000,4845146,42793743,8.832289999999999,20306,284609332,45
82600000,4845205,42795609,8.83257,20306,284644627,34
82650000,4845252,42797396,8.83285,20308,284678932,33
82700000,4845290,42799144,8.83314,20309,284711226,34
82750000,4845333,42800912,8.83343,20309,284743692,27
82800000,4845377,42802614,8.8337,20311,284780512,25
82850000,4845421,42804293,8.833969999999999,20311,284815564,33
82900000,4845453,42805830,8.83423,20313,284847256,37
82950000,4845493,42807471,8.834489999999999,20314,284876138,39
83000000,4845534,42808970,8.83473,20314,284902410,24
83050000,4845580,42810513,8.83496,20314,284931639,28
83100000,4845607,42812061,8.835230000000001,20318,284961799,23
83150000,4845649,42813501,8.83545,20318,284988090,37
83200000,4845688,42814940,8.83568,20318,285014822,27
83250000,4845720,42816344,8.83591,20320,285046619,27
83300000,4845752,42817754,8.836139999999999,20320,285073586,31
83350000,4845784,42819113,8.83636,20320,285100270,27
83400000,4845825,42820420,8.83656,20320,285123100,30
83450000,4845868,42821746,8.83675,20320,285148049,25
83500000,4845916,42822987,8.83692,20320,285172396,20
83550000,4845942,42824264,8.83714,20320,285195353,33
83600000,4845964,42825488,8.83735,20322,285220621,19
83650000,4845995,42826717,8.83755,20322,285241725,21
83700000,4846026,42827917,8.83774,20322,285265409,20
83750000,4846057,42829094,8.83793,20323,285287507,27
83800000,4846092,42830245,8.8381,20323,285306987,29
83850000,4846120,42831300,8.83827,20323,285332518,25
83900000,4846145,42832326,8.83843,20323,285350694,25
83950000,4846172,42833340,8.83859,20325,285370498,17
84000000,4846192,42834294,8.83875,20325,285389367,20
84050000,4846213,42835267,8.83892,20328,285410162,24
84100000,4846231,42836216,8.839080000000001,20328,285431140,17
84150000,4846254,42837123,8.83922,20328,285454373,21
84200000,4846282,42838012,8.839360000000001,20328,285469277,20
84250000,4846302,42838859,8.83949,20328,285487394,19
84300000,4846321,42839682,8.83963,20328,285504163,19
84350000,4846341,42840499,8.83976,20328,285519938,18
84400000,4846358,42841321,8.8399,20328,285536506,8
84450000,4846374,42841978,8.840010000000001,20328,285548880,13
84500000,4846397,42842728,8.840119999999999,20331,285563188,26
84550000,4846421,42843433,8.84022,20331,285577368,13
84600000,4846437,42844124,8.84033,20331,285593739,13
84650000,4846451,42844784,8.84045,20331,285607730,16
84700000,4846462,42845398,8.84055,20331,285618733,10
84750000,4846485,42845961,8.84063,20331,285628146,12
84800000,4846497,42846513,8.84072,20331,285639705,8
84850000,4846513,42846980,8.84079,20331,285646938,7
84900000,4846527,42847453,8.840860000000001,20331,285654924,7
84950000,4846538,42847916,8.84093,20331,285664415,10
85000000,4846543,42848312,8.84101,20331,285670843,9
85050000,4846554,42848712,8.84107,20331,285678549,7
85100000,4846561,42849075,8.84113,20331,285686972,9
85150000,4846567,42849448,8.8412,20331,285694101,3
85200000,4846572,42849759,8.84125,20331,285699787,4
85250000,4846584,42850046,8.841289999999999,20331,285707413,4
85300000,4846587,42850294,8.841330000000001,20331,285712658,4
85350000,4846593,42850514,8.84137,20331,285717476,7
85400000,4846595,42850713,8.84141,20331,285720792,7
85450000,4846598,42850874,8.84143,20331,285723029,0
85500000,4846603,42851000,8.84145,20331,285725857,1
85550000,4846607,42851107,8.84147,20331,285727940,2
85600000,4846608,42851169,8.84148,20331,285729400,0
85650000,4846609,42851221,8.84149,20331,285730036,0
85700000,4846609,42851237,8.84149,20331,285730264,0
