timestep,num_nodes,num_edges,average_degree,max_degree,num_triangles,new_edges
0,1974,1000,0.506586,2,0,1000
50000,83986,51000,0.607244,7,0,1000
100000,153833,101000,0.656556,12,0,1000
150000,218279,151000,0.691775,17,0,1000
200000,278845,201000,0.720831,21,0,1000
250000,336735,251000,0.7453930000000001,28,0,1000
300000,392156,301000,0.767552,32,0,1000
350000,445810,351000,0.787331,38,0,1000
400000,497690,401000,0.805722,46,0,1000
450000,548513,451000,0.8222229999999999,52,0,1000
500000,597876,501000,0.837966,56,0,1000
550000,645856,551000,0.853131,67,0,1000
600000,692837,601000,0.867448,77,0,1000
650000,738656,651000,0.88133,83,0,1000
700000,783451,701000,0.894759,88,0,1000
750000,827347,751000,0.9077209999999999,90,0,1000
800000,870679,801000,0.9199719999999999,92,0,1000
850000,913107,851000,0.931983,100,0,1000
900000,954930,901000,0.943525,106,0,1000
950000,996128,951000,0.9546969999999999,116,0,1000
1000000,1036699,1001000,0.965565,123,0,1000
1050000,1076533,1051000,0.976282,134,0,1000
1100000,1115717,1101000,0.986809,142,0,1000
1150000,1154523,1151000,0.996949,144,0,1000
1200000,1192780,1201000,1.00689,148,0,1000
1250000,1230594,1251000,1.0165799999999998,157,0,1000
1300000,1267831,1301000,1.02616,167,0,1000
1350000,1304613,1351000,1.03556,169,0,1000
1400000,1340772,1401000,1.04492,177,0,1000
1450000,1376610,1451000,1.0540399999999999,183,0,1000
1500000,1411864,1501000,1.06313,187,0,1000
1550000,1446623,1551000,1.07215,196,0,1000
1600000,1480804,1601000,1.08117,205,0,1000
1650000,1514901,1651000,1.08984,209,0,1000
1700000,1548738,1701000,1.0983100000000001,213,0,1000
1750000,1582392,1751000,1.10655,219,0,1000
1800000,1615623,1801000,1.11474,225,0,1000
1850000,1648343,1851000,1.12295,228,0,1000
1900000,1680918,1901000,1.13093,236,0,1000
1950000,1713099,1951000,1.13887,243,0,1000
2000000,1744794,2001000,1.1468399999999999,249,0,1000
2050000,1776586,2051000,1.15446,252,0,1000
2100000,1807879,2101000,1.16214,259,0,1000
2150000,1838863,2151000,1.16974,264,0,1000
2200000,1869567,2201000,1.1772799999999999,271,0,1000
2250000,1899899,2251000,1.1848,279,0,1000
2300000,1930129,2301000,1.19215,282,0,1000
2350000,1959942,2351000,1.19953,288,0,1000
2400000,1989591,2401000,1.20678,295,0,1000
2450000,2018992,2451000,1.21397,303,0,1000
2500000,2048112,2501000,1.22112,310,0,1000
2550000,2076963,2551000,1.22824,314,0,1000
2600000,2105753,2601000,1.23519,322,0,1000
2650000,2134241,2651000,1.24213,327,0,1000
2700000,2162563,2701000,1.24898,335,0,1000
2750000,2190508,2751000,1.25587,339,0,1000
2800000,2218385,2801000,1.26263,342,0,1000
2850000,2245941,2851000,1.2694,349,0,1000
2900000,2273430,2901000,1.27605,355,0,1000
2950000,2300558,2951000,1.28273,361,0,1000
3000000,2327742,3001000,1.2892299999999999,367,0,1000
3050000,2354589,3051000,1.29577,373,0,1000
3100000,2381333,3101000,1.30221,379,0,1000
3150000,2407792,3151000,1.30867,386,0,1000
3200000,2434117,3201000,1.3150600000000001,391,0,1000
3250000,2460246,3251000,1.32141,399,0,1000
