timestep,num_nodes,num_edges,average_degree,max_degree,num_triangles,new_edges
0,1969,1000,0.507872,1,0,1000
50000,83747,51000,0.608977,6,0,1000
100000,153676,101000,0.657227,14,0,1000
150000,218149,151000,0.692187,18,0,1000
200000,278945,201000,0.720572,24,0,1000
250000,336803,251000,0.745243,28,0,1000
300000,392252,301000,0.767364,33,0,1000
350000,446084,351000,0.7868470000000001,41,0,1000
400000,498111,401000,0.805041,47,0,1000
450000,548631,451000,0.8220459999999999,51,0,1000
500000,597760,501000,0.8381290000000001,61,0,1000
550000,645917,551000,0.853051,69,0,1000
600000,692948,601000,0.867309,77,0,1000
650000,738864,651000,0.8810819999999999,84,0,1000
700000,783770,701000,0.894395,87,0,1000
750000,827808,751000,0.907215,95,0,1000
800000,871299,801000,0.919317,101,0,1000
850000,913882,851000,0.931192,110,0,1000
900000,955692,901000,0.9427719999999999,116,0,1000
950000,996839,951000,0.954016,124,0,1000
1000000,1037443,1001000,0.964872,126,0,1000
1050000,1077374,1051000,0.97552,130,0,1000
1100000,1116790,1101000,0.9858610000000001,136,0,1000
1150000,1155592,1151000,0.996026,148,0,1000
1200000,1193798,1201000,1.00603,153,0,1000
1250000,1231307,1251000,1.01599,158,0,1000
1300000,1268502,1301000,1.02562,163,0,1000
1350000,1305037,1351000,1.03522,168,0,1000
1400000,1341233,1401000,1.04456,173,0,1000
1450000,1376974,1451000,1.05376,180,0,1000
1500000,1412291,1501000,1.06281,183,0,1000
1550000,1447154,1551000,1.07176,188,0,1000
1600000,1481735,1601000,1.08049,200,0,1000
1650000,1516184,1651000,1.08892,203,0,1000
1700000,1550197,1701000,1.09728,210,0,1000
1750000,1583752,1751000,1.1056,214,0,1000
1800000,1616824,1801000,1.11391,224,0,1000
1850000,1649719,1851000,1.12201,232,0,1000
1900000,1682103,1901000,1.1301299999999999,237,0,1000
1950000,1714359,1951000,1.1380299999999999,249,0,1000
2000000,1745989,2001000,1.14606,256,0,1000
2050000,1777359,2051000,1.15396,259,0,1000
2100000,1808583,2101000,1.1616799999999998,262,0,1000
2150000,1839467,2151000,1.16936,265,0,1000
2200000,1870053,2201000,1.17697,273,0,1000
2250000,1900351,2251000,1.18452,278,0,1000
2300000,1930731,2301000,1.1917799999999998,281,0,1000
2350000,1960385,2351000,1.19925,287,0,1000
2400000,1989967,2401000,1.20655,294,0,1000
2450000,2018892,2451000,1.21403,299,0,1000
2500000,2048133,2501000,1.2211100000000001,303,0,1000
2550000,2077015,2551000,1.2282,311,0,1000
2600000,2105973,2601000,1.23506,315,0,1000
2650000,2134587,2651000,1.24193,325,0,1000
2700000,2162973,2701000,1.24874,332,0,1000
2750000,2191036,2751000,1.25557,338,0,1000
2800000,2218907,2801000,1.26233,341,0,1000
2850000,2246441,2851000,1.26912,349,0,1000
2900000,2273870,2901000,1.2758,359,0,1000
2950000,2301061,2951000,1.28245,365,0,1000
3000000,2328089,3001000,1.28904,374,0,1000
3050000,2354988,3051000,1.29555,377,0,1000
3100000,2381621,3101000,1.30205,384,0,1000
3150000,2407973,3151000,1.30857,392,0,1000
3200000,2434254,3201000,1.31498,398,0,1000
3250000,2460173,3251000,1.32145,402,0,1000
