timestep,num_nodes,num_edges,average_degree,max_degree,num_triangles,new_edges
0,1976,1000,0.506073,2,0,1000
50000,83611,51000,0.6099680000000001,7,0,1000
100000,153545,101000,0.657788,14,0,1000
150000,217962,151000,0.6927810000000001,17,0,1000
200000,278541,201000,0.721617,22,0,1000
250000,336580,251000,0.745737,27,0,1000
300000,392261,301000,0.767346,33,0,1000
350000,445744,351000,0.7874479999999999,41,0,1000
400000,497691,401000,0.805721,45,0,1000
450000,548306,451000,0.822533,51,0,1000
500000,597482,501000,0.838519,65,0,1000
550000,645378,551000,0.8537629999999999,69,0,1000
600000,692395,601000,0.868002,76,0,1000
650000,738171,651000,0.881909,84,0,1000
700000,783200,701000,0.8950459999999999,90,0,1000
750000,827368,751000,0.907698,94,0,1000
800000,870586,801000,0.92007,104,0,1000
850000,912874,851000,0.932221,114,0,1000
900000,954635,901000,0.943816,122,0,1000
950000,995786,951000,0.955024,128,0,1000
1000000,1036594,1001000,0.9656629999999999,136,0,1000
1050000,1076450,1051000,0.9763569999999999,141,0,1000
1100000,1115758,1101000,0.986773,147,0,1000
1150000,1154395,1151000,0.997059,156,0,1000
1200000,1192671,1201000,1.00698,160,0,1000
1250000,1230273,1251000,1.01685,168,0,1000
1300000,1267269,1301000,1.02662,177,0,1000
1350000,1303879,1351000,1.03614,182,0,1000
1400000,1340111,1401000,1.04544,189,0,1000
1450000,1376211,1451000,1.05434,200,0,1000
1500000,1411434,1501000,1.06346,205,0,1000
1550000,1446565,1551000,1.0722,208,0,1000
1600000,1481303,1601000,1.08081,214,0,1000
1650000,1515458,1651000,1.08944,220,0,1000
1700000,1549020,1701000,1.0981100000000001,225,0,1000
1750000,1582406,1751000,1.1065399999999999,232,0,1000
1800000,1615570,1801000,1.1147799999999999,238,0,1000
1850000,1648408,1851000,1.1229,240,0,1000
1900000,1680541,1901000,1.1311799999999999,250,0,1000
1950000,1712881,1951000,1.1390200000000001,256,0,1000
2000000,1744612,2001000,1.14696,260,0,1000
2050000,1776347,2051000,1.15462,266,0,1000
2100000,1807725,2101000,1.1622299999999999,269,0,1000
2150000,1838748,2151000,1.16982,271,0,1000
2200000,1869415,2201000,1.17737,273,0,1000
2250000,1899829,2251000,1.18484,279,0,1000
2300000,1929952,2301000,1.19226,283,0,1000
2350000,1959891,2351000,1.19956,290,0,1000
2400000,1989735,2401000,1.20669,300,0,1000
2450000,2019144,2451000,1.2138799999999998,306,0,1000
2500000,2048346,2501000,1.22099,310,0,1000
2550000,2077232,2551000,1.2280799999999998,316,0,1000
2600000,2105993,2601000,1.23505,324,0,1000
2650000,2134482,2651000,1.24199,331,0,1000
2700000,2162660,2701000,1.24892,335,0,1000
2750000,2190735,2751000,1.2557399999999999,344,0,1000
2800000,2218449,2801000,1.2625899999999999,351,0,1000
2850000,2246096,2851000,1.26931,357,0,1000
2900000,2273546,2901000,1.27598,364,0,1000
2950000,2300800,2951000,1.2826,370,0,1000
3000000,2327655,3001000,1.28928,372,0,1000
3050000,2354386,3051000,1.29588,379,0,1000
3100000,2381156,3101000,1.30231,384,0,1000
3150000,2407745,3151000,1.30869,389,0,1000
3200000,2434069,3201000,1.31508,394,0,1000
3250000,2460157,3251000,1.32146,401,0,1000
