timestep,num_nodes,num_edges,average_degree,max_degree,num_triangles,new_edges
0,1984,1000,0.5040319999999999,1,0,1000
50000,83800,51000,0.608592,6,0,1000
100000,153780,101000,0.656782,11,0,1000
150000,218010,151000,0.692629,16,0,1000
200000,278887,201000,0.720722,24,0,1000
250000,336789,251000,0.745274,29,0,1000
300000,392487,301000,0.766904,38,0,1000
350000,446103,351000,0.786814,44,0,1000
400000,498184,401000,0.8049229999999999,55,0,1000
450000,548829,451000,0.82175,59,0,1000
500000,597925,501000,0.8378979999999999,64,0,1000
550000,646017,551000,0.8529190000000001,70,0,1000
600000,693059,601000,0.8671700000000001,76,0,1000
650000,739100,651000,0.8808010000000001,81,0,1000
700000,784077,701000,0.8940450000000001,87,0,1000
750000,828321,751000,0.906653,89,0,1000
800000,871563,801000,0.9190389999999999,94,0,1000
850000,914054,851000,0.931017,100,0,1000
900000,955884,901000,0.942583,105,0,1000
950000,996865,951000,0.953991,114,0,1000
1000000,1037043,1001000,0.9652440000000001,118,0,1000
1050000,1076972,1051000,0.975884,126,0,1000
1100000,1116042,1101000,0.9865219999999999,130,0,1000
1150000,1154702,1151000,0.9967940000000001,136,0,1000
1200000,1192690,1201000,1.0069700000000001,137,0,1000
1250000,1230121,1251000,1.0169700000000002,144,0,1000
1300000,1266944,1301000,1.02688,151,0,1000
1350000,1303630,1351000,1.03634,160,0,1000
1400000,1340087,1401000,1.04545,166,0,1000
1450000,1375833,1451000,1.05463,172,0,1000
1500000,1411227,1501000,1.06361,180,0,1000
1550000,1446389,1551000,1.07233,186,0,1000
1600000,1480880,1601000,1.08111,193,0,1000
1650000,1515097,1651000,1.0897,200,0,1000
1700000,1548997,1701000,1.0981299999999998,208,0,1000
1750000,1582544,1751000,1.10645,212,0,1000
1800000,1615803,1801000,1.1146200000000002,218,0,1000
1850000,1648611,1851000,1.12276,227,0,1000
1900000,1681170,1901000,1.13076,232,0,1000
1950000,1713550,1951000,1.13857,236,0,1000
2000000,1745516,2001000,1.1463700000000001,242,0,1000
2050000,1777144,2051000,1.1541,251,0,1000
2100000,1808316,2101000,1.16185,259,0,1000
2150000,1839335,2151000,1.16944,267,0,1000
2200000,1870191,2201000,1.17689,272,0,1000
2250000,1900603,2251000,1.18436,278,0,1000
2300000,1930840,2301000,1.19171,284,0,1000
2350000,1960850,2351000,1.19897,291,0,1000
2400000,1990671,2401000,1.20613,298,0,1000
2450000,2019788,2451000,1.21349,302,0,1000
2500000,2048849,2501000,1.22069,310,0,1000
2550000,2077910,2551000,1.2276799999999999,320,0,1000
2600000,2106558,2601000,1.23472,326,0,1000
2650000,2134961,2651000,1.24171,329,0,1000
2700000,2163231,2701000,1.2486,335,0,1000
2750000,2191310,2751000,1.2554100000000001,341,0,1000
2800000,2219080,2801000,1.26223,352,0,1000
2850000,2246608,2851000,1.26902,353,0,1000
2900000,2273728,2901000,1.27588,356,0,1000
2950000,2300877,2951000,1.28255,364,0,1000
3000000,2327883,3001000,1.28915,369,0,1000
3050000,2354752,3051000,1.29568,377,0,1000
3100000,2381620,3101000,1.30205,382,0,1000
3150000,2408184,3151000,1.30845,389,0,1000
3200000,2434372,3201000,1.31492,393,0,1000
3250000,2460234,3251000,1.32142,401,0,1000
