timestep,num_nodes,num_edges,average_degree,max_degree,num_triangles,new_edges
0,1976,1000,0.506073,2,0,1000
50000,83695,51000,0.609355,9,0,1000
100000,153500,101000,0.65798,14,0,1000
150000,217688,151000,0.693653,21,0,1000
200000,278304,201000,0.722232,24,0,1000
250000,336255,251000,0.7464569999999999,30,0,1000
300000,391982,301000,0.767892,33,0,1000
350000,445744,351000,0.7874479999999999,36,0,1000
400000,497712,401000,0.805687,42,0,1000
450000,548220,451000,0.8226620000000001,46,0,1000
500000,597363,501000,0.838686,53,0,1000
550000,645216,551000,0.853978,59,0,1000
600000,692013,601000,0.868481,67,0,1000
650000,738052,651000,0.8820520000000001,75,0,1000
700000,783025,701000,0.8952459999999999,81,0,1000
750000,827232,751000,0.907847,89,0,1000
800000,870572,801000,0.920085,91,0,1000
850000,912678,851000,0.9324209999999999,97,0,1000
900000,954360,901000,0.9440879999999999,107,0,1000
950000,995704,951000,0.955103,116,0,1000
1000000,1036164,1001000,0.9660629999999999,120,0,1000
1050000,1076160,1051000,0.976621,124,0,1000
1100000,1115471,1101000,0.9870270000000001,126,0,1000
1150000,1154145,1151000,0.997275,135,0,1000
1200000,1192475,1201000,1.00715,141,0,1000
1250000,1230230,1251000,1.01688,145,0,1000
1300000,1267581,1301000,1.02636,150,0,1000
1350000,1304112,1351000,1.03595,159,0,1000
1400000,1340229,1401000,1.04534,168,0,1000
1450000,1375890,1451000,1.05459,177,0,1000
1500000,1411157,1501000,1.0636700000000001,184,0,1000
1550000,1446182,1551000,1.0724799999999999,189,0,1000
1600000,1480753,1601000,1.08121,196,0,1000
1650000,1514755,1651000,1.08995,200,0,1000
1700000,1548720,1701000,1.09833,207,0,1000
1750000,1582362,1751000,1.10657,211,0,1000
1800000,1615676,1801000,1.1147,216,0,1000
1850000,1648422,1851000,1.12289,224,0,1000
1900000,1680896,1901000,1.13094,231,0,1000
1950000,1713029,1951000,1.1389200000000002,236,0,1000
2000000,1744949,2001000,1.1467399999999999,244,0,1000
2050000,1776675,2051000,1.1544,253,0,1000
2100000,1807960,2101000,1.16208,259,0,1000
2150000,1839223,2151000,1.1695200000000001,270,0,1000
2200000,1870060,2201000,1.17697,276,0,1000
2250000,1900543,2251000,1.1844,283,0,1000
2300000,1930726,2301000,1.1917799999999998,290,0,1000
2350000,1960552,2351000,1.19915,295,0,1000
2400000,1990093,2401000,1.20648,304,0,1000
2450000,2019492,2451000,1.21367,311,0,1000
2500000,2048544,2501000,1.2208700000000001,317,0,1000
2550000,2077382,2551000,1.22799,322,0,1000
2600000,2106148,2601000,1.23496,324,0,1000
2650000,2134636,2651000,1.2419,335,0,1000
2700000,2162940,2701000,1.24876,338,0,1000
2750000,2191101,2751000,1.25553,345,0,1000
2800000,2218780,2801000,1.26241,348,0,1000
2850000,2246278,2851000,1.26921,355,0,1000
2900000,2273611,2901000,1.27594,365,0,1000
2950000,2300775,2951000,1.28261,369,0,1000
3000000,2327567,3001000,1.2893299999999999,374,0,1000
3050000,2354394,3051000,1.29587,376,0,1000
3100000,2381250,3101000,1.30226,387,0,1000
3150000,2407776,3151000,1.3086799999999998,390,0,1000
3200000,2434157,3201000,1.31503,395,0,1000
3250000,2460226,3251000,1.32142,402,0,1000
