timestep,num_nodes,num_edges,average_degree,max_degree,num_triangles,new_edges
0,1983,1000,0.504286,2,0,1000
50000,83771,51000,0.608803,8,0,1000
100000,153784,101000,0.6567649999999999,14,0,1000
150000,218138,151000,0.692222,20,0,1000
200000,278739,201000,0.721105,27,0,1000
250000,336602,251000,0.745688,34,0,1000
300000,392318,301000,0.767235,38,0,1000
350000,446204,351000,0.786636,43,0,1000
400000,498332,401000,0.8046840000000001,50,0,1000
450000,548721,451000,0.8219110000000001,57,0,1000
500000,597830,501000,0.838031,63,0,1000
550000,645784,551000,0.853226,70,0,1000
600000,692376,601000,0.868025,75,0,1000
650000,738262,651000,0.8818010000000001,84,0,1000
700000,783293,701000,0.89494,92,0,1000
750000,827514,751000,0.907538,99,0,1000
800000,870675,801000,0.919976,105,0,1000
850000,913340,851000,0.931745,111,0,1000
900000,955072,901000,0.943384,117,0,1000
950000,996363,951000,0.954471,122,0,1000
1000000,1036530,1001000,0.965722,128,0,1000
1050000,1076463,1051000,0.9763459999999999,129,0,1000
1100000,1115785,1101000,0.986749,138,0,1000
1150000,1154557,1151000,0.996919,143,0,1000
1200000,1192743,1201000,1.00692,152,0,1000
1250000,1230332,1251000,1.0168,157,0,1000
1300000,1267371,1301000,1.02653,159,0,1000
1350000,1304064,1351000,1.03599,164,0,1000
1400000,1340252,1401000,1.0453299999999999,169,0,1000
1450000,1375947,1451000,1.05455,175,0,1000
1500000,1411251,1501000,1.0636,182,0,1000
1550000,1446284,1551000,1.0724,185,0,1000
1600000,1480788,1601000,1.08118,191,0,1000
1650000,1514913,1651000,1.0898299999999999,198,0,1000
1700000,1548663,1701000,1.09837,204,0,1000
1750000,1582075,1751000,1.10677,211,0,1000
1800000,1615198,1801000,1.11503,218,0,1000
1850000,1648121,1851000,1.1231,230,0,1000
1900000,1680305,1901000,1.13134,232,0,1000
1950000,1712530,1951000,1.13925,238,0,1000
2000000,1744416,2001000,1.14709,243,0,1000
2050000,1776112,2051000,1.15477,248,0,1000
2100000,1807370,2101000,1.16246,252,0,1000
2150000,1838037,2151000,1.1702700000000001,255,0,1000
2200000,1868648,2201000,1.1778600000000001,263,0,1000
2250000,1899109,2251000,1.18529,271,0,1000
2300000,1929398,2301000,1.1926,280,0,1000
2350000,1959442,2351000,1.19983,287,0,1000
2400000,1988897,2401000,1.2072,295,0,1000
2450000,2018433,2451000,1.21431,302,0,1000
2500000,2047468,2501000,1.22151,306,0,1000
2550000,2076654,2551000,1.22842,308,0,1000
2600000,2105186,2601000,1.2355200000000002,316,0,1000
2650000,2133658,2651000,1.24247,320,0,1000
2700000,2161916,2701000,1.24935,327,0,1000
2750000,2190136,2751000,1.25609,335,0,1000
2800000,2218057,2801000,1.26282,345,0,1000
2850000,2245757,2851000,1.2695100000000001,351,0,1000
2900000,2273263,2901000,1.27614,356,0,1000
2950000,2300641,2951000,1.2826899999999999,362,0,1000
3000000,2327767,3001000,1.28922,369,0,1000
3050000,2354814,3051000,1.29564,373,0,1000
3100000,2381435,3101000,1.30216,377,0,1000
3150000,2408029,3151000,1.30854,383,0,1000
3200000,2434231,3201000,1.3149899999999999,391,0,1000
3250000,2460214,3251000,1.3214299999999999,401,0,1000
