timestep,num_nodes,num_edges,average_degree,max_degree,num_triangles,new_edges
0,1979,1000,0.505306,1,0,1000
50000,83720,51000,0.609173,6,0,1000
100000,153513,101000,0.657925,12,0,1000
150000,218099,151000,0.692346,15,0,1000
200000,279019,201000,0.720381,22,0,1000
250000,336965,251000,0.744884,28,0,1000
300000,392845,301000,0.766206,36,0,1000
350000,446595,351000,0.7859470000000001,44,0,1000
400000,498624,401000,0.804213,47,0,1000
450000,549132,451000,0.8212959999999999,57,0,1000
500000,598137,501000,0.837601,65,0,1000
550000,645971,551000,0.852979,75,0,1000
600000,692784,601000,0.8675139999999999,79,0,1000
650000,738779,651000,0.881184,82,0,1000
700000,783872,701000,0.894279,89,0,1000
750000,827728,751000,0.9073030000000001,96,0,1000
800000,871050,801000,0.91958,99,0,1000
850000,913650,851000,0.9314290000000001,102,0,1000
900000,955659,901000,0.9428049999999999,105,0,1000
950000,996812,951000,0.954041,112,0,1000
1000000,1037120,1001000,0.965173,117,0,1000
1050000,1076883,1051000,0.975965,122,0,1000
1100000,1116292,1101000,0.986301,126,0,1000
1150000,1154649,1151000,0.99684,131,0,1000
1200000,1192546,1201000,1.00709,137,0,1000
1250000,1230068,1251000,1.01702,144,0,1000
1300000,1267098,1301000,1.0267600000000001,155,0,1000
1350000,1303806,1351000,1.0362,162,0,1000
1400000,1340100,1401000,1.04544,169,0,1000
1450000,1375800,1451000,1.05466,173,0,1000
1500000,1411206,1501000,1.0636299999999999,178,0,1000
1550000,1446234,1551000,1.07244,184,0,1000
1600000,1480759,1601000,1.0812,187,0,1000
1650000,1514822,1651000,1.0899,194,0,1000
1700000,1548575,1701000,1.09843,203,0,1000
1750000,1582074,1751000,1.1067799999999999,210,0,1000
1800000,1615321,1801000,1.11495,218,0,1000
1850000,1648176,1851000,1.12306,226,0,1000
1900000,1680898,1901000,1.13094,236,0,1000
1950000,1712933,1951000,1.1389799999999999,242,0,1000
2000000,1745101,2001000,1.1466399999999999,246,0,1000
2050000,1776634,2051000,1.1544299999999998,252,0,1000
2100000,1807963,2101000,1.16208,256,0,1000
2150000,1838837,2151000,1.1697600000000001,262,0,1000
2200000,1869552,2201000,1.17729,271,0,1000
2250000,1900063,2251000,1.1847,273,0,1000
2300000,1930039,2301000,1.1922,281,0,1000
2350000,1959935,2351000,1.19953,292,0,1000
2400000,1989406,2401000,1.20689,296,0,1000
2450000,2018957,2451000,1.21399,306,0,1000
2500000,2048230,2501000,1.22105,309,0,1000
2550000,2077417,2551000,1.22797,312,0,1000
2600000,2106169,2601000,1.23494,316,0,1000
2650000,2134782,2651000,1.24181,323,0,1000
2700000,2163022,2701000,1.24872,332,0,1000
2750000,2190896,2751000,1.25565,337,0,1000
2800000,2218710,2801000,1.26245,345,0,1000
2850000,2246344,2851000,1.2691700000000001,350,0,1000
2900000,2273868,2901000,1.2758,360,0,1000
2950000,2300957,2951000,1.28251,361,0,1000
3000000,2327847,3001000,1.2891700000000001,374,0,1000
3050000,2354511,3051000,1.2958100000000001,380,0,1000
3100000,2381154,3101000,1.30231,386,0,1000
3150000,2407679,3151000,1.30873,390,0,1000
3200000,2434118,3201000,1.3150600000000001,398,0,1000
3250000,2460194,3251000,1.32144,400,0,1000
