timestep,num_nodes,num_edges,average_degree,max_degree,num_triangles,new_edges
0,1977,1000,0.505817,1,0,1000
50000,83813,51000,0.6084970000000001,9,0,1000
100000,153649,101000,0.657342,15,0,1000
150000,218086,151000,0.692387,21,0,1000
200000,278766,201000,0.721035,29,0,1000
250000,336576,251000,0.745745,35,0,1000
300000,392137,301000,0.7675890000000001,41,0,1000
350000,445869,351000,0.787227,48,0,1000
400000,497764,401000,0.805603,54,0,1000
450000,548295,451000,0.82255,61,0,1000
500000,597631,501000,0.83831,65,0,1000
550000,645781,551000,0.8532299999999999,73,0,1000
600000,692607,601000,0.8677360000000001,82,0,1000
650000,738333,651000,0.8817159999999999,91,0,1000
700000,783275,701000,0.8949600000000001,101,0,1000
750000,827455,751000,0.907602,104,0,1000
800000,870745,801000,0.919902,109,0,1000
850000,913210,851000,0.9318780000000001,117,0,1000
900000,955175,901000,0.943283,123,0,1000
950000,996313,951000,0.954519,127,0,1000
1000000,1036693,1001000,0.96557,136,0,1000
1050000,1076624,1051000,0.9762,141,0,1000
1100000,1115907,1101000,0.986641,145,0,1000
1150000,1154485,1151000,0.9969809999999999,152,0,1000
1200000,1192503,1201000,1.0071299999999999,157,0,1000
1250000,1230136,1251000,1.01696,162,0,1000
1300000,1267244,1301000,1.02664,167,0,1000
1350000,1304052,1351000,1.036,172,0,1000
1400000,1340227,1401000,1.04535,177,0,1000
1450000,1375888,1451000,1.05459,188,0,1000
1500000,1411386,1501000,1.06349,194,0,1000
1550000,1446176,1551000,1.0724799999999999,197,0,1000
1600000,1480742,1601000,1.08121,202,0,1000
1650000,1515067,1651000,1.08972,210,0,1000
1700000,1548808,1701000,1.09826,215,0,1000
1750000,1582100,1751000,1.10676,218,0,1000
1800000,1615058,1801000,1.11513,223,0,1000
1850000,1647789,1851000,1.12332,230,0,1000
1900000,1680324,1901000,1.13133,237,0,1000
1950000,1712737,1951000,1.13911,244,0,1000
2000000,1744681,2001000,1.14691,252,0,1000
2050000,1776296,2051000,1.15465,262,0,1000
2100000,1807674,2101000,1.1622700000000001,266,0,1000
2150000,1838480,2151000,1.1699899999999999,270,0,1000
2200000,1869275,2201000,1.17746,274,0,1000
2250000,1899739,2251000,1.1849,281,0,1000
2300000,1929933,2301000,1.1922700000000002,287,0,1000
2350000,1959732,2351000,1.19965,294,0,1000
2400000,1989381,2401000,1.20691,300,0,1000
2450000,2018930,2451000,1.21401,307,0,1000
2500000,2048148,2501000,1.2211,313,0,1000
2550000,2077126,2551000,1.22814,317,0,1000
2600000,2105605,2601000,1.23527,321,0,1000
2650000,2134135,2651000,1.24219,327,0,1000
2700000,2162430,2701000,1.24906,334,0,1000
2750000,2190539,2751000,1.25586,337,0,1000
2800000,2218327,2801000,1.2626600000000001,345,0,1000
2850000,2245948,2851000,1.2694,356,0,1000
2900000,2273282,2901000,1.27613,359,0,1000
2950000,2300643,2951000,1.2826799999999998,365,0,1000
3000000,2327783,3001000,1.28921,369,0,1000
3050000,2354587,3051000,1.29577,374,0,1000
3100000,2381328,3101000,1.30221,382,0,1000
3150000,2407816,3151000,1.30865,386,0,1000
3200000,2434181,3201000,1.31502,391,0,1000
3250000,2460306,3251000,1.32138,399,0,1000
