timestep,num_nodes,num_edges,average_degree,max_degree,num_triangles,new_edges
0,1974,1000,0.506586,1,0,1000
50000,83660,51000,0.60961,8,0,1000
100000,153671,101000,0.6572479999999999,11,0,1000
150000,217936,151000,0.692864,19,0,1000
200000,278715,201000,0.721167,26,0,1000
250000,336699,251000,0.7454729999999999,30,0,1000
300000,392267,301000,0.767334,34,0,1000
350000,445776,351000,0.787391,44,0,1000
400000,497810,401000,0.805528,49,0,1000
450000,548391,451000,0.822406,56,0,1000
500000,597498,501000,0.8384969999999999,62,0,1000
550000,645565,551000,0.8535159999999999,71,0,1000
600000,692216,601000,0.868226,75,0,1000
650000,737999,651000,0.882115,83,0,1000
700000,782911,701000,0.8953760000000001,88,0,1000
750000,826877,751000,0.9082370000000001,98,0,1000
800000,870126,801000,0.9205559999999999,105,0,1000
850000,912684,851000,0.932415,111,0,1000
900000,954490,901000,0.94396,115,0,1000
950000,995625,951000,0.9551790000000001,120,0,1000
1000000,1035901,1001000,0.966309,124,0,1000
1050000,1075722,1051000,0.977018,130,0,1000
1100000,1114946,1101000,0.987492,132,0,1000
1150000,1153703,1151000,0.997657,137,0,1000
1200000,1191681,1201000,1.0078200000000002,143,0,1000
1250000,1229489,1251000,1.0175,150,0,1000
1300000,1266452,1301000,1.02728,161,0,1000
1350000,1303358,1351000,1.03655,166,0,1000
1400000,1339642,1401000,1.0458,173,0,1000
1450000,1375594,1451000,1.05482,179,0,1000
1500000,1410933,1501000,1.06384,185,0,1000
1550000,1445961,1551000,1.07264,191,0,1000
1600000,1480439,1601000,1.08144,200,0,1000
1650000,1514422,1651000,1.09018,208,0,1000
1700000,1548302,1701000,1.0986200000000002,215,0,1000
1750000,1581967,1751000,1.10685,219,0,1000
1800000,1615300,1801000,1.11496,225,0,1000
1850000,1648043,1851000,1.12315,235,0,1000
1900000,1680357,1901000,1.13131,242,0,1000
1950000,1712786,1951000,1.1390799999999999,253,0,1000
2000000,1744619,2001000,1.14696,260,0,1000
2050000,1776081,2051000,1.15479,265,0,1000
2100000,1807412,2101000,1.16244,271,0,1000
2150000,1838341,2151000,1.17008,275,0,1000
2200000,1869237,2201000,1.17749,284,0,1000
2250000,1899708,2251000,1.18492,292,0,1000
2300000,1929817,2301000,1.19234,297,0,1000
2350000,1959641,2351000,1.19971,304,0,1000
2400000,1989284,2401000,1.20697,313,0,1000
2450000,2018671,2451000,1.21417,319,0,1000
2500000,2048118,2501000,1.22112,327,0,1000
2550000,2077302,2551000,1.22804,334,0,1000
2600000,2105984,2601000,1.23505,339,0,1000
2650000,2134480,2651000,1.24199,348,0,1000
2700000,2162717,2701000,1.24889,352,0,1000
2750000,2190711,2751000,1.25576,355,0,1000
2800000,2218547,2801000,1.26254,363,0,1000
2850000,2245997,2851000,1.26937,366,0,1000
2900000,2273681,2901000,1.2759,371,0,1000
2950000,2300890,2951000,1.28255,374,0,1000
3000000,2327922,3001000,1.2891299999999999,378,0,1000
3050000,2354752,3051000,1.29568,388,0,1000
3100000,2381293,3101000,1.30223,394,0,1000
3150000,2407764,3151000,1.3086799999999998,398,0,1000
3200000,2434150,3201000,1.31504,402,0,1000
3250000,2460225,3251000,1.32142,403,0,1000
