timestep,num_nodes,num_edges,average_degree,max_degree,num_triangles,new_edges
0,1977,1000,0.505817,1,0,1000
50000,83914,51000,0.607765,6,0,1000
100000,153699,101000,0.657129,12,0,1000
150000,218057,151000,0.692479,13,0,1000
200000,278872,201000,0.720761,18,0,1000
250000,336817,251000,0.745212,21,0,1000
300000,392301,301000,0.7672680000000001,29,0,1000
350000,446161,351000,0.786712,42,0,1000
400000,498273,401000,0.80478,52,0,1000
450000,548818,451000,0.821766,63,0,1000
500000,598134,501000,0.8376049999999999,70,0,1000
550000,645956,551000,0.852999,76,0,1000
600000,692842,601000,0.867442,83,0,1000
650000,738755,651000,0.8812120000000001,91,0,1000
700000,783505,701000,0.894698,100,0,1000
750000,827529,751000,0.9075209999999999,107,0,1000
800000,870906,801000,0.919732,111,0,1000
850000,913179,851000,0.931909,120,0,1000
900000,954964,901000,0.943491,125,0,1000
950000,996146,951000,0.954679,133,0,1000
1000000,1036693,1001000,0.96557,139,0,1000
1050000,1076392,1051000,0.97641,149,0,1000
1100000,1115318,1101000,0.9871620000000001,151,0,1000
1150000,1154119,1151000,0.9972979999999999,154,0,1000
1200000,1192154,1201000,1.00742,158,0,1000
1250000,1229826,1251000,1.01722,162,0,1000
1300000,1266916,1301000,1.0269,169,0,1000
1350000,1303743,1351000,1.03625,174,0,1000
1400000,1340158,1401000,1.0454,181,0,1000
1450000,1375941,1451000,1.05455,184,0,1000
1500000,1411231,1501000,1.06361,190,0,1000
1550000,1446235,1551000,1.07244,197,0,1000
1600000,1480958,1601000,1.0810600000000001,205,0,1000
1650000,1515257,1651000,1.08958,207,0,1000
1700000,1549260,1701000,1.09794,212,0,1000
1750000,1582704,1751000,1.10633,220,0,1000
1800000,1615732,1801000,1.11467,226,0,1000
1850000,1648690,1851000,1.12271,232,0,1000
1900000,1681046,1901000,1.13084,240,0,1000
1950000,1712818,1951000,1.13906,243,0,1000
2000000,1744667,2001000,1.1469200000000002,248,0,1000
2050000,1776216,2051000,1.1547,255,0,1000
2100000,1807478,2101000,1.16239,260,0,1000
2150000,1838520,2151000,1.16996,268,0,1000
2200000,1869262,2201000,1.17747,274,0,1000
2250000,1899746,2251000,1.1849,280,0,1000
2300000,1929963,2301000,1.19225,285,0,1000
2350000,1959744,2351000,1.19965,293,0,1000
2400000,1989442,2401000,1.20687,297,0,1000
2450000,2019098,2451000,1.21391,304,0,1000
2500000,2048383,2501000,1.22096,312,0,1000
2550000,2077115,2551000,1.22815,316,0,1000
2600000,2105633,2601000,1.23526,321,0,1000
2650000,2134065,2651000,1.24223,325,0,1000
2700000,2162344,2701000,1.24911,332,0,1000
2750000,2190541,2751000,1.25585,345,0,1000
2800000,2218500,2801000,1.2625600000000001,352,0,1000
2850000,2245838,2851000,1.26946,359,0,1000
2900000,2273173,2901000,1.27619,368,0,1000
2950000,2300659,2951000,1.2826799999999998,376,0,1000
3000000,2327873,3001000,1.28916,382,0,1000
3050000,2354721,3051000,1.29569,385,0,1000
3100000,2381357,3101000,1.3022,389,0,1000
3150000,2407818,3151000,1.30865,394,0,1000
3200000,2434129,3201000,1.31505,401,0,1000
3250000,2460164,3251000,1.32146,402,0,1000
