timestep,num_nodes,num_edges,average_degree,max_degree,num_triangles,new_edges
0,1812,1000,0.551876,5,0,1000
50000,91165,51000,0.559425,9,2,1000
100000,177554,100998,0.5688300000000001,9,4,1000
150000,261448,150998,0.577545,10,6,1000
200000,342464,200992,0.5869,10,12,1000
250000,421150,250983,0.595947,11,16,1000
300000,497769,300973,0.604644,11,20,1000
350000,571739,350969,0.613862,11,28,1000
400000,643743,400959,0.6228560000000001,13,43,999
450000,713306,450944,0.632189,13,54,1000
500000,780759,500925,0.641587,13,62,1000
550000,846658,550908,0.6506850000000001,13,78,1000
600000,910812,600877,0.659716,13,92,999
650000,973082,650853,0.6688569999999999,13,115,1000
700000,1033746,700828,0.67795,14,150,999
750000,1092796,750796,0.687041,14,172,1000
800000,1150154,800771,0.696229,14,196,1000
850000,1205729,850728,0.705571,16,224,999
900000,1260508,900694,0.714548,16,260,1000
950000,1313703,950661,0.72365,16,291,997
1000000,1365208,1000625,0.732947,16,333,999
1050000,1415825,1050595,0.742037,16,375,997
1100000,1465510,1100553,0.750969,16,411,1000
1150000,1513720,1150513,0.760057,16,455,999
1200000,1560748,1200462,0.769158,16,509,998
