timestep,num_nodes,num_edges,average_degree,max_degree,num_triangles,new_edges
0,324,951,2.93519,13,187,951
50000,327,12219,37.367,106,226221,63
100000,327,14190,43.3945,125,300381,37
150000,328,15325,46.7226,134,342079,19
200000,328,16184,49.3415,142,370101,11
250000,328,16870,51.4329,150,393266,16
300000,328,17428,53.1341,154,412427,10
350000,328,17982,54.8232,161,432043,13
400000,328,18444,56.2317,167,448702,3
450000,328,18898,57.6159,171,465926,8
500000,328,19308,58.8659,174,481820,4
550000,328,19678,59.9939,176,496874,10
600000,328,20027,61.0579,180,511876,11
650000,328,20358,62.0671,187,526328,6
700000,328,20664,63.0,189,539798,7
750000,328,20963,63.9116,194,553916,6
800000,328,21236,64.7439,196,566848,6
850000,328,21522,65.6159,197,581155,8
900000,328,21820,66.5244,199,596291,8
950000,328,22077,67.3079,199,609680,4
1000000,328,22326,68.0671,202,622717,10
1050000,328,22562,68.7866,204,635988,6
1100000,328,22795,69.497,207,648812,7
1150000,328,23011,70.1555,210,661054,5
1200000,328,23232,70.8293,212,673911,8
1250000,328,23412,71.378,215,684225,4
1300000,328,23633,72.0518,216,698009,4
1350000,328,23829,72.6494,221,710279,6
1400000,328,24040,73.2927,221,723792,7
1450000,328,24236,73.8902,221,736042,4
1500000,328,24393,74.3689,221,746222,2
1550000,328,24579,74.936,221,758708,9
1600000,328,24796,75.5976,221,773616,4
1650000,328,24989,76.186,223,786429,5
1700000,328,25164,76.7195,223,798174,3
1750000,328,25337,77.247,223,810241,3
1800000,328,25503,77.753,229,822526,4
1850000,328,25655,78.2165,229,834029,3
1900000,328,25810,78.689,231,845663,2
1950000,328,25959,79.1433,232,856914,3
2000000,328,26114,79.6159,232,868275,1
2050000,328,26279,80.1189,236,881654,6
2100000,328,26430,80.5793,236,892964,3
2150000,328,26582,81.0427,238,904974,6
2200000,328,26748,81.5488,241,918056,2
2250000,328,26896,82.0,241,929674,4
2300000,328,27044,82.4512,244,941537,4
2350000,328,27198,82.9207,244,954013,4
2400000,328,27363,83.4238,244,967752,2
2450000,328,27529,83.9299,244,981473,4
2500000,328,27677,84.3811,245,994082,3
2550000,328,27807,84.7774,245,1004898,3
2600000,328,27958,85.2378,245,1018733,2
2650000,328,28093,85.6494,245,1030464,7
2700000,328,28217,86.0274,245,1041408,3
2750000,328,28341,86.4055,245,1052485,2
2800000,328,28485,86.8445,246,1065098,3
2850000,328,28623,87.2652,246,1077710,1
2900000,328,28747,87.6433,246,1088968,3
2950000,328,28859,87.9848,251,1099585,2
3000000,328,28968,88.3171,251,1109560,1
3050000,328,29076,88.6463,251,1119568,4
3100000,328,29176,88.9512,251,1129225,1
3150000,328,29298,89.3232,251,1141069,1
3200000,328,29401,89.6372,254,1151272,3
3250000,328,29516,89.9878,256,1162303,0
3300000,328,29630,90.3354,256,1173876,2
3350000,328,29731,90.6433,257,1183548,2
3400000,328,29837,90.9665,257,1194316,2
3450000,328,29946,91.2988,259,1205527,3
3500000,328,30045,91.6006,259,1215597,2
3550000,328,30142,91.8963,259,1225443,3
3600000,328,30250,92.2256,259,1236252,2
3650000,328,30336,92.4878,260,1245317,3
3700000,328,30441,92.8079,260,1256387,3
3750000,328,30551,93.1433,260,1267815,2
3800000,328,30645,93.4299,260,1277708,2
3850000,328,30736,93.7073,262,1287449,2
3900000,328,30847,94.0457,262,1299377,1
3950000,328,30949,94.3567,265,1310526,4
4000000,328,31051,94.6677,266,1320970,0
4050000,328,31155,94.9848,266,1332064,1
4100000,328,31260,95.3049,267,1343975,0
4150000,328,31353,95.5884,267,1354306,4
4200000,328,31456,95.9024,267,1365181,3
4250000,328,31562,96.2256,268,1377211,1
4300000,328,31645,96.4787,268,1386488,0
4350000,328,31724,96.7195,268,1395028,2
4400000,328,31803,96.9604,268,1403562,0
4450000,328,31890,97.2256,269,1413430,3
4500000,328,31967,97.4604,269,1422227,0
4550000,328,32043,97.6921,269,1430710,0
4600000,328,32135,97.9726,269,1441589,1
4650000,328,32220,98.2317,269,1451498,1
4700000,328,32299,98.4726,269,1461161,4
4750000,328,32374,98.7012,270,1470153,1
4800000,328,32473,99.00299999999999,272,1482154,2
4850000,328,32560,99.2683,272,1492836,2
4900000,328,32636,99.5,272,1501751,2
4950000,328,32721,99.7591,272,1511873,2
5000000,328,32803,100.009,275,1521672,1
5050000,328,32884,100.256,277,1530849,1
5100000,328,32969,100.515,277,1541513,0
5150000,328,33054,100.774,277,1551889,2
5200000,328,33134,101.01799999999999,277,1562073,1
5250000,328,33225,101.296,277,1572764,2
5300000,328,33304,101.537,277,1582359,3
5350000,328,33383,101.777,277,1591926,4
5400000,328,33454,101.994,277,1600569,0
5450000,328,33523,102.204,277,1609444,0
5500000,328,33581,102.381,277,1616688,3
5550000,328,33661,102.625,280,1627036,4
5600000,328,33735,102.851,280,1636390,2
5650000,328,33811,103.08200000000001,281,1646529,0
5700000,328,33883,103.302,281,1655525,3
5750000,328,33970,103.56700000000001,281,1667161,1
5800000,328,34036,103.76799999999999,281,1675670,1
5850000,328,34105,103.979,282,1685010,0
5900000,328,34182,104.213,282,1695248,1
5950000,328,34250,104.421,282,1703848,2
6000000,328,34308,104.598,282,1711343,0
6050000,328,34367,104.777,283,1718854,0
6100000,328,34438,104.994,283,1728716,0
6150000,328,34507,105.204,283,1737357,3
6200000,328,34579,105.42399999999999,284,1747251,3
6250000,328,34646,105.62799999999999,284,1756741,1
6300000,328,34707,105.814,284,1765015,0
6350000,328,34785,106.052,285,1775030,0
6400000,328,34843,106.229,285,1782810,2
6450000,328,34899,106.399,285,1790201,0
6500000,328,34961,106.588,285,1799298,2
6550000,328,35024,106.78,285,1807846,2
6600000,328,35082,106.95700000000001,285,1815644,2
6650000,328,35147,107.155,285,1824144,0
6700000,328,35199,107.314,285,1831142,0
6750000,328,35247,107.46,285,1837692,2
6800000,328,35319,107.68,285,1847792,4
6850000,328,35383,107.875,285,1856764,0
6900000,328,35460,108.11,285,1867736,2
6950000,328,35521,108.296,285,1876218,1
7000000,328,35575,108.46,287,1883626,1
7050000,328,35631,108.631,287,1891490,3
7100000,328,35703,108.851,287,1901555,4
7150000,328,35764,109.037,288,1910385,4
7200000,328,35831,109.241,288,1920023,2
7250000,328,35898,109.445,288,1929753,2
7300000,328,35967,109.655,288,1939621,1
7350000,328,36028,109.84100000000001,288,1948119,1
7400000,328,36096,110.04899999999999,288,1958167,0
7450000,328,36146,110.20100000000001,288,1965490,1
7500000,328,36213,110.405,288,1975600,2
7550000,328,36279,110.60700000000001,288,1984650,3
7600000,328,36346,110.811,288,1994911,3
7650000,328,36401,110.979,288,2003011,1
7700000,328,36455,111.14299999999999,288,2011460,0
7750000,328,36496,111.26799999999999,291,2017708,0
7800000,328,36556,111.45100000000001,291,2027080,0
7850000,328,36608,111.61,291,2034636,2
7900000,328,36652,111.744,293,2041276,0
7950000,328,36696,111.87799999999999,293,2047888,0
8000000,328,36752,112.04899999999999,293,2056574,0
8050000,328,36802,112.20100000000001,293,2063749,0
8100000,328,36847,112.338,293,2070482,0
8150000,328,36886,112.45700000000001,293,2076507,2
8200000,328,36941,112.625,293,2085133,1
8250000,328,36984,112.756,293,2091810,1
8300000,328,37033,112.905,293,2099299,3
8350000,328,37088,113.073,293,2107902,2
8400000,328,37132,113.20700000000001,293,2114488,3
8450000,328,37182,113.36,293,2122115,0
8500000,328,37239,113.53399999999999,293,2130876,0
8550000,328,37292,113.695,293,2138715,2
8600000,328,37340,113.84100000000001,294,2146321,2
8650000,328,37397,114.015,294,2155625,0
8700000,328,37456,114.195,294,2165113,0
8750000,328,37513,114.369,294,2174013,0
8800000,328,37559,114.509,294,2181063,3
8850000,328,37600,114.634,294,2187677,1
8900000,328,37636,114.744,294,2193416,0
8950000,328,37678,114.87200000000001,294,2200482,0
9000000,328,37722,115.006,294,2207783,0
9050000,328,37762,115.12799999999999,294,2213973,1
9100000,328,37814,115.287,294,2221866,2
9150000,328,37864,115.439,294,2230242,1
9200000,328,37903,115.55799999999999,295,2236023,0
9250000,328,37946,115.689,295,2243022,1
9300000,328,37985,115.80799999999999,295,2248930,2
9350000,328,38035,115.96,295,2257116,2
9400000,328,38072,116.073,295,2263046,2
9450000,328,38113,116.198,295,2269633,0
9500000,328,38154,116.323,295,2276340,3
9550000,328,38203,116.473,295,2283993,0
9600000,328,38252,116.62200000000001,296,2292060,1
9650000,328,38301,116.771,296,2300317,1
9700000,328,38337,116.881,296,2306431,1
9750000,328,38394,117.055,296,2315569,1
9800000,328,38445,117.21,296,2323951,1
9850000,328,38484,117.329,296,2330555,0
9900000,328,38524,117.45100000000001,296,2337065,1
9950000,328,38576,117.61,296,2345736,1
10000000,328,38623,117.75299999999999,296,2353691,4
10050000,328,38663,117.875,296,2360392,2
10100000,328,38695,117.973,296,2365988,1
10150000,328,38731,118.08200000000001,296,2371876,0
10200000,328,38780,118.23200000000001,296,2379748,1
10250000,328,38820,118.354,297,2386729,1
10300000,328,38861,118.479,297,2393728,3
10350000,328,38898,118.59100000000001,298,2400071,2
10400000,328,38940,118.72,298,2407454,0
10450000,328,38979,118.838,298,2414024,0
10500000,328,39014,118.945,298,2419640,0
10550000,328,39067,119.10700000000001,298,2428584,0
10600000,328,39102,119.213,298,2434691,0
10650000,328,39152,119.366,298,2443183,1
10700000,328,39190,119.48200000000001,298,2450109,1
10750000,328,39220,119.573,298,2455313,1
10800000,328,39243,119.64299999999999,298,2459266,0
10850000,328,39283,119.765,298,2466152,1
10900000,328,39322,119.884,298,2473005,0
10950000,328,39364,120.012,299,2480115,2
11000000,328,39403,120.131,299,2487289,2
11050000,328,39440,120.244,300,2493419,1
11100000,328,39481,120.369,300,2500439,1
11150000,328,39516,120.476,300,2506646,1
11200000,328,39566,120.62799999999999,300,2515455,1
11250000,328,39585,120.686,300,2518757,0
11300000,328,39625,120.80799999999999,300,2525923,0
11350000,328,39665,120.93,300,2532967,0
11400000,328,39702,121.04299999999999,300,2539399,1
11450000,328,39723,121.10700000000001,300,2543061,0
11500000,328,39764,121.23200000000001,300,2550405,0
11550000,328,39799,121.338,300,2556950,0
11600000,328,39834,121.445,300,2563402,1
11650000,328,39870,121.555,300,2569614,1
11700000,328,39904,121.65899999999999,300,2575524,0
11750000,328,39935,121.75299999999999,300,2581360,1
11800000,328,39963,121.838,300,2586581,1
11850000,328,40003,121.96,300,2593509,1
11900000,328,40036,122.061,300,2599656,2
11950000,328,40065,122.149,300,2604961,1
12000000,328,40097,122.24700000000001,300,2610838,0
12050000,328,40140,122.37799999999999,302,2618649,1
12100000,328,40171,122.473,302,2624253,0
12150000,328,40204,122.573,302,2630095,0
12200000,328,40235,122.66799999999999,302,2635856,1
12250000,328,40270,122.774,302,2642472,1
12300000,328,40305,122.881,302,2648605,0
12350000,328,40345,123.00299999999999,302,2655754,0
12400000,328,40375,123.095,302,2661277,0
12450000,328,40409,123.198,302,2667149,2
12500000,328,40439,123.29,302,2672557,2
12550000,328,40468,123.37799999999999,302,2678047,2
12600000,328,40499,123.473,302,2683383,0
12650000,328,40529,123.564,302,2688840,0
12700000,328,40560,123.65899999999999,302,2694621,0
12750000,328,40600,123.78,302,2702185,0
12800000,328,40631,123.875,302,2707534,0
12850000,328,40665,123.979,302,2713916,1
12900000,328,40694,124.06700000000001,302,2719550,1
12950000,328,40721,124.149,303,2724671,0
13000000,328,40750,124.238,303,2729948,0
13050000,328,40775,124.314,303,2734764,0
13100000,328,40799,124.387,304,2739292,0
13150000,328,40835,124.49700000000001,304,2746119,0
13200000,328,40859,124.57,304,2750544,0
13250000,328,40885,124.649,304,2755513,1
13300000,328,40916,124.744,304,2761482,2
13350000,328,40946,124.835,304,2767359,0
13400000,328,40966,124.896,304,2771027,1
13450000,328,40994,124.98200000000001,304,2776426,0
13500000,328,41025,125.07600000000001,305,2782176,0
13550000,328,41055,125.16799999999999,305,2787842,1
13600000,328,41075,125.229,305,2791938,0
13650000,328,41105,125.32,305,2797358,1
13700000,328,41139,125.42399999999999,307,2803676,1
13750000,328,41178,125.54299999999999,307,2811051,2
13800000,328,41209,125.637,307,2816911,1
13850000,328,41244,125.744,307,2823612,2
13900000,328,41266,125.811,308,2827299,2
13950000,328,41295,125.899,309,2832397,0
14000000,328,41318,125.97,310,2837030,0
14050000,328,41346,126.055,310,2842482,0
14100000,328,41371,126.131,310,2847395,0
14150000,328,41408,126.244,310,2854321,1
14200000,328,41446,126.36,310,2861827,1
14250000,328,41476,126.45100000000001,310,2867363,1
14300000,328,41499,126.521,310,2871863,1
14350000,328,41531,126.619,311,2877808,0
14400000,328,41557,126.698,311,2882899,1
14450000,328,41580,126.76799999999999,311,2887262,0
14500000,328,41612,126.866,311,2893282,1
14550000,328,41634,126.93299999999999,311,2897518,1
14600000,328,41661,127.015,311,2902631,0
14650000,328,41687,127.095,311,2907571,0
14700000,328,41713,127.17399999999999,311,2912557,0
14750000,328,41743,127.265,311,2918052,1
14800000,328,41773,127.35700000000001,312,2923914,0
14850000,328,41803,127.448,312,2929752,1
14900000,328,41824,127.512,312,2933881,0
14950000,328,41852,127.598,312,2939619,1
15000000,328,41877,127.67399999999999,312,2944567,1
15050000,328,41908,127.76799999999999,312,2950360,1
15100000,328,41928,127.829,312,2954407,0
15150000,328,41950,127.896,312,2958534,0
15200000,328,41975,127.973,312,2963521,0
15250000,328,41994,128.03,312,2967117,1
15300000,328,42020,128.11,312,2972129,0
15350000,328,42044,128.183,312,2976740,0
15400000,328,42068,128.256,312,2981452,0
15450000,328,42093,128.332,312,2986391,0
15500000,328,42123,128.424,312,2992244,0
15550000,328,42137,128.466,312,2995051,0
15600000,328,42148,128.5,312,2997115,0
15650000,328,42174,128.579,312,3002345,0
15700000,328,42200,128.659,312,3007577,1
15750000,328,42224,128.732,312,3011988,0
15800000,328,42247,128.80200000000002,314,3016488,0
15850000,328,42276,128.89,314,3022271,1
15900000,328,42298,128.957,314,3026886,1
15950000,328,42324,129.037,314,3031952,0
16000000,328,42345,129.101,314,3036065,0
16050000,328,42367,129.168,314,3040054,2
16100000,328,42400,129.268,314,3046263,0
16150000,328,42427,129.351,314,3051732,0
16200000,328,42454,129.433,314,3057060,1
16250000,328,42477,129.503,314,3061875,1
16300000,328,42498,129.567,314,3065912,1
16350000,328,42532,129.671,314,3072602,0
16400000,328,42552,129.732,314,3076584,0
16450000,328,42582,129.82299999999998,314,3082624,1
16500000,328,42607,129.899,314,3087630,0
16550000,328,42626,129.957,314,3091525,1
16600000,328,42646,130.018,314,3095188,0
16650000,328,42661,130.064,314,3098222,0
16700000,328,42685,130.137,314,3102916,1
16750000,328,42708,130.207,314,3107477,1
16800000,328,42731,130.27700000000002,314,3111795,0
16850000,328,42755,130.351,314,3116458,1
16900000,328,42778,130.421,314,3121020,1
16950000,328,42804,130.5,314,3126059,0
17000000,328,42823,130.558,314,3129763,2
17050000,328,42839,130.607,314,3132883,0
17100000,328,42859,130.668,314,3137096,0
17150000,328,42879,130.72899999999998,314,3141098,0
17200000,328,42905,130.808,314,3146517,0
17250000,328,42929,130.881,314,3151167,0
17300000,328,42963,130.985,314,3157864,1
17350000,328,42982,131.043,314,3161751,0
17400000,328,42994,131.079,314,3164204,0
17450000,328,43010,131.128,314,3167491,1
17500000,328,43039,131.216,314,3173391,3
17550000,328,43051,131.253,314,3175859,1
17600000,328,43072,131.317,314,3180544,0
17650000,328,43093,131.381,314,3185180,0
17700000,328,43108,131.42700000000002,314,3188360,1
17750000,328,43129,131.491,314,3192858,0
17800000,328,43149,131.55200000000002,314,3197048,0
17850000,328,43174,131.628,314,3202396,0
17900000,328,43189,131.674,314,3205679,0
17950000,328,43212,131.744,314,3210470,0
18000000,328,43237,131.82,314,3215574,0
18050000,328,43263,131.899,314,3221201,1
18100000,328,43280,131.951,314,3224664,1
18150000,328,43315,132.058,314,3231416,1
18200000,328,43328,132.09799999999998,314,3234231,0
18250000,328,43345,132.149,314,3237570,1
18300000,328,43363,132.204,314,3241345,0
18350000,328,43383,132.265,314,3245504,0
18400000,328,43413,132.357,314,3251564,4
18450000,328,43437,132.43,314,3256445,1
18500000,328,43451,132.47299999999998,314,3259310,0
18550000,328,43472,132.537,314,3263599,0
18600000,328,43489,132.588,314,3267203,1
