timestep,num_nodes,num_edges,average_degree,max_degree,num_triangles,new_edges
0,317,958,3.02208,14,211,958
50000,327,12213,37.3486,104,225978,67
100000,328,14207,43.31399999999999,126,302995,43
150000,328,15356,46.8171,130,343853,15
200000,328,16224,49.4634,142,374086,13
250000,328,16866,51.4207,154,394639,16
300000,328,17444,53.1829,160,414815,15
350000,328,17955,54.7409,165,432298,11
400000,328,18395,56.0823,165,447531,11
450000,328,18822,57.3841,174,463627,7
500000,328,19169,58.4421,179,477524,3
550000,328,19555,59.6189,181,492693,5
600000,328,19927,60.753,184,508229,8
650000,328,20275,61.81399999999999,187,523112,7
700000,328,20601,62.8079,195,537794,4
750000,328,20916,63.7683,197,551679,15
800000,328,21207,64.6555,202,564545,7
850000,328,21475,65.4726,202,577722,3
900000,328,21746,66.2988,206,591337,5
950000,328,22010,67.1037,207,604716,4
1000000,328,22264,67.878,207,618586,6
1050000,328,22513,68.6372,207,632069,6
1100000,328,22771,69.4238,213,646713,7
1150000,328,23026,70.2012,213,661031,7
1200000,328,23246,70.872,216,673899,2
1250000,328,23465,71.5396,218,686988,6
1300000,328,23670,72.1646,218,698906,4
1350000,328,23853,72.7226,223,710249,6
1400000,328,24057,73.3445,223,723022,6
1450000,328,24237,73.8933,223,735021,3
1500000,328,24423,74.4604,223,746890,4
1550000,328,24621,75.064,223,759638,4
1600000,328,24803,75.6189,223,771923,5
1650000,328,24953,76.0762,223,782045,2
1700000,328,25144,76.6585,223,794637,9
1750000,328,25322,77.2012,223,807087,3
1800000,328,25483,77.6921,224,818857,3
1850000,328,25619,78.1067,224,829136,2
1900000,328,25776,78.5854,230,840613,2
1950000,328,25950,79.1159,232,853630,6
2000000,328,26132,79.6707,232,867739,2
2050000,328,26277,80.1128,232,878741,1
2100000,328,26438,80.6037,234,891628,5
2150000,328,26594,81.0793,234,904053,3
2200000,328,26746,81.5427,234,915783,1
2250000,328,26900,82.0122,234,928262,1
2300000,328,27043,82.4482,238,939261,3
2350000,328,27174,82.8476,238,950211,0
2400000,328,27286,83.189,238,959153,1
2450000,328,27449,83.686,241,972734,1
2500000,328,27570,84.0549,241,982956,4
2550000,328,27700,84.4512,241,993860,4
2600000,328,27836,84.8659,241,1005104,2
2650000,328,27975,85.2896,243,1016933,3
2700000,328,28121,85.7348,243,1029444,2
2750000,328,28237,86.0884,247,1039829,2
2800000,328,28377,86.5152,247,1052673,2
2850000,328,28509,86.9177,247,1064759,0
2900000,328,28641,87.3201,247,1077154,2
2950000,328,28753,87.6616,251,1087329,5
3000000,328,28872,88.0244,251,1098448,1
3050000,328,28971,88.3262,253,1107551,2
3100000,328,29104,88.7317,253,1120401,1
3150000,328,29233,89.125,253,1132954,1
3200000,328,29347,89.4726,253,1143617,0
3250000,328,29472,89.8537,253,1155754,1
3300000,328,29588,90.2073,253,1166945,2
3350000,328,29695,90.5335,253,1177437,3
3400000,328,29794,90.8354,253,1187317,1
3450000,328,29922,91.2256,253,1200173,1
3500000,328,30027,91.5457,253,1210802,1
3550000,328,30106,91.7866,253,1218931,0
3600000,328,30231,92.1677,253,1232254,3
3650000,328,30324,92.4512,253,1241741,1
3700000,328,30427,92.7652,258,1252467,1
3750000,328,30534,93.0915,258,1263177,1
3800000,328,30643,93.4238,258,1274656,0
3850000,328,30744,93.7317,258,1286020,2
3900000,328,30826,93.9817,258,1294515,1
3950000,328,30921,94.2713,259,1304755,2
4000000,328,31015,94.5579,259,1314966,1
4050000,328,31106,94.8354,259,1324805,1
4100000,328,31185,95.0762,261,1333601,1
4150000,328,31276,95.3537,261,1343366,0
4200000,328,31354,95.5915,261,1352351,2
4250000,328,31455,95.8994,261,1363819,4
4300000,328,31550,96.189,261,1374645,2
4350000,328,31622,96.4085,261,1382557,2
4400000,328,31708,96.6707,261,1391774,2
4450000,328,31809,96.9787,263,1403414,3
4500000,328,31899,97.25299999999999,264,1414210,0
4550000,328,31985,97.5152,264,1424166,0
4600000,328,32071,97.7774,264,1434620,5
4650000,328,32154,98.0305,265,1444255,2
4700000,328,32234,98.2744,265,1453694,0
4750000,328,32307,98.49700000000001,265,1462203,1
4800000,328,32385,98.7348,267,1471296,2
4850000,328,32465,98.9787,267,1480987,1
4900000,328,32556,99.2561,267,1492074,5
4950000,328,32644,99.5244,267,1502525,0
5000000,328,32726,99.7744,267,1512437,1
5050000,328,32805,100.015,268,1522121,3
5100000,328,32889,100.271,269,1532797,2
5150000,328,32982,100.555,269,1543867,2
5200000,328,33063,100.802,270,1553618,2
5250000,328,33133,101.015,270,1562118,1
5300000,328,33213,101.259,270,1571680,1
5350000,328,33303,101.53399999999999,270,1582752,0
5400000,328,33375,101.75299999999999,270,1591820,0
5450000,328,33438,101.945,270,1599622,1
5500000,328,33499,102.131,270,1607506,0
5550000,328,33573,102.35700000000001,271,1617267,1
5600000,328,33651,102.595,272,1626683,1
5650000,328,33719,102.802,272,1635626,2
5700000,328,33796,103.037,273,1645176,2
5750000,328,33883,103.302,273,1656218,2
5800000,328,33933,103.454,273,1662751,1
5850000,328,34020,103.72,275,1673700,0
5900000,328,34096,103.95100000000001,275,1683591,2
5950000,328,34181,104.21,275,1694892,1
6000000,328,34252,104.427,276,1704013,1
6050000,328,34344,104.70700000000001,276,1716593,2
6100000,328,34402,104.884,276,1723988,0
6150000,328,34484,105.134,279,1734729,3
6200000,328,34541,105.30799999999999,279,1741843,2
6250000,328,34611,105.521,279,1751247,0
6300000,328,34680,105.73200000000001,279,1760980,2
6350000,328,34771,106.009,281,1773414,1
6400000,328,34833,106.198,281,1781641,1
6450000,328,34895,106.387,281,1789995,0
6500000,328,34951,106.55799999999999,281,1797791,1
6550000,328,35012,106.744,281,1806278,0
6600000,328,35091,106.985,281,1817382,1
6650000,328,35151,107.16799999999999,282,1825886,1
6700000,328,35211,107.351,282,1834312,1
6750000,328,35266,107.51799999999999,282,1841976,3
6800000,328,35321,107.686,282,1849269,1
6850000,328,35375,107.851,282,1856493,0
6900000,328,35429,108.015,282,1864569,1
6950000,328,35497,108.223,282,1874150,0
7000000,328,35553,108.39299999999999,282,1881961,0
7050000,328,35621,108.601,282,1891610,1
7100000,328,35696,108.829,284,1902515,1
7150000,328,35767,109.046,285,1912923,2
7200000,328,35825,109.223,285,1921028,2
7250000,328,35870,109.36,286,1927425,1
7300000,328,35921,109.515,286,1934998,1
7350000,328,35974,109.677,286,1942771,1
7400000,328,36029,109.845,286,1950596,1
7450000,328,36103,110.07,286,1961663,0
7500000,328,36156,110.23200000000001,287,1969353,0
7550000,328,36207,110.387,288,1977080,2
7600000,328,36281,110.613,289,1988137,2
7650000,328,36320,110.73200000000001,289,1994007,1
7700000,328,36380,110.915,289,2002853,2
7750000,328,36435,111.08200000000001,289,2011151,1
7800000,328,36485,111.235,289,2018774,0
7850000,328,36542,111.40899999999999,289,2027705,1
7900000,328,36600,111.585,289,2036271,0
7950000,328,36657,111.759,289,2045041,0
8000000,328,36715,111.936,289,2053544,0
8050000,328,36765,112.088,289,2061132,0
8100000,328,36811,112.229,290,2067920,3
8150000,328,36849,112.345,291,2073568,1
8200000,328,36896,112.488,291,2080436,0
8250000,328,36944,112.634,291,2087882,0
8300000,328,36990,112.774,291,2095065,1
8350000,328,37037,112.91799999999999,291,2102601,1
8400000,328,37084,113.061,291,2109650,1
8450000,328,37136,113.22,291,2117775,1
8500000,328,37186,113.37200000000001,291,2125709,1
8550000,328,37238,113.53,291,2133662,1
8600000,328,37276,113.646,291,2139794,1
8650000,328,37316,113.76799999999999,291,2146180,1
8700000,328,37364,113.915,291,2153628,2
8750000,328,37406,114.04299999999999,291,2160242,0
8800000,328,37450,114.177,292,2167491,1
8850000,328,37504,114.34100000000001,292,2175684,1
8900000,328,37553,114.491,292,2183820,2
8950000,328,37596,114.62200000000001,292,2190707,3
9000000,328,37650,114.787,292,2199324,0
9050000,328,37687,114.899,294,2205123,0
9100000,328,37742,115.06700000000001,295,2213925,0
9150000,328,37775,115.16799999999999,295,2219277,1
9200000,328,37819,115.302,295,2226164,2
9250000,328,37861,115.43,295,2232909,3
9300000,328,37897,115.54,295,2238442,0
9350000,328,37941,115.67399999999999,295,2245638,2
9400000,328,37980,115.79299999999999,295,2252248,1
9450000,328,38030,115.945,295,2260237,1
9500000,328,38066,116.055,295,2266063,0
9550000,328,38105,116.17399999999999,295,2272798,0
9600000,328,38149,116.30799999999999,295,2279536,2
9650000,328,38194,116.445,295,2286899,2
9700000,328,38235,116.57,295,2293602,0
9750000,328,38271,116.68,297,2299475,2
9800000,328,38313,116.80799999999999,298,2306258,1
9850000,328,38365,116.96600000000001,298,2314966,2
9900000,328,38408,117.098,298,2322072,0
9950000,328,38457,117.24700000000001,298,2329806,1
10000000,328,38504,117.39,298,2337805,1
10050000,328,38543,117.509,298,2344221,2
10100000,328,38586,117.64,299,2351568,1
10150000,328,38629,117.771,299,2358943,0
10200000,328,38675,117.912,299,2366392,1
10250000,328,38710,118.01799999999999,299,2371977,3
10300000,328,38748,118.134,299,2378506,0
10350000,328,38784,118.244,299,2384850,2
10400000,328,38824,118.366,299,2391387,0
10450000,328,38869,118.50299999999999,299,2399065,0
10500000,328,38904,118.61,299,2404988,1
10550000,328,38937,118.71,300,2410754,0
10600000,328,38976,118.829,300,2417568,2
10650000,328,39009,118.93,300,2423101,1
10700000,328,39045,119.04,300,2429369,0
10750000,328,39081,119.149,300,2435529,0
10800000,328,39113,119.24700000000001,301,2440615,1
10850000,328,39162,119.396,301,2448910,2
10900000,328,39199,119.509,301,2455333,0
10950000,328,39246,119.652,301,2463624,2
11000000,328,39279,119.75299999999999,301,2469359,4
11050000,328,39311,119.851,301,2474834,1
11100000,328,39353,119.979,301,2481962,0
11150000,328,39396,120.11,301,2489474,1
11200000,328,39434,120.226,301,2495977,1
11250000,328,39472,120.34100000000001,301,2502581,1
11300000,328,39510,120.45700000000001,301,2509051,0
11350000,328,39552,120.585,301,2516299,1
11400000,328,39595,120.71600000000001,301,2523986,0
11450000,328,39632,120.829,301,2530524,0
11500000,328,39672,120.95100000000001,302,2537598,0
11550000,328,39703,121.046,302,2543129,0
11600000,328,39749,121.186,302,2551449,1
11650000,328,39780,121.28,302,2556549,0
11700000,328,39815,121.387,302,2562645,1
11750000,328,39847,121.485,302,2568694,0
11800000,328,39888,121.61,302,2575884,1
11850000,328,39924,121.72,302,2582236,1
11900000,328,39957,121.82,302,2588002,2
11950000,328,39989,121.91799999999999,302,2593681,1
12000000,328,40014,121.994,302,2598155,1
12050000,328,40039,122.07,302,2602673,1
12100000,328,40084,122.20700000000001,302,2610862,0
12150000,328,40130,122.348,302,2619214,2
12200000,328,40163,122.448,302,2625229,0
12250000,328,40205,122.57600000000001,303,2632413,5
12300000,328,40234,122.665,303,2637405,0
12350000,328,40274,122.787,304,2644858,1
12400000,328,40300,122.866,304,2649862,2
12450000,328,40334,122.97,304,2655775,0
12500000,328,40360,123.04899999999999,305,2660372,0
12550000,328,40391,123.14299999999999,305,2665950,0
12600000,328,40421,123.235,305,2671370,0
12650000,328,40460,123.354,305,2678656,0
12700000,328,40496,123.463,305,2685156,0
12750000,328,40523,123.546,305,2689805,0
12800000,328,40546,123.616,307,2694136,0
12850000,328,40579,123.71600000000001,307,2699851,0
12900000,328,40613,123.82,307,2705863,1
12950000,328,40644,123.915,307,2711800,1
13000000,328,40668,123.988,307,2716248,0
13050000,328,40697,124.07600000000001,307,2720953,4
13100000,328,40729,124.17399999999999,307,2726689,1
13150000,328,40758,124.262,307,2731959,1
13200000,328,40784,124.34100000000001,307,2736617,0
13250000,328,40816,124.439,307,2742699,0
13300000,328,40843,124.521,307,2747587,0
13350000,328,40869,124.601,307,2752172,1
13400000,328,40897,124.686,307,2757460,1
13450000,328,40933,124.796,307,2764112,0
13500000,328,40961,124.881,307,2769501,1
13550000,328,40990,124.97,307,2774687,2
13600000,328,41027,125.08200000000001,307,2781932,1
13650000,328,41059,125.18,307,2787763,1
13700000,328,41094,125.287,307,2794157,2
13750000,328,41126,125.384,307,2799992,0
13800000,328,41160,125.488,307,2806658,0
13850000,328,41187,125.57,307,2811695,1
13900000,328,41221,125.67399999999999,307,2818221,0
13950000,328,41252,125.76799999999999,307,2824037,1
14000000,328,41286,125.87200000000001,307,2830400,0
14050000,328,41315,125.96,307,2835917,0
14100000,328,41346,126.055,307,2842450,1
14150000,328,41372,126.134,307,2847341,0
14200000,328,41404,126.23200000000001,309,2852891,0
14250000,328,41437,126.33200000000001,309,2858866,0
14300000,328,41458,126.396,309,2862525,0
14350000,328,41486,126.48200000000001,309,2867878,2
14400000,328,41514,126.56700000000001,309,2873442,0
14450000,328,41531,126.619,309,2876794,0
14500000,328,41549,126.67399999999999,309,2879982,0
14550000,328,41571,126.741,309,2884243,2
14600000,328,41603,126.838,309,2890802,0
14650000,328,41637,126.94200000000001,309,2897408,1
14700000,328,41663,127.021,309,2902222,0
14750000,328,41694,127.116,309,2908148,1
14800000,328,41721,127.198,309,2913207,1
14850000,328,41746,127.274,309,2918030,0
14900000,328,41767,127.338,309,2921986,0
14950000,328,41788,127.402,309,2925759,0
15000000,328,41812,127.476,309,2930542,1
15050000,328,41841,127.564,309,2936049,0
15100000,328,41866,127.64,309,2940879,0
15150000,328,41895,127.729,310,2946535,1
15200000,328,41922,127.811,310,2951686,0
15250000,328,41954,127.90899999999999,310,2958084,3
15300000,328,41970,127.95700000000001,310,2961119,1
15350000,328,41992,128.024,310,2965581,1
15400000,328,42017,128.101,310,2970243,0
15450000,328,42050,128.201,310,2976498,1
15500000,328,42079,128.29,310,2982353,1
15550000,328,42101,128.357,310,2986870,0
15600000,328,42135,128.46,310,2993465,1
15650000,328,42158,128.53,310,2998019,0
15700000,328,42187,128.619,310,3003651,1
15750000,328,42218,128.713,310,3010083,3
15800000,328,42242,128.787,310,3014875,0
15850000,328,42268,128.866,310,3020071,0
15900000,328,42292,128.939,310,3024891,3
15950000,328,42309,128.991,310,3028328,0
16000000,328,42344,129.09799999999998,310,3035296,1
16050000,328,42374,129.189,310,3041237,0
16100000,328,42396,129.256,310,3045808,0
16150000,328,42407,129.29,311,3047934,0
16200000,328,42431,129.363,311,3052592,0
16250000,328,42452,129.42700000000002,311,3056634,0
16300000,328,42480,129.512,311,3062082,1
16350000,328,42498,129.567,311,3065457,0
16400000,328,42529,129.662,311,3071690,1
16450000,328,42552,129.732,311,3076266,0
16500000,328,42575,129.80200000000002,311,3081016,0
16550000,328,42598,129.872,311,3085719,1
16600000,328,42611,129.912,311,3088424,0
16650000,328,42631,129.97299999999998,311,3092282,0
16700000,328,42654,130.043,311,3096817,0
16750000,328,42682,130.128,312,3102265,2
16800000,328,42703,130.192,312,3106579,0
16850000,328,42728,130.268,314,3111869,0
16900000,328,42751,130.338,314,3116421,1
16950000,328,42773,130.405,314,3120744,1
17000000,328,42792,130.463,314,3124605,1
17050000,328,42816,130.537,314,3129484,0
17100000,328,42841,130.613,314,3134630,0
17150000,328,42866,130.689,314,3139655,1
17200000,328,42891,130.765,314,3144935,1
17250000,328,42922,130.86,314,3151369,0
17300000,328,42948,130.939,314,3156545,0
17350000,328,42966,130.994,314,3160156,0
17400000,328,42994,131.079,314,3165954,0
17450000,328,43013,131.137,314,3169626,1
17500000,328,43034,131.201,314,3173803,0
17550000,328,43048,131.244,314,3176883,1
17600000,328,43071,131.314,314,3181581,0
17650000,328,43088,131.366,314,3185005,0
17700000,328,43100,131.40200000000002,314,3187487,0
17750000,328,43120,131.463,314,3191609,0
17800000,328,43137,131.515,314,3194985,0
17850000,328,43162,131.591,314,3199853,0
17900000,328,43181,131.649,314,3203893,0
17950000,328,43198,131.701,314,3207362,0
18000000,328,43218,131.762,314,3211556,0
18050000,328,43244,131.841,314,3216987,0
18100000,328,43264,131.90200000000002,314,3221257,2
18150000,328,43288,131.976,314,3226287,0
18200000,328,43310,132.043,314,3230744,0
18250000,328,43329,132.101,314,3234518,1
18300000,328,43354,132.17700000000002,314,3239630,0
18350000,328,43382,132.262,314,3245439,1
18400000,328,43395,132.30200000000002,314,3248198,1
18450000,328,43418,132.372,314,3252921,1
18500000,328,43441,132.442,314,3257733,2
18550000,328,43467,132.52100000000002,314,3263087,0
18600000,328,43488,132.585,314,3267167,0
