timestep,num_nodes,num_edges,average_degree,max_degree,num_triangles,new_edges
0,318,945,2.9717,14,213,945
50000,328,12204,37.2073,108,224986,64
100000,328,14212,43.3293,123,302700,33
150000,328,15368,46.8537,134,343789,21
200000,328,16221,49.4543,141,373210,18
250000,328,16945,51.6616,150,396693,15
300000,328,17504,53.3659,153,414986,10
350000,328,18012,54.9146,158,432507,7
400000,328,18468,56.3049,162,447765,7
450000,328,18896,57.6098,168,463690,12
500000,328,19303,58.8506,169,479581,8
550000,328,19676,59.9878,170,494670,11
600000,328,20017,61.0274,174,509026,6
650000,328,20346,62.0305,182,523781,8
700000,328,20629,62.8933,187,536147,6
750000,328,20921,63.7835,187,549652,8
800000,328,21226,64.7134,187,564471,2
850000,328,21510,65.5793,187,578898,6
900000,328,21770,66.372,190,591912,11
950000,328,22010,67.1037,190,604139,3
1000000,328,22279,67.9238,192,618715,5
1050000,328,22525,68.6738,194,632525,4
1100000,328,22763,69.3994,199,645740,2
1150000,328,23003,70.1311,203,659134,5
1200000,328,23225,70.8079,206,672500,6
1250000,328,23453,71.503,212,686126,2
1300000,328,23655,72.1189,214,698589,0
1350000,328,23842,72.689,214,710041,5
1400000,328,24022,73.2378,216,721423,1
1450000,328,24246,73.9207,216,735369,5
1500000,328,24447,74.5335,216,748392,6
1550000,328,24650,75.1524,216,761288,4
1600000,328,24833,75.7104,221,773862,8
1650000,328,24999,76.2165,223,785339,5
1700000,328,25165,76.7226,223,797034,6
1750000,328,25347,77.2774,223,810131,3
1800000,328,25518,77.7988,223,822165,6
1850000,328,25702,78.3598,223,835274,5
1900000,328,25864,78.8537,225,847230,2
1950000,328,26006,79.2866,226,857921,4
2000000,328,26155,79.7409,226,868884,7
2050000,328,26300,80.1829,226,880239,3
2100000,328,26464,80.6829,226,893260,3
2150000,328,26593,81.0762,230,903243,2
2200000,328,26706,81.4207,230,912037,1
2250000,328,26862,81.8963,230,924344,2
2300000,328,27032,82.4146,233,937964,3
2350000,328,27178,82.8598,233,949961,4
2400000,328,27323,83.3018,233,961918,4
2450000,328,27436,83.6463,233,971024,2
2500000,328,27571,84.0579,233,982598,2
2550000,328,27699,84.4482,233,993343,3
2600000,328,27838,84.87200000000001,236,1005466,2
2650000,328,27980,85.3049,238,1017807,0
2700000,328,28112,85.7073,240,1029326,7
2750000,328,28246,86.1159,240,1041006,1
2800000,328,28370,86.4939,241,1051882,0
2850000,328,28488,86.8537,241,1062446,0
2900000,328,28606,87.2134,244,1072929,4
2950000,328,28737,87.6128,245,1084948,2
3000000,328,28858,87.9817,247,1096465,2
3050000,328,28986,88.37200000000001,247,1108997,1
3100000,328,29123,88.7896,249,1122399,5
3150000,328,29229,89.1128,250,1132559,4
3200000,328,29364,89.5244,250,1145216,4
3250000,328,29465,89.8323,250,1154799,0
3300000,328,29600,90.2439,252,1167808,2
3350000,328,29715,90.5945,252,1179115,3
3400000,328,29830,90.9451,252,1190299,0
3450000,328,29921,91.2226,252,1199448,1
3500000,328,30041,91.5884,256,1211555,1
3550000,328,30156,91.939,256,1223507,1
3600000,328,30269,92.2835,257,1235284,1
3650000,328,30364,92.5732,258,1245033,2
3700000,328,30462,92.87200000000001,259,1255089,2
3750000,328,30589,93.2591,260,1268219,0
3800000,328,30709,93.625,260,1280668,1
3850000,328,30810,93.9329,261,1291478,1
3900000,328,30913,94.24700000000001,262,1302609,2
3950000,328,30998,94.5061,263,1311958,1
4000000,328,31111,94.8506,263,1323861,3
4050000,328,31193,95.1006,263,1332698,2
4100000,328,31285,95.3811,263,1342652,2
4150000,328,31382,95.6768,264,1353035,1
4200000,328,31467,95.936,264,1362658,4
4250000,328,31550,96.189,266,1371810,3
4300000,328,31641,96.4665,266,1382144,4
4350000,328,31721,96.7104,266,1390848,1
4400000,328,31819,97.0091,266,1401814,3
4450000,328,31919,97.314,270,1413475,1
4500000,328,32006,97.5793,270,1423424,1
4550000,328,32094,97.8476,270,1433499,1
4600000,328,32180,98.1098,270,1443450,1
4650000,328,32257,98.3445,272,1452180,1
4700000,328,32336,98.5854,273,1461494,2
4750000,328,32426,98.8598,273,1472051,3
4800000,328,32494,99.0671,273,1480109,3
4850000,328,32582,99.3354,273,1490543,1
4900000,328,32668,99.5976,273,1500417,1
4950000,328,32743,99.8262,273,1509719,0
5000000,328,32830,100.09100000000001,275,1520711,1
5050000,328,32902,100.311,275,1529319,1
5100000,328,32979,100.546,275,1538223,0
5150000,328,33050,100.762,275,1546838,5
5200000,328,33126,100.994,277,1556571,0
5250000,328,33204,101.23200000000001,277,1566606,3
5300000,328,33283,101.473,277,1576899,1
5350000,328,33369,101.735,277,1587930,0
5400000,328,33464,102.024,277,1599062,4
5450000,328,33555,102.302,279,1610964,6
5500000,328,33631,102.53399999999999,279,1620203,1
5550000,328,33709,102.771,279,1630061,3
5600000,328,33779,102.985,279,1638880,3
5650000,328,33856,103.22,280,1649290,2
5700000,328,33923,103.42399999999999,280,1657941,0
5750000,328,33984,103.61,280,1665951,3
5800000,328,34075,103.887,280,1677775,2
5850000,328,34164,104.15899999999999,280,1689297,1
5900000,328,34244,104.402,280,1699786,0
5950000,328,34320,104.634,280,1710252,0
6000000,328,34396,104.866,281,1720053,3
6050000,328,34476,105.11,281,1730636,0
6100000,328,34531,105.277,281,1737813,1
6150000,328,34603,105.49700000000001,281,1747596,0
6200000,328,34663,105.68,281,1755494,3
6250000,328,34732,105.89,283,1764923,5
6300000,328,34781,106.04,284,1772167,0
6350000,328,34834,106.20100000000001,284,1779195,2
6400000,328,34894,106.384,284,1787068,1
6450000,328,34961,106.588,284,1796085,1
6500000,328,35040,106.829,285,1806777,1
6550000,328,35102,107.01799999999999,285,1815645,0
6600000,328,35167,107.21600000000001,285,1824632,1
6650000,328,35222,107.384,285,1831733,2
6700000,328,35286,107.579,285,1840441,2
6750000,328,35346,107.762,285,1848591,1
6800000,328,35410,107.95700000000001,285,1857504,1
6850000,328,35486,108.189,285,1868359,2
6900000,328,35547,108.375,285,1877315,2
6950000,328,35608,108.561,285,1886325,2
7000000,328,35663,108.729,285,1893669,0
7050000,328,35730,108.93299999999999,285,1903454,1
7100000,328,35798,109.14,287,1913496,1
7150000,328,35850,109.29899999999999,287,1921116,4
7200000,328,35902,109.45700000000001,287,1928893,0
7250000,328,35963,109.64299999999999,287,1937899,1
7300000,328,36018,109.811,288,1946214,0
7350000,328,36078,109.994,288,1955276,1
7400000,328,36126,110.14,289,1962262,0
7450000,328,36185,110.32,290,1971305,1
7500000,328,36237,110.479,290,1979047,2
7550000,328,36295,110.655,290,1988002,2
7600000,328,36364,110.866,290,1998024,2
7650000,328,36425,111.052,290,2006834,2
7700000,328,36472,111.195,290,2013690,1
7750000,328,36519,111.338,291,2021155,1
7800000,328,36558,111.45700000000001,291,2027190,2
7850000,328,36613,111.625,292,2035604,2
7900000,328,36671,111.802,292,2044488,2
7950000,328,36730,111.98200000000001,292,2053602,0
8000000,328,36767,112.095,293,2059568,1
8050000,328,36822,112.262,293,2068126,0
8100000,328,36877,112.43,294,2076786,2
8150000,328,36931,112.595,294,2084861,0
8200000,328,36977,112.735,294,2091607,0
8250000,328,37027,112.887,294,2099212,1
8300000,328,37061,112.991,294,2104313,1
8350000,328,37103,113.119,294,2110736,1
8400000,328,37161,113.296,294,2119805,2
8450000,328,37208,113.439,294,2126921,0
8500000,328,37269,113.625,294,2136594,1
8550000,328,37313,113.759,294,2143523,0
8600000,328,37350,113.87200000000001,294,2149335,0
8650000,328,37399,114.021,294,2156998,2
8700000,328,37453,114.186,294,2165618,2
8750000,328,37502,114.335,294,2173412,3
8800000,328,37541,114.454,294,2179537,0
8850000,328,37587,114.595,294,2187352,1
8900000,328,37638,114.75,294,2195383,0
8950000,328,37684,114.89,294,2202488,0
9000000,328,37739,115.05799999999999,294,2211578,0
9050000,328,37781,115.186,294,2218275,2
9100000,328,37821,115.30799999999999,294,2224489,3
9150000,328,37864,115.439,296,2231455,2
9200000,328,37904,115.561,296,2237833,0
9250000,328,37955,115.71600000000001,296,2246054,1
9300000,328,37992,115.829,296,2252315,1
9350000,328,38031,115.948,296,2258382,0
9400000,328,38073,116.07600000000001,296,2265242,0
9450000,328,38116,116.20700000000001,296,2271986,1
9500000,328,38155,116.32600000000001,296,2278608,0
9550000,328,38190,116.43299999999999,296,2284639,2
9600000,328,38229,116.552,296,2291278,0
9650000,328,38265,116.662,296,2297239,0
9700000,328,38307,116.79,296,2304096,1
9750000,328,38363,116.96,298,2313367,0
9800000,328,38401,117.07600000000001,298,2319621,0
9850000,328,38451,117.229,298,2327897,2
9900000,328,38483,117.32600000000001,298,2332839,0
9950000,328,38511,117.412,298,2337655,0
10000000,328,38544,117.512,298,2342834,1
10050000,328,38592,117.65899999999999,298,2350463,1
10100000,328,38640,117.805,299,2358668,3
10150000,328,38674,117.90899999999999,299,2364278,0
10200000,328,38710,118.01799999999999,299,2370237,1
10250000,328,38744,118.12200000000001,299,2376309,0
10300000,328,38786,118.25,299,2383156,0
10350000,328,38828,118.37799999999999,300,2389928,2
10400000,328,38859,118.473,300,2395479,1
10450000,328,38903,118.60700000000001,300,2402817,0
10500000,328,38953,118.759,300,2411327,1
10550000,328,38990,118.87200000000001,300,2417434,2
10600000,328,39035,119.009,300,2424987,1
10650000,328,39084,119.15899999999999,300,2433383,1
10700000,328,39126,119.287,300,2440523,1
10750000,328,39163,119.399,301,2446752,0
10800000,328,39202,119.51799999999999,301,2453245,1
10850000,328,39248,119.65899999999999,301,2460960,3
10900000,328,39278,119.75,301,2465975,1
10950000,328,39309,119.845,301,2471305,1
11000000,328,39341,119.94200000000001,301,2476731,0
11050000,328,39380,120.061,301,2483242,0
11100000,328,39420,120.18299999999999,301,2490335,1
11150000,328,39456,120.29299999999999,301,2496628,1
11200000,328,39500,120.427,301,2504455,2
11250000,328,39527,120.509,301,2509182,1
11300000,328,39562,120.616,301,2515164,0
11350000,328,39593,120.71,301,2520683,4
11400000,328,39631,120.82600000000001,301,2527550,0
11450000,328,39663,120.92399999999999,301,2533272,0
11500000,328,39697,121.027,301,2539172,1
11550000,328,39731,121.131,301,2545170,0
11600000,328,39783,121.29,301,2554110,0
11650000,328,39824,121.415,301,2561723,0
11700000,328,39864,121.537,301,2568833,0
11750000,328,39906,121.665,301,2576684,0
11800000,328,39942,121.774,301,2582983,0
11850000,328,39969,121.85700000000001,301,2587702,1
11900000,328,40016,122.0,302,2595950,0
11950000,328,40058,122.12799999999999,302,2603765,0
12000000,328,40103,122.265,302,2612040,2
12050000,328,40143,122.387,304,2619291,1
12100000,328,40178,122.494,304,2625803,0
12150000,328,40211,122.595,304,2631823,0
12200000,328,40238,122.677,304,2636828,1
12250000,328,40282,122.811,304,2644775,1
12300000,328,40315,122.912,304,2651045,1
12350000,328,40338,122.98200000000001,304,2655201,2
12400000,328,40368,123.073,304,2660872,0
12450000,328,40388,123.134,304,2664529,0
12500000,328,40419,123.229,305,2670147,1
12550000,328,40446,123.311,305,2674821,0
12600000,328,40465,123.369,305,2678230,0
12650000,328,40494,123.45700000000001,305,2683312,0
12700000,328,40526,123.555,305,2689284,0
12750000,328,40558,123.652,305,2694906,0
12800000,328,40592,123.756,306,2701594,0
12850000,328,40627,123.863,306,2708058,1
12900000,328,40655,123.948,306,2712983,1
12950000,328,40684,124.037,306,2718140,0
13000000,328,40712,124.12200000000001,306,2723088,0
13050000,328,40749,124.235,306,2729914,0
13100000,328,40779,124.32600000000001,306,2735468,1
13150000,328,40801,124.39299999999999,306,2739239,0
13200000,328,40838,124.506,306,2746217,1
13250000,328,40879,124.631,306,2753655,1
13300000,328,40907,124.71600000000001,308,2758743,0
13350000,328,40932,124.79299999999999,308,2763388,2
13400000,328,40953,124.85700000000001,308,2767236,0
13450000,328,40983,124.948,308,2772832,0
13500000,328,41012,125.037,308,2778119,1
13550000,328,41053,125.162,308,2785506,4
13600000,328,41076,125.23200000000001,308,2790152,1
13650000,328,41107,125.32600000000001,308,2795653,2
13700000,328,41140,125.427,308,2801839,1
13750000,328,41175,125.53399999999999,308,2808371,1
13800000,328,41205,125.625,308,2813949,0
13850000,328,41240,125.73200000000001,308,2820415,0
13900000,328,41271,125.82600000000001,308,2826041,1
13950000,328,41297,125.905,308,2831104,1
14000000,328,41326,125.994,308,2836607,1
14050000,328,41346,126.055,308,2840555,1
14100000,328,41366,126.116,308,2844610,0
14150000,328,41393,126.198,308,2849491,0
14200000,328,41418,126.274,308,2854008,1
14250000,328,41443,126.351,308,2858737,0
14300000,328,41469,126.43,308,2863852,0
14350000,328,41500,126.524,308,2869632,0
14400000,328,41523,126.595,308,2873901,0
14450000,328,41559,126.704,308,2881158,2
14500000,328,41579,126.765,308,2884880,1
14550000,328,41611,126.863,308,2891253,2
14600000,328,41647,126.973,308,2898413,0
14650000,328,41673,127.052,308,2903320,0
14700000,328,41702,127.14,308,2909067,1
14750000,328,41730,127.226,308,2914412,0
14800000,328,41762,127.323,308,2920508,2
14850000,328,41786,127.396,308,2924829,0
14900000,328,41809,127.46600000000001,308,2929281,0
14950000,328,41829,127.527,308,2933189,0
15000000,328,41859,127.619,308,2938997,1
15050000,328,41884,127.695,309,2944001,0
15100000,328,41913,127.78399999999999,309,2949835,0
15150000,328,41938,127.86,309,2954573,0
15200000,328,41964,127.939,309,2959711,1
15250000,328,41983,127.99700000000001,309,2963483,1
15300000,328,42008,128.07299999999998,309,2968187,2
15350000,328,42046,128.189,309,2975395,1
15400000,328,42073,128.27100000000002,309,2980693,0
15450000,328,42103,128.363,310,2987071,0
15500000,328,42132,128.451,310,2992559,1
15550000,328,42162,128.543,310,2998098,0
15600000,328,42190,128.628,310,3003719,1
15650000,328,42214,128.701,310,3008382,0
15700000,328,42235,128.765,310,3012590,1
15750000,328,42257,128.832,310,3017012,1
15800000,328,42280,128.90200000000002,310,3021707,2
15850000,328,42308,128.988,310,3027226,0
15900000,328,42335,129.07,310,3032478,2
15950000,328,42355,129.131,310,3036525,0
16000000,328,42393,129.247,310,3044202,1
16050000,328,42425,129.345,311,3050494,1
16100000,328,42451,129.424,312,3055670,1
16150000,328,42474,129.494,312,3060371,1
16200000,328,42493,129.55200000000002,312,3064354,0
16250000,328,42511,129.607,312,3068116,1
16300000,328,42537,129.686,312,3073396,0
16350000,328,42562,129.762,312,3078515,0
16400000,328,42582,129.82299999999998,312,3082523,2
16450000,328,42602,129.884,312,3086180,0
16500000,328,42622,129.945,312,3090236,0
16550000,328,42647,130.02100000000002,312,3095387,0
16600000,328,42663,130.07,312,3098381,0
16650000,328,42681,130.125,312,3101678,0
16700000,328,42696,130.171,312,3104880,0
16750000,328,42723,130.253,312,3110394,0
16800000,328,42748,130.329,312,3115364,0
16850000,328,42772,130.40200000000002,312,3120151,0
16900000,328,42793,130.466,312,3124524,0
16950000,328,42819,130.546,312,3129698,0
17000000,328,42838,130.60399999999998,312,3133528,0
17050000,328,42865,130.686,312,3139042,1
17100000,328,42893,130.77100000000002,312,3145092,1
17150000,328,42911,130.826,312,3148812,0
17200000,328,42935,130.899,312,3153692,0
17250000,328,42955,130.96,312,3157671,0
17300000,328,42976,131.024,312,3162158,0
17350000,328,42996,131.085,312,3166130,0
17400000,328,43013,131.137,312,3169657,1
17450000,328,43035,131.204,312,3174125,0
17500000,328,43050,131.25,312,3177385,0
17550000,328,43074,131.32299999999998,312,3182551,0
17600000,328,43095,131.387,312,3186895,1
17650000,328,43119,131.46,312,3191842,1
17700000,328,43138,131.518,312,3195576,0
17750000,328,43153,131.564,312,3198462,0
17800000,328,43172,131.622,312,3202168,0
17850000,328,43190,131.67700000000002,312,3205793,1
17900000,328,43209,131.735,312,3209577,0
17950000,328,43235,131.814,312,3214956,0
18000000,328,43258,131.884,312,3219904,0
18050000,328,43278,131.945,312,3223883,1
18100000,328,43294,131.994,312,3227228,0
18150000,328,43308,132.037,312,3230208,1
18200000,328,43333,132.113,314,3235403,0
18250000,328,43348,132.159,314,3238326,0
18300000,328,43372,132.232,314,3243453,0
18350000,328,43394,132.299,314,3247742,0
18400000,328,43417,132.369,314,3252356,1
18450000,328,43437,132.43,314,3256672,0
18500000,328,43456,132.488,314,3260507,1
18550000,328,43471,132.534,314,3263564,0
18600000,328,43491,132.595,315,3267700,0
