timestep,num_nodes,num_edges,average_degree,max_degree,num_triangles,new_edges
0,320,960,3.0,15,158,960
50000,328,12174,37.1159,108,224006,55
100000,328,14198,43.2866,127,301672,25
150000,328,15340,46.7683,127,341853,21
200000,328,16154,49.25,149,369954,13
250000,328,16809,51.247,149,392250,12
300000,328,17387,53.0091,157,411373,14
350000,328,17908,54.5976,164,429027,11
400000,328,18359,55.9726,166,444468,7
450000,328,18810,57.3476,172,460967,7
500000,328,19190,58.5061,175,476420,6
550000,328,19567,59.6555,181,491503,6
600000,328,19915,60.7165,183,505906,9
650000,328,20261,61.7713,185,520869,5
700000,328,20592,62.7805,188,535528,7
750000,328,20903,63.7287,191,549427,1
800000,328,21192,64.6098,192,563073,5
850000,328,21468,65.4512,194,576486,8
900000,328,21740,66.2805,195,590398,9
950000,328,21995,67.0579,200,604439,3
1000000,328,22283,67.936,204,620183,2
1050000,328,22522,68.6646,204,633147,2
1100000,328,22774,69.4329,208,646874,6
1150000,328,23025,70.1982,208,660894,4
1200000,328,23248,70.878,212,673722,7
1250000,328,23443,71.4726,212,685396,3
1300000,328,23644,72.0854,214,697542,4
1350000,328,23867,72.7652,217,711283,2
1400000,328,24075,73.3994,220,723740,5
1450000,328,24280,74.0244,220,736815,4
1500000,328,24480,74.6341,220,749737,3
1550000,328,24670,75.2134,220,762501,6
1600000,328,24843,75.7409,221,774170,1
1650000,328,25039,76.3384,227,787689,6
1700000,328,25220,76.8902,227,800026,5
1750000,328,25394,77.4207,227,812302,6
1800000,328,25556,77.9146,227,824045,5
1850000,328,25717,78.4055,227,835837,1
1900000,328,25885,78.9177,232,848040,3
1950000,328,26047,79.4116,232,859843,3
2000000,328,26237,79.9909,234,874602,6
2050000,328,26390,80.4573,234,886471,0
2100000,328,26529,80.8811,234,897456,4
2150000,328,26698,81.3963,237,910111,9
2200000,328,26858,81.8841,237,922987,1
2250000,328,27021,82.3811,237,936286,4
2300000,328,27167,82.8262,237,948257,2
2350000,328,27302,83.2378,237,959733,4
2400000,328,27430,83.62799999999999,237,970535,3
2450000,328,27566,84.0427,238,981933,1
2500000,328,27690,84.4207,240,992830,2
2550000,328,27817,84.8079,240,1003734,2
2600000,328,27959,85.2409,242,1015982,5
2650000,328,28086,85.62799999999999,243,1027046,0
2700000,328,28218,86.0305,243,1039097,4
2750000,328,28365,86.4787,246,1052005,3
2800000,328,28486,86.8476,248,1062878,2
2850000,328,28605,87.2104,249,1073584,2
2900000,328,28730,87.5915,251,1085521,5
2950000,328,28842,87.9329,251,1095813,3
3000000,328,28956,88.2805,251,1106497,4
3050000,328,29085,88.6738,251,1118789,3
3100000,328,29211,89.0579,255,1130967,1
3150000,328,29312,89.3659,255,1140443,1
3200000,328,29414,89.6768,255,1150401,3
3250000,328,29523,90.0091,255,1161034,7
3300000,328,29621,90.3079,255,1170037,0
3350000,328,29720,90.6098,255,1179711,2
3400000,328,29837,90.9665,256,1191461,7
3450000,328,29950,91.311,256,1202310,0
3500000,328,30069,91.6738,258,1214426,3
3550000,328,30192,92.0488,258,1226702,4
3600000,328,30300,92.37799999999999,259,1237729,4
3650000,328,30403,92.6921,259,1248445,4
3700000,328,30517,93.0396,259,1260188,0
3750000,328,30625,93.3689,259,1271539,0
3800000,328,30728,93.6829,260,1282941,3
3850000,328,30836,94.0122,262,1294798,5
3900000,328,30939,94.3262,262,1305629,1
3950000,328,31040,94.6341,264,1316161,1
4000000,328,31139,94.936,264,1326550,2
4050000,328,31235,95.2287,264,1336797,1
4100000,328,31351,95.5823,264,1349709,2
4150000,328,31450,95.8841,264,1360660,2
4200000,328,31542,96.1646,264,1370982,6
4250000,328,31636,96.4512,264,1381146,3
4300000,328,31742,96.7744,264,1393419,2
4350000,328,31823,97.0213,264,1402086,3
4400000,328,31907,97.2774,267,1411830,3
4450000,328,31989,97.5274,267,1421074,0
4500000,328,32096,97.8537,269,1433278,4
4550000,328,32178,98.1037,270,1442875,1
4600000,328,32255,98.3384,270,1452124,2
4650000,328,32342,98.6037,270,1462219,2
4700000,328,32431,98.875,271,1472697,2
4750000,328,32513,99.125,273,1482525,4
4800000,328,32607,99.4116,273,1493730,2
4850000,328,32685,99.6494,273,1502706,3
4900000,328,32741,99.8201,273,1509219,0
4950000,328,32843,100.131,275,1521223,3
5000000,328,32906,100.323,275,1528835,1
5050000,328,32975,100.53399999999999,275,1536991,3
5100000,328,33047,100.75299999999999,275,1545699,0
5150000,328,33125,100.991,275,1554717,1
5200000,328,33209,101.24700000000001,276,1565180,2
5250000,328,33281,101.46600000000001,277,1574162,2
5300000,328,33341,101.649,277,1581525,2
5350000,328,33418,101.884,277,1590986,0
5400000,328,33489,102.101,277,1600383,3
5450000,328,33568,102.34100000000001,277,1610376,1
5500000,328,33619,102.49700000000001,280,1616575,0
5550000,328,33690,102.713,280,1625974,3
5600000,328,33755,102.912,280,1634266,2
5650000,328,33822,103.116,280,1642878,0
5700000,328,33892,103.329,280,1651862,2
5750000,328,33954,103.51799999999999,280,1660066,1
5800000,328,34013,103.698,280,1667536,3
5850000,328,34092,103.939,280,1677912,1
5900000,328,34157,104.137,280,1686468,0
5950000,328,34243,104.399,280,1697593,5
6000000,328,34315,104.619,280,1707232,1
6050000,328,34393,104.85700000000001,280,1717731,3
6100000,328,34454,105.04299999999999,280,1725671,0
6150000,328,34528,105.26799999999999,280,1735600,2
6200000,328,34590,105.45700000000001,280,1743933,1
6250000,328,34669,105.698,280,1754596,1
6300000,328,34727,105.875,283,1762185,2
6350000,328,34807,106.119,283,1772856,2
6400000,328,34866,106.29899999999999,283,1780924,0
6450000,328,34929,106.491,285,1789507,0
6500000,328,35003,106.71600000000001,286,1799797,5
6550000,328,35066,106.90899999999999,287,1808307,2
6600000,328,35117,107.064,287,1815256,0
6650000,328,35180,107.256,287,1823852,2
6700000,328,35251,107.473,287,1833971,0
6750000,328,35328,107.70700000000001,289,1844828,2
6800000,328,35387,107.887,289,1853152,1
6850000,328,35442,108.055,289,1860689,2
6900000,328,35503,108.241,290,1869580,0
6950000,328,35568,108.439,290,1878744,0
7000000,328,35632,108.634,291,1887907,3
7050000,328,35690,108.811,292,1896206,0
7100000,328,35751,108.99700000000001,292,1905079,2
7150000,328,35806,109.165,292,1913122,1
7200000,328,35859,109.32600000000001,292,1920952,3
7250000,328,35918,109.506,292,1929045,0
7300000,328,35973,109.67399999999999,293,1936682,2
7350000,328,36021,109.82,293,1943791,2
7400000,328,36073,109.979,293,1951418,1
7450000,328,36130,110.152,293,1959444,0
7500000,328,36185,110.32,293,1967562,2
7550000,328,36255,110.53399999999999,293,1977975,2
7600000,328,36318,110.726,294,1987367,1
7650000,328,36355,110.838,294,1992962,2
7700000,328,36399,110.973,294,1999479,1
7750000,328,36464,111.171,294,2009088,2
7800000,328,36529,111.369,294,2018444,1
7850000,328,36586,111.54299999999999,296,2027096,1
7900000,328,36634,111.689,296,2034270,1
7950000,328,36681,111.83200000000001,297,2041690,4
8000000,328,36733,111.991,298,2049482,0
8050000,328,36783,112.14299999999999,298,2057367,1
8100000,328,36836,112.305,298,2065494,1
8150000,328,36888,112.463,298,2073111,1
8200000,328,36929,112.588,298,2079638,1
8250000,328,36970,112.713,298,2085728,2
8300000,328,37018,112.86,298,2092957,3
8350000,328,37073,113.027,298,2101158,0
8400000,328,37122,113.177,298,2108812,0
8450000,328,37189,113.381,298,2119198,4
8500000,328,37234,113.51799999999999,299,2126070,2
8550000,328,37275,113.64299999999999,299,2132729,1
8600000,328,37319,113.777,299,2139446,0
8650000,328,37368,113.927,299,2146888,1
8700000,328,37419,114.08200000000001,299,2154914,2
8750000,328,37476,114.256,299,2163930,0
8800000,328,37515,114.375,299,2169919,0
8850000,328,37559,114.509,299,2176742,2
8900000,328,37611,114.66799999999999,299,2184888,1
8950000,328,37647,114.777,299,2190808,0
9000000,328,37684,114.89,299,2196694,0
9050000,328,37737,115.052,299,2205321,1
9100000,328,37775,115.16799999999999,299,2211278,2
9150000,328,37821,115.30799999999999,299,2218596,0
9200000,328,37867,115.448,299,2225972,0
9250000,328,37910,115.579,299,2233139,0
9300000,328,37958,115.726,299,2240984,1
9350000,328,38009,115.881,299,2249175,1
9400000,328,38054,116.01799999999999,299,2256413,2
9450000,328,38092,116.134,299,2262742,1
9500000,328,38137,116.271,299,2270295,2
9550000,328,38183,116.412,299,2277777,1
9600000,328,38231,116.55799999999999,299,2285397,2
9650000,328,38262,116.652,299,2290547,0
9700000,328,38307,116.79,299,2298324,0
9750000,328,38340,116.89,299,2303520,0
9800000,328,38380,117.012,299,2310216,0
9850000,328,38419,117.131,299,2316715,2
9900000,328,38467,117.277,301,2324777,0
9950000,328,38503,117.387,301,2330542,0
10000000,328,38537,117.491,301,2336301,0
10050000,328,38570,117.59100000000001,303,2341807,0
10100000,328,38622,117.75,303,2350501,2
10150000,328,38663,117.875,303,2357616,0
10200000,328,38702,117.994,303,2364119,2
10250000,328,38748,118.134,303,2371771,2
10300000,328,38802,118.29899999999999,303,2381027,0
10350000,328,38842,118.421,303,2387535,2
10400000,328,38882,118.54299999999999,303,2394236,2
10450000,328,38926,118.677,304,2401719,1
10500000,328,38956,118.76799999999999,304,2407225,1
10550000,328,39002,118.90899999999999,304,2415205,2
10600000,328,39048,119.04899999999999,304,2422901,1
10650000,328,39084,119.15899999999999,305,2429313,0
10700000,328,39128,119.29299999999999,305,2436900,2
10750000,328,39163,119.399,305,2442591,3
10800000,328,39199,119.509,305,2448638,1
10850000,328,39231,119.60700000000001,305,2454378,1
10900000,328,39262,119.70100000000001,305,2459846,0
10950000,328,39290,119.787,305,2464625,1
11000000,328,39338,119.93299999999999,305,2472698,1
11050000,328,39374,120.04299999999999,305,2479242,0
11100000,328,39419,120.18,305,2487186,0
11150000,328,39460,120.305,305,2494446,0
11200000,328,39500,120.427,305,2501251,1
11250000,328,39532,120.524,305,2506800,1
11300000,328,39553,120.588,305,2510039,0
11350000,328,39586,120.689,305,2516034,2
11400000,328,39630,120.823,305,2523879,1
11450000,328,39667,120.936,305,2530474,1
11500000,328,39709,121.064,305,2537465,0
11550000,328,39746,121.177,305,2544088,1
11600000,328,39782,121.287,305,2550383,0
11650000,328,39816,121.39,305,2556367,0
11700000,328,39850,121.494,305,2562508,0
11750000,328,39888,121.61,305,2569456,0
11800000,328,39920,121.70700000000001,305,2575182,1
11850000,328,39967,121.851,305,2583757,0
11900000,328,39997,121.94200000000001,305,2588826,0
11950000,328,40022,122.01799999999999,305,2593470,1
12000000,328,40052,122.11,305,2598768,0
12050000,328,40084,122.20700000000001,305,2604850,0
12100000,328,40118,122.311,305,2610869,1
12150000,328,40144,122.39,305,2615457,1
12200000,328,40175,122.485,305,2620762,1
12250000,328,40203,122.57,305,2625698,2
12300000,328,40245,122.698,305,2632978,3
12350000,328,40277,122.796,305,2638706,0
12400000,328,40310,122.896,305,2644578,0
12450000,328,40324,122.939,305,2647123,0
12500000,328,40346,123.006,305,2651080,0
12550000,328,40381,123.113,305,2657267,1
12600000,328,40406,123.189,305,2661705,0
12650000,328,40428,123.256,305,2665617,1
12700000,328,40462,123.36,305,2671901,1
12750000,328,40498,123.47,305,2678670,0
12800000,328,40540,123.598,305,2686262,0
12850000,328,40571,123.69200000000001,306,2691793,1
12900000,328,40605,123.796,306,2698134,0
12950000,328,40638,123.896,306,2704228,1
13000000,328,40672,124.0,306,2710500,0
13050000,328,40701,124.088,306,2715799,3
13100000,328,40726,124.165,306,2720587,0
13150000,328,40761,124.271,306,2726821,0
13200000,328,40791,124.363,307,2732286,1
13250000,328,40821,124.454,307,2737969,0
13300000,328,40846,124.53,307,2742593,1
13350000,328,40887,124.655,307,2750178,0
13400000,328,40912,124.73200000000001,307,2755055,1
13450000,328,40937,124.80799999999999,307,2759733,0
13500000,328,40961,124.881,307,2764563,0
13550000,328,40998,124.994,307,2771553,2
13600000,328,41029,125.088,307,2777466,0
13650000,328,41072,125.22,307,2785833,2
13700000,328,41098,125.29899999999999,307,2790687,3
13750000,328,41123,125.375,307,2795260,0
13800000,328,41157,125.479,307,2801894,2
13850000,328,41196,125.598,307,2809351,1
13900000,328,41221,125.67399999999999,307,2813973,2
13950000,328,41256,125.78,307,2820386,1
14000000,328,41284,125.866,307,2825897,0
14050000,328,41321,125.979,307,2832741,0
14100000,328,41341,126.04,307,2836597,0
14150000,328,41371,126.131,307,2842231,0
14200000,328,41399,126.21600000000001,307,2847992,1
14250000,328,41428,126.305,307,2853094,0
14300000,328,41459,126.399,307,2859279,1
14350000,328,41480,126.463,308,2863073,0
14400000,328,41513,126.564,308,2869476,3
14450000,328,41538,126.64,308,2874530,0
14500000,328,41565,126.723,308,2880053,0
14550000,328,41591,126.802,309,2885271,0
14600000,328,41616,126.87799999999999,309,2889889,0
14650000,328,41635,126.936,309,2893715,0
14700000,328,41663,127.021,309,2899107,0
14750000,328,41687,127.095,309,2903707,1
14800000,328,41725,127.21,309,2911249,2
14850000,328,41749,127.28399999999999,309,2915908,1
14900000,328,41773,127.35700000000001,309,2920615,0
14950000,328,41797,127.43,309,2925421,0
15000000,328,41829,127.527,309,2931698,1
15050000,328,41858,127.616,309,2937156,1
15100000,328,41878,127.677,309,2941142,1
15150000,328,41897,127.735,310,2944997,0
15200000,328,41924,127.81700000000001,310,2950276,1
15250000,328,41943,127.875,310,2954058,0
15300000,328,41971,127.96,310,2959793,1
15350000,328,41988,128.012,310,2963041,1
15400000,328,42024,128.122,310,2970078,1
15450000,328,42048,128.195,310,2975014,0
15500000,328,42082,128.299,310,2981647,1
15550000,328,42110,128.384,310,2987275,0
15600000,328,42137,128.466,310,2992810,0
15650000,328,42167,128.558,310,2998400,1
15700000,328,42194,128.64,310,3003601,3
15750000,328,42226,128.738,310,3010135,1
15800000,328,42251,128.814,310,3014888,1
15850000,328,42280,128.90200000000002,310,3020602,0
15900000,328,42312,129.0,310,3026605,1
15950000,328,42329,129.05200000000002,310,3029824,0
16000000,328,42347,129.107,311,3033433,1
16050000,328,42365,129.162,311,3037180,1
16100000,328,42395,129.253,311,3043214,0
16150000,328,42414,129.311,311,3047064,0
16200000,328,42432,129.366,311,3050739,0
16250000,328,42457,129.442,311,3055796,0
16300000,328,42489,129.54,311,3062483,1
16350000,328,42506,129.591,311,3065828,0
16400000,328,42525,129.649,312,3069483,1
16450000,328,42549,129.72299999999998,312,3074252,1
16500000,328,42576,129.805,312,3079535,0
16550000,328,42593,129.857,312,3083018,0
16600000,328,42620,129.939,312,3088638,1
16650000,328,42643,130.009,312,3093384,0
16700000,328,42668,130.085,312,3098409,1
16750000,328,42693,130.162,312,3103486,0
16800000,328,42717,130.235,312,3108493,1
16850000,328,42739,130.30200000000002,312,3113113,0
16900000,328,42762,130.372,312,3117988,0
16950000,328,42783,130.436,312,3122118,1
17000000,328,42804,130.5,313,3126594,0
17050000,328,42831,130.582,313,3131944,2
17100000,328,42850,130.64,313,3135822,0
17150000,328,42874,130.713,313,3140610,1
17200000,328,42899,130.79,313,3145958,0
17250000,328,42919,130.851,313,3149893,0
17300000,328,42943,130.924,313,3154788,1
17350000,328,42967,130.997,313,3159864,0
17400000,328,42985,131.05200000000002,313,3163589,0
17450000,328,43016,131.14600000000002,313,3169966,1
17500000,328,43043,131.22899999999998,313,3175306,1
17550000,328,43063,131.29,313,3179294,0
17600000,328,43081,131.345,313,3182952,0
17650000,328,43099,131.399,313,3186435,0
17700000,328,43122,131.47,313,3191104,0
17750000,328,43140,131.524,314,3195064,0
17800000,328,43168,131.61,314,3200753,0
17850000,328,43182,131.65200000000002,314,3203544,0
17900000,328,43206,131.726,314,3208802,1
17950000,328,43228,131.793,314,3213114,0
18000000,328,43242,131.835,314,3216040,0
18050000,328,43265,131.905,314,3220789,0
18100000,328,43291,131.985,314,3226273,1
18150000,328,43315,132.058,314,3231138,1
18200000,328,43336,132.122,314,3235636,0
18250000,328,43351,132.168,314,3238662,0
18300000,328,43379,132.253,314,3244483,2
18350000,328,43399,132.314,315,3248419,0
18400000,328,43413,132.357,315,3251251,0
18450000,328,43440,132.439,315,3256949,0
18500000,328,43460,132.5,315,3261148,0
18550000,328,43477,132.55200000000002,315,3264840,1
18600000,328,43493,132.601,315,3268149,0
