timestep,num_nodes,num_edges,average_degree,max_degree,num_triangles,new_edges
0,321,939,2.92523,15,178,939
50000,327,12250,37.4618,108,226729,64
100000,327,14201,43.4281,127,302239,21
150000,328,15322,46.7134,134,343296,21
200000,328,16143,49.2165,147,371076,20
250000,328,16819,51.2774,157,393692,16
300000,328,17380,52.9878,159,413586,14
350000,328,17895,54.5579,165,431024,8
400000,328,18380,56.0366,169,449003,11
450000,328,18862,57.5061,174,466578,13
500000,328,19251,58.6921,177,482232,7
550000,328,19604,59.7683,183,496273,4
600000,328,19959,60.8506,189,511793,8
650000,328,20286,61.8476,189,525487,5
700000,328,20612,62.8415,190,540018,7
750000,328,20894,63.7012,192,553556,10
800000,328,21169,64.5396,196,566930,6
850000,328,21487,65.5091,198,582623,7
900000,328,21751,66.314,200,595661,7
950000,328,22023,67.1433,202,610112,1
1000000,328,22271,67.8994,204,622742,3
1050000,328,22496,68.5854,205,635187,5
1100000,328,22712,69.2439,209,647511,7
1150000,328,22986,70.0793,214,663456,9
1200000,328,23198,70.7256,214,675643,3
1250000,328,23446,71.4817,214,690341,6
1300000,328,23650,72.1037,214,702437,0
1350000,328,23864,72.7561,221,715555,3
1400000,328,24055,73.3384,221,727376,6
1450000,328,24243,73.9116,223,739450,4
1500000,328,24429,74.4787,223,751571,9
1550000,328,24638,75.1159,223,765215,4
1600000,328,24828,75.6951,223,777879,6
1650000,328,25020,76.2805,226,791338,4
1700000,328,25182,76.7744,228,802347,3
1750000,328,25347,77.2774,228,813890,3
1800000,328,25536,77.8537,228,827341,8
1850000,328,25718,78.4085,228,840309,6
1900000,328,25896,78.9512,231,852992,5
1950000,328,26075,79.497,232,866419,2
2000000,328,26242,80.0061,233,879015,3
2050000,328,26399,80.4848,233,891085,2
2100000,328,26538,80.9085,233,901515,3
2150000,328,26689,81.3689,233,913036,3
2200000,328,26829,81.7957,235,923819,2
2250000,328,26968,82.2195,235,934739,3
2300000,328,27109,82.6494,236,946117,0
2350000,328,27246,83.0671,237,956697,0
2400000,328,27386,83.4939,238,968689,2
2450000,328,27528,83.9268,240,980454,2
2500000,328,27682,84.3963,240,993265,2
2550000,328,27827,84.8384,240,1005742,7
2600000,328,27967,85.2652,240,1017853,0
2650000,328,28105,85.686,240,1029816,3
2700000,328,28246,86.1159,240,1042718,3
2750000,328,28364,86.4756,240,1053690,3
2800000,328,28492,86.8659,245,1064738,0
2850000,328,28616,87.2439,245,1076037,4
2900000,328,28757,87.6738,247,1089323,1
2950000,328,28894,88.0915,247,1101620,3
3000000,328,29017,88.4665,247,1113094,2
3050000,328,29135,88.8262,247,1124579,1
3100000,328,29226,89.1037,247,1132850,4
3150000,328,29345,89.4665,254,1144296,1
3200000,328,29440,89.7561,254,1153307,1
3250000,328,29540,90.061,254,1162626,4
3300000,328,29657,90.4177,254,1174437,2
3350000,328,29776,90.7805,254,1185983,1
3400000,328,29878,91.0915,254,1196175,0
3450000,328,30002,91.4695,254,1208752,2
3500000,328,30094,91.75,254,1217574,1
3550000,328,30198,92.0671,254,1228069,2
3600000,328,30286,92.3354,254,1237259,3
3650000,328,30406,92.7012,254,1249624,4
3700000,328,30497,92.9787,254,1259380,2
3750000,328,30607,93.314,255,1270655,3
3800000,328,30699,93.5945,255,1280741,1
3850000,328,30806,93.9207,255,1291960,0
3900000,328,30902,94.2134,255,1302255,0
3950000,328,30994,94.4939,255,1312155,1
4000000,328,31096,94.8049,255,1323081,0
4050000,328,31191,95.0945,261,1334225,2
4100000,328,31274,95.3476,261,1342955,2
4150000,328,31356,95.5976,262,1351886,0
4200000,328,31442,95.8598,262,1361554,2
4250000,328,31529,96.125,263,1371121,1
4300000,328,31627,96.4238,263,1382455,1
4350000,328,31719,96.7043,263,1393212,5
4400000,328,31807,96.9726,263,1403115,0
4450000,328,31912,97.2927,263,1414822,1
4500000,328,31999,97.5579,264,1424846,2
4550000,328,32083,97.814,264,1434460,2
4600000,328,32173,98.0884,264,1445069,3
4650000,328,32257,98.3445,264,1454755,1
4700000,328,32343,98.6067,264,1464859,1
4750000,328,32438,98.8963,266,1476266,1
4800000,328,32530,99.1768,266,1487168,3
4850000,328,32613,99.4299,266,1496679,1
4900000,328,32696,99.6829,266,1506854,1
4950000,328,32782,99.9451,266,1517186,3
5000000,328,32871,100.21600000000001,266,1527906,1
5050000,328,32934,100.40899999999999,266,1535774,1
5100000,328,33026,100.689,267,1547124,3
5150000,328,33098,100.90899999999999,267,1555940,2
5200000,328,33171,101.131,267,1564820,0
5250000,328,33242,101.348,267,1573556,2
5300000,328,33314,101.56700000000001,267,1582943,2
5350000,328,33387,101.79,267,1592161,0
5400000,328,33467,102.03399999999999,273,1602105,0
5450000,328,33531,102.229,273,1609870,0
5500000,328,33605,102.454,275,1619218,2
5550000,328,33682,102.689,276,1628705,1
5600000,328,33742,102.87200000000001,276,1636317,1
5650000,328,33817,103.101,276,1645966,1
5700000,328,33881,103.296,276,1654028,1
5750000,328,33954,103.51799999999999,276,1663000,0
5800000,328,34027,103.741,276,1672767,0
5850000,328,34093,103.94200000000001,276,1681642,0
5900000,328,34153,104.125,278,1689066,1
5950000,328,34207,104.29,278,1696138,2
6000000,328,34271,104.485,278,1704320,2
6050000,328,34327,104.655,278,1711962,0
6100000,328,34396,104.866,278,1721120,2
6150000,328,34471,105.095,278,1730922,4
6200000,328,34534,105.287,278,1739225,3
6250000,328,34584,105.439,278,1746004,0
6300000,328,34641,105.613,278,1753519,0
6350000,328,34701,105.796,278,1761672,0
6400000,328,34764,105.988,278,1769979,1
6450000,328,34837,106.21,278,1780170,1
6500000,328,34904,106.415,278,1788873,2
6550000,328,34976,106.634,278,1798991,2
6600000,328,35030,106.79899999999999,278,1806294,0
6650000,328,35095,106.99700000000001,279,1815289,2
6700000,328,35158,107.189,283,1824043,2
6750000,328,35214,107.36,283,1832051,0
6800000,328,35266,107.51799999999999,283,1839297,1
6850000,328,35327,107.704,283,1847621,4
6900000,328,35391,107.899,283,1856641,0
6950000,328,35443,108.05799999999999,286,1864133,1
7000000,328,35495,108.21600000000001,286,1871488,1
7050000,328,35562,108.421,286,1880569,0
7100000,328,35624,108.61,286,1889467,0
7150000,328,35682,108.787,286,1897654,2
7200000,328,35750,108.994,286,1907483,2
7250000,328,35815,109.19200000000001,286,1917137,3
7300000,328,35874,109.37200000000001,286,1925651,0
7350000,328,35947,109.595,288,1936090,2
7400000,328,35997,109.74700000000001,288,1943325,2
7450000,328,36065,109.954,288,1953162,0
7500000,328,36126,110.14,288,1961984,2
7550000,328,36167,110.265,288,1967960,0
7600000,328,36217,110.41799999999999,288,1975739,1
7650000,328,36267,110.57,288,1983298,0
7700000,328,36316,110.72,288,1990164,0
7750000,328,36374,110.896,288,1998620,2
7800000,328,36428,111.061,288,2006668,0
7850000,328,36478,111.213,288,2014176,2
7900000,328,36540,111.402,288,2023332,2
7950000,328,36593,111.564,289,2031200,1
8000000,328,36652,111.744,289,2040409,1
8050000,328,36706,111.90899999999999,289,2048120,2
8100000,328,36762,112.079,289,2056417,1
8150000,328,36816,112.244,289,2064738,0
8200000,328,36866,112.396,290,2072333,2
8250000,328,36915,112.546,291,2079831,1
8300000,328,36964,112.695,291,2087293,1
8350000,328,37013,112.845,292,2094984,5
8400000,328,37060,112.988,292,2102190,0
8450000,328,37106,113.12799999999999,292,2109244,1
8500000,328,37145,113.24700000000001,292,2115557,2
8550000,328,37194,113.396,292,2122910,0
8600000,328,37249,113.564,292,2131229,0
8650000,328,37292,113.695,292,2137774,1
8700000,328,37351,113.875,292,2147300,0
8750000,328,37397,114.015,293,2154267,0
8800000,328,37446,114.165,293,2162191,1
8850000,328,37492,114.305,293,2169567,3
8900000,328,37541,114.454,293,2177625,4
8950000,328,37588,114.598,293,2185142,0
9000000,328,37647,114.777,294,2194937,0
9050000,328,37696,114.927,294,2202415,0
9100000,328,37737,115.052,294,2209125,0
9150000,328,37790,115.213,294,2217333,0
9200000,328,37831,115.338,294,2223853,1
9250000,328,37869,115.454,294,2229959,2
9300000,328,37917,115.601,294,2237943,0
9350000,328,37952,115.70700000000001,294,2243278,0
9400000,328,37988,115.81700000000001,294,2249049,0
9450000,328,38031,115.948,294,2256615,0
9500000,328,38077,116.088,294,2264384,1
9550000,328,38126,116.238,294,2272180,0
9600000,328,38168,116.366,294,2279311,4
9650000,328,38212,116.5,295,2286845,2
9700000,328,38252,116.62200000000001,295,2293270,0
9750000,328,38292,116.744,295,2299576,1
9800000,328,38338,116.884,295,2307309,2
9850000,328,38374,116.994,298,2313152,0
9900000,328,38424,117.146,300,2320998,2
9950000,328,38459,117.25299999999999,300,2327008,0
10000000,328,38491,117.351,300,2332350,0
10050000,328,38539,117.49700000000001,300,2340179,1
10100000,328,38574,117.604,300,2346216,0
10150000,328,38608,117.70700000000001,300,2351702,0
10200000,328,38650,117.835,300,2358578,1
10250000,328,38697,117.979,300,2366372,0
10300000,328,38737,118.101,300,2373083,2
10350000,328,38795,118.277,300,2382984,4
10400000,328,38850,118.445,300,2391786,0
10450000,328,38894,118.579,300,2399226,1
10500000,328,38929,118.686,300,2405367,0
10550000,328,38965,118.796,300,2411445,0
10600000,328,38998,118.896,300,2417251,3
10650000,328,39034,119.006,300,2423866,0
10700000,328,39074,119.12799999999999,300,2430781,0
10750000,328,39118,119.262,300,2438493,3
10800000,328,39166,119.40899999999999,302,2446898,1
10850000,328,39200,119.512,302,2452941,0
10900000,328,39236,119.62200000000001,302,2458865,0
10950000,328,39272,119.73200000000001,302,2464908,1
11000000,328,39306,119.835,302,2470612,0
11050000,328,39346,119.95700000000001,302,2477367,2
11100000,328,39373,120.04,302,2482034,0
11150000,328,39423,120.19200000000001,302,2490798,0
11200000,328,39460,120.305,302,2497038,0
11250000,328,39491,120.399,303,2502464,0
11300000,328,39531,120.521,303,2509377,0
11350000,328,39566,120.62799999999999,303,2515710,0
11400000,328,39600,120.73200000000001,304,2521770,0
11450000,328,39625,120.80799999999999,304,2526084,0
11500000,328,39669,120.94200000000001,304,2533586,2
11550000,328,39708,121.061,304,2540351,0
11600000,328,39744,121.171,304,2546538,0
11650000,328,39787,121.302,304,2553905,1
11700000,328,39816,121.39,304,2559152,0
11750000,328,39851,121.49700000000001,304,2565153,2
11800000,328,39888,121.61,304,2571724,1
11850000,328,39920,121.70700000000001,304,2577145,3
11900000,328,39954,121.811,304,2583358,0
11950000,328,39992,121.927,304,2589912,0
12000000,328,40027,122.03399999999999,304,2596217,0
12050000,328,40059,122.131,305,2602297,1
12100000,328,40099,122.25299999999999,305,2609619,1
12150000,328,40133,122.35700000000001,305,2616076,0
12200000,328,40168,122.463,305,2622356,0
12250000,328,40201,122.564,305,2628252,0
12300000,328,40231,122.655,305,2634017,1
12350000,328,40275,122.79,305,2642198,2
12400000,328,40306,122.884,306,2648161,0
12450000,328,40345,123.00299999999999,306,2655522,0
12500000,328,40374,123.09100000000001,306,2660570,1
12550000,328,40414,123.213,306,2668196,1
12600000,328,40451,123.32600000000001,306,2675141,2
12650000,328,40480,123.415,306,2680610,1
12700000,328,40521,123.54,306,2688298,2
12750000,328,40550,123.62799999999999,306,2693395,0
12800000,328,40586,123.738,306,2699794,0
12850000,328,40625,123.85700000000001,306,2706804,1
12900000,328,40651,123.936,306,2711628,1
12950000,328,40687,124.046,306,2718221,1
13000000,328,40711,124.119,306,2722613,0
13050000,328,40739,124.204,306,2727657,0
13100000,328,40771,124.302,306,2733700,1
13150000,328,40803,124.399,306,2739638,0
13200000,328,40839,124.509,306,2746175,0
13250000,328,40875,124.619,307,2752792,2
13300000,328,40907,124.71600000000001,307,2759078,0
13350000,328,40936,124.805,307,2764599,0
13400000,328,40967,124.899,308,2770466,1
13450000,328,40997,124.991,308,2776121,1
13500000,328,41038,125.116,309,2784030,2
13550000,328,41076,125.23200000000001,309,2790898,1
13600000,328,41105,125.32,309,2796555,1
13650000,328,41133,125.405,309,2802226,2
13700000,328,41158,125.48200000000001,309,2806836,0
13750000,328,41190,125.579,309,2812672,3
13800000,328,41218,125.665,309,2818132,1
13850000,328,41236,125.72,309,2821532,1
13900000,328,41259,125.79,309,2825512,0
13950000,328,41283,125.863,309,2830022,2
14000000,328,41306,125.93299999999999,309,2834257,1
14050000,328,41338,126.03,310,2840294,0
14100000,328,41362,126.104,310,2844693,0
14150000,328,41400,126.22,310,2851753,1
14200000,328,41423,126.29,310,2855995,1
14250000,328,41458,126.396,310,2862718,0
14300000,328,41480,126.463,310,2867005,1
14350000,328,41509,126.552,310,2872613,0
14400000,328,41547,126.66799999999999,310,2879447,1
14450000,328,41574,126.75,310,2884716,1
14500000,328,41607,126.851,310,2891032,2
14550000,328,41631,126.92399999999999,311,2895681,0
14600000,328,41668,127.037,311,2902946,0
14650000,328,41695,127.119,311,2907979,2
14700000,328,41720,127.195,311,2912897,1
14750000,328,41759,127.314,311,2920536,0
14800000,328,41785,127.39299999999999,311,2925413,1
14850000,328,41809,127.46600000000001,311,2930115,2
14900000,328,41831,127.53399999999999,311,2934294,0
14950000,328,41858,127.616,311,2939710,0
15000000,328,41884,127.695,311,2944702,1
15050000,328,41908,127.76799999999999,311,2949008,0
15100000,328,41935,127.851,311,2954576,1
15150000,328,41959,127.92399999999999,311,2959378,0
15200000,328,41992,128.024,311,2965407,1
15250000,328,42011,128.082,311,2969149,0
15300000,328,42033,128.149,311,2973207,0
15350000,328,42058,128.226,312,2978315,0
15400000,328,42086,128.311,312,2983665,2
15450000,328,42111,128.387,312,2988750,2
15500000,328,42130,128.445,312,2992312,0
15550000,328,42155,128.52100000000002,312,2997332,1
15600000,328,42182,128.60399999999998,312,3002636,1
15650000,328,42210,128.689,312,3008195,0
15700000,328,42239,128.77700000000002,312,3013961,0
15750000,328,42263,128.851,312,3018876,0
15800000,328,42294,128.945,312,3024838,0
15850000,328,42320,129.024,312,3030044,1
15900000,328,42346,129.10399999999998,312,3035115,3
15950000,328,42375,129.192,312,3040816,1
16000000,328,42410,129.299,312,3047683,0
16050000,328,42429,129.357,312,3051392,1
16100000,328,42453,129.43,312,3055987,1
16150000,328,42475,129.497,312,3060436,0
16200000,328,42501,129.576,312,3065609,0
16250000,328,42521,129.637,312,3069662,1
16300000,328,42540,129.695,312,3073515,0
16350000,328,42565,129.77100000000002,312,3078661,1
16400000,328,42587,129.838,312,3083084,1
16450000,328,42610,129.909,312,3087852,0
16500000,328,42631,129.97299999999998,312,3092028,1
16550000,328,42656,130.049,312,3096930,0
16600000,328,42674,130.10399999999998,313,3100590,0
16650000,328,42697,130.174,313,3105395,1
16700000,328,42710,130.213,313,3107898,0
16750000,328,42735,130.29,313,3112885,0
16800000,328,42767,130.387,313,3119324,0
16850000,328,42790,130.457,313,3124103,1
16900000,328,42807,130.509,313,3127612,0
16950000,328,42842,130.616,313,3133952,1
17000000,328,42861,130.674,313,3137823,0
17050000,328,42879,130.72899999999998,313,3141455,0
17100000,328,42899,130.79,313,3145796,0
17150000,328,42918,130.84799999999998,313,3149806,0
17200000,328,42940,130.915,313,3154165,0
17250000,328,42964,130.988,314,3159010,0
17300000,328,42993,131.076,314,3164968,2
17350000,328,43021,131.162,314,3170679,0
17400000,328,43037,131.21,314,3173766,0
17450000,328,43052,131.256,314,3176782,0
17500000,328,43074,131.32299999999998,314,3181376,0
17550000,328,43090,131.372,314,3184673,0
17600000,328,43113,131.442,314,3189464,0
17650000,328,43131,131.497,314,3193191,0
17700000,328,43146,131.543,314,3196173,0
17750000,328,43165,131.601,314,3200188,0
17800000,328,43184,131.659,314,3204069,0
17850000,328,43204,131.72,314,3208123,2
17900000,328,43222,131.774,314,3211879,1
17950000,328,43247,131.851,314,3217114,1
18000000,328,43264,131.90200000000002,314,3220673,0
18050000,328,43282,131.957,314,3224409,1
18100000,328,43304,132.024,314,3229197,0
18150000,328,43321,132.076,314,3233016,0
18200000,328,43338,132.128,314,3236655,0
18250000,328,43368,132.22,314,3242745,1
18300000,328,43385,132.27100000000002,314,3246131,0
18350000,328,43402,132.32299999999998,314,3249779,1
18400000,328,43424,132.39,314,3254032,0
18450000,328,43440,132.439,314,3257442,0
18500000,328,43456,132.488,314,3260505,1
18550000,328,43475,132.546,314,3264455,0
18600000,328,43489,132.588,314,3267415,0
