timestep,num_nodes,num_edges,average_degree,max_degree,num_triangles,new_edges
0,321,935,2.91277,15,222,935
50000,328,12187,37.1555,108,223636,63
100000,328,14209,43.3201,129,302059,30
150000,328,15317,46.6982,135,341484,14
200000,328,16149,49.2348,146,369363,16
250000,328,16832,51.3171,158,392584,11
300000,328,17415,53.0945,163,412033,7
350000,328,17918,54.628,165,429832,5
400000,328,18393,56.0762,173,447296,13
450000,328,18826,57.3963,180,463488,11
500000,328,19219,58.5945,185,478906,7
550000,328,19606,59.7744,190,495432,8
600000,328,19978,60.9085,191,511773,7
650000,328,20310,61.9207,197,526704,4
700000,328,20626,62.8841,197,540455,12
750000,328,20916,63.7683,203,554113,9
800000,328,21226,64.7134,206,568825,5
850000,328,21492,65.5244,208,581713,7
900000,328,21774,66.3841,210,596120,3
950000,328,22033,67.1738,211,609282,10
1000000,328,22319,68.0457,218,624262,7
1050000,328,22565,68.7957,219,637784,7
1100000,328,22806,69.5305,219,650593,4
1150000,328,23023,70.1921,220,662531,3
1200000,328,23247,70.875,220,676034,5
1250000,328,23479,71.5823,220,689760,7
1300000,328,23710,72.2866,227,703259,4
1350000,328,23890,72.8354,227,714944,4
1400000,328,24076,73.4024,227,726702,5
1450000,328,24274,74.0061,231,739443,4
1500000,328,24463,74.5823,231,751012,5
1550000,328,24637,75.1128,233,762349,4
1600000,328,24822,75.6768,234,774824,5
1650000,328,25007,76.2409,234,787242,7
1700000,328,25181,76.7713,236,799444,3
1750000,328,25363,77.3262,238,812550,1
1800000,328,25539,77.8628,240,825409,3
1850000,328,25710,78.3841,240,838368,2
1900000,328,25868,78.8659,240,850266,5
1950000,328,26023,79.3384,240,861773,7
2000000,328,26171,79.7896,240,873243,3
2050000,328,26339,80.3018,241,885880,4
2100000,328,26489,80.7591,241,897370,2
2150000,328,26646,81.2378,241,909817,3
2200000,328,26815,81.753,241,922886,5
2250000,328,26984,82.2683,243,936441,0
2300000,328,27127,82.7043,245,947384,2
2350000,328,27279,83.1677,245,960591,0
2400000,328,27398,83.5305,245,970256,3
2450000,328,27535,83.9482,245,981573,7
2500000,328,27667,84.3506,245,992774,4
2550000,328,27794,84.7378,245,1003527,3
2600000,328,27935,85.1677,245,1016062,3
2650000,328,28073,85.5884,245,1028386,1
2700000,328,28200,85.9756,245,1039290,1
2750000,328,28319,86.3384,245,1049450,5
2800000,328,28439,86.7043,245,1060440,1
2850000,328,28552,87.0488,250,1071202,1
2900000,328,28691,87.4726,250,1084174,1
2950000,328,28816,87.8537,250,1095710,0
3000000,328,28943,88.2409,254,1107672,3
3050000,328,29037,88.5274,254,1116594,1
3100000,328,29162,88.9085,254,1128191,2
3150000,328,29260,89.2073,254,1137032,2
3200000,328,29355,89.49700000000001,254,1145913,4
3250000,328,29461,89.8201,254,1156262,5
3300000,328,29576,90.1707,255,1167427,0
3350000,328,29676,90.4756,255,1177156,2
3400000,328,29801,90.8567,255,1188938,4
3450000,328,29910,91.189,255,1199736,5
3500000,328,30015,91.5091,255,1210347,2
3550000,328,30136,91.87799999999999,255,1222620,3
3600000,328,30249,92.2226,255,1234041,1
3650000,328,30366,92.5793,255,1246154,1
3700000,328,30459,92.8628,255,1255931,0
3750000,328,30558,93.1646,255,1266324,2
3800000,328,30653,93.4543,255,1276284,2
3850000,328,30762,93.7866,255,1287724,4
3900000,328,30866,94.1037,264,1298846,2
3950000,328,30958,94.3841,265,1308934,0
4000000,328,31060,94.6951,265,1320192,3
4050000,328,31157,94.9909,265,1330588,4
4100000,328,31264,95.3171,265,1341995,2
4150000,328,31364,95.62200000000001,265,1353302,2
4200000,328,31450,95.8841,265,1362926,4
4250000,328,31548,96.1829,265,1373607,1
4300000,328,31642,96.4695,265,1384309,2
4350000,328,31757,96.8201,265,1397383,1
4400000,328,31849,97.1006,265,1407849,2
4450000,328,31930,97.3476,265,1417481,0
4500000,328,32033,97.6616,268,1429459,1
4550000,328,32127,97.9482,268,1440268,1
4600000,328,32224,98.2439,268,1451291,2
4650000,328,32304,98.4878,269,1460198,1
4700000,328,32378,98.7134,269,1468810,2
4750000,328,32456,98.9512,269,1477567,2
4800000,328,32530,99.1768,269,1486274,2
4850000,328,32612,99.4268,269,1496610,1
4900000,328,32707,99.7165,269,1507830,3
4950000,328,32781,99.9421,271,1516482,0
5000000,328,32866,100.20100000000001,274,1526579,4
5050000,328,32939,100.42399999999999,274,1535781,1
5100000,328,33021,100.67399999999999,274,1545915,1
5150000,328,33098,100.90899999999999,274,1555322,1
5200000,328,33182,101.165,274,1565849,1
5250000,328,33248,101.366,274,1573492,0
5300000,328,33317,101.57600000000001,274,1582201,2
5350000,328,33401,101.83200000000001,274,1592733,3
5400000,328,33470,102.04299999999999,274,1601544,4
5450000,328,33547,102.277,274,1611096,1
5500000,328,33618,102.494,274,1619944,1
5550000,328,33693,102.723,274,1629446,3
5600000,328,33757,102.91799999999999,274,1637693,1
5650000,328,33839,103.16799999999999,274,1648281,4
5700000,328,33918,103.40899999999999,274,1658537,0
5750000,328,33999,103.655,276,1669427,0
5800000,328,34057,103.83200000000001,276,1677011,2
5850000,328,34140,104.085,276,1688149,0
5900000,328,34219,104.32600000000001,277,1698411,0
5950000,328,34283,104.521,278,1707034,0
6000000,328,34350,104.726,280,1716242,0
6050000,328,34421,104.94200000000001,280,1725532,0
6100000,328,34492,105.15899999999999,280,1735118,2
6150000,328,34574,105.40899999999999,281,1746415,2
6200000,328,34652,105.646,281,1756700,2
6250000,328,34706,105.811,281,1763940,1
6300000,328,34772,106.012,283,1772744,3
6350000,328,34842,106.226,283,1782332,5
6400000,328,34907,106.42399999999999,283,1791012,3
6450000,328,34962,106.59100000000001,283,1798767,1
6500000,328,35041,106.83200000000001,283,1809588,2
6550000,328,35105,107.027,283,1818566,1
6600000,328,35172,107.23200000000001,283,1827670,0
6650000,328,35235,107.42399999999999,284,1836366,3
6700000,328,35303,107.631,284,1845997,3
6750000,328,35363,107.814,285,1854226,1
6800000,328,35432,108.024,285,1863814,1
6850000,328,35498,108.226,285,1873327,0
6900000,328,35560,108.415,285,1882080,1
6950000,328,35605,108.552,285,1888455,0
7000000,328,35671,108.75299999999999,285,1898106,4
7050000,328,35726,108.921,285,1905996,1
7100000,328,35792,109.12200000000001,287,1915403,2
7150000,328,35849,109.296,288,1923738,1
7200000,328,35906,109.47,288,1931987,2
7250000,328,35970,109.665,288,1941098,0
7300000,328,36020,109.81700000000001,288,1948815,4
7350000,328,36071,109.973,288,1956161,0
7400000,328,36131,110.155,289,1964905,1
7450000,328,36189,110.33200000000001,289,1973384,1
7500000,328,36241,110.491,289,1980884,1
7550000,328,36301,110.67399999999999,289,1989526,3
7600000,328,36359,110.851,289,1998327,0
7650000,328,36403,110.985,289,2004906,3
7700000,328,36464,111.171,289,2014345,3
7750000,328,36518,111.335,291,2022455,0
7800000,328,36583,111.53399999999999,291,2031994,0
7850000,328,36634,111.689,291,2039797,0
7900000,328,36688,111.854,291,2048262,1
7950000,328,36732,111.988,291,2055014,0
8000000,328,36792,112.171,292,2064338,0
8050000,328,36842,112.323,292,2072108,1
8100000,328,36877,112.43,292,2077263,1
8150000,328,36924,112.573,294,2084597,2
8200000,328,36976,112.73200000000001,294,2092700,0
8250000,328,37030,112.896,294,2100769,3
8300000,328,37071,113.021,294,2107053,1
8350000,328,37117,113.162,295,2114456,0
8400000,328,37157,113.28399999999999,295,2120621,1
8450000,328,37202,113.421,296,2127803,1
8500000,328,37233,113.515,297,2132697,1
8550000,328,37287,113.68,297,2141543,1
8600000,328,37328,113.805,299,2148308,3
8650000,328,37376,113.95100000000001,299,2155664,4
8700000,328,37433,114.125,299,2164760,0
8750000,328,37484,114.28,300,2172671,0
8800000,328,37522,114.396,300,2178696,0
8850000,328,37568,114.537,300,2186159,2
8900000,328,37619,114.69200000000001,300,2194583,1
8950000,328,37661,114.82,300,2201204,0
9000000,328,37701,114.94200000000001,300,2207490,0
9050000,328,37749,115.088,301,2215203,1
9100000,328,37790,115.213,301,2221740,0
9150000,328,37831,115.338,301,2227902,2
9200000,328,37869,115.454,302,2234084,1
9250000,328,37924,115.62200000000001,302,2242218,0
9300000,328,37973,115.771,302,2249871,0
9350000,328,38010,115.884,302,2255851,0
9400000,328,38054,116.01799999999999,302,2262863,0
9450000,328,38089,116.125,302,2268611,2
9500000,328,38137,116.271,302,2276415,1
9550000,328,38174,116.384,302,2282231,1
9600000,328,38233,116.564,302,2291690,1
9650000,328,38277,116.698,302,2298730,0
9700000,328,38316,116.81700000000001,302,2305247,0
9750000,328,38366,116.97,302,2313689,0
9800000,328,38414,117.116,302,2321433,0
9850000,328,38449,117.223,302,2327039,0
9900000,328,38481,117.32,303,2332426,0
9950000,328,38527,117.46,303,2339704,1
10000000,328,38583,117.631,303,2348821,0
10050000,328,38621,117.74700000000001,303,2355100,1
10100000,328,38661,117.869,303,2361597,0
10150000,328,38706,118.006,303,2368914,1
10200000,328,38737,118.101,304,2374144,0
10250000,328,38783,118.241,304,2381719,3
10300000,328,38816,118.34100000000001,304,2387527,0
10350000,328,38862,118.48200000000001,305,2395451,0
10400000,328,38903,118.60700000000001,305,2401876,0
10450000,328,38947,118.741,305,2409151,1
10500000,328,38988,118.866,305,2415908,0
10550000,328,39029,118.991,305,2422440,1
10600000,328,39070,119.116,307,2429490,1
10650000,328,39101,119.21,307,2434709,1
10700000,328,39135,119.314,307,2440429,0
10750000,328,39173,119.43,307,2447240,0
10800000,328,39221,119.57600000000001,307,2455487,0
10850000,328,39265,119.71,307,2462910,0
10900000,328,39305,119.83200000000001,307,2469544,1
10950000,328,39339,119.936,307,2475657,1
11000000,328,39390,120.09100000000001,307,2484738,0
11050000,328,39428,120.20700000000001,307,2491148,0
11100000,328,39464,120.31700000000001,307,2497277,2
11150000,328,39509,120.454,307,2505318,1
11200000,328,39549,120.57600000000001,307,2512577,1
11250000,328,39580,120.671,307,2517837,0
11300000,328,39615,120.777,307,2523905,1
11350000,328,39659,120.912,307,2531294,0
11400000,328,39699,121.03399999999999,307,2538312,1
11450000,328,39730,121.12799999999999,307,2543954,1
11500000,328,39760,121.22,307,2549269,1
11550000,328,39793,121.32,307,2555048,1
11600000,328,39830,121.43299999999999,307,2562022,1
11650000,328,39874,121.56700000000001,307,2569432,0
11700000,328,39906,121.665,307,2575001,0
11750000,328,39942,121.774,307,2581244,2
11800000,328,39975,121.875,307,2587121,1
11850000,328,40011,121.985,307,2593649,0
11900000,328,40035,122.05799999999999,307,2597559,0
11950000,328,40056,122.12200000000001,307,2601104,0
12000000,328,40087,122.21600000000001,307,2606559,2
12050000,328,40121,122.32,307,2612562,3
12100000,328,40161,122.44200000000001,307,2619410,0
12150000,328,40183,122.509,307,2623575,1
12200000,328,40212,122.598,307,2628684,0
12250000,328,40239,122.68,307,2633648,3
12300000,328,40266,122.762,307,2638676,3
12350000,328,40300,122.866,307,2645095,0
12400000,328,40344,123.0,307,2653383,0
12450000,328,40383,123.119,307,2660636,0
12500000,328,40412,123.20700000000001,307,2665777,0
12550000,328,40441,123.296,307,2671169,1
12600000,328,40469,123.381,307,2676133,1
12650000,328,40510,123.506,307,2683679,0
12700000,328,40535,123.58200000000001,307,2688338,1
12750000,328,40569,123.686,307,2694610,1
12800000,328,40599,123.777,307,2699986,1
12850000,328,40632,123.87799999999999,307,2706170,1
12900000,328,40664,123.976,307,2711961,1
12950000,328,40708,124.11,307,2719872,1
13000000,328,40733,124.186,307,2724497,0
13050000,328,40765,124.28399999999999,307,2730511,3
13100000,328,40791,124.363,308,2735181,0
13150000,328,40831,124.485,308,2742593,0
13200000,328,40865,124.588,308,2748785,1
13250000,328,40889,124.662,308,2753249,0
13300000,328,40919,124.75299999999999,308,2758406,1
13350000,328,40950,124.848,308,2764053,0
13400000,328,40978,124.93299999999999,309,2769086,0
13450000,328,41006,125.01799999999999,309,2774501,0
13500000,328,41040,125.12200000000001,309,2780935,0
13550000,328,41069,125.21,309,2786418,0
13600000,328,41094,125.287,309,2791386,1
13650000,328,41125,125.381,309,2797132,0
13700000,328,41150,125.45700000000001,310,2801966,0
13750000,328,41179,125.546,310,2807288,1
13800000,328,41204,125.62200000000001,310,2811999,0
13850000,328,41235,125.71600000000001,310,2817907,1
13900000,328,41266,125.811,310,2823802,1
13950000,328,41291,125.887,310,2828491,0
14000000,328,41313,125.954,310,2832934,0
14050000,328,41350,126.06700000000001,310,2840373,0
14100000,328,41380,126.15899999999999,310,2846369,0
14150000,328,41403,126.229,310,2850531,2
14200000,328,41438,126.335,310,2857158,0
14250000,328,41459,126.399,310,2861009,0
14300000,328,41484,126.476,310,2865889,0
14350000,328,41505,126.54,310,2869621,0
14400000,328,41540,126.646,310,2876235,1
14450000,328,41562,126.713,310,2880471,2
14500000,328,41594,126.811,310,2886621,1
14550000,328,41622,126.896,310,2891985,0
14600000,328,41642,126.95700000000001,311,2895662,1
14650000,328,41666,127.03,311,2900572,1
14700000,328,41701,127.137,311,2907298,1
14750000,328,41727,127.21600000000001,311,2912018,3
14800000,328,41746,127.274,311,2915658,1
14850000,328,41768,127.34100000000001,311,2920011,1
14900000,328,41789,127.405,311,2924427,0
14950000,328,41810,127.47,311,2928373,0
15000000,328,41827,127.521,311,2931791,0
15050000,328,41851,127.595,311,2936318,0
15100000,328,41874,127.665,311,2940748,0
15150000,328,41899,127.741,311,2945427,0
15200000,328,41915,127.79,311,2948698,0
15250000,328,41949,127.89299999999999,311,2955253,1
15300000,328,41977,127.979,311,2960929,0
15350000,328,42015,128.095,311,2968750,0
15400000,328,42046,128.189,311,2974987,0
15450000,328,42073,128.27100000000002,311,2980392,1
15500000,328,42105,128.369,311,2986803,1
15550000,328,42129,128.442,311,2991730,1
15600000,328,42161,128.54,311,2998203,1
15650000,328,42181,128.601,311,3002257,0
15700000,328,42206,128.67700000000002,312,3006955,0
15750000,328,42229,128.747,312,3011460,0
15800000,328,42249,128.808,312,3015267,0
15850000,328,42272,128.878,312,3019912,0
15900000,328,42303,128.97299999999998,312,3025982,0
15950000,328,42326,129.043,313,3030412,1
16000000,328,42348,129.11,313,3034839,1
16050000,328,42365,129.162,313,3038338,0
16100000,328,42385,129.22299999999998,313,3042245,0
16150000,328,42402,129.274,313,3045576,1
16200000,328,42430,129.36,313,3051335,0
16250000,328,42455,129.436,313,3056357,0
16300000,328,42484,129.524,313,3062263,0
16350000,328,42509,129.601,313,3067183,1
16400000,328,42530,129.665,313,3071511,0
16450000,328,42553,129.735,313,3076150,2
16500000,328,42579,129.814,313,3081432,0
16550000,328,42602,129.884,313,3086075,0
16600000,328,42622,129.945,313,3089859,1
16650000,328,42646,130.018,313,3095170,1
16700000,328,42663,130.07,313,3098723,0
16750000,328,42681,130.125,313,3102405,0
16800000,328,42706,130.201,314,3107479,1
16850000,328,42735,130.29,314,3113334,0
16900000,328,42751,130.338,314,3116271,1
16950000,328,42779,130.424,314,3122152,0
17000000,328,42800,130.488,314,3126490,0
17050000,328,42827,130.57,314,3131858,2
17100000,328,42849,130.637,314,3136379,0
17150000,328,42881,130.735,314,3142873,1
17200000,328,42900,130.793,314,3146674,0
17250000,328,42928,130.878,314,3152496,0
17300000,328,42947,130.936,314,3156312,0
17350000,328,42966,130.994,314,3160281,0
17400000,328,42985,131.05200000000002,314,3164012,0
17450000,328,43005,131.113,314,3167957,0
17500000,328,43026,131.17700000000002,314,3171887,0
17550000,328,43053,131.259,314,3177399,0
17600000,328,43079,131.338,314,3182677,2
17650000,328,43101,131.405,314,3187187,0
17700000,328,43110,131.433,314,3189178,0
17750000,328,43138,131.518,314,3194693,0
17800000,328,43160,131.585,314,3199019,1
17850000,328,43169,131.613,314,3200932,1
17900000,328,43191,131.68,315,3205330,0
17950000,328,43206,131.726,315,3208387,0
18000000,328,43232,131.805,315,3213572,0
18050000,328,43260,131.89,315,3219212,0
18100000,328,43280,131.951,315,3223434,1
18150000,328,43295,131.997,315,3226549,1
18200000,328,43315,132.058,315,3230814,1
18250000,328,43330,132.10399999999998,315,3233698,0
18300000,328,43357,132.186,315,3239513,1
18350000,328,43383,132.265,315,3244900,0
18400000,328,43404,132.329,315,3249249,1
18450000,328,43427,132.399,315,3254264,1
18500000,328,43449,132.466,315,3258859,0
18550000,328,43471,132.534,315,3263490,0
18600000,328,43485,132.576,315,3266368,0
