timestep,num_nodes,num_edges,average_degree,max_degree,num_triangles,new_edges
0,40,400,10.0,31,2629,400
50000,47,564,12.0,33,3985,25
100000,93,1269,13.6452,54,10205,266
150000,259,6583,25.416999999999998,103,97620,64
200000,297,9082,30.5791,129,165664,2
250000,300,9389,31.2967,132,176664,1
300000,300,9455,31.5167,132,179053,4
350000,300,9516,31.72,132,181384,0
400000,300,9556,31.8533,135,182807,0
450000,300,9607,32.0233,135,184932,0
500000,300,9609,32.03,135,185063,0
550000,300,9650,32.1667,135,186250,0
600000,301,9703,32.2359,135,188539,0
650000,301,9721,32.2957,135,189330,0
700000,301,9728,32.3189,135,189617,0
750000,301,9736,32.3455,135,189946,0
800000,301,9753,32.402,135,190633,0
850000,301,9765,32.4419,135,191079,0
900000,301,9774,32.4718,135,191400,0
950000,301,9776,32.4784,135,191493,0
1000000,301,9778,32.485,135,191578,0
1050000,301,9780,32.4917,135,191691,0
1100000,301,9805,32.5748,135,192580,0
1150000,301,9812,32.598,135,192906,0
1200000,301,9813,32.6013,135,192951,0
1250000,301,9857,32.7475,135,194194,0
1300000,301,9859,32.7542,135,194270,0
1350000,301,9861,32.7608,135,194376,0
1400000,301,9864,32.7708,135,194508,0
1450000,301,9921,32.9601,135,196642,0
1500000,301,9940,33.0233,135,197343,0
1550000,301,10006,33.2425,139,199173,0
1600000,301,10241,34.0233,140,203627,0
1650000,311,12028,38.6752,173,241429,11
1700000,312,12818,41.0833,180,264668,26
1750000,312,13431,43.0481,221,281723,10
1800000,314,14189,45.1879,221,306676,18
1850000,314,16213,51.6338,221,364631,4
1900000,314,16934,53.9299,221,391846,38
1950000,316,18759,59.3639,228,467354,36
2000000,318,19323,60.7642,228,491785,0
2050000,318,19357,60.8711,228,493784,0
2100000,318,19370,60.9119,228,494420,0
2150000,318,19378,60.9371,228,495103,0
2200000,318,19383,60.9528,228,495480,0
2250000,318,19386,60.9623,228,495727,0
2300000,318,19391,60.978,228,495980,0
2350000,318,19394,60.9874,228,496158,0
2400000,318,19572,61.5472,238,507091,0
2450000,318,19583,61.5818,238,507913,0
2500000,319,19713,61.7962,238,515508,4
2550000,319,20263,63.5204,238,546737,0
2600000,319,20322,63.7053,238,549039,0
2650000,319,20323,63.7085,238,549145,0
2700000,319,20358,63.8182,238,550121,0
2750000,319,20369,63.8527,238,550585,0
2800000,319,20395,63.9342,238,551386,0
2850000,319,20401,63.953,238,551837,3
2900000,319,20462,64.1442,238,556059,0
2950000,319,20577,64.5047,238,562232,44
3000000,321,21949,68.3769,241,632568,2
3050000,322,22121,68.6988,241,639950,0
3100000,322,22186,68.9006,241,643290,0
3150000,322,22210,68.9752,241,645242,0
3200000,322,22222,69.0124,241,645894,0
3250000,322,22225,69.0217,241,646049,0
3300000,322,22275,69.17699999999999,241,648922,0
3350000,322,23182,71.9938,242,714645,32
3400000,324,23733,73.25,249,741625,22
3450000,324,23919,73.8241,249,753703,0
3500000,324,23968,73.9753,249,756818,1
3550000,324,23980,74.0123,249,757632,0
3600000,324,23999,74.071,250,758798,0
3650000,324,24005,74.0895,250,759239,0
3700000,324,24009,74.1019,250,759482,0
3750000,324,24014,74.1173,250,759801,0
3800000,324,24018,74.1296,250,760050,0
3850000,324,24025,74.1512,250,760619,0
3900000,324,24028,74.1605,250,760890,0
3950000,324,24038,74.1914,250,761811,0
4000000,324,24039,74.1944,250,761877,0
4050000,324,24047,74.2191,250,762462,0
4100000,324,24050,74.2284,250,762658,0
4150000,324,24051,74.2315,250,762724,0
4200000,324,24053,74.2377,250,762886,0
4250000,324,24057,74.25,250,763211,0
4300000,324,24058,74.2531,250,763282,0
4350000,324,24061,74.2623,250,763527,0
4400000,324,24063,74.2685,250,763656,0
4450000,324,24066,74.2778,250,763911,0
4500000,324,24070,74.2901,250,764185,0
4550000,324,24071,74.2932,250,764348,1
4600000,324,24079,74.3179,250,764992,0
4650000,324,24080,74.321,250,765046,0
4700000,324,24080,74.321,250,765046,0
4750000,324,24086,74.3395,250,765590,0
4800000,324,24092,74.358,250,766009,0
4850000,324,24094,74.3642,250,766165,0
4900000,324,25058,77.3395,250,828474,51
4950000,325,26120,80.3692,257,904023,9
5000000,326,26269,80.5798,261,914841,0
5050000,326,26278,80.6074,261,915575,0
5100000,326,26290,80.6442,261,916861,0
5150000,326,26296,80.6626,261,917341,0
5200000,326,26325,80.7515,261,920102,0
5250000,326,26420,81.0429,261,930019,0
5300000,326,26420,81.0429,261,930019,0
5350000,326,26421,81.046,261,930141,0
5400000,326,26422,81.0491,261,930247,0
5450000,326,26424,81.0552,261,930473,0
5500000,326,26424,81.0552,261,930473,0
5550000,326,26424,81.0552,261,930473,0
5600000,326,26424,81.0552,261,930473,0
5650000,326,26424,81.0552,261,930473,0
5700000,326,26424,81.0552,261,930473,0
5750000,326,26424,81.0552,261,930473,0
5800000,326,26424,81.0552,261,930473,0
5850000,326,26424,81.0552,261,930473,0
5900000,326,26426,81.0613,261,930650,0
5950000,326,26426,81.0613,261,930650,0
6000000,326,26426,81.0613,261,930650,0
6050000,326,26426,81.0613,261,930650,0
6100000,326,26426,81.0613,261,930650,0
6150000,326,26426,81.0613,261,930650,0
6200000,326,26451,81.138,261,932189,3
6250000,326,27216,83.4847,264,989003,6
6300000,326,27439,84.1687,264,1009635,13
6350000,327,29121,89.055,271,1153716,5
6400000,327,29336,89.7125,271,1171857,0
6450000,328,29884,91.1098,274,1222565,16
6500000,328,30299,92.375,274,1268166,0
6550000,328,30304,92.3902,274,1268775,0
6600000,328,30309,92.4055,274,1269157,0
6650000,328,30341,92.50299999999999,274,1270245,0
6700000,328,30374,92.6037,274,1273483,0
6750000,328,30387,92.6433,274,1274129,0
6800000,328,30400,92.6829,274,1275173,0
6850000,328,30410,92.7134,274,1275857,0
6900000,328,30413,92.7226,274,1276089,0
6950000,328,30413,92.7226,274,1276089,0
7000000,328,30665,93.4909,274,1307996,0
7050000,328,30674,93.5183,274,1309072,0
7100000,328,30681,93.5396,274,1309756,0
7150000,328,30703,93.6067,274,1311455,0
7200000,328,30813,93.9421,274,1325475,0
7250000,328,31127,94.8994,274,1365425,0
7300000,328,31171,95.0335,274,1370635,0
7350000,328,31173,95.0396,274,1370813,0
7400000,328,31236,95.2317,274,1375802,0
7450000,328,31238,95.2378,274,1375959,0
7500000,328,31306,95.4451,274,1383384,9
7550000,328,32284,98.4268,280,1492851,3
7600000,328,32460,98.9634,280,1515453,2
7650000,328,32495,99.0701,280,1519199,0
7700000,328,32501,99.0884,280,1519801,0
7750000,328,32507,99.1067,280,1520523,0
7800000,328,32574,99.311,281,1526320,0
7850000,328,32605,99.4055,281,1529893,0
7900000,328,32749,99.8445,281,1546662,0
7950000,328,32758,99.87200000000001,281,1547713,0
8000000,328,33023,100.68,285,1584161,7
8050000,328,33368,101.73200000000001,286,1633047,1
8100000,328,33379,101.765,286,1634532,0
8150000,328,33410,101.86,286,1639224,0
8200000,328,33424,101.902,286,1641080,0
8250000,328,33433,101.93,287,1642435,0
8300000,328,33435,101.936,287,1642740,0
8350000,328,33452,101.988,287,1644820,0
8400000,328,33488,102.098,287,1650006,0
8450000,328,33494,102.116,287,1650571,0
8500000,328,33494,102.116,287,1650571,0
8550000,328,33560,102.31700000000001,287,1660960,0
8600000,328,33578,102.37200000000001,287,1663569,0
8650000,328,33579,102.375,287,1663701,0
8700000,328,33603,102.448,287,1666055,0
8750000,328,33611,102.473,287,1667194,0
8800000,328,33630,102.53,287,1669921,0
8850000,328,33630,102.53,287,1669921,0
8900000,328,33630,102.53,287,1669921,0
8950000,328,33630,102.53,287,1669921,0
9000000,328,33630,102.53,287,1669921,0
9050000,328,33630,102.53,287,1669921,0
9100000,328,33630,102.53,287,1669921,0
9150000,328,33631,102.53399999999999,287,1670041,0
9200000,328,33631,102.53399999999999,287,1670041,0
9250000,328,33632,102.537,287,1670226,0
9300000,328,33632,102.537,287,1670226,0
9350000,328,33760,102.927,288,1684588,29
9400000,328,34409,104.905,288,1762797,13
9450000,328,34614,105.53,288,1788780,0
9500000,328,34633,105.588,288,1790995,9
9550000,328,34695,105.777,288,1799729,0
9600000,328,34750,105.945,288,1808239,0
9650000,328,34753,105.954,288,1808760,0
9700000,328,34754,105.95700000000001,288,1808870,0
9750000,328,34755,105.96,288,1808935,0
9800000,328,34797,106.088,288,1815456,0
9850000,328,34797,106.088,288,1815456,0
9900000,328,34799,106.095,288,1815646,0
9950000,328,34800,106.098,288,1815811,0
10000000,328,34802,106.104,288,1816060,0
10050000,328,34802,106.104,288,1816060,0
10100000,328,34802,106.104,288,1816060,0
10150000,328,34804,106.11,288,1816423,1
10200000,328,34804,106.11,288,1816423,0
10250000,328,34804,106.11,288,1816423,0
10300000,328,34804,106.11,288,1816423,0
10350000,328,34804,106.11,288,1816423,0
10400000,328,34835,106.204,288,1820068,0
10450000,328,34839,106.21600000000001,288,1820631,0
10500000,328,34840,106.22,288,1820779,0
10550000,328,34840,106.22,288,1820779,0
10600000,328,34841,106.223,288,1820920,0
10650000,328,34843,106.229,288,1821194,0
10700000,328,34843,106.229,288,1821194,0
10750000,328,34843,106.229,288,1821194,0
10800000,328,34843,106.229,288,1821194,0
10850000,328,34843,106.229,288,1821194,0
10900000,328,34843,106.229,288,1821194,0
10950000,328,34843,106.229,288,1821194,0
11000000,328,34843,106.229,288,1821194,0
11050000,328,34843,106.229,288,1821194,0
11100000,328,34843,106.229,288,1821194,0
11150000,328,34844,106.23200000000001,288,1821267,0
11200000,328,35121,107.07600000000001,288,1856983,16
11250000,328,35212,107.354,288,1868780,0
11300000,328,35550,108.384,288,1913813,30
11350000,328,36161,110.24700000000001,291,1996836,8
11400000,328,36349,110.82,291,2024434,0
11450000,328,36402,110.98200000000001,291,2032714,0
11500000,328,36451,111.131,296,2040045,0
11550000,328,36651,111.741,296,2069620,22
11600000,328,37102,113.116,299,2141180,1
11650000,328,37106,113.12799999999999,300,2141880,0
11700000,328,37138,113.226,300,2147079,1
11750000,328,37260,113.598,300,2163799,2
11800000,328,37281,113.662,300,2167034,1
11850000,328,37343,113.851,300,2176460,0
11900000,328,37780,115.18299999999999,300,2243234,10
11950000,328,37846,115.384,301,2251790,0
12000000,328,37883,115.49700000000001,301,2256445,0
12050000,328,37891,115.521,301,2257547,0
12100000,328,37893,115.527,301,2257773,1
12150000,328,37896,115.537,301,2258291,0
12200000,328,37902,115.555,301,2259317,0
12250000,328,37902,115.555,301,2259317,0
12300000,328,37902,115.555,301,2259317,0
12350000,328,37902,115.555,301,2259317,0
12400000,328,37903,115.55799999999999,301,2259373,0
12450000,328,37903,115.55799999999999,301,2259373,0
12500000,328,37906,115.56700000000001,301,2259877,0
12550000,328,37907,115.57,301,2259982,0
12600000,328,37907,115.57,301,2259982,0
12650000,328,37907,115.57,301,2259982,0
12700000,328,37907,115.57,301,2259982,0
12750000,328,37907,115.57,301,2259982,0
12800000,328,37907,115.57,301,2259982,0
12850000,328,37908,115.573,301,2260143,0
12900000,328,37909,115.57600000000001,301,2260326,0
12950000,328,37909,115.57600000000001,301,2260326,0
13000000,328,37921,115.613,301,2262387,0
13050000,328,37926,115.62799999999999,301,2263156,0
13100000,328,37927,115.631,301,2263241,0
13150000,328,37928,115.634,301,2263376,0
13200000,328,38353,116.93,303,2330846,12
13250000,328,38715,118.03399999999999,305,2391531,3
13300000,328,38764,118.18299999999999,305,2399007,1
13350000,328,38805,118.30799999999999,305,2405252,0
13400000,328,38819,118.351,305,2407288,0
13450000,328,38832,118.39,305,2409268,0
13500000,328,38839,118.412,305,2410378,0
13550000,328,38843,118.42399999999999,305,2410897,0
13600000,328,38852,118.45100000000001,305,2412261,0
13650000,328,38864,118.488,305,2414567,0
13700000,328,38866,118.494,305,2414893,0
13750000,328,38868,118.5,305,2415196,0
13800000,328,38869,118.50299999999999,305,2415300,0
13850000,328,38910,118.62799999999999,307,2422967,0
13900000,328,38915,118.64299999999999,307,2423791,0
13950000,328,38923,118.66799999999999,307,2425167,0
14000000,328,38952,118.756,307,2429715,2
14050000,328,39013,118.94200000000001,307,2440867,11
14100000,328,39037,119.015,307,2445075,10
14150000,328,39059,119.08200000000001,307,2448978,0
14200000,328,39140,119.329,307,2463046,2
14250000,328,39623,120.802,307,2544309,14
14300000,328,40123,122.32600000000001,310,2631039,17
14350000,328,40430,123.262,311,2683717,0
14400000,328,40480,123.415,311,2692335,5
14450000,328,40526,123.555,311,2700457,3
14500000,328,40734,124.189,312,2738001,2
14550000,328,40778,124.323,312,2745765,0
14600000,328,40799,124.387,312,2749325,0
14650000,328,40814,124.43299999999999,312,2752181,0
14700000,328,40816,124.439,312,2752488,1
14750000,328,40818,124.445,312,2752763,0
14800000,328,40948,124.84100000000001,312,2775275,1
14850000,328,40993,124.979,312,2783355,2
14900000,328,41009,125.027,312,2786024,0
14950000,328,41088,125.26799999999999,312,2800744,0
15000000,328,41144,125.439,312,2811738,0
15050000,328,41569,126.735,313,2888975,2
15100000,328,41615,126.875,313,2897194,0
15150000,328,41624,126.902,313,2899256,0
15200000,328,41626,126.90899999999999,313,2899541,0
15250000,328,41627,126.912,313,2899711,0
15300000,328,41629,126.91799999999999,313,2900022,0
15350000,328,41629,126.91799999999999,313,2900022,0
15400000,328,41647,126.973,313,2903118,0
15450000,328,41651,126.985,313,2903971,0
15500000,328,41657,127.00299999999999,313,2905218,0
15550000,328,41657,127.00299999999999,313,2905218,0
15600000,328,41661,127.015,313,2905968,1
15650000,328,41664,127.024,313,2906636,0
15700000,328,41666,127.03,313,2906832,0
15750000,328,41667,127.03399999999999,313,2907032,0
15800000,328,41667,127.03399999999999,313,2907032,0
15850000,328,41670,127.04299999999999,313,2907678,0
15900000,328,41671,127.046,313,2907859,0
15950000,328,41673,127.052,313,2908204,0
16000000,328,41684,127.085,313,2909784,0
16050000,328,41684,127.085,313,2909784,0
16100000,328,41694,127.116,313,2911487,0
16150000,328,41697,127.125,313,2912064,0
16200000,328,42003,128.058,313,2969124,0
16250000,328,42087,128.314,313,2985200,0
16300000,328,42099,128.351,313,2987378,0
16350000,328,42102,128.36,313,2988128,0
16400000,328,42102,128.36,313,2988128,0
16450000,328,42102,128.36,313,2988128,0
16500000,328,42102,128.36,313,2988128,0
16550000,328,42102,128.36,313,2988128,0
16600000,328,42102,128.36,313,2988128,0
16650000,328,42102,128.36,313,2988128,0
16700000,328,42102,128.36,313,2988128,0
16750000,328,42102,128.36,313,2988128,0
16800000,328,42102,128.36,313,2988128,0
16850000,328,42102,128.36,313,2988128,0
16900000,328,42103,128.363,313,2988340,0
16950000,328,42103,128.363,313,2988340,0
17000000,328,42103,128.363,313,2988340,0
17050000,328,42103,128.363,313,2988340,0
17100000,328,42103,128.363,313,2988340,0
17150000,328,42103,128.363,313,2988340,0
17200000,328,42104,128.366,313,2988544,0
17250000,328,42130,128.445,313,2994200,0
17300000,328,42162,128.543,313,3001121,0
17350000,328,42172,128.57299999999998,313,3003324,0
17400000,328,42172,128.57299999999998,313,3003324,0
17450000,328,42172,128.57299999999998,313,3003324,0
17500000,328,42211,128.692,313,3011756,0
17550000,328,42211,128.692,313,3011756,0
17600000,328,42226,128.738,313,3015254,15
17650000,328,42226,128.738,313,3015254,0
17700000,328,42232,128.756,313,3016339,0
17750000,328,42236,128.768,313,3017234,0
17800000,328,42385,129.22299999999998,313,3044211,0
17850000,328,42433,129.369,313,3053654,0
17900000,328,42508,129.59799999999998,313,3069317,0
17950000,328,42559,129.753,313,3080210,0
18000000,328,42631,129.97299999999998,313,3095226,5
18050000,328,42859,130.668,314,3139834,0
18100000,328,42913,130.832,314,3151000,1
18150000,328,42989,131.064,314,3165254,2
18200000,328,43057,131.27100000000002,314,3179418,0
18250000,328,43081,131.345,314,3184327,0
18300000,328,43094,131.384,314,3187189,0
18350000,328,43246,131.84799999999998,315,3217943,0
18400000,328,43264,131.90200000000002,315,3221393,0
18450000,328,43274,131.933,315,3223478,0
18500000,328,43364,132.207,315,3242204,1
18550000,328,43431,132.412,315,3254647,0
18600000,328,43485,132.576,315,3266565,0
