timestep,num_nodes,num_edges,average_degree,max_degree,num_triangles,new_edges
0,320,946,2.95625,12,159,946
50000,328,12202,37.2012,107,224686,59
100000,328,14194,43.2744,124,300142,38
150000,328,15349,46.7957,129,341402,22
200000,328,16151,49.2409,146,368468,12
250000,328,16860,51.4024,155,392558,16
300000,328,17414,53.0915,158,411622,16
350000,328,17953,54.7348,163,429820,8
400000,328,18393,56.0762,170,445805,4
450000,328,18827,57.3994,172,461601,7
500000,328,19221,58.6006,176,476942,9
550000,328,19598,59.75,179,491668,11
600000,328,19958,60.8476,187,507090,5
650000,328,20310,61.9207,190,522567,4
700000,328,20618,62.8598,193,536134,12
750000,328,20907,63.7409,199,549421,5
800000,328,21216,64.6829,199,564013,6
850000,328,21514,65.5915,201,578455,3
900000,328,21793,66.4421,202,592363,4
950000,328,22043,67.2043,202,605304,4
1000000,328,22308,68.0122,202,619375,6
1050000,328,22537,68.7104,211,632106,2
1100000,328,22799,69.5091,215,646301,7
1150000,328,23059,70.3018,216,661320,6
1200000,328,23293,71.0152,216,675230,2
1250000,328,23547,71.7896,216,690489,6
1300000,328,23763,72.4482,221,703582,9
1350000,328,23976,73.0976,223,716938,3
1400000,328,24183,73.7287,223,730086,4
1450000,328,24404,74.4024,223,744623,3
1500000,328,24598,74.9939,225,757466,5
1550000,328,24797,75.6006,229,770576,3
1600000,328,24988,76.1829,230,783038,3
1650000,328,25162,76.7134,230,795416,6
1700000,328,25360,77.3171,230,809226,3
1750000,328,25536,77.8537,230,821494,6
1800000,328,25711,78.3872,230,834130,2
1850000,328,25888,78.9268,230,846775,2
1900000,328,26022,79.3354,230,856486,3
1950000,328,26175,79.8018,230,868158,1
2000000,328,26347,80.3262,230,881363,3
2050000,328,26508,80.8171,240,894089,0
2100000,328,26654,81.2622,240,905110,4
2150000,328,26809,81.7348,240,917480,1
2200000,328,26971,82.2287,244,930725,3
2250000,328,27113,82.6616,244,942068,3
2300000,328,27257,83.1006,246,953845,2
2350000,328,27405,83.5518,246,966310,1
2400000,328,27555,84.0091,246,978674,4
2450000,328,27714,84.4939,248,992555,0
2500000,328,27858,84.9329,248,1005458,4
2550000,328,27993,85.3445,250,1017424,1
2600000,328,28121,85.7348,250,1028459,2
2650000,328,28244,86.1098,250,1039580,4
2700000,328,28370,86.4939,250,1050770,1
2750000,328,28516,86.939,250,1063380,2
2800000,328,28651,87.3506,250,1075504,1
2850000,328,28767,87.7043,250,1086341,3
2900000,328,28894,88.0915,250,1098405,5
2950000,328,29015,88.4604,250,1109907,3
3000000,328,29123,88.7896,250,1120297,2
3050000,328,29241,89.1494,250,1131781,3
3100000,328,29346,89.4695,250,1141602,5
3150000,328,29449,89.7835,255,1151836,3
3200000,328,29558,90.1159,255,1162765,0
3250000,328,29680,90.4878,256,1174730,1
3300000,328,29806,90.87200000000001,256,1187214,3
3350000,328,29915,91.2043,256,1197840,4
3400000,328,30024,91.5366,256,1208906,1
3450000,328,30146,91.9085,256,1221156,3
3500000,328,30258,92.25,257,1232546,3
3550000,328,30374,92.6037,257,1244200,0
3600000,328,30465,92.8811,257,1253395,2
3650000,328,30585,93.24700000000001,257,1266112,3
3700000,328,30694,93.5793,261,1277632,5
3750000,328,30798,93.8963,262,1287913,3
3800000,328,30900,94.2073,262,1298465,0
3850000,328,30994,94.4939,263,1308645,2
3900000,328,31084,94.7683,263,1318871,0
3950000,328,31168,95.0244,263,1328233,0
4000000,328,31261,95.3079,263,1338145,3
4050000,328,31342,95.5549,263,1347211,1
4100000,328,31444,95.8659,265,1358502,0
4150000,328,31535,96.1433,265,1368726,2
4200000,328,31629,96.4299,265,1378993,3
4250000,328,31710,96.6768,265,1387797,4
4300000,328,31798,96.9451,265,1397353,3
4350000,328,31886,97.2134,266,1407410,4
4400000,328,31975,97.4848,266,1417644,1
4450000,328,32065,97.7591,267,1428214,2
4500000,328,32150,98.0183,267,1438335,2
4550000,328,32238,98.2866,267,1447956,3
4600000,328,32324,98.5488,267,1458241,1
4650000,328,32413,98.8201,269,1468938,3
4700000,328,32489,99.0518,269,1478071,3
4750000,328,32575,99.314,269,1488248,3
4800000,328,32645,99.5274,270,1496719,0
4850000,328,32729,99.7835,270,1507143,2
4900000,328,32842,100.12799999999999,270,1520397,3
4950000,328,32922,100.37200000000001,271,1530068,1
5000000,328,33006,100.62799999999999,271,1540020,1
5050000,328,33102,100.921,272,1551613,2
5100000,328,33177,101.149,272,1560784,6
5150000,328,33242,101.348,272,1569133,0
5200000,328,33332,101.62200000000001,274,1580479,1
5250000,328,33409,101.85700000000001,275,1590279,2
5300000,328,33482,102.079,276,1599871,2
5350000,328,33556,102.305,276,1609445,3
5400000,328,33638,102.555,276,1619909,2
5450000,328,33683,102.69200000000001,276,1625643,0
5500000,328,33759,102.92399999999999,276,1635446,3
5550000,328,33826,103.12799999999999,276,1644114,2
5600000,328,33914,103.396,276,1655774,3
5650000,328,33989,103.625,276,1665587,1
5700000,328,34061,103.845,276,1674701,2
5750000,328,34130,104.055,276,1683818,2
5800000,328,34198,104.262,279,1692812,2
5850000,328,34265,104.46600000000001,280,1701532,1
5900000,328,34322,104.64,280,1709200,1
5950000,328,34398,104.87200000000001,280,1719224,2
6000000,328,34461,105.064,280,1727264,1
6050000,328,34529,105.271,281,1736299,2
6100000,328,34597,105.479,281,1745340,3
6150000,328,34664,105.68299999999999,282,1754276,2
6200000,328,34729,105.881,282,1763217,2
6250000,328,34793,106.07600000000001,282,1771879,3
6300000,328,34865,106.296,282,1781890,0
6350000,328,34925,106.479,282,1789891,1
6400000,328,34989,106.67399999999999,282,1798549,1
6450000,328,35046,106.848,282,1806525,2
6500000,328,35091,106.985,282,1812837,0
6550000,328,35142,107.14,282,1819426,2
6600000,328,35216,107.366,283,1829693,0
6650000,328,35277,107.552,283,1838554,1
6700000,328,35341,107.74700000000001,284,1847856,2
6750000,328,35393,107.905,284,1855298,0
6800000,328,35448,108.073,284,1863203,0
6850000,328,35493,108.21,284,1869596,1
6900000,328,35545,108.369,284,1876774,2
6950000,328,35606,108.555,285,1885474,0
7000000,328,35672,108.756,285,1894825,2
7050000,328,35732,108.939,286,1903562,1
7100000,328,35791,109.119,286,1912320,3
7150000,328,35844,109.28,286,1919891,0
7200000,328,35913,109.491,288,1929972,0
7250000,328,35966,109.652,288,1937411,1
7300000,328,36018,109.811,288,1944552,3
7350000,328,36073,109.979,288,1952691,2
7400000,328,36134,110.165,289,1961696,0
7450000,328,36181,110.30799999999999,289,1968476,2
7500000,328,36248,110.512,289,1978425,2
7550000,328,36313,110.71,289,1988446,2
7600000,328,36368,110.87799999999999,289,1996691,4
7650000,328,36426,111.055,289,2005388,1
7700000,328,36477,111.21,289,2012871,1
7750000,328,36514,111.323,290,2018527,0
7800000,328,36575,111.509,290,2027589,1
7850000,328,36617,111.637,290,2033649,2
7900000,328,36662,111.774,290,2040943,0
7950000,328,36720,111.95100000000001,290,2049930,0
8000000,328,36773,112.113,290,2057791,2
8050000,328,36823,112.265,290,2065434,1
8100000,328,36873,112.41799999999999,290,2072620,1
8150000,328,36935,112.60700000000001,292,2082346,2
8200000,328,36985,112.759,292,2090193,0
8250000,328,37031,112.899,292,2096933,1
8300000,328,37074,113.03,294,2103335,2
8350000,328,37119,113.16799999999999,294,2110006,2
8400000,328,37174,113.335,294,2118447,1
8450000,328,37232,113.512,294,2127599,0
8500000,328,37283,113.66799999999999,294,2135048,5
8550000,328,37331,113.814,294,2143028,0
8600000,328,37373,113.94200000000001,295,2149811,2
8650000,328,37411,114.05799999999999,295,2155845,1
8700000,328,37471,114.241,295,2165241,2
8750000,328,37513,114.369,295,2171878,0
8800000,328,37574,114.555,295,2181513,1
8850000,328,37618,114.689,295,2187993,0
8900000,328,37664,114.829,295,2195340,2
8950000,328,37703,114.948,295,2201107,1
9000000,328,37758,115.116,295,2209946,1
9050000,328,37805,115.259,295,2217364,1
9100000,328,37858,115.421,295,2225878,0
9150000,328,37906,115.56700000000001,295,2233917,2
9200000,328,37956,115.72,295,2241806,0
9250000,328,38004,115.866,295,2249718,0
9300000,328,38047,115.99700000000001,297,2256876,0
9350000,328,38089,116.125,297,2263729,0
9400000,328,38142,116.287,297,2272508,3
9450000,328,38197,116.454,298,2281779,1
9500000,328,38246,116.604,299,2289682,2
9550000,328,38275,116.69200000000001,299,2294356,0
9600000,328,38320,116.829,299,2301733,0
9650000,328,38355,116.936,299,2307556,1
9700000,328,38399,117.07,299,2314556,0
9750000,328,38439,117.19200000000001,299,2321498,0
9800000,328,38480,117.31700000000001,299,2328387,0
9850000,328,38529,117.46600000000001,299,2336071,1
9900000,328,38575,117.60700000000001,299,2343578,2
9950000,328,38611,117.71600000000001,300,2349864,2
10000000,328,38660,117.866,300,2358240,2
10050000,328,38702,117.994,300,2365398,0
10100000,328,38741,118.113,300,2371781,0
10150000,328,38788,118.256,300,2379728,2
10200000,328,38836,118.402,300,2387980,2
10250000,328,38879,118.53399999999999,300,2395461,0
10300000,328,38922,118.665,300,2402959,0
10350000,328,38963,118.79,300,2410188,0
10400000,328,39004,118.915,300,2416905,0
10450000,328,39043,119.03399999999999,301,2423543,1
10500000,328,39090,119.177,301,2431375,1
10550000,328,39126,119.287,301,2437393,1
10600000,328,39159,119.387,301,2443223,0
10650000,328,39187,119.473,301,2448111,1
10700000,328,39218,119.56700000000001,301,2453665,0
10750000,328,39257,119.686,301,2460212,0
10800000,328,39295,119.802,301,2466940,2
10850000,328,39322,119.884,301,2471287,1
10900000,328,39362,120.006,303,2478486,0
10950000,328,39394,120.104,304,2484024,0
11000000,328,39430,120.213,304,2490003,0
11050000,328,39470,120.335,305,2496654,1
11100000,328,39508,120.45100000000001,305,2503142,0
11150000,328,39546,120.56700000000001,305,2509978,0
11200000,328,39581,120.67399999999999,305,2516526,0
11250000,328,39618,120.787,306,2523009,0
11300000,328,39657,120.905,306,2529708,1
11350000,328,39692,121.012,306,2535590,1
11400000,328,39732,121.134,307,2542778,0
11450000,328,39766,121.238,307,2548763,0
11500000,328,39795,121.32600000000001,307,2554029,0
11550000,328,39837,121.454,307,2561941,3
11600000,328,39874,121.56700000000001,307,2568760,1
11650000,328,39905,121.662,308,2574625,1
11700000,328,39943,121.777,308,2581796,0
11750000,328,39981,121.89299999999999,308,2588593,0
11800000,328,40018,122.006,308,2595211,1
11850000,328,40052,122.11,308,2601490,1
11900000,328,40091,122.229,308,2608544,1
11950000,328,40120,122.31700000000001,308,2613691,1
12000000,328,40157,122.43,308,2620136,1
12050000,328,40191,122.53399999999999,308,2626542,0
12100000,328,40224,122.634,308,2632708,2
12150000,328,40255,122.729,308,2637917,0
12200000,328,40286,122.823,308,2643413,0
12250000,328,40325,122.94200000000001,308,2650434,1
12300000,328,40361,123.052,308,2656863,0
12350000,328,40389,123.137,308,2661660,1
12400000,328,40427,123.25299999999999,308,2668693,1
12450000,328,40464,123.366,308,2675334,0
12500000,328,40494,123.45700000000001,308,2680704,2
12550000,328,40527,123.55799999999999,308,2686566,0
12600000,328,40552,123.634,308,2690926,0
12650000,328,40581,123.723,309,2696715,1
12700000,328,40613,123.82,309,2702660,0
12750000,328,40640,123.902,309,2707875,0
12800000,328,40669,123.991,309,2713242,2
12850000,328,40690,124.055,309,2717101,0
12900000,328,40730,124.177,309,2724262,0
12950000,328,40755,124.25299999999999,309,2728934,1
13000000,328,40790,124.36,309,2735476,0
13050000,328,40817,124.44200000000001,309,2740407,0
13100000,328,40847,124.53399999999999,310,2746189,0
13150000,328,40869,124.601,310,2750000,1
13200000,328,40893,124.67399999999999,310,2754198,0
13250000,328,40912,124.73200000000001,310,2757496,1
13300000,328,40942,124.823,310,2763142,1
13350000,328,40973,124.91799999999999,310,2768737,1
13400000,328,41005,125.015,310,2774718,0
13450000,328,41031,125.095,310,2779638,0
13500000,328,41058,125.177,310,2784759,0
13550000,328,41080,125.244,310,2788794,0
13600000,328,41115,125.351,310,2795385,0
13650000,328,41138,125.421,310,2799805,1
13700000,328,41160,125.488,310,2803912,0
13750000,328,41201,125.613,310,2811629,1
13800000,328,41232,125.70700000000001,310,2817598,0
13850000,328,41257,125.78399999999999,310,2822804,0
13900000,328,41288,125.87799999999999,310,2828525,1
13950000,328,41321,125.979,310,2834890,0
14000000,328,41350,126.06700000000001,310,2840363,1
14050000,328,41378,126.152,310,2845621,0
14100000,328,41404,126.23200000000001,310,2850644,1
14150000,328,41437,126.33200000000001,310,2856918,1
14200000,328,41466,126.421,310,2862225,0
14250000,328,41491,126.49700000000001,310,2866884,0
14300000,328,41513,126.564,310,2871328,0
14350000,328,41531,126.619,310,2874903,0
14400000,328,41565,126.723,310,2881766,0
14450000,328,41594,126.811,310,2887393,1
14500000,328,41625,126.905,310,2893005,0
14550000,328,41648,126.976,310,2897250,0
14600000,328,41679,127.07,310,2903249,1
14650000,328,41703,127.14299999999999,310,2907981,1
14700000,328,41732,127.23200000000001,310,2913889,1
14750000,328,41757,127.30799999999999,310,2918594,1
14800000,328,41777,127.369,310,2922509,0
14850000,328,41811,127.473,310,2928816,1
14900000,328,41835,127.546,310,2933105,0
14950000,328,41856,127.61,310,2937007,0
15000000,328,41879,127.68,310,2941623,0
15050000,328,41909,127.771,310,2947214,0
15100000,328,41937,127.85700000000001,310,2952430,1
15150000,328,41956,127.915,310,2956188,1
15200000,328,41979,127.985,311,2960638,0
15250000,328,41996,128.037,311,2963585,1
15300000,328,42022,128.116,311,2968279,1
15350000,328,42047,128.192,312,2973052,0
15400000,328,42071,128.265,312,2977965,0
15450000,328,42098,128.34799999999998,312,2983097,2
15500000,328,42124,128.42700000000002,312,2988338,0
15550000,328,42150,128.506,312,2993460,0
15600000,328,42181,128.601,312,2999613,0
15650000,328,42202,128.665,312,3003834,1
15700000,328,42232,128.756,312,3009508,0
15750000,328,42255,128.826,312,3014036,0
15800000,328,42278,128.89600000000002,312,3018742,1
15850000,328,42308,128.988,312,3024931,0
15900000,328,42329,129.05200000000002,312,3028962,1
15950000,328,42350,129.116,313,3033328,0
16000000,328,42371,129.18,313,3037558,1
16050000,328,42391,129.241,313,3041731,0
16100000,328,42408,129.293,313,3045041,3
16150000,328,42435,129.375,313,3050471,0
16200000,328,42471,129.485,313,3057751,1
16250000,328,42490,129.543,313,3061454,2
16300000,328,42513,129.613,313,3066012,2
16350000,328,42540,129.695,313,3071490,0
16400000,328,42563,129.765,313,3075992,0
16450000,328,42594,129.86,313,3082129,1
16500000,328,42615,129.924,313,3085959,0
16550000,328,42644,130.012,313,3092009,2
16600000,328,42666,130.079,313,3096639,0
16650000,328,42689,130.149,313,3101442,0
16700000,328,42704,130.195,313,3104424,1
16750000,328,42730,130.274,313,3109328,0
16800000,328,42755,130.351,313,3114590,0
16850000,328,42777,130.418,313,3119059,0
16900000,328,42794,130.47,313,3122577,1
16950000,328,42811,130.52100000000002,313,3126092,0
17000000,328,42824,130.561,313,3128724,0
17050000,328,42845,130.625,313,3133149,0
17100000,328,42870,130.701,313,3138337,1
17150000,328,42895,130.77700000000002,313,3143193,0
17200000,328,42914,130.835,313,3147010,1
17250000,328,42938,130.909,313,3151932,0
17300000,328,42964,130.988,313,3157649,1
17350000,328,42975,131.02100000000002,313,3159956,0
17400000,328,43002,131.10399999999998,313,3165387,1
17450000,328,43020,131.159,313,3169128,0
17500000,328,43036,131.207,313,3172507,0
17550000,328,43054,131.262,313,3176295,0
17600000,328,43075,131.326,313,3180662,0
17650000,328,43094,131.384,313,3184321,0
17700000,328,43110,131.433,313,3187700,0
17750000,328,43136,131.512,313,3193463,0
17800000,328,43159,131.582,313,3198254,1
17850000,328,43181,131.649,313,3202746,0
17900000,328,43205,131.72299999999998,313,3207507,1
17950000,328,43227,131.79,313,3212101,0
18000000,328,43240,131.829,313,3214860,0
18050000,328,43257,131.881,313,3218400,0
18100000,328,43278,131.945,314,3222750,1
18150000,328,43303,132.02100000000002,314,3228178,1
18200000,328,43331,132.107,314,3234055,0
18250000,328,43352,132.171,314,3238410,0
18300000,328,43369,132.22299999999998,314,3242118,2
18350000,328,43390,132.287,314,3246531,0
18400000,328,43413,132.357,314,3251559,0
18450000,328,43425,132.393,314,3254107,0
18500000,328,43447,132.46,314,3258746,0
18550000,328,43472,132.537,314,3263971,1
18600000,328,43490,132.591,314,3267768,0
