timestep,num_nodes,num_edges,average_degree,max_degree,num_triangles,new_edges
0,318,937,2.94654,19,180,937
50000,328,12238,37.311,107,226872,64
100000,328,14209,43.3201,127,302345,33
150000,328,15359,46.8262,130,344363,21
200000,328,16160,49.2683,139,370340,19
250000,328,16893,51.503,150,394858,17
300000,328,17434,53.1524,156,413431,12
350000,328,17943,54.7043,166,431094,12
400000,328,18414,56.1402,168,448240,7
450000,328,18820,57.378,170,463839,7
500000,328,19224,58.6098,172,479648,7
550000,328,19575,59.6799,175,493667,6
600000,328,19947,60.81399999999999,177,508835,15
650000,328,20275,61.81399999999999,181,522584,12
700000,328,20610,62.8354,186,537826,4
750000,328,20922,63.7866,191,551915,7
800000,328,21207,64.6555,191,565429,10
850000,328,21485,65.503,195,578649,6
900000,328,21726,66.2378,195,590879,7
950000,328,21986,67.0305,199,604623,7
1000000,328,22234,67.7866,201,617867,4
1050000,328,22462,68.4817,202,629891,7
1100000,328,22719,69.2652,202,644119,2
1150000,328,22947,69.9604,205,657513,3
1200000,328,23184,70.6829,205,671304,1
1250000,328,23389,71.3079,208,682888,3
1300000,328,23591,71.9238,208,695262,5
1350000,328,23787,72.5213,211,707492,4
1400000,328,24000,73.1707,214,720978,2
1450000,328,24198,73.7744,214,733851,7
1500000,328,24393,74.3689,215,746325,3
1550000,328,24584,74.9512,219,759346,9
1600000,328,24771,75.5213,219,771585,3
1650000,328,24970,76.128,219,784496,6
1700000,328,25125,76.6006,221,795494,3
1750000,328,25294,77.1159,221,806924,3
1800000,328,25472,77.6585,223,819372,3
1850000,328,25647,78.1921,225,831886,3
1900000,328,25814,78.7012,227,844142,5
1950000,328,25983,79.2165,228,857236,2
2000000,328,26136,79.6829,228,869304,3
2050000,328,26302,80.189,228,882014,3
2100000,328,26448,80.6341,228,893217,4
2150000,328,26592,81.0732,228,904582,4
2200000,328,26724,81.4756,228,914579,4
2250000,328,26874,81.9329,229,926319,1
2300000,328,27026,82.3963,229,938879,2
2350000,328,27177,82.8567,230,951240,4
2400000,328,27300,83.2317,230,961441,4
2450000,328,27464,83.7317,230,974532,5
2500000,328,27599,84.1433,237,985939,3
2550000,328,27741,84.5762,237,998811,1
2600000,328,27880,85.0,237,1010637,2
2650000,328,28000,85.3659,237,1020965,5
2700000,328,28138,85.7866,237,1033693,3
2750000,328,28273,86.1982,237,1045531,3
2800000,328,28391,86.5579,241,1055556,2
2850000,328,28520,86.9512,242,1067090,2
2900000,328,28661,87.3811,242,1079824,3
2950000,328,28786,87.7622,242,1091270,2
3000000,328,28910,88.1402,242,1103020,1
3050000,328,29021,88.4787,242,1113300,3
3100000,328,29159,88.8994,245,1126366,5
3150000,328,29286,89.2866,245,1138388,2
3200000,328,29398,89.62799999999999,245,1149165,0
3250000,328,29502,89.9451,245,1159850,1
3300000,328,29614,90.2866,247,1170671,3
3350000,328,29718,90.6037,247,1181048,2
3400000,328,29841,90.9787,249,1193559,2
3450000,328,29931,91.25299999999999,249,1202731,4
3500000,328,30032,91.561,252,1212951,2
3550000,328,30131,91.8628,252,1223303,2
3600000,328,30244,92.2073,252,1234958,3
3650000,328,30341,92.50299999999999,254,1244900,2
3700000,328,30423,92.75299999999999,254,1253539,1
3750000,328,30531,93.0823,256,1264923,1
3800000,328,30649,93.4421,257,1277118,2
3850000,328,30746,93.7378,257,1287307,1
3900000,328,30850,94.0549,257,1298026,1
3950000,328,30959,94.3872,257,1309091,4
4000000,328,31067,94.7165,257,1320544,5
4050000,328,31159,94.99700000000001,257,1330173,3
4100000,328,31250,95.2744,257,1340193,1
4150000,328,31341,95.5518,257,1349861,4
4200000,328,31437,95.8445,257,1360495,0
4250000,328,31529,96.125,259,1370963,1
4300000,328,31629,96.4299,259,1381762,2
4350000,328,31723,96.7165,263,1392495,2
4400000,328,31828,97.0366,263,1405005,2
4450000,328,31920,97.3171,265,1415495,4
4500000,328,32002,97.5671,265,1424827,1
4550000,328,32097,97.8567,265,1436021,1
4600000,328,32192,98.1463,266,1447404,4
4650000,328,32277,98.4055,266,1457018,2
4700000,328,32369,98.686,266,1467333,1
4750000,328,32438,98.8963,266,1475637,2
4800000,328,32514,99.12799999999999,271,1484655,1
4850000,328,32598,99.3841,271,1495125,3
4900000,328,32665,99.5884,271,1503331,2
4950000,328,32743,99.8262,272,1512767,2
5000000,328,32826,100.079,272,1522814,0
5050000,328,32902,100.311,274,1531981,0
5100000,328,32972,100.524,274,1540319,1
5150000,328,33050,100.762,274,1550418,2
5200000,328,33116,100.963,274,1558759,0
5250000,328,33188,101.18299999999999,274,1567660,4
5300000,328,33270,101.43299999999999,274,1577796,2
5350000,328,33332,101.62200000000001,274,1585361,3
5400000,328,33399,101.82600000000001,274,1593900,3
5450000,328,33485,102.088,274,1605375,2
5500000,328,33567,102.338,276,1616023,0
5550000,328,33647,102.58200000000001,276,1625973,1
5600000,328,33725,102.82,278,1635903,1
5650000,328,33799,103.046,278,1645342,1
5700000,328,33874,103.274,279,1654507,2
5750000,328,33962,103.54299999999999,279,1665972,1
5800000,328,34029,103.74700000000001,279,1674474,2
5850000,328,34097,103.954,280,1683480,2
5900000,328,34173,104.186,280,1693034,2
5950000,328,34238,104.384,280,1701441,3
6000000,328,34301,104.57600000000001,280,1709765,0
6050000,328,34378,104.811,280,1720023,1
6100000,328,34444,105.012,280,1728974,4
6150000,328,34509,105.21,280,1737672,0
6200000,328,34576,105.415,280,1746382,0
6250000,328,34641,105.613,280,1755327,0
6300000,328,34721,105.85700000000001,281,1766277,1
6350000,328,34790,106.06700000000001,281,1775203,2
6400000,328,34854,106.262,281,1784137,3
6450000,328,34926,106.48200000000001,281,1794153,0
6500000,328,34989,106.67399999999999,281,1803179,0
6550000,328,35059,106.887,281,1813069,0
6600000,328,35126,107.09100000000001,283,1822399,1
6650000,328,35190,107.287,283,1831352,1
6700000,328,35254,107.48200000000001,283,1840304,3
6750000,328,35329,107.71,284,1850466,0
6800000,328,35392,107.902,284,1859235,0
6850000,328,35450,108.079,284,1867331,0
6900000,328,35512,108.26799999999999,284,1876186,0
6950000,328,35585,108.491,284,1886144,3
7000000,328,35646,108.677,284,1894767,1
7050000,328,35706,108.86,287,1903580,0
7100000,328,35776,109.073,287,1913928,1
7150000,328,35828,109.23200000000001,287,1921226,1
7200000,328,35888,109.415,287,1930297,2
7250000,328,35959,109.631,287,1940116,1
7300000,328,36017,109.80799999999999,287,1948448,1
7350000,328,36074,109.98200000000001,287,1956724,1
7400000,328,36144,110.195,290,1966705,3
7450000,328,36190,110.335,290,1973631,1
7500000,328,36243,110.49700000000001,291,1981411,3
7550000,328,36295,110.655,291,1988522,1
7600000,328,36355,110.838,291,1997326,0
7650000,328,36410,111.006,291,2005433,1
7700000,328,36448,111.12200000000001,291,2011216,1
7750000,328,36496,111.26799999999999,291,2018678,1
7800000,328,36551,111.436,291,2026357,0
7850000,328,36608,111.61,291,2035015,0
7900000,328,36662,111.774,291,2043336,3
7950000,328,36715,111.936,291,2051438,3
8000000,328,36773,112.113,291,2060068,0
8050000,328,36819,112.25299999999999,291,2066965,1
8100000,328,36876,112.427,291,2075711,0
8150000,328,36920,112.561,291,2082129,1
8200000,328,36990,112.774,291,2093062,3
8250000,328,37044,112.939,291,2101666,0
8300000,328,37078,113.04299999999999,291,2107206,1
8350000,328,37129,113.198,291,2115032,1
8400000,328,37175,113.338,291,2121918,1
8450000,328,37219,113.473,291,2128813,0
8500000,328,37267,113.619,291,2136196,0
8550000,328,37324,113.79299999999999,291,2144734,2
8600000,328,37372,113.939,291,2152299,0
8650000,328,37401,114.027,291,2156711,2
8700000,328,37454,114.189,292,2164540,1
8750000,328,37504,114.34100000000001,292,2172317,1
8800000,328,37542,114.45700000000001,292,2178178,2
8850000,328,37588,114.598,292,2185326,4
8900000,328,37633,114.735,292,2192238,0
8950000,328,37670,114.848,292,2197990,0
9000000,328,37727,115.021,292,2207023,1
9050000,328,37769,115.149,292,2213441,1
9100000,328,37802,115.25,292,2219048,0
9150000,328,37853,115.405,292,2227530,1
9200000,328,37894,115.53,292,2234274,1
9250000,328,37931,115.64299999999999,292,2240281,0
9300000,328,37985,115.80799999999999,293,2249300,2
9350000,328,38023,115.92399999999999,293,2255560,0
9400000,328,38061,116.04,295,2261686,0
9450000,328,38115,116.204,297,2270656,0
9500000,328,38159,116.338,297,2277869,0
9550000,328,38204,116.476,297,2285056,0
9600000,328,38245,116.601,297,2291666,1
9650000,328,38282,116.713,297,2297695,0
9700000,328,38330,116.86,297,2305377,2
9750000,328,38373,116.991,297,2312551,1
9800000,328,38418,117.12799999999999,297,2320177,1
9850000,328,38468,117.28,297,2328373,2
9900000,328,38502,117.384,297,2333957,0
9950000,328,38543,117.509,297,2340724,1
10000000,328,38585,117.637,297,2347795,0
10050000,328,38620,117.744,297,2354067,1
10100000,328,38669,117.89299999999999,297,2361936,2
10150000,328,38712,118.024,297,2368901,1
10200000,328,38760,118.171,298,2377095,0
10250000,328,38803,118.302,298,2384581,1
10300000,328,38835,118.399,298,2389961,1
10350000,328,38874,118.51799999999999,298,2396450,1
10400000,328,38918,118.652,298,2403768,0
10450000,328,38954,118.762,298,2409788,1
10500000,328,39006,118.921,298,2418721,2
10550000,328,39048,119.04899999999999,298,2425631,0
10600000,328,39082,119.152,298,2431516,1
10650000,328,39122,119.274,298,2438517,0
10700000,328,39167,119.412,298,2446645,1
10750000,328,39207,119.53399999999999,299,2453817,2
10800000,328,39245,119.649,299,2460119,2
10850000,328,39284,119.76799999999999,299,2467210,0
10900000,328,39321,119.881,299,2473489,1
10950000,328,39353,119.979,299,2479154,0
11000000,328,39392,120.098,301,2485620,1
11050000,328,39422,120.189,301,2490706,0
11100000,328,39459,120.302,302,2497232,1
11150000,328,39489,120.39299999999999,302,2502228,0
11200000,328,39524,120.5,303,2507727,1
11250000,328,39560,120.61,303,2513896,1
11300000,328,39595,120.71600000000001,303,2520188,3
11350000,328,39626,120.811,303,2525560,1
11400000,328,39669,120.94200000000001,303,2532782,0
11450000,328,39699,121.03399999999999,303,2538008,0
11500000,328,39727,121.119,303,2543072,0
11550000,328,39759,121.21600000000001,303,2548850,1
11600000,328,39792,121.31700000000001,303,2554738,0
11650000,328,39821,121.405,303,2559982,1
11700000,328,39860,121.524,303,2566729,0
11750000,328,39899,121.64299999999999,303,2573757,1
11800000,328,39931,121.741,303,2579559,0
11850000,328,39951,121.802,303,2583164,0
11900000,328,39987,121.912,303,2589665,0
11950000,328,40026,122.03,304,2596381,0
12000000,328,40061,122.137,304,2602668,0
12050000,328,40096,122.244,304,2609077,1
12100000,328,40123,122.32600000000001,304,2613859,0
12150000,328,40155,122.42399999999999,304,2619863,0
12200000,328,40186,122.51799999999999,304,2625059,0
12250000,328,40211,122.595,304,2629300,1
12300000,328,40251,122.71600000000001,304,2636366,1
12350000,328,40285,122.82,304,2642423,0
12400000,328,40322,122.93299999999999,304,2649140,1
12450000,328,40366,123.06700000000001,304,2657080,1
12500000,328,40400,123.171,304,2663499,0
12550000,328,40429,123.259,304,2668717,3
12600000,328,40453,123.33200000000001,304,2672990,0
12650000,328,40484,123.427,304,2678842,1
12700000,328,40523,123.546,304,2685861,2
12750000,328,40564,123.671,305,2693339,2
12800000,328,40590,123.75,305,2698216,0
12850000,328,40613,123.82,305,2702399,1
12900000,328,40639,123.899,305,2707103,1
12950000,328,40677,124.015,305,2714055,1
13000000,328,40711,124.119,305,2720318,2
13050000,328,40747,124.229,305,2726887,1
13100000,328,40780,124.329,305,2733196,1
13150000,328,40814,124.43299999999999,305,2739287,1
13200000,328,40851,124.546,306,2746151,1
13250000,328,40890,124.665,306,2753467,1
13300000,328,40913,124.735,306,2757623,1
13350000,328,40951,124.851,306,2764889,2
13400000,328,40977,124.93,306,2769615,1
13450000,328,41012,125.037,307,2776442,1
13500000,328,41033,125.101,307,2780450,1
13550000,328,41068,125.20700000000001,307,2786631,0
13600000,328,41093,125.28399999999999,307,2791160,1
13650000,328,41124,125.37799999999999,307,2797053,0
13700000,328,41148,125.45100000000001,307,2801560,0
13750000,328,41177,125.54,307,2807108,0
13800000,328,41205,125.625,308,2812551,0
13850000,328,41234,125.713,308,2818046,0
13900000,328,41258,125.787,309,2822603,2
13950000,328,41282,125.86,309,2827107,0
14000000,328,41317,125.96600000000001,309,2833788,1
14050000,328,41343,126.046,309,2838713,0
14100000,328,41367,126.119,309,2843483,0
14150000,328,41403,126.229,309,2850317,1
14200000,328,41444,126.354,309,2857652,0
14250000,328,41474,126.445,309,2863344,0
14300000,328,41493,126.50299999999999,309,2867040,0
14350000,328,41519,126.58200000000001,309,2872093,0
14400000,328,41548,126.671,309,2877654,1
14450000,328,41571,126.741,310,2882146,1
14500000,328,41612,126.866,310,2889970,1
14550000,328,41632,126.927,310,2893999,0
14600000,328,41657,127.00299999999999,310,2899153,0
14650000,328,41688,127.098,310,2905123,0
14700000,328,41713,127.17399999999999,310,2910115,1
14750000,328,41740,127.256,310,2915326,1
14800000,328,41768,127.34100000000001,312,2920716,3
14850000,328,41791,127.412,312,2925224,3
14900000,328,41822,127.506,312,2931259,0
14950000,328,41851,127.595,312,2937095,1
15000000,328,41874,127.665,312,2941403,0
15050000,328,41901,127.74700000000001,312,2946432,0
15100000,328,41924,127.81700000000001,312,2950929,0
15150000,328,41951,127.899,312,2956145,0
15200000,328,41981,127.991,312,2961680,0
15250000,328,42004,128.061,312,2966273,1
15300000,328,42031,128.143,312,2971560,0
15350000,328,42065,128.247,312,2978132,1
15400000,328,42094,128.335,312,2983958,1
15450000,328,42109,128.381,312,2986773,0
15500000,328,42130,128.445,313,2991186,0
15550000,328,42158,128.53,313,2996950,1
15600000,328,42187,128.619,313,3003035,1
15650000,328,42205,128.674,313,3006597,0
15700000,328,42235,128.765,313,3012503,1
15750000,328,42264,128.85399999999998,313,3018427,0
15800000,328,42284,128.915,313,3022395,1
15850000,328,42309,128.991,313,3027522,0
15900000,328,42337,129.076,313,3033104,0
15950000,328,42363,129.155,313,3038068,0
16000000,328,42389,129.235,313,3043277,0
16050000,328,42412,129.305,313,3047772,0
16100000,328,42435,129.375,313,3052543,1
16150000,328,42460,129.451,313,3057315,1
16200000,328,42485,129.52700000000002,313,3062424,0
16250000,328,42521,129.637,313,3069815,1
16300000,328,42544,129.707,313,3074100,0
16350000,328,42565,129.77100000000002,313,3078413,0
16400000,328,42589,129.845,313,3083301,1
16450000,328,42613,129.918,313,3088060,0
16500000,328,42635,129.985,313,3092594,2
16550000,328,42651,130.034,313,3095724,0
16600000,328,42674,130.10399999999998,313,3100284,0
16650000,328,42699,130.18,313,3105433,0
16700000,328,42721,130.247,313,3109880,1
16750000,328,42739,130.30200000000002,313,3113557,1
16800000,328,42767,130.387,313,3119149,0
16850000,328,42787,130.44799999999998,313,3123039,0
16900000,328,42807,130.509,313,3127221,1
16950000,328,42828,130.57299999999998,313,3131492,0
17000000,328,42841,130.613,313,3133935,0
17050000,328,42869,130.69799999999998,313,3139545,0
17100000,328,42894,130.774,313,3144564,0
17150000,328,42918,130.84799999999998,313,3149317,1
17200000,328,42933,130.893,313,3152461,0
17250000,328,42960,130.976,313,3158007,0
17300000,328,42982,131.043,313,3162447,0
17350000,328,43000,131.09799999999998,313,3166112,0
17400000,328,43026,131.17700000000002,313,3171273,0
17450000,328,43051,131.253,313,3176377,0
17500000,328,43071,131.314,313,3180269,1
17550000,328,43083,131.351,313,3182660,0
17600000,328,43109,131.43,313,3187837,0
17650000,328,43132,131.5,313,3192572,0
17700000,328,43150,131.555,313,3196221,0
17750000,328,43167,131.607,313,3199651,0
17800000,328,43186,131.665,313,3203561,1
17850000,328,43206,131.726,313,3207633,2
17900000,328,43220,131.768,315,3210602,0
17950000,328,43244,131.841,315,3215729,0
18000000,328,43261,131.893,315,3219431,0
18050000,328,43283,131.96,315,3224162,1
18100000,328,43304,132.024,315,3228792,0
18150000,328,43327,132.095,315,3233525,1
18200000,328,43351,132.168,315,3238631,0
18250000,328,43369,132.22299999999998,315,3242469,1
18300000,328,43388,132.28,315,3246535,0
18350000,328,43407,132.338,315,3250495,0
18400000,328,43423,132.387,315,3253509,0
18450000,328,43437,132.43,315,3256343,0
18500000,328,43453,132.47899999999998,315,3259830,0
18550000,328,43470,132.53,315,3263375,0
18600000,328,43490,132.591,315,3267573,0
