timestep,num_nodes,num_edges,average_degree,max_degree,num_triangles,new_edges
0,321,956,2.97819,16,220,956
50000,328,12158,37.0671,108,225174,61
100000,328,14134,43.0915,126,300914,26
150000,328,15271,46.5579,136,340855,26
200000,328,16158,49.2622,139,371318,14
250000,328,16808,51.2439,143,392245,13
300000,328,17350,52.8963,152,410235,15
350000,328,17878,54.5061,161,429069,13
400000,328,18349,55.9421,164,445535,11
450000,328,18778,57.25,169,462006,5
500000,328,19205,58.5518,172,478191,6
550000,328,19544,59.5854,175,491680,7
600000,328,19930,60.7622,178,507694,8
650000,328,20292,61.8659,181,523582,11
700000,328,20603,62.81399999999999,185,537272,3
750000,328,20876,63.6463,185,549696,4
800000,328,21169,64.5396,185,563867,9
850000,328,21455,65.4116,191,577807,4
900000,328,21741,66.2835,193,592428,5
950000,328,22041,67.1982,193,608097,5
1000000,328,22296,67.9756,199,621470,7
1050000,328,22577,68.8323,203,636655,7
1100000,328,22825,69.5884,204,650692,7
1150000,328,23045,70.2591,206,662967,6
1200000,328,23280,70.9756,209,676728,1
1250000,328,23496,71.6341,210,690007,4
1300000,328,23676,72.1829,212,700930,2
1350000,328,23879,72.8018,212,713871,2
1400000,328,24088,73.439,217,726925,6
1450000,328,24307,74.1067,217,740643,5
1500000,328,24530,74.7866,217,754733,3
1550000,328,24742,75.4329,217,769039,9
1600000,328,24948,76.061,221,782778,2
1650000,328,25123,76.5945,221,794555,4
1700000,328,25287,77.0945,225,806094,6
1750000,328,25466,77.6402,225,819114,4
1800000,328,25625,78.125,225,830623,1
1850000,328,25811,78.6921,225,844213,0
1900000,328,25987,79.2287,230,857454,4
1950000,328,26159,79.753,233,870386,1
2000000,328,26332,80.2805,234,884335,3
2050000,328,26489,80.7591,234,896447,4
2100000,328,26646,81.2378,235,908007,2
2150000,328,26784,81.6585,235,918785,2
2200000,328,26944,82.1463,235,931879,0
2250000,328,27081,82.564,235,943054,3
2300000,328,27212,82.9634,240,953544,3
2350000,328,27354,83.3963,240,965238,2
2400000,328,27491,83.814,241,976822,0
2450000,328,27607,84.1677,242,986322,1
2500000,328,27741,84.5762,244,997216,4
2550000,328,27891,85.0335,244,1009900,2
2600000,328,28035,85.4726,244,1022053,2
2650000,328,28171,85.8872,247,1034803,4
2700000,328,28294,86.2622,247,1045827,5
2750000,328,28395,86.5701,247,1054657,2
2800000,328,28537,87.00299999999999,247,1067668,2
2850000,328,28664,87.3902,251,1079467,5
2900000,328,28790,87.7744,251,1090527,3
2950000,328,28920,88.1707,251,1102670,1
3000000,328,29046,88.5549,251,1114557,2
3050000,328,29173,88.9421,254,1126766,4
3100000,328,29277,89.2591,254,1136440,2
3150000,328,29384,89.5854,256,1147171,4
3200000,328,29501,89.9421,256,1158355,5
3250000,328,29602,90.25,257,1168104,0
3300000,328,29711,90.5823,258,1178643,1
3350000,328,29829,90.9421,258,1190034,1
3400000,328,29934,91.2622,258,1200364,0
3450000,328,30028,91.5488,258,1210021,2
3500000,328,30133,91.8689,258,1220654,2
3550000,328,30234,92.1768,258,1230277,2
3600000,328,30326,92.4573,259,1239855,2
3650000,328,30415,92.7287,260,1248983,2
3700000,328,30517,93.0396,260,1259792,2
3750000,328,30632,93.3902,262,1272177,2
3800000,328,30736,93.7073,262,1282705,2
3850000,328,30844,94.0366,262,1294247,2
3900000,328,30937,94.3201,263,1304142,3
3950000,328,31029,94.6006,263,1313681,2
4000000,328,31135,94.9238,264,1325405,1
4050000,328,31232,95.2195,264,1335855,1
4100000,328,31323,95.49700000000001,266,1345960,2
4150000,328,31403,95.7409,266,1354684,0
4200000,328,31501,96.0396,266,1365547,1
4250000,328,31596,96.3293,266,1376250,3
4300000,328,31687,96.6067,266,1386493,2
4350000,328,31795,96.936,268,1398337,2
4400000,328,31885,97.2104,268,1408204,1
4450000,328,31970,97.4695,268,1418099,4
4500000,328,32056,97.7317,268,1427825,0
4550000,328,32136,97.9756,268,1437090,2
4600000,328,32224,98.2439,268,1447457,3
4650000,328,32299,98.4726,270,1456338,1
4700000,328,32363,98.6677,270,1463995,2
4750000,328,32447,98.9238,270,1473392,0
4800000,328,32525,99.1616,270,1482816,0
4850000,328,32606,99.4085,273,1492256,0
4900000,328,32701,99.6982,274,1503769,2
4950000,328,32790,99.9695,275,1514201,1
5000000,328,32872,100.22,275,1524278,1
5050000,328,32943,100.436,275,1532821,2
5100000,328,33032,100.70700000000001,275,1543585,1
5150000,328,33108,100.939,275,1553031,1
5200000,328,33184,101.171,275,1562075,0
5250000,328,33266,101.421,275,1572269,2
5300000,328,33352,101.68299999999999,275,1583281,0
5350000,328,33444,101.963,275,1594959,5
5400000,328,33523,102.204,276,1605102,2
5450000,328,33608,102.463,276,1615775,2
5500000,328,33689,102.71,279,1625810,0
5550000,328,33752,102.902,279,1633892,1
5600000,328,33814,103.09100000000001,280,1642052,0
5650000,328,33887,103.314,280,1651613,2
5700000,328,33959,103.53399999999999,280,1661509,1
5750000,328,34017,103.71,280,1668841,2
5800000,328,34082,103.90899999999999,280,1677148,3
5850000,328,34175,104.19200000000001,283,1689592,0
5900000,328,34252,104.427,283,1699503,1
5950000,328,34323,104.64299999999999,283,1708667,4
6000000,328,34390,104.848,283,1717392,1
6050000,328,34462,105.06700000000001,284,1727196,2
6100000,328,34521,105.24700000000001,284,1735390,1
6150000,328,34594,105.47,284,1745036,2
6200000,328,34658,105.665,284,1753492,0
6250000,328,34736,105.902,285,1764082,0
6300000,328,34806,106.116,285,1773750,1
6350000,328,34869,106.30799999999999,285,1782272,2
6400000,328,34941,106.527,287,1792191,0
6450000,328,35012,106.744,287,1802019,0
6500000,328,35078,106.945,287,1811486,1
6550000,328,35142,107.14,287,1820315,0
6600000,328,35196,107.305,287,1827851,1
6650000,328,35264,107.512,287,1837147,1
6700000,328,35313,107.662,287,1843989,0
6750000,328,35374,107.848,287,1852491,0
6800000,328,35437,108.04,287,1861532,1
6850000,328,35482,108.177,287,1867661,1
6900000,328,35544,108.366,287,1876323,0
6950000,328,35597,108.527,287,1883758,0
7000000,328,35662,108.726,287,1892771,2
7050000,328,35729,108.93,287,1902398,0
7100000,328,35787,109.10700000000001,287,1910940,1
7150000,328,35833,109.24700000000001,287,1917772,1
7200000,328,35889,109.41799999999999,290,1926070,0
7250000,328,35953,109.613,290,1935529,0
7300000,328,36004,109.76799999999999,290,1943005,1
7350000,328,36063,109.948,290,1952094,0
7400000,328,36111,110.095,291,1959180,0
7450000,328,36168,110.26799999999999,291,1967786,1
7500000,328,36222,110.43299999999999,291,1975822,1
7550000,328,36274,110.59100000000001,291,1983453,0
7600000,328,36332,110.76799999999999,291,1992070,1
7650000,328,36376,110.902,291,1998595,1
7700000,328,36433,111.07600000000001,291,2007201,0
7750000,328,36488,111.244,291,2015540,2
7800000,328,36540,111.402,292,2023661,2
7850000,328,36595,111.57,292,2031872,1
7900000,328,36649,111.735,292,2039876,0
7950000,328,36700,111.89,293,2047316,2
8000000,328,36754,112.055,294,2055378,2
8050000,328,36805,112.21,294,2062865,2
8100000,328,36857,112.369,295,2070659,0
8150000,328,36905,112.515,295,2077709,4
8200000,328,36956,112.671,295,2085897,3
8250000,328,37006,112.823,295,2093803,1
8300000,328,37054,112.97,295,2101006,0
8350000,328,37099,113.10700000000001,295,2107902,2
8400000,328,37151,113.265,296,2116297,0
8450000,328,37201,113.41799999999999,296,2124062,2
8500000,328,37244,113.54899999999999,296,2131006,2
8550000,328,37302,113.726,296,2140239,1
8600000,328,37350,113.87200000000001,296,2147915,0
8650000,328,37389,113.991,296,2153892,0
8700000,328,37438,114.14,296,2161410,1
8750000,328,37475,114.25299999999999,296,2167552,1
8800000,328,37534,114.43299999999999,296,2176636,2
8850000,328,37583,114.58200000000001,296,2184484,1
8900000,328,37626,114.713,296,2191392,1
8950000,328,37669,114.845,296,2198355,1
9000000,328,37719,114.99700000000001,296,2206718,2
9050000,328,37770,115.152,298,2214784,0
9100000,328,37816,115.29299999999999,298,2222220,1
9150000,328,37872,115.463,298,2231172,1
9200000,328,37902,115.555,298,2236033,0
9250000,328,37938,115.665,298,2241946,1
9300000,328,37986,115.811,298,2249475,1
9350000,328,38038,115.97,298,2258062,1
9400000,328,38088,116.12200000000001,298,2266263,2
9450000,328,38128,116.244,298,2272342,0
9500000,328,38176,116.39,298,2280271,0
9550000,328,38218,116.51799999999999,298,2287334,1
9600000,328,38264,116.65899999999999,298,2294738,1
9650000,328,38300,116.76799999999999,298,2300698,0
9700000,328,38349,116.91799999999999,299,2309055,2
9750000,328,38397,117.064,299,2316849,1
9800000,328,38444,117.20700000000001,299,2324417,2
9850000,328,38484,117.329,300,2331026,1
9900000,328,38541,117.50299999999999,301,2340330,0
9950000,328,38584,117.634,301,2347494,3
10000000,328,38646,117.823,302,2357447,2
10050000,328,38678,117.921,302,2362511,1
10100000,328,38720,118.04899999999999,302,2369692,0
10150000,328,38764,118.18299999999999,302,2377064,0
10200000,328,38819,118.351,303,2386169,3
10250000,328,38865,118.491,303,2393921,2
10300000,328,38912,118.634,303,2401203,0
10350000,328,38951,118.75299999999999,303,2407530,0
10400000,328,38989,118.869,303,2413832,0
10450000,328,39030,118.994,304,2421013,2
10500000,328,39064,119.098,304,2426673,1
10550000,328,39111,119.241,304,2434751,0
10600000,328,39152,119.366,304,2441609,1
10650000,328,39186,119.47,304,2447499,0
10700000,328,39224,119.585,304,2454002,0
10750000,328,39251,119.66799999999999,304,2458490,3
10800000,328,39280,119.756,304,2463479,0
10850000,328,39320,119.87799999999999,304,2470269,1
10900000,328,39348,119.963,305,2475002,2
10950000,328,39391,120.095,305,2482687,0
11000000,328,39438,120.238,305,2490755,0
11050000,328,39472,120.34100000000001,306,2496433,1
11100000,328,39507,120.448,306,2502687,0
11150000,328,39557,120.601,306,2511443,0
11200000,328,39585,120.686,306,2516032,1
11250000,328,39617,120.78399999999999,306,2521929,0
11300000,328,39653,120.89299999999999,306,2528433,0
11350000,328,39697,121.027,306,2536468,0
11400000,328,39729,121.125,306,2541974,0
11450000,328,39764,121.23200000000001,306,2548088,0
11500000,328,39799,121.338,306,2554215,0
11550000,328,39838,121.45700000000001,306,2561100,1
11600000,328,39863,121.53399999999999,306,2565031,0
11650000,328,39911,121.68,306,2573437,0
11700000,328,39945,121.78399999999999,306,2579302,2
11750000,328,39986,121.90899999999999,306,2586378,0
11800000,328,40019,122.009,306,2592244,0
11850000,328,40046,122.09100000000001,306,2597227,1
11900000,328,40073,122.17399999999999,306,2602334,1
11950000,328,40114,122.29899999999999,306,2609886,0
12000000,328,40148,122.402,306,2616195,2
12050000,328,40186,122.51799999999999,306,2623311,1
12100000,328,40221,122.625,306,2629337,0
12150000,328,40247,122.704,306,2633730,0
12200000,328,40275,122.79,306,2638736,1
12250000,328,40305,122.881,307,2644106,0
12300000,328,40333,122.96600000000001,307,2649324,0
12350000,328,40353,123.027,307,2653029,0
12400000,328,40392,123.146,307,2660262,0
12450000,328,40427,123.25299999999999,307,2666420,1
12500000,328,40461,123.35700000000001,307,2672472,2
12550000,328,40505,123.491,307,2680539,2
12600000,328,40536,123.585,307,2686260,0
12650000,328,40569,123.686,307,2692670,1
12700000,328,40593,123.759,307,2697066,1
12750000,328,40629,123.869,307,2703265,0
12800000,328,40661,123.96600000000001,307,2709104,0
12850000,328,40693,124.064,307,2714945,2
12900000,328,40720,124.146,307,2720316,1
12950000,328,40748,124.23200000000001,308,2725651,0
13000000,328,40781,124.33200000000001,308,2731686,1
13050000,328,40798,124.384,308,2734582,1
13100000,328,40831,124.485,308,2740596,0
13150000,328,40872,124.61,308,2748188,1
13200000,328,40906,124.713,308,2754438,0
13250000,328,40930,124.787,308,2758807,0
13300000,328,40956,124.866,308,2763663,0
13350000,328,40979,124.936,308,2767867,1
13400000,328,41010,125.03,308,2773801,1
13450000,328,41045,125.137,308,2780371,0
13500000,328,41075,125.229,309,2786005,2
13550000,328,41102,125.311,309,2791142,3
13600000,328,41134,125.40899999999999,309,2797170,1
13650000,328,41164,125.5,309,2802440,0
13700000,328,41196,125.598,309,2808494,1
13750000,328,41232,125.70700000000001,311,2815220,2
13800000,328,41260,125.79299999999999,311,2820456,1
13850000,328,41296,125.902,311,2827524,1
13900000,328,41318,125.97,311,2831833,1
13950000,328,41351,126.07,311,2838242,2
14000000,328,41371,126.131,311,2842368,0
14050000,328,41398,126.213,311,2847275,1
14100000,328,41437,126.33200000000001,311,2854718,0
14150000,328,41456,126.39,312,2858634,2
14200000,328,41491,126.49700000000001,312,2865568,1
14250000,328,41516,126.573,312,2870388,1
14300000,328,41540,126.646,312,2874852,0
14350000,328,41566,126.726,312,2879885,3
14400000,328,41589,126.796,312,2884287,3
14450000,328,41618,126.884,312,2889910,1
14500000,328,41650,126.98200000000001,312,2896136,2
14550000,328,41678,127.06700000000001,312,2901729,0
14600000,328,41707,127.155,312,2907379,1
14650000,328,41733,127.235,312,2912592,1
14700000,328,41759,127.314,312,2917834,1
14750000,328,41786,127.396,312,2923054,0
14800000,328,41802,127.445,312,2926341,1
14850000,328,41825,127.515,312,2930846,1
14900000,328,41860,127.62200000000001,312,2937556,1
14950000,328,41888,127.70700000000001,312,2943058,0
15000000,328,41916,127.79299999999999,312,2948390,0
15050000,328,41942,127.87200000000001,312,2953618,0
15100000,328,41970,127.95700000000001,312,2959112,0
15150000,328,41996,128.037,312,2964221,0
15200000,328,42022,128.116,312,2969426,0
15250000,328,42045,128.186,312,2973877,0
15300000,328,42071,128.265,312,2978978,0
15350000,328,42102,128.36,312,2985126,0
15400000,328,42130,128.445,312,2990579,1
15450000,328,42161,128.54,312,2997024,3
15500000,328,42190,128.628,312,3002844,1
15550000,328,42211,128.692,312,3007257,1
15600000,328,42234,128.762,312,3011957,1
15650000,328,42252,128.817,312,3015486,0
15700000,328,42277,128.893,312,3020340,0
15750000,328,42302,128.97,312,3025449,1
15800000,328,42320,129.024,312,3029071,0
15850000,328,42342,129.091,312,3033385,1
15900000,328,42362,129.15200000000002,312,3037237,0
15950000,328,42390,129.238,312,3043130,0
16000000,328,42419,129.326,312,3048737,1
16050000,328,42437,129.381,312,3052281,0
16100000,328,42470,129.482,312,3059064,0
16150000,328,42490,129.543,312,3063168,0
16200000,328,42513,129.613,312,3067685,0
16250000,328,42532,129.671,312,3071390,1
16300000,328,42548,129.72,312,3074403,0
16350000,328,42571,129.79,312,3078878,0
16400000,328,42593,129.857,312,3083149,1
16450000,328,42622,129.945,312,3089153,1
16500000,328,42644,130.012,312,3093408,1
16550000,328,42659,130.058,312,3096541,1
16600000,328,42679,130.119,312,3100498,0
16650000,328,42696,130.171,312,3104008,0
16700000,328,42717,130.235,312,3108324,1
16750000,328,42742,130.311,312,3113441,0
16800000,328,42762,130.372,312,3117610,0
16850000,328,42782,130.433,312,3121701,1
16900000,328,42799,130.485,312,3125250,2
16950000,328,42819,130.546,312,3129181,1
17000000,328,42837,130.601,312,3132739,1
17050000,328,42856,130.659,312,3136738,1
17100000,328,42881,130.735,312,3141675,0
17150000,328,42899,130.79,313,3145398,0
17200000,328,42920,130.85399999999998,313,3149914,1
17250000,328,42948,130.939,313,3155659,1
17300000,328,42970,131.006,313,3160279,0
17350000,328,42985,131.05200000000002,313,3163562,0
17400000,328,43010,131.128,313,3168775,0
17450000,328,43029,131.186,313,3172592,0
17500000,328,43049,131.247,313,3176866,1
17550000,328,43064,131.293,313,3179911,0
17600000,328,43080,131.341,313,3183238,2
17650000,328,43100,131.40200000000002,313,3187424,0
17700000,328,43112,131.439,313,3189803,1
17750000,328,43136,131.512,313,3194610,0
17800000,328,43155,131.57,313,3198168,1
17850000,328,43174,131.628,313,3201939,0
17900000,328,43196,131.695,314,3206435,1
17950000,328,43232,131.805,314,3213744,1
18000000,328,43250,131.86,314,3217299,0
18050000,328,43269,131.918,314,3220931,0
18100000,328,43296,132.0,314,3226470,1
18150000,328,43313,132.05200000000002,314,3230220,0
18200000,328,43328,132.09799999999998,314,3233144,0
18250000,328,43345,132.149,314,3236528,0
18300000,328,43367,132.216,314,3241001,2
18350000,328,43386,132.274,315,3245080,0
18400000,328,43406,132.335,315,3249366,1
18450000,328,43425,132.393,315,3253666,0
18500000,328,43449,132.466,315,3258803,3
18550000,328,43471,132.534,315,3263573,0
18600000,328,43490,132.591,315,3267601,1
