timestep,num_nodes,num_edges,average_degree,max_degree,num_triangles,new_edges
0,321,953,2.96885,14,169,953
50000,328,12173,37.1128,107,222621,64
100000,328,14083,42.93600000000001,122,298145,25
150000,328,15239,46.4604,134,340264,23
200000,328,16108,49.1098,143,369853,16
250000,328,16789,51.18600000000001,149,393454,11
300000,328,17339,52.8628,153,412230,14
350000,328,17801,54.2713,159,427699,14
400000,328,18264,55.6829,165,443979,13
450000,328,18708,57.0366,170,461180,9
500000,328,19098,58.2256,174,475706,9
550000,328,19487,59.4116,177,490870,10
600000,328,19853,60.5274,181,506048,11
650000,328,20192,61.56100000000001,183,520970,10
700000,328,20555,62.6677,187,537130,7
750000,328,20841,63.5396,187,550615,5
800000,328,21140,64.4512,194,565054,7
850000,328,21447,65.3872,197,579979,3
900000,328,21716,66.2073,197,593486,8
950000,328,21988,67.0366,201,608094,9
1000000,328,22223,67.753,203,620130,5
1050000,328,22483,68.5457,205,634013,7
1100000,328,22719,69.2652,210,647203,5
1150000,328,22968,70.0244,214,661465,4
1200000,328,23193,70.7104,214,674304,2
1250000,328,23443,71.4726,216,689429,8
1300000,328,23659,72.1311,216,702631,3
1350000,328,23862,72.75,216,715453,0
1400000,328,24038,73.2866,216,726352,3
1450000,328,24246,73.9207,216,739762,5
1500000,328,24451,74.5457,220,753519,3
1550000,328,24638,75.1159,223,766388,4
1600000,328,24845,75.747,223,780690,4
1650000,328,25034,76.3232,223,793532,4
1700000,328,25193,76.8079,225,804460,3
1750000,328,25355,77.3018,227,815738,1
1800000,328,25516,77.7927,227,827326,4
1850000,328,25680,78.2927,228,838919,5
1900000,328,25820,78.7195,228,849379,3
1950000,328,26004,79.2805,228,862685,2
2000000,328,26190,79.8476,228,876735,5
2050000,328,26348,80.3293,234,888887,5
2100000,328,26491,80.7652,236,899194,1
2150000,328,26669,81.3079,236,912932,4
2200000,328,26820,81.7683,240,924388,3
2250000,328,26959,82.1921,240,935763,5
2300000,328,27104,82.6341,240,947510,4
2350000,328,27248,83.0732,240,959213,6
2400000,328,27412,83.5732,244,972713,1
2450000,328,27539,83.9604,244,983127,3
2500000,328,27666,84.3476,244,993847,3
2550000,328,27818,84.811,247,1006894,5
2600000,328,27945,85.1982,249,1017717,4
2650000,328,28068,85.5732,249,1028988,0
2700000,328,28216,86.0244,249,1041974,2
2750000,328,28346,86.4207,249,1053843,1
2800000,328,28466,86.7866,252,1064960,4
2850000,328,28595,87.1799,252,1076960,4
2900000,328,28708,87.5244,252,1087092,4
2950000,328,28849,87.9543,254,1099679,2
3000000,328,28948,88.2561,254,1108659,3
3050000,328,29056,88.5854,258,1118855,3
3100000,328,29159,88.8994,258,1128919,0
3150000,328,29285,89.2835,258,1140628,3
3200000,328,29406,89.6524,258,1152441,4
3250000,328,29536,90.0488,260,1164736,5
3300000,328,29648,90.3902,260,1175882,0
3350000,328,29778,90.7866,260,1189094,5
3400000,328,29890,91.12799999999999,261,1200184,2
3450000,328,30008,91.4878,262,1212487,2
3500000,328,30104,91.7805,262,1222132,1
3550000,328,30212,92.1098,263,1233045,5
3600000,328,30329,92.4665,263,1244787,2
3650000,328,30422,92.75,263,1254153,0
3700000,328,30528,93.0732,263,1264940,2
3750000,328,30631,93.3872,263,1275980,1
3800000,328,30719,93.6555,263,1284747,1
3850000,328,30823,93.9726,263,1295549,4
3900000,328,30933,94.3079,263,1307781,3
3950000,328,31047,94.6555,266,1320405,0
4000000,328,31155,94.9848,266,1332122,3
4050000,328,31250,95.2744,266,1343024,0
4100000,328,31351,95.5823,267,1354420,2
4150000,328,31444,95.8659,269,1364365,1
4200000,328,31539,96.1555,269,1374952,2
4250000,328,31635,96.4482,269,1385889,2
4300000,328,31701,96.6494,269,1393123,1
4350000,328,31783,96.8994,269,1402192,3
4400000,328,31895,97.2409,269,1415275,1
4450000,328,31990,97.5305,269,1426415,1
4500000,328,32080,97.8049,269,1436949,1
4550000,328,32164,98.061,270,1446860,1
4600000,328,32255,98.3384,271,1457872,3
4650000,328,32346,98.6159,271,1468348,1
4700000,328,32417,98.8323,271,1476617,0
4750000,328,32506,99.1037,272,1486996,1
4800000,328,32586,99.3476,272,1496501,1
4850000,328,32679,99.6311,272,1507550,1
4900000,328,32750,99.8476,273,1516045,0
4950000,328,32815,100.046,273,1523762,0
5000000,328,32906,100.323,273,1534738,3
5050000,328,33004,100.62200000000001,273,1546913,2
5100000,328,33085,100.869,273,1556847,0
5150000,328,33171,101.131,273,1567731,5
5200000,328,33245,101.35700000000001,273,1576856,1
5250000,328,33314,101.56700000000001,273,1585324,1
5300000,328,33392,101.805,273,1594600,1
5350000,328,33458,102.006,273,1603028,1
5400000,328,33528,102.22,273,1612326,0
5450000,328,33598,102.43299999999999,273,1621201,1
5500000,328,33674,102.665,273,1630934,1
5550000,328,33750,102.896,275,1640601,2
5600000,328,33818,103.104,275,1649161,2
5650000,328,33882,103.29899999999999,275,1657702,2
5700000,328,33958,103.53,275,1667739,3
5750000,328,34017,103.71,275,1674952,1
5800000,328,34086,103.921,275,1683419,0
5850000,328,34143,104.095,276,1691187,0
5900000,328,34202,104.274,276,1699069,2
5950000,328,34271,104.485,276,1708597,2
6000000,328,34354,104.738,276,1719674,0
6050000,328,34412,104.915,276,1727533,0
6100000,328,34477,105.113,276,1736268,0
6150000,328,34541,105.30799999999999,276,1745307,3
6200000,328,34616,105.537,279,1755058,1
6250000,328,34675,105.71600000000001,279,1762828,2
6300000,328,34739,105.912,279,1771492,3
6350000,328,34803,106.10700000000001,279,1780059,4
6400000,328,34865,106.296,279,1788310,2
6450000,328,34918,106.45700000000001,279,1795663,1
6500000,328,34978,106.64,279,1803810,0
6550000,328,35039,106.82600000000001,279,1811977,1
6600000,328,35102,107.01799999999999,279,1820526,3
6650000,328,35166,107.213,283,1828832,1
6700000,328,35226,107.396,283,1837298,1
6750000,328,35280,107.561,283,1844603,1
6800000,328,35332,107.72,284,1852102,1
6850000,328,35391,107.899,284,1859904,1
6900000,328,35442,108.055,284,1867378,1
6950000,328,35502,108.238,284,1875667,2
7000000,328,35562,108.421,284,1883904,0
7050000,328,35620,108.598,284,1891827,1
7100000,328,35680,108.78,284,1900265,2
7150000,328,35742,108.97,284,1909783,2
7200000,328,35810,109.177,284,1919583,3
7250000,328,35882,109.396,284,1929710,2
7300000,328,35932,109.54899999999999,284,1936788,0
7350000,328,35980,109.695,289,1943879,0
7400000,328,36041,109.881,289,1952688,0
7450000,328,36107,110.08200000000001,290,1962304,1
7500000,328,36164,110.256,290,1970361,2
7550000,328,36227,110.448,290,1979832,1
7600000,328,36287,110.631,290,1988643,0
7650000,328,36347,110.814,290,1997606,1
7700000,328,36405,110.991,292,2005978,1
7750000,328,36450,111.12799999999999,292,2012768,2
7800000,328,36505,111.296,292,2021207,2
7850000,328,36554,111.445,292,2028687,3
7900000,328,36610,111.616,292,2036948,0
7950000,328,36663,111.777,292,2045177,0
8000000,328,36716,111.939,292,2053310,0
8050000,328,36765,112.088,292,2060450,2
8100000,328,36816,112.244,293,2068501,1
8150000,328,36862,112.384,293,2075376,0
8200000,328,36918,112.555,293,2083688,0
8250000,328,36972,112.72,294,2092327,1
8300000,328,37033,112.905,294,2101241,1
8350000,328,37088,113.073,294,2109346,1
8400000,328,37133,113.21,294,2116013,1
8450000,328,37185,113.369,294,2123956,3
8500000,328,37245,113.552,294,2132772,2
8550000,328,37304,113.73200000000001,294,2141624,0
8600000,328,37342,113.848,294,2147922,1
8650000,328,37380,113.963,294,2154391,0
8700000,328,37425,114.101,294,2161575,0
8750000,328,37469,114.235,294,2168344,1
8800000,328,37520,114.39,295,2176770,2
8850000,328,37570,114.54299999999999,296,2184673,1
8900000,328,37621,114.698,296,2192765,1
8950000,328,37673,114.85700000000001,296,2201216,1
9000000,328,37716,114.988,296,2208116,2
9050000,328,37760,115.12200000000001,296,2214896,0
9100000,328,37810,115.274,296,2222750,0
9150000,328,37852,115.402,296,2229205,1
9200000,328,37894,115.53,296,2235889,1
9250000,328,37943,115.68,297,2243659,2
9300000,328,37993,115.83200000000001,297,2251804,2
9350000,328,38039,115.973,297,2259576,0
9400000,328,38085,116.113,298,2266996,0
9450000,328,38128,116.244,298,2274228,1
9500000,328,38164,116.354,298,2280225,0
9550000,328,38195,116.448,298,2285273,1
9600000,328,38237,116.57600000000001,298,2292295,2
9650000,328,38274,116.689,298,2298499,0
9700000,328,38309,116.796,298,2304283,0
9750000,328,38361,116.954,298,2312885,2
9800000,328,38392,117.04899999999999,298,2317987,1
9850000,328,38432,117.171,298,2324630,0
9900000,328,38473,117.296,298,2331766,0
9950000,328,38528,117.463,298,2340659,1
10000000,328,38577,117.613,298,2349009,2
10050000,328,38620,117.744,298,2356020,0
10100000,328,38669,117.89299999999999,298,2364089,1
10150000,328,38708,118.012,301,2370474,1
10200000,328,38743,118.119,301,2375909,0
10250000,328,38774,118.213,301,2381288,0
10300000,328,38820,118.354,301,2389186,1
10350000,328,38864,118.488,301,2396621,0
10400000,328,38909,118.625,301,2404218,2
10450000,328,38948,118.744,303,2411112,0
10500000,328,38979,118.838,303,2416197,0
10550000,328,39018,118.95700000000001,303,2422993,0
10600000,328,39062,119.09100000000001,303,2430516,0
10650000,328,39092,119.18299999999999,303,2435634,0
10700000,328,39127,119.29,304,2441465,0
10750000,328,39176,119.439,304,2449669,2
10800000,328,39221,119.57600000000001,304,2457465,0
10850000,328,39249,119.662,304,2462236,0
10900000,328,39274,119.738,304,2466547,0
10950000,328,39324,119.89,304,2475027,1
11000000,328,39357,119.991,304,2480939,1
11050000,328,39398,120.116,304,2487870,0
11100000,328,39432,120.22,304,2493771,0
11150000,328,39466,120.323,304,2499526,1
11200000,328,39512,120.463,304,2507715,1
11250000,328,39554,120.59100000000001,304,2514873,3
11300000,328,39590,120.70100000000001,304,2521075,0
11350000,328,39620,120.79299999999999,304,2526438,2
11400000,328,39656,120.902,304,2532689,1
11450000,328,39691,121.009,304,2538822,1
11500000,328,39731,121.131,304,2545790,1
11550000,328,39775,121.265,304,2553447,1
11600000,328,39806,121.36,304,2558691,0
11650000,328,39843,121.473,304,2565363,4
11700000,328,39880,121.585,304,2571848,1
11750000,328,39914,121.689,304,2577824,0
11800000,328,39948,121.79299999999999,304,2583736,0
11850000,328,39987,121.912,304,2590537,2
11900000,328,40014,121.994,304,2595405,1
11950000,328,40050,122.104,304,2601772,0
12000000,328,40088,122.22,304,2608715,0
12050000,328,40121,122.32,305,2614866,3
12100000,328,40159,122.436,307,2621952,2
12150000,328,40188,122.524,307,2627234,1
12200000,328,40220,122.62200000000001,307,2633174,1
12250000,328,40252,122.72,307,2638979,0
12300000,328,40291,122.838,307,2645624,1
12350000,328,40333,122.96600000000001,307,2653219,0
12400000,328,40369,123.07600000000001,307,2659799,1
12450000,328,40407,123.19200000000001,307,2666353,0
12500000,328,40443,123.302,307,2672929,1
12550000,328,40479,123.412,307,2679654,0
12600000,328,40517,123.527,307,2686355,1
12650000,328,40548,123.62200000000001,307,2692030,0
12700000,328,40582,123.726,307,2698084,1
12750000,328,40616,123.829,307,2704288,2
12800000,328,40655,123.948,307,2711647,0
12850000,328,40687,124.046,307,2717471,0
12900000,328,40716,124.134,307,2722334,0
12950000,328,40758,124.262,307,2730142,0
13000000,328,40793,124.369,307,2736664,1
13050000,328,40832,124.488,308,2744156,0
13100000,328,40863,124.58200000000001,308,2749669,1
13150000,328,40899,124.69200000000001,308,2756212,4
13200000,328,40932,124.79299999999999,308,2762352,0
13250000,328,40961,124.881,308,2767647,0
13300000,328,40980,124.939,308,2771401,0
13350000,328,41012,125.037,308,2777426,1
13400000,328,41040,125.12200000000001,308,2782675,0
13450000,328,41063,125.19200000000001,308,2786613,0
13500000,328,41102,125.311,308,2793638,0
13550000,328,41125,125.381,308,2797970,2
13600000,328,41155,125.473,308,2803476,0
13650000,328,41192,125.585,308,2810212,2
13700000,328,41226,125.689,308,2816697,0
13750000,328,41244,125.744,308,2820212,1
13800000,328,41274,125.835,308,2825748,1
13850000,328,41307,125.936,308,2832097,0
13900000,328,41345,126.052,308,2839230,1
13950000,328,41372,126.134,308,2844699,1
14000000,328,41400,126.22,308,2850056,0
14050000,328,41430,126.311,309,2855875,0
14100000,328,41458,126.396,309,2861147,1
14150000,328,41486,126.48200000000001,309,2866190,1
14200000,328,41518,126.579,309,2872152,1
14250000,328,41536,126.634,309,2875541,0
14300000,328,41559,126.704,309,2879944,1
14350000,328,41582,126.774,309,2884331,0
14400000,328,41617,126.881,309,2891005,0
14450000,328,41644,126.963,309,2896054,0
14500000,328,41671,127.046,309,2901301,0
14550000,328,41700,127.134,309,2907090,0
14600000,328,41727,127.21600000000001,309,2912193,0
14650000,328,41755,127.302,310,2917629,1
14700000,328,41777,127.369,310,2921996,0
14750000,328,41805,127.454,310,2927422,0
14800000,328,41832,127.537,310,2932905,0
14850000,328,41858,127.616,310,2937808,1
14900000,328,41877,127.67399999999999,310,2941324,0
14950000,328,41903,127.75299999999999,310,2946496,2
15000000,328,41931,127.838,310,2952003,0
15050000,328,41955,127.912,310,2956842,0
15100000,328,41969,127.954,310,2959605,0
15150000,328,41989,128.015,310,2963557,1
15200000,328,42018,128.10399999999998,311,2969459,0
15250000,328,42036,128.159,311,2973060,0
15300000,328,42056,128.22,311,2977087,0
15350000,328,42080,128.293,311,2982038,1
15400000,328,42109,128.381,311,2987757,0
15450000,328,42133,128.454,311,2992290,0
15500000,328,42155,128.52100000000002,311,2996628,0
15550000,328,42179,128.595,311,3001232,0
15600000,328,42205,128.674,311,3006185,0
15650000,328,42231,128.753,311,3011536,0
15700000,328,42257,128.832,311,3016566,0
15750000,328,42284,128.915,311,3021802,1
15800000,328,42303,128.97299999999998,311,3025637,0
15850000,328,42329,129.05200000000002,311,3030997,1
15900000,328,42350,129.116,311,3035352,1
15950000,328,42389,129.235,312,3043747,1
16000000,328,42418,129.32299999999998,312,3049593,0
16050000,328,42440,129.39,312,3053868,2
16100000,328,42459,129.44799999999998,312,3057800,1
16150000,328,42479,129.509,312,3061759,0
16200000,328,42506,129.591,312,3067265,0
16250000,328,42524,129.64600000000002,312,3070695,0
16300000,328,42534,129.67700000000002,312,3072680,0
16350000,328,42564,129.768,312,3078725,1
16400000,328,42590,129.84799999999998,312,3084367,3
16450000,328,42608,129.90200000000002,312,3087930,0
16500000,328,42629,129.966,313,3092052,0
16550000,328,42653,130.04,313,3096874,0
16600000,328,42670,130.091,313,3100167,0
16650000,328,42687,130.143,313,3103763,0
16700000,328,42718,130.238,313,3110283,0
16750000,328,42735,130.29,313,3113705,0
16800000,328,42758,130.36,313,3118548,0
16850000,328,42770,130.39600000000002,313,3120991,0
16900000,328,42799,130.485,313,3126751,0
16950000,328,42828,130.57299999999998,313,3132401,1
17000000,328,42848,130.634,313,3136288,0
17050000,328,42871,130.704,313,3141091,1
17100000,328,42889,130.759,314,3144745,0
17150000,328,42917,130.845,314,3150304,1
17200000,328,42942,130.921,314,3155300,0
17250000,328,42965,130.991,314,3160030,0
17300000,328,42982,131.043,314,3163572,1
17350000,328,43010,131.128,314,3169358,0
17400000,328,43036,131.207,314,3174703,0
17450000,328,43062,131.287,314,3179797,2
17500000,328,43084,131.35399999999998,314,3184096,0
17550000,328,43098,131.39600000000002,314,3186926,0
17600000,328,43120,131.463,314,3191533,0
17650000,328,43136,131.512,314,3194769,0
17700000,328,43150,131.555,314,3197755,0
17750000,328,43173,131.625,314,3202366,0
17800000,328,43195,131.692,314,3206696,0
17850000,328,43208,131.732,314,3209228,0
17900000,328,43219,131.765,314,3211727,0
17950000,328,43252,131.866,314,3218711,1
18000000,328,43270,131.921,314,3222300,1
18050000,328,43285,131.966,314,3225447,0
18100000,328,43304,132.024,314,3229532,0
18150000,328,43322,132.079,314,3233345,1
18200000,328,43338,132.128,314,3236556,0
18250000,328,43356,132.183,314,3240250,0
18300000,328,43375,132.241,314,3243989,0
18350000,328,43392,132.293,314,3247200,0
18400000,328,43416,132.366,314,3252324,0
18450000,328,43433,132.418,314,3255707,2
18500000,328,43451,132.47299999999998,314,3259505,1
18550000,328,43475,132.546,314,3264527,0
18600000,328,43494,132.60399999999998,314,3268390,0
