timestep,num_nodes,num_edges,average_degree,max_degree,num_triangles,new_edges
0,1936,1000,0.516529,2,0,1000
50000,69602,51000,0.732738,35,0,1000
100000,123765,101000,0.816063,69,0,1000
150000,172312,151000,0.876317,87,0,1000
200000,217730,201000,0.923162,109,0,1000
250000,260566,251000,0.9632879999999999,146,0,1000
300000,301599,301000,0.998014,179,0,1000
350000,340915,351000,1.02958,208,0,1000
400000,378727,401000,1.05881,248,0,1000
450000,415688,451000,1.08495,275,0,1000
500000,451673,501000,1.10921,300,0,1000
550000,486631,551000,1.13227,321,0,1000
600000,520739,601000,1.1541299999999999,363,0,1000
650000,553884,651000,1.17534,388,0,1000
700000,586395,701000,1.19544,410,0,1000
750000,618416,751000,1.2143899999999999,428,0,1000
800000,649863,801000,1.2325700000000002,475,0,1000
850000,680810,851000,1.2499799999999999,513,0,1000
900000,711054,901000,1.2671299999999999,542,0,1000
950000,740757,951000,1.2838200000000002,569,0,1000
1000000,770183,1001000,1.29969,606,0,1000
1050000,799044,1051000,1.31532,633,0,1000
1100000,827410,1101000,1.33066,659,0,1000
1150000,855464,1151000,1.3454700000000002,684,0,1000
1200000,883041,1201000,1.3600700000000001,721,0,1000
1250000,910509,1251000,1.37396,755,0,1000
1300000,937415,1301000,1.38786,788,0,1000
1350000,964287,1351000,1.40104,813,0,1000
1400000,990488,1401000,1.41445,834,0,1000
1450000,1016443,1451000,1.42753,865,0,1000
1500000,1041994,1501000,1.44051,893,0,1000
1550000,1067516,1551000,1.4529100000000001,920,0,1000
1600000,1092760,1601000,1.4651,947,0,1000
1650000,1117628,1651000,1.4772399999999999,970,0,1000
1700000,1142206,1701000,1.48922,997,0,1000
1750000,1166590,1751000,1.50096,1019,0,1000
1800000,1190713,1801000,1.51254,1046,0,1000
1850000,1214487,1851000,1.5241,1075,0,1000
1900000,1238177,1901000,1.53532,1104,0,1000
1950000,1261432,1951000,1.54665,1128,0,1000
2000000,1284549,2001000,1.55775,1149,0,1000
2050000,1307655,2051000,1.56846,1169,0,1000
2100000,1330478,2101000,1.57913,1193,0,1000
2150000,1353072,2151000,1.58972,1220,0,1000
2200000,1375384,2201000,1.60028,1254,0,1000
2250000,1397637,2251000,1.61058,1276,0,1000
2300000,1419663,2301000,1.62081,1304,0,1000
2350000,1441413,2351000,1.63104,1329,0,1000
2400000,1463110,2401000,1.6410200000000001,1360,0,1000
2450000,1484577,2451000,1.65098,1390,0,1000
2500000,1505755,2501000,1.6609599999999998,1421,0,1000
2550000,1526862,2551000,1.67075,1453,0,1000
2600000,1547878,2601000,1.6803599999999999,1482,0,1000
2650000,1568726,2651000,1.6899099999999998,1504,0,1000
2700000,1589391,2701000,1.6993900000000002,1540,0,1000
2750000,1609989,2751000,1.70871,1570,0,1000
2800000,1630474,2801000,1.7179099999999998,1600,0,1000
2850000,1650513,2851000,1.72734,1621,0,1000
2900000,1670586,2901000,1.73652,1654,0,1000
2950000,1690364,2951000,1.7457799999999999,1688,0,1000
3000000,1710337,3001000,1.75462,1723,0,1000
3050000,1730159,3051000,1.76342,1750,0,1000
3100000,1749718,3101000,1.7722900000000001,1777,0,1000
3150000,1769529,3151000,1.7807,1799,0,1000
3200000,1789023,3201000,1.7892400000000002,1827,0,1000
3250000,1808313,3251000,1.79781,1866,0,1000
3300000,1827438,3301000,1.80635,1891,0,1000
3350000,1846517,3351000,1.81477,1917,0,1000
3400000,1865484,3401000,1.82312,1950,0,1000
3450000,1884282,3451000,1.8314700000000002,1980,0,1000
3500000,1903100,3501000,1.8396299999999999,2014,0,1000
3550000,1921784,3551000,1.8477599999999998,2049,0,1000
3600000,1940199,3601000,1.8559999999999999,2083,0,1000
3650000,1958535,3651000,1.86415,2107,0,1000
3700000,1976744,3701000,1.87227,2136,0,1000
3750000,1994720,3751000,1.8804599999999998,2162,0,1000
3800000,2012638,3801000,1.88857,2199,0,1000
3850000,2030611,3851000,1.89647,2238,0,1000
3900000,2048427,3901000,1.9043900000000002,2260,0,1000
3950000,2065975,3951000,1.91241,2291,0,1000
4000000,2083663,4001000,1.92018,2319,0,1000
4050000,2101290,4051000,1.92786,2347,0,1000
4100000,2118577,4101000,1.93573,2372,0,1000
4150000,2135900,4151000,1.94344,2401,0,1000
4200000,2153087,4201000,1.95115,2421,0,1000
4250000,2170144,4251000,1.9588599999999998,2451,0,1000
4300000,2187007,4301000,1.9666099999999997,2483,0,1000
4350000,2204053,4351000,1.9740900000000001,2508,0,1000
4400000,2220975,4401000,1.9815599999999998,2540,0,1000
4450000,2237559,4451000,1.98922,2574,0,1000
4500000,2254385,4501000,1.99655,2601,0,1000
4550000,2271106,4551000,2.00387,2623,0,1000
4600000,2287632,4601000,2.01125,2649,0,1000
