timestep,num_nodes,num_edges,average_degree,max_degree,num_triangles,new_edges
0,1926,1000,0.519211,3,0,1000
50000,69667,51000,0.732054,41,0,1000
100000,123536,101000,0.817575,69,0,1000
150000,172062,151000,0.877591,99,0,1000
200000,217313,201000,0.924933,132,0,1000
250000,260409,251000,0.9638680000000001,160,0,1000
300000,301370,301000,0.9987719999999999,183,0,1000
350000,340571,351000,1.03062,201,0,1000
400000,378508,401000,1.05942,227,0,1000
450000,415532,451000,1.08536,253,0,1000
500000,451157,501000,1.11048,280,0,1000
550000,486268,551000,1.1331200000000001,314,0,1000
600000,520419,601000,1.1548399999999999,335,0,1000
650000,553821,651000,1.17547,361,0,1000
700000,586351,701000,1.19553,387,0,1000
750000,618361,751000,1.2145,421,0,1000
800000,649727,801000,1.2328299999999999,452,0,1000
850000,680408,851000,1.25072,482,0,1000
900000,710784,901000,1.2676100000000001,509,0,1000
950000,740420,951000,1.28441,536,0,1000
1000000,769780,1001000,1.30037,570,0,1000
1050000,798614,1051000,1.31603,610,0,1000
1100000,827139,1101000,1.3310899999999999,639,0,1000
1150000,855094,1151000,1.34605,672,0,1000
1200000,882732,1201000,1.36055,703,0,1000
1250000,909955,1251000,1.37479,741,0,1000
1300000,936920,1301000,1.38859,771,0,1000
1350000,963707,1351000,1.40188,796,0,1000
1400000,990127,1401000,1.41497,817,0,1000
1450000,1015985,1451000,1.4281700000000002,849,0,1000
1500000,1041581,1501000,1.44108,884,0,1000
1550000,1067060,1551000,1.45353,909,0,1000
1600000,1092238,1601000,1.4658,934,0,1000
1650000,1116954,1651000,1.47813,964,0,1000
1700000,1141480,1701000,1.49017,994,0,1000
1750000,1165957,1751000,1.50177,1021,0,1000
1800000,1190017,1801000,1.51342,1052,0,1000
1850000,1213814,1851000,1.52495,1081,0,1000
1900000,1237627,1901000,1.536,1109,0,1000
1950000,1261091,1951000,1.5470700000000002,1131,0,1000
2000000,1284261,2001000,1.55809,1163,0,1000
2050000,1307162,2051000,1.56905,1196,0,1000
2100000,1329841,2101000,1.57989,1223,0,1000
2150000,1352250,2151000,1.5906799999999999,1251,0,1000
2200000,1374470,2201000,1.60134,1284,0,1000
2250000,1396735,2251000,1.61162,1307,0,1000
2300000,1418695,2301000,1.62191,1344,0,1000
2350000,1440465,2351000,1.63211,1375,0,1000
2400000,1462341,2401000,1.64189,1405,0,1000
2450000,1483932,2451000,1.65169,1436,0,1000
2500000,1505311,2501000,1.66145,1469,0,1000
2550000,1526546,2551000,1.6710900000000002,1496,0,1000
2600000,1547545,2601000,1.6807299999999998,1529,0,1000
2650000,1568518,2651000,1.69013,1559,0,1000
2700000,1589251,2701000,1.69954,1582,0,1000
2750000,1609842,2751000,1.7088599999999998,1605,0,1000
2800000,1630305,2801000,1.7180799999999998,1646,0,1000
2850000,1650610,2851000,1.72724,1673,0,1000
2900000,1670751,2901000,1.7363400000000002,1701,0,1000
2950000,1690721,2951000,1.74541,1732,0,1000
3000000,1710561,3001000,1.7544,1756,0,1000
3050000,1730389,3051000,1.76319,1785,0,1000
3100000,1750102,3101000,1.7719,1828,0,1000
3150000,1769617,3151000,1.7806099999999998,1860,0,1000
3200000,1788830,3201000,1.7894400000000001,1879,0,1000
3250000,1808165,3251000,1.7979599999999998,1910,0,1000
3300000,1827330,3301000,1.80646,1944,0,1000
3350000,1846274,3351000,1.8150099999999998,1980,0,1000
3400000,1865020,3401000,1.8235700000000001,2009,0,1000
3450000,1883674,3451000,1.8320599999999998,2033,0,1000
3500000,1902233,3501000,1.84047,2057,0,1000
3550000,1920621,3551000,1.8488799999999999,2083,0,1000
3600000,1939190,3601000,1.85696,2111,0,1000
3650000,1957464,3651000,1.86517,2133,0,1000
3700000,1975615,3701000,1.8733400000000002,2157,0,1000
3750000,1993587,3751000,1.88153,2186,0,1000
3800000,2011455,3801000,1.88968,2220,0,1000
3850000,2029334,3851000,1.89767,2240,0,1000
3900000,2047108,3901000,1.90562,2265,0,1000
3950000,2064906,3951000,1.9134,2292,0,1000
4000000,2082610,4001000,1.92115,2316,0,1000
4050000,2100311,4051000,1.9287599999999998,2342,0,1000
4100000,2117607,4101000,1.93662,2381,0,1000
4150000,2134847,4151000,1.9444,2411,0,1000
4200000,2152109,4201000,1.9520400000000002,2444,0,1000
4250000,2169449,4251000,1.9594799999999999,2462,0,1000
4300000,2186595,4301000,1.9669900000000002,2485,0,1000
4350000,2203602,4351000,1.97449,2516,0,1000
4400000,2220683,4401000,1.9818200000000001,2549,0,1000
4450000,2237655,4451000,1.9891400000000001,2570,0,1000
4500000,2254461,4501000,1.99649,2595,0,1000
4550000,2271193,4551000,2.00379,2628,0,1000
4600000,2287582,4601000,2.0112900000000002,2651,0,1000
