timestep,num_nodes,num_edges,average_degree,max_degree,num_triangles,new_edges
0,1934,1000,0.517063,3,0,1000
50000,69598,51000,0.73278,36,0,1000
100000,123225,101000,0.8196389999999999,60,0,1000
150000,171897,151000,0.878433,93,0,1000
200000,217180,201000,0.9255,121,0,1000
250000,259992,251000,0.965414,149,0,1000
300000,300971,301000,1.0001,185,0,1000
350000,340427,351000,1.03106,206,0,1000
400000,378659,401000,1.0590000000000002,243,0,1000
450000,415668,451000,1.085,267,0,1000
500000,451655,501000,1.10925,295,0,1000
550000,486678,551000,1.1321700000000001,325,0,1000
600000,520754,601000,1.1541,350,0,1000
650000,553908,651000,1.17529,387,0,1000
700000,586736,701000,1.19475,410,0,1000
750000,618659,751000,1.21392,434,0,1000
800000,650048,801000,1.23222,458,0,1000
850000,680747,851000,1.2501,482,0,1000
900000,711028,901000,1.26718,508,0,1000
950000,740755,951000,1.28383,539,0,1000
1000000,770113,1001000,1.2998100000000001,565,0,1000
1050000,799001,1051000,1.31539,590,0,1000
1100000,827295,1101000,1.33084,619,0,1000
1150000,855520,1151000,1.34538,648,0,1000
1200000,883029,1201000,1.36009,678,0,1000
1250000,910238,1251000,1.37437,716,0,1000
1300000,937194,1301000,1.38819,749,0,1000
1350000,963717,1351000,1.40186,775,0,1000
1400000,989978,1401000,1.4151799999999999,796,0,1000
1450000,1016084,1451000,1.42803,824,0,1000
1500000,1041711,1501000,1.4409,857,0,1000
1550000,1067188,1551000,1.45335,880,0,1000
1600000,1092370,1601000,1.4656200000000001,916,0,1000
1650000,1117028,1651000,1.47803,944,0,1000
1700000,1141537,1701000,1.4901,973,0,1000
1750000,1165712,1751000,1.50209,995,0,1000
1800000,1189902,1801000,1.51357,1029,0,1000
1850000,1213643,1851000,1.52516,1057,0,1000
1900000,1237372,1901000,1.5363200000000001,1083,0,1000
1950000,1260830,1951000,1.54739,1115,0,1000
2000000,1284063,2001000,1.55833,1143,0,1000
2050000,1307068,2051000,1.56916,1169,0,1000
2100000,1329833,2101000,1.5799,1198,0,1000
2150000,1352427,2151000,1.59047,1228,0,1000
2200000,1374813,2201000,1.60095,1267,0,1000
2250000,1396793,2251000,1.61155,1297,0,1000
2300000,1418867,2301000,1.62172,1335,0,1000
2350000,1440766,2351000,1.6317700000000002,1356,0,1000
2400000,1462624,2401000,1.64157,1379,0,1000
2450000,1484206,2451000,1.6513900000000001,1405,0,1000
2500000,1505261,2501000,1.6615099999999998,1432,0,1000
2550000,1526317,2551000,1.67134,1462,0,1000
2600000,1547096,2601000,1.6812099999999999,1490,0,1000
2650000,1567983,2651000,1.69071,1521,0,1000
2700000,1588718,2701000,1.7001099999999998,1552,0,1000
2750000,1609335,2751000,1.7094,1584,0,1000
2800000,1629888,2801000,1.71852,1613,0,1000
2850000,1650081,2851000,1.7277900000000002,1639,0,1000
2900000,1670171,2901000,1.73695,1673,0,1000
2950000,1690435,2951000,1.7457,1709,0,1000
3000000,1710171,3001000,1.7548,1744,0,1000
3050000,1729764,3051000,1.7638200000000002,1786,0,1000
3100000,1749366,3101000,1.7726400000000002,1815,0,1000
3150000,1768969,3151000,1.7812599999999998,1842,0,1000
3200000,1788200,3201000,1.79007,1866,0,1000
3250000,1807447,3251000,1.79867,1893,0,1000
3300000,1826480,3301000,1.8073,1914,0,1000
3350000,1845444,3351000,1.81582,1945,0,1000
3400000,1864335,3401000,1.82424,1973,0,1000
3450000,1883194,3451000,1.8325200000000001,2014,0,1000
3500000,1901947,3501000,1.84075,2046,0,1000
3550000,1920398,3551000,1.8491,2071,0,1000
3600000,1938945,3601000,1.8572,2101,0,1000
3650000,1957288,3651000,1.8653400000000002,2118,0,1000
3700000,1975338,3701000,1.8736,2139,0,1000
3750000,1993573,3751000,1.88155,2168,0,1000
3800000,2011570,3801000,1.88957,2201,0,1000
3850000,2029505,3851000,1.8975099999999998,2239,0,1000
3900000,2047139,3901000,1.9055900000000001,2265,0,1000
3950000,2064839,3951000,1.91347,2296,0,1000
4000000,2082609,4001000,1.92115,2323,0,1000
4050000,2100301,4051000,1.92877,2347,0,1000
4100000,2117928,4101000,1.9363299999999999,2381,0,1000
4150000,2135290,4151000,1.944,2399,0,1000
4200000,2152538,4201000,1.95165,2428,0,1000
4250000,2169777,4251000,1.9591900000000002,2471,0,1000
4300000,2187017,4301000,1.9666099999999997,2495,0,1000
4350000,2204034,4351000,1.9741099999999998,2526,0,1000
4400000,2220832,4401000,1.9816900000000002,2551,0,1000
4450000,2237726,4451000,1.9890700000000001,2571,0,1000
4500000,2254317,4501000,1.9966099999999998,2599,0,1000
4550000,2270961,4551000,2.004,2625,0,1000
4600000,2287561,4601000,2.01131,2652,0,1000
