timestep,num_nodes,num_edges,average_degree,max_degree,num_triangles,new_edges
0,1929,1000,0.518403,3,0,1000
50000,69545,51000,0.733338,39,0,1000
100000,123411,101000,0.818404,69,0,1000
150000,171914,151000,0.878346,101,0,1000
200000,217245,201000,0.9252229999999999,135,0,1000
250000,260260,251000,0.96442,165,0,1000
300000,301088,301000,0.999708,187,0,1000
350000,340488,351000,1.0308700000000002,216,0,1000
400000,378665,401000,1.05898,243,0,1000
450000,415464,451000,1.0855299999999999,273,0,1000
500000,451163,501000,1.11046,308,0,1000
550000,485996,551000,1.13375,332,0,1000
600000,520163,601000,1.15541,363,0,1000
650000,553575,651000,1.1759899999999999,390,0,1000
700000,586263,701000,1.19571,410,0,1000
750000,618349,751000,1.21452,440,0,1000
800000,649590,801000,1.23309,471,0,1000
850000,680527,851000,1.2505,510,0,1000
900000,710832,901000,1.2675299999999998,538,0,1000
950000,740403,951000,1.28444,564,0,1000
1000000,769739,1001000,1.30044,598,0,1000
1050000,798575,1051000,1.31609,619,0,1000
1100000,827051,1101000,1.33124,644,0,1000
1150000,855200,1151000,1.34588,677,0,1000
1200000,882917,1201000,1.36026,704,0,1000
1250000,910297,1251000,1.37428,736,0,1000
1300000,937215,1301000,1.38816,761,0,1000
1350000,963774,1351000,1.40178,796,0,1000
1400000,990035,1401000,1.4151,825,0,1000
1450000,1015837,1451000,1.42838,848,0,1000
1500000,1041515,1501000,1.44117,876,0,1000
1550000,1066781,1551000,1.45391,899,0,1000
1600000,1091942,1601000,1.4662,938,0,1000
1650000,1116764,1651000,1.47838,970,0,1000
1700000,1141575,1701000,1.49005,1000,0,1000
1750000,1166010,1751000,1.5017,1024,0,1000
1800000,1190055,1801000,1.51338,1054,0,1000
1850000,1214106,1851000,1.5245799999999998,1092,0,1000
1900000,1237704,1901000,1.53591,1120,0,1000
1950000,1261315,1951000,1.5468,1148,0,1000
2000000,1284442,2001000,1.55787,1172,0,1000
2050000,1307235,2051000,1.5689600000000001,1203,0,1000
2100000,1330088,2101000,1.57959,1236,0,1000
2150000,1352704,2151000,1.59015,1259,0,1000
2200000,1375015,2201000,1.60071,1279,0,1000
2250000,1397210,2251000,1.61107,1306,0,1000
2300000,1419239,2301000,1.62129,1332,0,1000
2350000,1441139,2351000,1.63135,1361,0,1000
2400000,1462846,2401000,1.6413200000000001,1398,0,1000
2450000,1484362,2451000,1.6512099999999998,1434,0,1000
2500000,1505816,2501000,1.6608900000000002,1455,0,1000
2550000,1527066,2551000,1.67052,1489,0,1000
2600000,1548136,2601000,1.68008,1516,0,1000
2650000,1568829,2651000,1.6898,1549,0,1000
2700000,1589505,2701000,1.69927,1581,0,1000
2750000,1609923,2751000,1.70878,1621,0,1000
2800000,1630370,2801000,1.7180099999999998,1644,0,1000
2850000,1650672,2851000,1.72718,1664,0,1000
2900000,1670748,2901000,1.73635,1693,0,1000
2950000,1690685,2951000,1.74545,1717,0,1000
3000000,1710571,3001000,1.7543799999999998,1751,0,1000
3050000,1730376,3051000,1.7632,1782,0,1000
3100000,1750122,3101000,1.77188,1805,0,1000
3150000,1769523,3151000,1.7807099999999998,1829,0,1000
3200000,1788694,3201000,1.78957,1853,0,1000
3250000,1807873,3251000,1.79825,1878,0,1000
3300000,1826937,3301000,1.80685,1905,0,1000
3350000,1846075,3351000,1.8152,1938,0,1000
3400000,1865035,3401000,1.8235599999999998,1968,0,1000
3450000,1883822,3451000,1.83191,2001,0,1000
3500000,1902319,3501000,1.8403900000000002,2030,0,1000
3550000,1920854,3551000,1.8486599999999997,2056,0,1000
3600000,1939071,3601000,1.85707,2090,0,1000
3650000,1957289,3651000,1.8653400000000002,2124,0,1000
3700000,1975554,3701000,1.8734,2146,0,1000
3750000,1993557,3751000,1.88156,2186,0,1000
3800000,2011623,3801000,1.88952,2208,0,1000
3850000,2029569,3851000,1.89745,2243,0,1000
3900000,2047542,3901000,1.9052099999999998,2267,0,1000
3950000,2065093,3951000,1.91323,2302,0,1000
4000000,2082706,4001000,1.9210599999999998,2334,0,1000
4050000,2100300,4051000,1.92877,2354,0,1000
4100000,2118002,4101000,1.9362599999999999,2375,0,1000
4150000,2135276,4151000,1.9440099999999998,2398,0,1000
4200000,2152610,4201000,1.9515799999999999,2422,0,1000
4250000,2169814,4251000,1.95915,2459,0,1000
4300000,2186967,4301000,1.96665,2477,0,1000
4350000,2203897,4351000,1.97423,2505,0,1000
4400000,2220594,4401000,1.9819,2550,0,1000
4450000,2237415,4451000,1.98935,2580,0,1000
4500000,2254183,4501000,1.99673,2604,0,1000
4550000,2270862,4551000,2.00408,2632,0,1000
4600000,2287533,4601000,2.01134,2651,0,1000
