timestep,num_nodes,num_edges,average_degree,max_degree,num_triangles,new_edges
0,1575,1000,0.634921,11,0,1000
50000,44512,51000,1.1457600000000001,212,0,1000
100000,71922,101000,1.4043,306,0,1000
150000,99142,151000,1.5230700000000001,311,0,1000
200000,124639,201000,1.61266,395,0,1000
250000,148000,251000,1.69595,444,0,1000
300000,170824,301000,1.76205,592,0,1000
350000,192819,351000,1.8203599999999998,786,0,1000
400000,215913,401000,1.85723,991,0,1000
450000,237585,451000,1.8982700000000001,1160,0,1000
500000,259639,501000,1.9296,1330,0,1000
550000,282333,551000,1.9516,1476,0,1000
600000,303209,601000,1.98213,1625,0,1000
650000,326448,651000,1.9941900000000001,1742,0,1000
700000,350421,701000,2.00045,1832,0,1000
750000,374006,751000,2.00799,1946,0,1000
800000,397478,801000,2.0152099999999997,2059,0,1000
850000,421925,851000,2.01695,2133,0,1000
900000,445414,901000,2.02284,2135,0,1000
950000,473812,951000,2.00713,2152,0,1000
1000000,498941,1001000,2.00625,2188,0,1000
1050000,522253,1051000,2.0124299999999997,2240,0,1000
1100000,547324,1101000,2.0116099999999997,2267,0,1000
1150000,574550,1151000,2.00331,2288,0,1000
1200000,599813,1201000,2.0022900000000003,2311,0,1000
1250000,624411,1251000,2.00349,2318,0,1000
1300000,648772,1301000,2.00533,2320,0,1000
1350000,674571,1351000,2.00275,2328,0,1000
1400000,701997,1401000,1.99574,2332,0,1000
1450000,728512,1451000,1.99173,2333,0,1000
1500000,753792,1501000,1.99127,2333,0,1000
1550000,779916,1551000,1.98868,2333,0,1000
1600000,805645,1601000,1.9872299999999998,2333,0,1000
1650000,832279,1651000,1.9837099999999999,2333,0,1000
1700000,857331,1701000,1.98406,2333,0,1000
1750000,881779,1751000,1.9857599999999997,2362,0,1000
1800000,907506,1801000,1.9845599999999999,2362,0,1000
1850000,934583,1851000,1.9805599999999999,2362,0,1000
1900000,961455,1901000,1.97721,2362,0,1000
1950000,987053,1951000,1.97659,2395,0,1000
2000000,1011685,2001000,1.9778900000000001,2454,0,1000
2050000,1037743,2051000,1.9764,2524,0,1000
2100000,1063586,2101000,1.9753900000000002,2546,0,1000
2150000,1091300,2151000,1.9710400000000001,2559,0,1000
2200000,1117180,2201000,1.9701400000000002,2563,0,1000
2250000,1141894,2251000,1.9712900000000002,2570,0,1000
2300000,1166870,2301000,1.9719400000000002,2577,0,1000
2350000,1194402,2351000,1.96835,2591,0,1000
2400000,1222626,2401000,1.9638099999999998,2596,0,1000
2450000,1249723,2451000,1.96123,2597,0,1000
2500000,1275282,2501000,1.9611299999999998,2598,0,1000
2550000,1302414,2551000,1.9586700000000001,2599,0,1000
2600000,1329589,2601000,1.9562400000000002,2600,0,1000
2650000,1356339,2651000,1.9545299999999999,2602,0,1000
2700000,1381325,2701000,1.95537,2603,0,1000
2750000,1407232,2751000,1.9549,2605,0,1000
2800000,1432921,2801000,1.95475,2609,0,1000
2850000,1458166,2851000,1.9552,2609,0,1000
2900000,1483271,2901000,1.9558099999999998,2610,0,1000
2950000,1507398,2951000,1.9576799999999999,2612,0,1000
3000000,1532048,3001000,1.95882,2626,0,1000
3050000,1556134,3051000,1.9606299999999999,2634,0,1000
3100000,1580256,3101000,1.9623400000000002,2639,0,1000
3150000,1604235,3151000,1.96418,2649,0,1000
3200000,1628657,3201000,1.9654200000000002,2650,0,1000
3250000,1652514,3251000,1.96731,2650,0,1000
3300000,1676768,3301000,1.9686700000000001,2650,0,1000
3350000,1700747,3351000,1.9703099999999998,2650,0,1000
3400000,1725227,3401000,1.97133,2650,0,1000
3450000,1749046,3451000,1.97308,2650,0,1000
3500000,1772711,3501000,1.9749400000000001,2650,0,1000
3550000,1796214,3551000,1.9769400000000001,2650,0,1000
3600000,1817762,3601000,1.98101,2650,0,1000
3650000,1838823,3651000,1.9855099999999999,2650,0,1000
3700000,1862643,3701000,1.9869599999999998,2650,0,1000
3750000,1888050,3751000,1.9867099999999998,2650,0,1000
3800000,1914972,3801000,1.98489,2650,0,1000
3850000,1941151,3851000,1.98387,2650,0,1000
3900000,1966250,3901000,1.9839799999999999,2650,0,1000
3950000,1990943,3951000,1.98449,2650,0,1000
4000000,2015251,4001000,1.9853599999999998,2650,0,1000
4050000,2039373,4051000,1.98639,2650,0,1000
4100000,2062915,4101000,1.98796,2650,0,1000
4150000,2086720,4151000,1.98925,2650,0,1000
4200000,2109906,4201000,1.99108,2650,0,1000
4250000,2132383,4251000,1.99354,2650,0,1000
4300000,2154994,4301000,1.99583,2652,0,1000
4350000,2177428,4351000,1.99823,2654,0,1000
4400000,2199186,4401000,2.0011900000000002,2654,0,1000
4450000,2220880,4451000,2.0041599999999997,2654,0,1000
4500000,2242154,4501000,2.0074400000000003,2654,0,1000
4550000,2263819,4551000,2.01032,2654,0,1000
4600000,2286532,4601000,2.01222,2654,0,1000
