timestep,num_nodes,num_edges,average_degree,max_degree,num_triangles,new_edges
0,1931,1000,0.5178659999999999,2,0,1000
50000,69470,51000,0.7341300000000001,37,0,1000
100000,123499,101000,0.81782,70,0,1000
150000,172210,151000,0.8768360000000001,95,0,1000
200000,217496,201000,0.924155,123,0,1000
250000,260526,251000,0.9634360000000001,149,0,1000
300000,301418,301000,0.998613,177,0,1000
350000,340857,351000,1.02976,212,0,1000
400000,378817,401000,1.05856,236,0,1000
450000,415811,451000,1.08463,275,0,1000
500000,451732,501000,1.10906,312,0,1000
550000,486520,551000,1.13253,334,0,1000
600000,520491,601000,1.15468,366,0,1000
650000,553722,651000,1.1756799999999998,402,0,1000
700000,586605,701000,1.1950100000000001,429,0,1000
750000,618679,751000,1.2138799999999998,451,0,1000
800000,649814,801000,1.23266,477,0,1000
850000,680445,851000,1.25065,497,0,1000
900000,710736,901000,1.2677,523,0,1000
950000,740352,951000,1.28452,557,0,1000
1000000,769650,1001000,1.30059,600,0,1000
1050000,798509,1051000,1.3162,624,0,1000
1100000,826952,1101000,1.3314,646,0,1000
1150000,854932,1151000,1.3463100000000001,679,0,1000
1200000,882781,1201000,1.36047,709,0,1000
1250000,910075,1251000,1.37461,735,0,1000
1300000,937041,1301000,1.3884100000000001,768,0,1000
1350000,963656,1351000,1.40195,794,0,1000
1400000,989803,1401000,1.41543,824,0,1000
1450000,1015647,1451000,1.42865,851,0,1000
1500000,1041277,1501000,1.4415,877,0,1000
1550000,1066668,1551000,1.4540600000000001,904,0,1000
1600000,1091807,1601000,1.46638,932,0,1000
1650000,1116461,1651000,1.47878,965,0,1000
1700000,1141016,1701000,1.49078,996,0,1000
1750000,1165362,1751000,1.50254,1020,0,1000
1800000,1189429,1801000,1.51417,1054,0,1000
1850000,1213285,1851000,1.5256100000000001,1086,0,1000
1900000,1237133,1901000,1.53662,1116,0,1000
1950000,1260526,1951000,1.54777,1154,0,1000
2000000,1283504,2001000,1.55901,1189,0,1000
2050000,1306418,2051000,1.56994,1217,0,1000
2100000,1329244,2101000,1.5806,1247,0,1000
2150000,1351749,2151000,1.59127,1272,0,1000
2200000,1374383,2201000,1.60145,1306,0,1000
2250000,1396647,2251000,1.61172,1332,0,1000
2300000,1418878,2301000,1.6217,1365,0,1000
2350000,1440787,2351000,1.63175,1401,0,1000
2400000,1462470,2401000,1.6417400000000002,1434,0,1000
2450000,1483891,2451000,1.6517400000000002,1458,0,1000
2500000,1505311,2501000,1.66145,1479,0,1000
2550000,1526305,2551000,1.67136,1513,0,1000
2600000,1547398,2601000,1.6808900000000002,1538,0,1000
2650000,1568236,2651000,1.6904299999999999,1576,0,1000
2700000,1588984,2701000,1.69983,1601,0,1000
2750000,1609625,2751000,1.7090900000000002,1632,0,1000
2800000,1629957,2801000,1.71845,1654,0,1000
2850000,1649966,2851000,1.7279099999999998,1674,0,1000
2900000,1670102,2901000,1.73702,1704,0,1000
2950000,1690044,2951000,1.7461099999999998,1729,0,1000
3000000,1709985,3001000,1.75499,1767,0,1000
3050000,1729765,3051000,1.7638200000000002,1805,0,1000
3100000,1749433,3101000,1.77257,1843,0,1000
3150000,1768983,3151000,1.78125,1866,0,1000
3200000,1788414,3201000,1.78985,1891,0,1000
3250000,1807550,3251000,1.79857,1912,0,1000
3300000,1826610,3301000,1.8071700000000002,1945,0,1000
3350000,1845669,3351000,1.8156,1978,0,1000
3400000,1864634,3401000,1.82395,2000,0,1000
3450000,1883445,3451000,1.83228,2031,0,1000
3500000,1902088,3501000,1.8406099999999999,2056,0,1000
3550000,1920654,3551000,1.84885,2084,0,1000
3600000,1939035,3601000,1.8571099999999998,2112,0,1000
3650000,1957269,3651000,1.86535,2131,0,1000
3700000,1975360,3701000,1.87358,2170,0,1000
3750000,1993444,3751000,1.8816700000000002,2199,0,1000
3800000,2011329,3801000,1.8898,2223,0,1000
3850000,2029331,3851000,1.89767,2249,0,1000
3900000,2047265,3901000,1.90547,2278,0,1000
3950000,2065018,3951000,1.9133,2298,0,1000
4000000,2082667,4001000,1.9210900000000002,2329,0,1000
4050000,2100150,4051000,1.92891,2350,0,1000
4100000,2117696,4101000,1.9365400000000002,2390,0,1000
4150000,2135295,4151000,1.94399,2412,0,1000
4200000,2152547,4201000,1.95164,2438,0,1000
4250000,2169593,4251000,1.95935,2464,0,1000
4300000,2186693,4301000,1.9669,2492,0,1000
4350000,2203637,4351000,1.9744599999999999,2515,0,1000
4400000,2220546,4401000,1.98194,2550,0,1000
4450000,2237473,4451000,1.9893,2576,0,1000
4500000,2254345,4501000,1.99659,2600,0,1000
4550000,2271039,4551000,2.00393,2621,0,1000
4600000,2287573,4601000,2.0113,2650,0,1000
