timestep,num_nodes,num_edges,average_degree,max_degree,num_triangles,new_edges
0,1928,1000,0.518672,2,0,1000
50000,69714,51000,0.73156,37,0,1000
100000,123575,101000,0.817317,69,0,1000
150000,172171,151000,0.877035,103,0,1000
200000,217519,201000,0.924057,127,0,1000
250000,260285,251000,0.9643280000000001,155,0,1000
300000,301330,301000,0.9989049999999999,194,0,1000
350000,340775,351000,1.03001,224,0,1000
400000,378883,401000,1.05837,250,0,1000
450000,415794,451000,1.08467,283,0,1000
500000,451466,501000,1.10972,321,0,1000
550000,486454,551000,1.13269,343,0,1000
600000,520442,601000,1.15479,379,0,1000
650000,553780,651000,1.17556,404,0,1000
700000,586367,701000,1.1955,434,0,1000
750000,618161,751000,1.21489,450,0,1000
800000,649692,801000,1.23289,483,0,1000
850000,680374,851000,1.25078,517,0,1000
900000,710529,901000,1.26807,543,0,1000
950000,740338,951000,1.28455,570,0,1000
1000000,769744,1001000,1.30043,600,0,1000
1050000,798515,1051000,1.31619,630,0,1000
1100000,827062,1101000,1.33122,665,0,1000
1150000,855149,1151000,1.34596,703,0,1000
1200000,882886,1201000,1.3603100000000001,730,0,1000
1250000,910390,1251000,1.37414,755,0,1000
1300000,937361,1301000,1.38794,785,0,1000
1350000,964102,1351000,1.4013,812,0,1000
1400000,990525,1401000,1.4144,844,0,1000
1450000,1016390,1451000,1.4276,870,0,1000
1500000,1042153,1501000,1.44029,902,0,1000
1550000,1067450,1551000,1.453,929,0,1000
1600000,1092573,1601000,1.46535,961,0,1000
1650000,1117334,1651000,1.4776200000000002,991,0,1000
1700000,1141748,1701000,1.4898200000000001,1022,0,1000
1750000,1166278,1751000,1.50136,1053,0,1000
1800000,1190515,1801000,1.5127899999999999,1079,0,1000
1850000,1214331,1851000,1.5243,1100,0,1000
1900000,1237983,1901000,1.53556,1129,0,1000
1950000,1261290,1951000,1.54683,1156,0,1000
2000000,1284479,2001000,1.5578299999999998,1189,0,1000
2050000,1307435,2051000,1.5687200000000001,1219,0,1000
2100000,1330366,2101000,1.57926,1241,0,1000
2150000,1352576,2151000,1.5903,1274,0,1000
2200000,1374974,2201000,1.60076,1301,0,1000
2250000,1397023,2251000,1.6112799999999998,1333,0,1000
2300000,1419045,2301000,1.62151,1360,0,1000
2350000,1440747,2351000,1.63179,1384,0,1000
2400000,1462451,2401000,1.6417599999999999,1415,0,1000
2450000,1484105,2451000,1.6515,1439,0,1000
2500000,1505581,2501000,1.66115,1469,0,1000
2550000,1526921,2551000,1.67068,1505,0,1000
2600000,1548124,2601000,1.6801,1534,0,1000
2650000,1569017,2651000,1.6895900000000001,1559,0,1000
2700000,1589622,2701000,1.69915,1595,0,1000
2750000,1610038,2751000,1.7086599999999998,1622,0,1000
2800000,1630337,2801000,1.71805,1651,0,1000
2850000,1650621,2851000,1.7272299999999998,1678,0,1000
2900000,1670774,2901000,1.73632,1703,0,1000
2950000,1690684,2951000,1.74545,1728,0,1000
3000000,1710677,3001000,1.7542799999999998,1760,0,1000
3050000,1730454,3051000,1.76312,1792,0,1000
3100000,1750097,3101000,1.7719,1825,0,1000
3150000,1769646,3151000,1.7805799999999998,1852,0,1000
3200000,1788944,3201000,1.78932,1876,0,1000
3250000,1808004,3251000,1.7981200000000002,1907,0,1000
3300000,1826985,3301000,1.8068,1927,0,1000
3350000,1845991,3351000,1.81529,1962,0,1000
3400000,1865141,3401000,1.82345,1983,0,1000
3450000,1883685,3451000,1.83205,2005,0,1000
3500000,1902448,3501000,1.8402599999999998,2039,0,1000
3550000,1921112,3551000,1.8484099999999999,2067,0,1000
3600000,1939459,3601000,1.8567,2085,0,1000
3650000,1957938,3651000,1.8647200000000002,2103,0,1000
3700000,1976181,3701000,1.8728,2141,0,1000
3750000,1994297,3751000,1.8808599999999998,2169,0,1000
3800000,2012239,3801000,1.88894,2196,0,1000
3850000,2030190,3851000,1.89687,2220,0,1000
3900000,2047869,3901000,1.9049099999999999,2247,0,1000
3950000,2065357,3951000,1.9129900000000002,2277,0,1000
4000000,2083163,4001000,1.9206400000000001,2310,0,1000
4050000,2100585,4051000,1.92851,2331,0,1000
4100000,2118017,4101000,1.93625,2360,0,1000
4150000,2135184,4151000,1.94409,2389,0,1000
4200000,2152485,4201000,1.9517,2418,0,1000
4250000,2169652,4251000,1.9593,2437,0,1000
4300000,2186883,4301000,1.9667299999999999,2478,0,1000
4350000,2203833,4351000,1.97429,2504,0,1000
4400000,2220812,4401000,1.9817099999999999,2537,0,1000
4450000,2237684,4451000,1.98911,2571,0,1000
4500000,2254223,4501000,1.9967,2585,0,1000
4550000,2270905,4551000,2.00405,2617,0,1000
4600000,2287596,4601000,2.0112799999999997,2651,0,1000
