timestep,num_nodes,num_edges,average_degree,max_degree,num_triangles,new_edges
0,1939,1000,0.51573,3,0,1000
50000,69623,51000,0.732517,34,0,1000
100000,123372,101000,0.818662,65,0,1000
150000,172119,151000,0.8773,99,0,1000
200000,217580,201000,0.923798,128,0,1000
250000,260595,251000,0.9631799999999999,151,0,1000
300000,301662,301000,0.9978049999999999,179,0,1000
350000,341005,351000,1.02931,212,0,1000
400000,379025,401000,1.05798,238,0,1000
450000,415848,451000,1.08453,267,0,1000
500000,451633,501000,1.10931,292,0,1000
550000,486850,551000,1.1317700000000002,321,0,1000
600000,521098,601000,1.15333,343,0,1000
650000,554418,651000,1.1742,374,0,1000
700000,586817,701000,1.19458,403,0,1000
750000,618780,751000,1.2136799999999999,433,0,1000
800000,650050,801000,1.23221,471,0,1000
850000,680727,851000,1.25013,502,0,1000
900000,711029,901000,1.26718,527,0,1000
950000,740933,951000,1.28352,549,0,1000
1000000,770190,1001000,1.29968,571,0,1000
1050000,799058,1051000,1.3153,606,0,1000
1100000,827611,1101000,1.3303399999999999,642,0,1000
1150000,855718,1151000,1.34507,673,0,1000
1200000,883183,1201000,1.35985,702,0,1000
1250000,910534,1251000,1.37392,732,0,1000
1300000,937507,1301000,1.38772,757,0,1000
1350000,964203,1351000,1.40116,776,0,1000
1400000,990616,1401000,1.4142700000000001,815,0,1000
1450000,1016430,1451000,1.42755,835,0,1000
1500000,1042128,1501000,1.44032,864,0,1000
1550000,1067568,1551000,1.4528299999999998,883,0,1000
1600000,1092738,1601000,1.4651299999999998,910,0,1000
1650000,1117580,1651000,1.4773,942,0,1000
1700000,1142307,1701000,1.48909,973,0,1000
1750000,1166881,1751000,1.50058,1011,0,1000
1800000,1190899,1801000,1.5123,1039,0,1000
1850000,1214880,1851000,1.5236100000000001,1069,0,1000
1900000,1238634,1901000,1.5347600000000001,1094,0,1000
1950000,1262059,1951000,1.54589,1126,0,1000
2000000,1285337,2001000,1.55679,1155,0,1000
2050000,1308458,2051000,1.56749,1183,0,1000
2100000,1331206,2101000,1.57827,1208,0,1000
2150000,1353669,2151000,1.58901,1232,0,1000
2200000,1375919,2201000,1.59966,1270,0,1000
2250000,1397904,2251000,1.61027,1299,0,1000
2300000,1419906,2301000,1.62053,1335,0,1000
2350000,1441801,2351000,1.6306,1357,0,1000
2400000,1463405,2401000,1.6406900000000002,1392,0,1000
2450000,1484933,2451000,1.65058,1424,0,1000
2500000,1506313,2501000,1.66035,1449,0,1000
2550000,1527580,2551000,1.6699599999999999,1476,0,1000
2600000,1548407,2601000,1.6797900000000001,1500,0,1000
2650000,1569125,2651000,1.6894799999999999,1531,0,1000
2700000,1589861,2701000,1.6988900000000002,1558,0,1000
2750000,1610591,2751000,1.70807,1585,0,1000
2800000,1631099,2801000,1.71725,1617,0,1000
2850000,1651343,2851000,1.7264700000000002,1654,0,1000
2900000,1671346,2901000,1.73573,1694,0,1000
2950000,1691248,2951000,1.7448700000000001,1722,0,1000
3000000,1711092,3001000,1.75385,1748,0,1000
3050000,1730787,3051000,1.76278,1773,0,1000
3100000,1750332,3101000,1.7716599999999998,1809,0,1000
3150000,1769746,3151000,1.7804799999999998,1835,0,1000
3200000,1789129,3201000,1.7891400000000002,1865,0,1000
3250000,1808214,3251000,1.79791,1898,0,1000
3300000,1827373,3301000,1.8064200000000001,1916,0,1000
3350000,1846276,3351000,1.815,1944,0,1000
3400000,1865070,3401000,1.82352,1979,0,1000
3450000,1883689,3451000,1.8320400000000001,2003,0,1000
3500000,1902201,3501000,1.8405,2043,0,1000
3550000,1920873,3551000,1.84864,2069,0,1000
3600000,1939151,3601000,1.857,2101,0,1000
3650000,1957311,3651000,1.8653099999999998,2132,0,1000
3700000,1975458,3701000,1.87349,2153,0,1000
3750000,1993652,3751000,1.88147,2171,0,1000
3800000,2011619,3801000,1.88952,2198,0,1000
3850000,2029536,3851000,1.8974799999999998,2224,0,1000
3900000,2047499,3901000,1.90525,2257,0,1000
3950000,2065096,3951000,1.91323,2278,0,1000
4000000,2082837,4001000,1.92094,2301,0,1000
4050000,2100317,4051000,1.9287599999999998,2332,0,1000
4100000,2117650,4101000,1.93658,2359,0,1000
4150000,2135228,4151000,1.94405,2389,0,1000
4200000,2152569,4201000,1.9516200000000001,2414,0,1000
4250000,2169744,4251000,1.9592200000000002,2448,0,1000
4300000,2186788,4301000,1.96681,2478,0,1000
4350000,2203749,4351000,1.97436,2495,0,1000
4400000,2220703,4401000,1.9818,2529,0,1000
4450000,2237475,4451000,1.9893,2555,0,1000
4500000,2254269,4501000,1.9966599999999999,2595,0,1000
4550000,2270827,4551000,2.00412,2622,0,1000
4600000,2287603,4601000,2.0112799999999997,2652,0,1000
