timestep,num_nodes,num_edges,average_degree,max_degree,num_triangles,new_edges
0,1946,1000,0.513875,2,0,1000
50000,69747,51000,0.731214,34,0,1000
100000,123569,101000,0.817357,64,0,1000
150000,171959,151000,0.878116,90,0,1000
200000,217415,201000,0.924499,132,0,1000
250000,260354,251000,0.9640719999999999,163,0,1000
300000,301442,301000,0.998534,184,0,1000
350000,340801,351000,1.02993,207,0,1000
400000,378938,401000,1.0582200000000002,242,0,1000
450000,415892,451000,1.0844200000000002,262,0,1000
500000,451489,501000,1.10966,295,0,1000
550000,486332,551000,1.13297,322,0,1000
600000,520449,601000,1.15477,345,0,1000
650000,553615,651000,1.17591,374,0,1000
700000,586175,701000,1.19589,414,0,1000
750000,618308,751000,1.21461,453,0,1000
800000,649627,801000,1.23302,481,0,1000
850000,680669,851000,1.25024,511,0,1000
900000,710947,901000,1.26732,544,0,1000
950000,740595,951000,1.2841,569,0,1000
1000000,769757,1001000,1.30041,607,0,1000
1050000,798556,1051000,1.31613,633,0,1000
1100000,827066,1101000,1.33121,653,0,1000
1150000,855278,1151000,1.34576,683,0,1000
1200000,882854,1201000,1.36036,715,0,1000
1250000,910302,1251000,1.37427,751,0,1000
1300000,937127,1301000,1.38829,771,0,1000
1350000,963716,1351000,1.4018700000000002,805,0,1000
1400000,990044,1401000,1.41509,830,0,1000
1450000,1016027,1451000,1.42811,855,0,1000
1500000,1041681,1501000,1.4409399999999999,887,0,1000
1550000,1067097,1551000,1.4534799999999999,913,0,1000
1600000,1092199,1601000,1.46585,943,0,1000
1650000,1116908,1651000,1.47819,974,0,1000
1700000,1141673,1701000,1.4899200000000001,1004,0,1000
1750000,1166233,1751000,1.50142,1030,0,1000
1800000,1190266,1801000,1.51311,1058,0,1000
1850000,1214213,1851000,1.52444,1090,0,1000
1900000,1237841,1901000,1.5357399999999999,1115,0,1000
1950000,1261146,1951000,1.54701,1140,0,1000
2000000,1284355,2001000,1.55798,1173,0,1000
2050000,1307404,2051000,1.56876,1202,0,1000
2100000,1330356,2101000,1.57928,1226,0,1000
2150000,1352910,2151000,1.58991,1266,0,1000
2200000,1375221,2201000,1.60047,1295,0,1000
2250000,1397569,2251000,1.61065,1328,0,1000
2300000,1419510,2301000,1.6209799999999999,1357,0,1000
2350000,1441536,2351000,1.6309,1391,0,1000
2400000,1463188,2401000,1.64094,1413,0,1000
2450000,1484728,2451000,1.6508099999999999,1437,0,1000
2500000,1505952,2501000,1.66074,1461,0,1000
2550000,1527100,2551000,1.6704900000000003,1488,0,1000
2600000,1548025,2601000,1.6802099999999998,1522,0,1000
2650000,1568801,2651000,1.68983,1557,0,1000
2700000,1589587,2701000,1.69918,1593,0,1000
2750000,1610057,2751000,1.7086400000000002,1625,0,1000
2800000,1630335,2801000,1.71805,1652,0,1000
2850000,1650794,2851000,1.72705,1679,0,1000
2900000,1671115,2901000,1.73597,1702,0,1000
2950000,1691100,2951000,1.74502,1732,0,1000
3000000,1710954,3001000,1.7539900000000002,1765,0,1000
3050000,1730829,3051000,1.7627400000000002,1792,0,1000
3100000,1750327,3101000,1.77167,1821,0,1000
3150000,1769824,3151000,1.7804,1850,0,1000
3200000,1789209,3201000,1.7890599999999999,1880,0,1000
3250000,1808353,3251000,1.79777,1913,0,1000
3300000,1827477,3301000,1.8063200000000001,1935,0,1000
3350000,1846612,3351000,1.81467,1962,0,1000
3400000,1865420,3401000,1.82318,1988,0,1000
3450000,1884253,3451000,1.8315,2024,0,1000
3500000,1902775,3501000,1.8399400000000001,2040,0,1000
3550000,1921221,3551000,1.8483,2068,0,1000
3600000,1939607,3601000,1.8565599999999998,2091,0,1000
3650000,1958109,3651000,1.86455,2118,0,1000
3700000,1976265,3701000,1.8727200000000002,2150,0,1000
3750000,1994264,3751000,1.8808900000000002,2180,0,1000
3800000,2012308,3801000,1.88888,2209,0,1000
3850000,2030206,3851000,1.89685,2238,0,1000
3900000,2048032,3901000,1.9047599999999998,2259,0,1000
3950000,2065811,3951000,1.91257,2290,0,1000
4000000,2083464,4001000,1.9203599999999998,2320,0,1000
4050000,2100752,4051000,1.9283599999999999,2348,0,1000
4100000,2118329,4101000,1.93596,2374,0,1000
4150000,2135617,4151000,1.9437,2394,0,1000
4200000,2152837,4201000,1.95138,2427,0,1000
4250000,2169947,4251000,1.9590299999999998,2449,0,1000
4300000,2186919,4301000,1.96669,2473,0,1000
4350000,2203957,4351000,1.9741799999999998,2505,0,1000
4400000,2220868,4401000,1.9816599999999998,2530,0,1000
4450000,2237793,4451000,1.98901,2564,0,1000
4500000,2254428,4501000,1.99652,2594,0,1000
4550000,2271045,4551000,2.00392,2623,0,1000
4600000,2287520,4601000,2.01135,2649,0,1000
