timestep,num_nodes,num_edges,average_degree,max_degree,num_triangles,new_edges
0,1956,1000,0.511247,3,0,1000
50000,63456,50974,0.803297,61,11,1000
100000,103384,100905,0.9760209999999999,119,87,998
150000,136025,150780,1.10847,172,298,998
200000,164813,200626,1.21729,215,680,999
250000,190095,250409,1.31728,288,1280,993
300000,213433,300150,1.4063,344,2240,993
350000,235169,349869,1.48773,397,3572,992
400000,255759,399519,1.56209,440,5302,993
450000,274866,449107,1.63391,490,7488,987
500000,293406,498662,1.69956,541,10306,992
550000,311013,548156,1.7624900000000001,595,13847,987
600000,327896,597621,1.8225900000000002,631,17957,992
650000,344317,646990,1.87905,682,22817,990
700000,360129,696359,1.9336400000000002,730,28567,986
750000,375481,745695,1.98597,775,34951,989
800000,390079,794971,2.03797,835,42260,981
850000,404299,844136,2.0879,890,50649,984
900000,418572,893318,2.1342,926,59677,985
950000,432237,942445,2.18039,975,69935,978
1000000,445539,991575,2.2255599999999998,1031,81257,982
1050000,458648,1040581,2.2688,1091,93536,985
1100000,471365,1089571,2.3115200000000002,1138,107352,979
1150000,483571,1138544,2.35445,1180,122436,980
1200000,495710,1187459,2.39547,1230,139432,976
1250000,507723,1236391,2.4351700000000003,1284,157435,980
1300000,519250,1285119,2.47495,1331,176720,969
1350000,530500,1333872,2.51437,1390,197491,975
1400000,541659,1382483,2.55231,1431,219957,970
1450000,552523,1431141,2.59019,1482,244293,973
1500000,563386,1479765,2.62656,1539,269584,978
1550000,573881,1528312,2.66312,1591,296853,974
1600000,584378,1576877,2.6983900000000003,1650,325661,974
1650000,594762,1625345,2.73277,1692,356803,973
1700000,604998,1673744,2.76653,1738,389925,968
1750000,614789,1722191,2.80127,1800,423921,969
1800000,624622,1770507,2.83453,1857,460623,959
1850000,634393,1818812,2.86701,1902,499274,966
1900000,644089,1867054,2.89875,1960,539484,970
1950000,653373,1915242,2.93131,2014,582536,959
2000000,662590,1963406,2.96323,2056,627954,957
2050000,671843,2011472,2.99396,2100,674890,959
2100000,680930,2059552,3.02462,2155,724923,964
2150000,690003,2107698,3.05462,2215,776349,959
2200000,698908,2155717,3.0844099999999997,2266,831092,964
2250000,707550,2203573,3.11437,2312,887824,959
2300000,716248,2251427,3.14336,2349,947109,951
2350000,724723,2299252,3.17259,2404,1007289,963
2400000,733199,2346992,3.20103,2450,1071415,969
2450000,741484,2394659,3.22955,2499,1137527,956
2500000,749625,2442295,3.25802,2548,1205687,947
2550000,757944,2489962,3.28515,2592,1278103,954
2600000,765982,2537533,3.3127800000000005,2639,1352505,952
2650000,774163,2585064,3.3391699999999997,2689,1427980,949
2700000,782004,2632562,3.3664300000000003,2733,1507681,961
2750000,789825,2679948,3.39309,2785,1590180,934
2800000,797607,2727350,3.4194199999999997,2843,1675016,947
2850000,805347,2774730,3.44538,2909,1764133,956
2900000,812953,2822090,3.4714099999999997,2963,1855332,942
2950000,820545,2869437,3.4969900000000003,3002,1947937,945
3000000,828145,2916646,3.5219,3049,2044049,948
3050000,835473,2963809,3.54746,3098,2143917,939
3100000,842768,3011002,3.57275,3159,2246509,943
3150000,850153,3058092,3.59711,3194,2352453,945
3200000,857210,3104955,3.62216,3244,2461373,945
3250000,864155,3152001,3.6474900000000003,3289,2574007,940
3300000,871246,3198885,3.67162,3339,2688899,933
3350000,878163,3245773,3.6960900000000003,3382,2807400,929
3400000,885306,3292576,3.7191400000000003,3426,2932948,936
3450000,892235,3339355,3.74269,3477,3060151,943
3500000,899095,3386119,3.76614,3519,3189709,931
3550000,905859,3432757,3.7895,3579,3324095,936
3600000,912595,3479361,3.8126,3622,3459135,952
3650000,919205,3525900,3.83581,3653,3600090,935
3700000,925839,3572511,3.8586699999999996,3700,3744341,935
3750000,932240,3619016,3.88206,3749,3890606,928
3800000,938902,3665453,3.9039800000000002,3805,4039784,935
3850000,945473,3711837,3.9259,3851,4194012,933
3900000,951833,3758186,3.9483699999999997,3883,4352348,926
3950000,958194,3804524,3.9705199999999996,3921,4515841,920
4000000,964434,3850859,3.99287,3971,4681341,925
4050000,970712,3897249,4.01484,4018,4854012,914
4100000,977126,3943478,4.03579,4075,5026987,928
4150000,983440,3989658,4.05684,4126,5203399,929
4200000,989743,4035776,4.0776,4164,5384311,931
4250000,995777,4081760,4.099069999999999,4220,5569357,914
4300000,1001994,4127750,4.11954,4256,5756839,904
4350000,1008032,4173690,4.14043,4301,5952929,914
4400000,1013958,4219666,4.161580000000001,4348,6150771,933
4450000,1019930,4265480,4.18213,4399,6351945,924
4500000,1025930,4311334,4.202369999999999,4449,6559953,913
4550000,1031750,4357120,4.22304,4490,6771007,919
4600000,1037566,4402871,4.24346,4529,6985858,929
4650000,1043340,4448539,4.26375,4594,7203579,902
4700000,1048984,4494173,4.28431,4637,7427148,908
4750000,1054684,4539697,4.30432,4690,7654951,911
4800000,1060256,4585161,4.32458,4737,7883652,917
4850000,1066011,4630710,4.34396,4788,8118147,913
4900000,1071622,4676049,4.363519999999999,4840,8355662,895
4950000,1077388,4721411,4.382280000000001,4878,8599817,899
5000000,1083038,4766815,4.40134,4933,8845534,907
5050000,1088508,4812116,4.42084,4984,9094799,889
5100000,1093953,4857301,4.44014,5026,9352360,915
5150000,1099370,4902328,4.459219999999999,5075,9617500,897
5200000,1104860,4947562,4.478,5124,9884235,921
5250000,1110110,4992653,4.49744,5180,10152417,890
5300000,1115435,5037644,4.5163,5219,10428722,903
5350000,1120820,5082588,4.5347,5282,10706167,899
5400000,1126067,5127518,4.55348,5338,10990207,892
5450000,1131493,5172376,4.571280000000001,5377,11276386,895
5500000,1136632,5217146,4.59,5435,11566759,895
5550000,1141854,5261904,4.60821,5490,11858154,877
5600000,1147031,5306662,4.62643,5537,12163033,900
5650000,1152264,5351450,4.64429,5586,12467857,901
5700000,1157389,5396190,4.662380000000001,5636,12782231,897
5750000,1162436,5440727,4.68045,5694,13100070,892
5800000,1167494,5485289,4.69834,5744,13414578,893
5850000,1172483,5529863,4.7163699999999995,5791,13742951,870
5900000,1177544,5574374,4.7339,5823,14071205,872
5950000,1182467,5618702,4.75168,5869,14409650,881
6000000,1187359,5663111,4.7695,5918,14751384,884
6050000,1192215,5707493,4.7873,5971,15096852,892
6100000,1197083,5751748,4.8048,6019,15445143,888
6150000,1201945,5796055,4.82223,6057,15799754,876
6200000,1206972,5840336,4.838830000000001,6113,16156857,888
6250000,1211814,5884412,4.8558699999999995,6164,16523873,877
6300000,1216608,5928500,4.87297,6210,16898358,885
6350000,1221279,5972694,4.8905199999999995,6258,17269207,881
6400000,1226005,6016659,4.90753,6304,17645967,881
6450000,1230732,6060589,4.92438,6341,18031205,866
6500000,1235482,6104480,4.94097,6382,18424120,892
6550000,1240189,6148316,4.95756,6424,18819374,867
6600000,1244798,6192074,4.97436,6471,19213534,864
6650000,1249513,6235794,4.9905800000000005,6520,19614602,873
6700000,1254143,6279497,5.007,6573,20028094,857
6750000,1258824,6323142,5.02305,6621,20442080,852
6800000,1263327,6366836,5.03974,6679,20865960,900
6850000,1267855,6410390,5.05609,6718,21288054,882
6900000,1272414,6453942,5.0722,6772,21718399,867
6950000,1276929,6497538,5.08841,6812,22153372,862
7000000,1281346,6540859,5.10468,6855,22597519,861
7050000,1285833,6584161,5.12054,6909,23042823,860
7100000,1290255,6627544,5.13662,6958,23501262,878
7150000,1294771,6670704,5.15203,7003,23954825,876
7200000,1299170,6714128,5.16801,7043,24419269,876
7250000,1303585,6757343,5.18366,7105,24885833,866
7300000,1307925,6800619,5.19955,7146,25365668,874
7350000,1312229,6843700,5.215319999999999,7192,25852041,867
7400000,1316610,6886825,5.23073,7233,26334586,843
7450000,1320883,6929926,5.24643,7288,26835761,888
7500000,1325056,6972903,5.26235,7347,27335257,852
7550000,1329195,7015686,5.27815,7388,27841314,870
7600000,1333537,7058655,5.29318,7431,28351816,885
7650000,1337793,7101559,5.30841,7484,28863594,866
7700000,1341914,7144345,5.324,7528,29388226,857
7750000,1346023,7187085,5.3395,7569,29915879,864
7800000,1350281,7229778,5.35428,7614,30443305,831
7850000,1354498,7272390,5.36907,7660,30975820,865
7900000,1358565,7315097,5.38443,7707,31517840,833
7950000,1362612,7357652,5.3996699999999995,7762,32063314,851
8000000,1366648,7400118,5.41479,7810,32613797,844
8050000,1370681,7442624,5.429869999999999,7859,33172327,853
8100000,1374770,7485140,5.44465,7898,33728442,835
8150000,1378806,7527546,5.45947,7946,34303986,869
8200000,1382732,7569858,5.47457,8000,34875974,848
8250000,1386777,7612104,5.48906,8056,35458570,840
8300000,1390686,7654250,5.50394,8107,36042427,831
8350000,1394687,7696381,5.5183599999999995,8153,36624714,846
8400000,1398603,7738612,5.5331,8208,37221441,841
8450000,1402679,7780701,5.54703,8252,37826923,845
8500000,1406628,7822811,5.56139,8291,38440116,856
8550000,1410471,7864803,5.57601,8340,39057038,827
8600000,1414408,7906769,5.59016,8382,39673917,836
8650000,1418358,7948712,5.60416,8435,40298952,853
8700000,1422165,7990506,5.61855,8485,40925423,821
8750000,1426060,8032369,5.63256,8535,41553752,829
8800000,1429927,8074316,5.64666,8585,42216604,848
8850000,1433790,8116068,5.66057,8634,42864763,812
8900000,1437616,8157958,5.67464,8681,43522218,834
8950000,1441342,8199673,5.6889199999999995,8726,44184265,841
9000000,1445139,8241251,5.70274,8772,44852159,820
9050000,1448846,8282872,5.716880000000001,8818,45520630,815
9100000,1452588,8324251,5.730630000000001,8865,46195217,834
9150000,1456333,8365616,5.7443,8924,46865350,834
9200000,1460105,8406964,5.75778,8959,47540804,829
9250000,1463842,8448343,5.77135,9002,48238417,830
9300000,1467407,8489519,5.7853900000000005,9048,48934109,838
9350000,1471117,8530886,5.79892,9080,49644106,842
9400000,1474805,8572151,5.8124,9131,50347311,800
9450000,1478511,8613239,5.82562,9179,51066410,833
9500000,1482170,8654305,5.83894,9227,51799102,831
9550000,1485835,8695419,5.8522099999999995,9265,52529709,792
9600000,1489554,8736394,5.86511,9325,53267097,795
9650000,1493134,8777350,5.87847,9376,54012555,828
9700000,1496672,8818300,5.89194,9432,54762254,817
9750000,1500254,8858931,5.90495,9465,55507514,797
9800000,1503864,8899739,5.91791,9507,56260075,806
9850000,1507329,8940498,5.93135,9560,57027131,827
9900000,1511009,8981215,5.94385,9604,57771639,805
9950000,1514577,9021777,5.9566300000000005,9658,58546258,804
10000000,1518113,9062451,5.96955,9711,59342056,817
10050000,1521551,9103148,5.98281,9747,60119078,804
10100000,1525045,9143724,5.99571,9799,60910618,811
10150000,1528491,9184413,6.0088099999999995,9847,61697481,828
10200000,1531874,9224980,6.0220199999999995,9889,62497565,826
10250000,1535308,9265326,6.03483,9927,63296465,804
10300000,1538680,9305627,6.0478,9977,64121859,804
10350000,1542120,9345775,6.06034,10020,64932910,791
10400000,1545529,9386117,6.07308,10077,65767896,789
10450000,1548912,9426268,6.08574,10114,66608236,833
10500000,1552330,9466396,6.09819,10154,67451573,782
10550000,1555739,9506499,6.1106,10201,68292226,814
10600000,1559045,9546505,6.1233,10248,69139419,801
10650000,1562521,9586513,6.13529,10294,69987460,794
10700000,1565787,9626441,6.14799,10336,70830969,797
10750000,1569070,9666410,6.1606,10384,71711967,789
10800000,1572326,9706292,6.17321,10443,72582168,814
10850000,1575616,9746016,6.18553,10484,73437339,783
10900000,1578878,9785706,6.19789,10525,74310571,793
10950000,1582188,9825461,6.21005,10572,75179932,806
11000000,1585497,9865170,6.22213,10610,76071439,801
11050000,1588665,9904826,6.2346900000000005,10647,76975860,803
11100000,1591903,9944369,6.24684,10687,77870824,796
11150000,1595220,9983961,6.2586699999999995,10729,78778854,828
11200000,1598429,10023447,6.27081,10774,79684951,812
11250000,1601662,10062958,6.28282,10821,80609748,789
11300000,1604839,10102359,6.29494,10869,81547502,790
11350000,1608070,10141693,6.30675,10926,82489245,807
11400000,1611202,10180989,6.31888,10970,83433104,792
11450000,1614340,10220216,6.33089,11024,84378681,796
11500000,1617414,10259641,6.34324,11064,85324499,773
11550000,1620556,10298917,6.355180000000001,11109,86266160,772
11600000,1623683,10338013,6.36701,11152,87226895,780
11650000,1626813,10377241,6.3788800000000005,11189,88216762,789
11700000,1629922,10416380,6.39072,11238,89182615,778
11750000,1633053,10455420,6.40238,11291,90153147,766
11800000,1636098,10494178,6.41415,11334,91134717,756
11850000,1639097,10533177,6.42621,11378,92139044,770
11900000,1642133,10572055,6.438,11429,93131647,764
11950000,1645244,10610909,6.44944,11473,94135087,789
12000000,1648154,10649812,6.46166,11529,95161202,765
12050000,1651307,10688466,6.47273,11577,96181767,773
12100000,1654313,10727134,6.48434,11629,97205200,754
12150000,1657291,10765763,6.496,11666,98237055,775
12200000,1660191,10804277,6.50785,11703,99255444,774
12250000,1663183,10842768,6.51929,11743,100289944,778
12300000,1666224,10881117,6.5304,11785,101307161,778
12350000,1669155,10919523,6.54195,11821,102348339,778
12400000,1672111,10957834,6.5532900000000005,11870,103392523,800
12450000,1675056,10996099,6.56462,11909,104454240,772
12500000,1677978,11034520,6.57608,11952,105511794,762
12550000,1680934,11072791,6.587280000000001,12002,106596398,744
12600000,1683887,11111109,6.598489999999999,12059,107675697,759
12650000,1686864,11149379,6.60953,12109,108746193,745
12700000,1689746,11187423,6.620769999999999,12155,109832912,765
12750000,1692620,11225478,6.63201,12197,110910167,756
12800000,1695605,11263551,6.64279,12240,111988421,763
12850000,1698461,11301603,6.6540300000000006,12286,113076019,737
12900000,1701434,11339580,6.66472,12334,114191948,761
12950000,1704295,11377581,6.67583,12377,115329540,764
13000000,1707139,11415418,6.68687,12426,116469042,766
13050000,1709930,11453304,6.698110000000001,12480,117606504,747
13100000,1712726,11491006,6.7091899999999995,12532,118733192,753
13150000,1715503,11528777,6.72035,12585,119878538,744
13200000,1718267,11566406,6.731439999999999,12632,121014227,760
13250000,1720927,11603791,6.7427600000000005,12686,122147248,759
13300000,1723721,11641324,6.7536,12739,123278280,764
13350000,1726546,11678790,6.76425,12780,124444145,736
13400000,1729345,11716212,6.774939999999999,12835,125594549,779
13450000,1732099,11753527,6.785710000000001,12880,126745802,708
13500000,1734783,11790898,6.796760000000001,12918,127913431,736
13550000,1737569,11828222,6.807339999999999,12954,129082504,733
13600000,1740238,11865507,6.81832,12988,130286970,736
13650000,1742885,11902905,6.82943,13023,131478986,750
13700000,1745650,11939984,6.83985,13069,132676554,752
13750000,1748451,11977023,6.85008,13127,133864012,726
13800000,1751130,12014038,6.86073,13161,135081140,740
13850000,1753873,12051231,6.8712100000000005,13196,136274798,749
13900000,1756625,12088261,6.881530000000001,13234,137497097,725
13950000,1759257,12125071,6.89215,13273,138710621,732
14000000,1761896,12161859,6.902710000000001,13319,139915147,752
14050000,1764550,12198728,6.91322,13361,141146359,742
14100000,1767171,12235373,6.923710000000001,13408,142370620,726
14150000,1769866,12272167,6.93395,13452,143623341,742
14200000,1772494,12308862,6.944369999999999,13498,144872319,739
14250000,1775057,12345405,6.95493,13532,146115880,717
14300000,1777645,12382102,6.96545,13582,147364287,745
14350000,1780115,12418596,6.97629,13631,148650461,739
14400000,1782743,12455037,6.98645,13670,149928763,743
14450000,1785357,12491565,6.9966800000000005,13701,151208886,743
14500000,1787933,12528002,7.00698,13738,152492684,715
14550000,1790491,12564432,7.01731,13781,153775122,724
14600000,1793026,12600838,7.02769,13825,155086700,722
14650000,1795586,12636826,7.037719999999999,13872,156395816,725
14700000,1798107,12673142,7.04805,13915,157712308,720
14750000,1800661,12709432,7.0582,13962,159016679,738
14800000,1803136,12745640,7.0686,13994,160334527,721
14850000,1805711,12781582,7.0784199999999995,14034,161666070,705
14900000,1808305,12817620,7.0882,14079,162988347,699
14950000,1810821,12853674,7.098260000000001,14115,164309851,726
15000000,1813256,12889753,7.108619999999999,14161,165652102,732
15050000,1815701,12925646,7.1188199999999995,14199,167013396,710
15100000,1818105,12961601,7.12918,14237,168371626,694
15150000,1820554,12997322,7.13921,14279,169724502,716
15200000,1822985,13033015,7.14927,14326,171097839,712
15250000,1825471,13068880,7.15918,14366,172465537,723
15300000,1827870,13104294,7.169160000000001,14402,173826684,685
15350000,1830263,13139851,7.17921,14449,175208231,711
15400000,1832802,13175439,7.188689999999999,14494,176570799,706
15450000,1835192,13211046,7.19873,14542,177963990,727
15500000,1837558,13246499,7.20875,14581,179335734,721
15550000,1839941,13282000,7.218710000000001,14629,180753346,696
15600000,1842311,13317244,7.22855,14669,182142579,701
15650000,1844752,13352579,7.23814,14703,183544717,732
15700000,1847156,13388024,7.247910000000001,14749,184965457,696
15750000,1849510,13423295,7.25776,14782,186390935,715
15800000,1851825,13458455,7.26767,14822,187798970,700
15850000,1854122,13493611,7.27763,14867,189229323,712
15900000,1856359,13528604,7.287710000000001,14912,190654130,703
15950000,1858677,13563661,7.29748,14969,192105274,712
16000000,1860983,13598528,7.307169999999999,15008,193562173,683
16050000,1863320,13633580,7.31682,15059,195026002,680
16100000,1865591,13668469,7.32662,15095,196477848,702
16150000,1867857,13703201,7.33632,15132,197921051,705
16200000,1870141,13738010,7.34598,15180,199390344,679
16250000,1872370,13773093,7.35597,15226,200859695,696
16300000,1874639,13807903,7.36563,15268,202360658,716
16350000,1876984,13842713,7.37498,15311,203813780,715
16400000,1879216,13877473,7.384710000000001,15353,205300204,685
16450000,1881428,13912112,7.3944399999999995,15396,206797692,711
16500000,1883714,13946769,7.4038699999999995,15449,208293967,691
16550000,1885990,13981206,7.413189999999999,15492,209801653,689
16600000,1888223,14015836,7.42277,15534,211307383,656
16650000,1890437,14050207,7.43225,15575,212784862,682
16700000,1892679,14084474,7.44155,15613,214302045,693
16750000,1894855,14118731,7.45109,15655,215810016,661
16800000,1897008,14153048,7.460719999999999,15712,217320127,675
16850000,1899143,14187567,7.470510000000001,15756,218846131,691
16900000,1901280,14221733,7.48008,15792,220366167,691
16950000,1903466,14255924,7.48946,15832,221906192,696
17000000,1905697,14290212,7.49868,15884,223466196,702
17050000,1907843,14324563,7.50825,15921,225015785,718
17100000,1909978,14358620,7.517689999999999,15957,226578656,691
17150000,1912185,14392697,7.52683,16007,228126351,680
17200000,1914274,14426546,7.5363,16042,229663954,674
17250000,1916431,14460240,7.5454,16084,231214675,668
17300000,1918614,14493939,7.55438,16127,232776278,690
17350000,1920783,14527730,7.563439999999999,16164,234344471,702
17400000,1922922,14561503,7.572589999999999,16213,235902078,690
17450000,1925095,14595328,7.58161,16259,237495050,687
17500000,1927229,14628826,7.5906,16310,239069996,681
17550000,1929316,14662387,7.59979,16355,240651355,652
17600000,1931370,14695911,7.60906,16405,242235284,685
17650000,1933490,14729330,7.617999999999999,16443,243820893,674
17700000,1935602,14762881,7.62702,16493,245417619,666
17750000,1937637,14796102,7.63616,16543,246986844,680
17800000,1939644,14829146,7.645289999999999,16583,248576426,641
17850000,1941759,14862409,7.6541,16626,250195112,639
17900000,1943898,14895824,7.66286,16660,251766642,687
17950000,1945940,14929064,7.6719,16706,253413175,672
18000000,1948005,14962428,7.6809,16750,255049628,656
18050000,1949995,14995542,7.69004,16797,256683681,667
18100000,1951954,15028574,7.69925,16843,258357160,649
18150000,1953922,15061682,7.7084399999999995,16885,260014043,677
18200000,1955958,15094676,7.717280000000001,16930,261657932,669
18250000,1958004,15127614,7.726039999999999,16979,263307538,637
18300000,1960033,15160372,7.73475,17012,264933309,651
18350000,1961963,15193137,7.74384,17057,266575640,650
18400000,1963981,15225865,7.75255,17104,268234449,654
18450000,1965892,15258524,7.76163,17149,269887593,654
18500000,1967868,15291070,7.77037,17180,271577015,647
18550000,1969836,15323684,7.77917,17213,273236528,665
18600000,1971827,15356346,7.78788,17261,274895936,654
18650000,1973803,15388792,7.79652,17298,276540058,655
18700000,1975687,15421284,7.80553,17346,278241386,669
18750000,1977564,15453703,7.81451,17395,279926840,650
18800000,1979426,15486089,7.82353,17449,281624110,660
18850000,1981413,15518538,7.83206,17493,283312095,665
18900000,1983315,15550749,7.840789999999999,17542,285034075,655
18950000,1985232,15583021,7.849469999999999,17592,286760959,628
19000000,1987159,15615190,7.85805,17625,288441935,649
19050000,1989141,15647642,7.86653,17661,290157142,663
19100000,1991012,15679614,7.8752,17701,291887415,665
19150000,1992835,15711586,7.88404,17751,293595231,636
19200000,1994670,15743549,7.892810000000001,17790,295313457,666
19250000,1996552,15775462,7.90135,17843,297002856,647
19300000,1998355,15807522,7.91027,17881,298732210,653
19350000,2000226,15839365,7.9187899999999996,17921,300446715,622
19400000,2002069,15871068,7.92733,17963,302191019,657
19450000,2003972,15902772,7.935630000000001,18003,303899417,633
19500000,2005763,15934574,7.9444,18040,305634769,611
19550000,2007521,15966198,7.953189999999999,18089,307385808,652
19600000,2009312,15997880,7.961869999999999,18130,309130475,621
19650000,2011058,16029386,7.970619999999999,18166,310845063,625
19700000,2012829,16060829,7.97923,18206,312615253,620
19750000,2014561,16092365,7.98803,18255,314385848,629
19800000,2016377,16123874,7.996460000000001,18297,316149673,634
19850000,2018171,16155407,8.00497,18333,317913996,635
19900000,2019960,16186776,8.01341,18376,319701500,598
19950000,2021711,16217925,8.02188,18418,321449614,617
20000000,2023518,16249111,8.03013,18462,323209190,606
20050000,2025256,16280344,8.03866,18498,325020191,617
20100000,2027022,16311492,8.04702,18541,326777356,641
20150000,2028756,16342566,8.05546,18581,328509110,632
20200000,2030468,16373681,8.063989999999999,18628,330319693,662
20250000,2032219,16404575,8.07225,18677,332103730,595
20300000,2033996,16435644,8.08047,18710,333940426,616
20350000,2035703,16466424,8.08881,18743,335764984,599
20400000,2037344,16497301,8.09745,18784,337546083,605
20450000,2039002,16528346,8.1061,18827,339347573,642
20500000,2040741,16559311,8.114360000000001,18880,341184657,619
20550000,2042544,16590178,8.12231,18914,343001293,615
20600000,2044306,16620851,8.13031,18958,344812802,606
20650000,2045957,16651506,8.138739999999999,18996,346614710,612
20700000,2047648,16682098,8.14696,19037,348416637,589
20750000,2049329,16712845,8.15528,19085,350242645,624
20800000,2050984,16743337,8.16356,19126,352059054,627
20850000,2052684,16773695,8.17159,19156,353873105,630
20900000,2054334,16804087,8.17982,19192,355716010,599
20950000,2056003,16834418,8.18793,19236,357547602,579
21000000,2057663,16864958,8.19617,19278,359366880,572
21050000,2059337,16895420,8.2043,19331,361220606,591
21100000,2060959,16925524,8.21245,19370,363076122,604
21150000,2062577,16955643,8.22061,19416,364852645,628
21200000,2064149,16985679,8.2289,19448,366705685,615
21250000,2065729,17015845,8.237210000000001,19484,368531402,586
21300000,2067297,17045900,8.2455,19526,370372459,583
21350000,2068893,17075991,8.253680000000001,19560,372233736,621
21400000,2070437,17105822,8.26194,19595,374102823,603
21450000,2072156,17135841,8.26957,19622,375990925,604
21500000,2073702,17165590,8.27775,19659,377847780,595
21550000,2075306,17195579,8.2858,19696,379734328,594
21600000,2076907,17225324,8.29374,19735,381643902,595
21650000,2078572,17255149,8.30144,19770,383502387,594
21700000,2080124,17284696,8.30945,19797,385379226,590
21750000,2081630,17314357,8.317689999999999,19833,387276376,583
21800000,2083220,17343808,8.32548,19866,389195587,577
21850000,2084736,17373418,8.33363,19908,391058941,611
21900000,2086308,17402924,8.34149,19952,392921168,621
21950000,2087731,17432460,8.349960000000001,19992,394862357,587
22000000,2089232,17461935,8.35806,20022,396782807,623
22050000,2090822,17491366,8.36578,20058,398702215,586
22100000,2092436,17520626,8.37332,20097,400575316,578
22150000,2093932,17549892,8.381310000000001,20129,402467260,587
22200000,2095508,17579110,8.38895,20171,404354861,574
22250000,2096992,17608278,8.39692,20206,406271973,575
22300000,2098477,17637387,8.40485,20255,408162729,564
22350000,2099933,17666319,8.4128,20289,410060266,552
22400000,2101443,17695217,8.42051,20322,411960548,569
22450000,2102903,17724063,8.42838,20363,413865235,589
22500000,2104366,17752911,8.43623,20401,415781447,573
22550000,2105910,17781558,8.44365,20437,417657537,567
22600000,2107346,17810346,8.45155,20478,419589198,594
22650000,2108844,17839255,8.45926,20523,421466684,600
22700000,2110210,17868016,8.467410000000001,20561,423406842,561
22750000,2111556,17896589,8.47555,20608,425365557,595
22800000,2112997,17925116,8.48327,20646,427294667,564
22850000,2114436,17953718,8.491019999999999,20676,429216544,579
22900000,2115806,17982180,8.49897,20725,431147938,573
22950000,2117241,18010544,8.50661,20761,433060801,581
23000000,2118727,18038954,8.51405,20796,434982668,569
23050000,2120147,18067350,8.52174,20828,436895159,572
23100000,2121554,18095780,8.52949,20875,438804608,559
23150000,2122890,18124105,8.537469999999999,20911,440786633,576
23200000,2124264,18152256,8.5452,20943,442724379,548
23250000,2125600,18180559,8.553139999999999,20966,444665308,569
23300000,2126992,18208884,8.56086,21002,446618015,558
23350000,2128423,18237154,8.568389999999999,21045,448615084,549
23400000,2129830,18265427,8.576,21083,450568295,568
23450000,2131230,18293271,8.58343,21121,452485540,542
23500000,2132698,18321352,8.590689999999999,21160,454419701,533
23550000,2134065,18349333,8.5983,21192,456391465,565
23600000,2135397,18377264,8.60602,21231,458390972,558
23650000,2136758,18404945,8.613489999999999,21273,460331856,562
23700000,2138082,18432692,8.62113,21304,462309842,544
23750000,2139408,18460501,8.628789999999999,21354,464267298,559
23800000,2140715,18488256,8.63649,21391,466228356,548
23850000,2142008,18515980,8.644219999999999,21420,468232084,574
23900000,2143365,18543501,8.651580000000001,21452,470231280,556
23950000,2144708,18571235,8.6591,21480,472211216,555
24000000,2146006,18598680,8.66665,21517,474190307,540
24050000,2147324,18626148,8.67412,21558,476149469,561
24100000,2148632,18653636,8.68163,21592,478099918,556
24150000,2149981,18681035,8.688930000000001,21628,480065199,563
24200000,2151189,18708235,8.6967,21672,482040586,558
24250000,2152482,18735490,8.704130000000001,21708,484021946,536
24300000,2153721,18762763,8.711789999999999,21750,486003816,529
24350000,2154959,18789829,8.719339999999999,21789,487976985,538
24400000,2156180,18816950,8.726980000000001,21830,489953631,556
24450000,2157461,18844211,8.73444,21871,491980465,555
24500000,2158713,18871392,8.74196,21907,494009713,527
24550000,2159958,18898362,8.749410000000001,21945,496024423,526
24600000,2161219,18925279,8.75676,21986,498015934,551
24650000,2162451,18952131,8.76419,22023,499986173,566
24700000,2163657,18979172,8.7718,22057,502002989,531
24750000,2164861,19006057,8.77934,22097,503995309,537
24800000,2166118,19032943,8.786660000000001,22139,505996671,555
24850000,2167330,19059569,8.794030000000001,22184,507971736,535
24900000,2168518,19086245,8.80152,22222,509982533,513
24950000,2169744,19112798,8.80878,22259,511967725,518
25000000,2170938,19139342,8.81616,22295,513982316,567
25050000,2172087,19165687,8.82363,22327,515971883,516
25100000,2173258,19192042,8.831,22373,517988653,571
25150000,2174429,19218331,8.838330000000001,22410,519997190,507
25200000,2175628,19244740,8.8456,22453,522006656,507
25250000,2176849,19271182,8.852789999999999,22492,524022942,537
25300000,2178032,19297428,8.86003,22516,526090773,538
25350000,2179139,19323794,8.86763,22552,528149747,528
25400000,2180368,19350075,8.87468,22581,530162854,523
25450000,2181505,19376119,8.882,22623,532140580,510
25500000,2182657,19402255,8.88928,22663,534174235,536
25550000,2183761,19428244,8.89669,22699,536176089,537
25600000,2184907,19454183,8.9039,22731,538120206,536
25650000,2186035,19480115,8.91116,22775,540125665,514
25700000,2187212,19505947,8.91818,22813,542114359,497
25750000,2188305,19531825,8.92555,22843,544154449,518
25800000,2189416,19557583,8.932789999999999,22877,546183436,523
25850000,2190554,19583387,8.939919999999999,22920,548225675,515
25900000,2191658,19609203,8.9472,22958,550246128,511
25950000,2192796,19634917,8.95428,23005,552265569,527
26000000,2193861,19660368,8.96154,23041,554251783,512
26050000,2194990,19685806,8.96852,23067,556276511,517
26100000,2196045,19711332,8.97583,23107,558290401,492
26150000,2197077,19736794,8.98321,23147,560308200,505
26200000,2198156,19762205,8.99036,23185,562329602,512
26250000,2199254,19787769,8.997489999999999,23228,564375874,531
26300000,2200307,19813190,9.00474,23274,566390064,540
26350000,2201362,19838494,9.01192,23312,568419120,514
26400000,2202416,19863823,9.019110000000001,23350,570428276,473
26450000,2203437,19888937,9.02632,23390,572409619,496
26500000,2204520,19913904,9.03322,23426,574432412,481
26550000,2205574,19939184,9.04036,23460,576500240,512
26600000,2206635,19964122,9.04732,23504,578495676,508
26650000,2207635,19989126,9.05454,23534,580536731,497
26700000,2208692,20014209,9.06157,23565,582581774,526
26750000,2209699,20039164,9.06873,23609,584595083,464
26800000,2210774,20064053,9.07558,23649,586630191,487
26850000,2211771,20088866,9.08271,23693,588657004,518
26900000,2212787,20113788,9.0898,23721,590712721,485
26950000,2213764,20138651,9.09702,23762,592722219,503
27000000,2214796,20163321,9.10392,23791,594797931,478
27050000,2215791,20187937,9.11094,23824,596800005,485
27100000,2216768,20212704,9.1181,23859,598847226,504
27150000,2217709,20237290,9.12531,23894,600821629,479
27200000,2218673,20261673,9.13234,23930,602852004,466
27250000,2219649,20286144,9.13935,23965,604878623,492
27300000,2220649,20310516,9.14621,23993,606916855,489
27350000,2221628,20334916,9.15316,24031,608914011,478
27400000,2222574,20359055,9.16012,24080,610914444,484
27450000,2223557,20383341,9.167,24120,612939702,497
27500000,2224545,20407648,9.17385,24158,614938291,445
27550000,2225448,20431717,9.18095,24194,616993684,478
27600000,2226372,20455973,9.18803,24233,619036333,469
27650000,2227221,20479879,9.195260000000001,24266,621008658,469
27700000,2228167,20503707,9.20205,24302,623023155,456
27750000,2229089,20527693,9.209010000000001,24335,625143116,507
27800000,2230018,20551730,9.21595,24367,627170825,491
27850000,2230899,20575587,9.222999999999999,24396,629228391,460
27900000,2231836,20599273,9.22974,24428,631245898,462
27950000,2232690,20623032,9.23685,24468,633253339,483
28000000,2233636,20646719,9.24355,24495,635241600,480
28050000,2234548,20670379,9.25036,24532,637300583,458
28100000,2235460,20694050,9.25718,24564,639337086,473
28150000,2236401,20717444,9.263739999999999,24602,641343697,484
28200000,2237285,20741075,9.27065,24636,643386386,505
28250000,2238141,20764677,9.27764,24660,645455159,481
28300000,2239061,20788135,9.284310000000001,24704,647461383,469
28350000,2239921,20811646,9.29124,24738,649460865,479
28400000,2240826,20835140,9.29797,24769,651493873,457
28450000,2241717,20858516,9.30471,24796,653517749,480
28500000,2242558,20881693,9.31155,24820,655543021,467
28550000,2243442,20904885,9.31822,24855,657537655,464
28600000,2244291,20928228,9.3251,24896,659604819,472
28650000,2245176,20951382,9.33173,24928,661581740,489
28700000,2246021,20974579,9.33855,24963,663562176,452
28750000,2246841,20997643,9.345410000000001,24992,665583779,467
28800000,2247670,21020583,9.35217,25029,667560670,466
28850000,2248506,21043596,9.35892,25058,669590555,427
28900000,2249308,21066624,9.36582,25099,671589354,472
28950000,2250107,21089709,9.372760000000001,25144,673601621,461
29000000,2250880,21112517,9.379669999999999,25185,675611925,475
29050000,2251696,21135239,9.38636,25220,677653442,453
29100000,2252516,21157824,9.39297,25245,679630340,432
29150000,2253297,21180506,9.39978,25279,681653874,464
29200000,2254087,21203219,9.40657,25306,683675196,460
29250000,2254897,21225781,9.41319,25331,685627396,447
29300000,2255670,21248088,9.41986,25357,687643571,433
29350000,2256471,21270509,9.42645,25379,689629250,424
29400000,2257264,21292984,9.43309,25417,691681188,420
29450000,2258082,21315426,9.43962,25455,693701874,450
29500000,2258850,21337812,9.44632,25488,695714895,462
29550000,2259654,21360231,9.45288,25521,697677566,441
29600000,2260411,21382475,9.45955,25547,699691876,458
29650000,2261152,21404829,9.466339999999999,25596,701714845,475
29700000,2261893,21427088,9.47308,25636,703734800,423
29750000,2262693,21449104,9.479460000000001,25666,705736969,485
29800000,2263434,21471181,9.48611,25699,707740653,447
29850000,2264175,21493044,9.49266,25732,709713520,451
29900000,2264920,21514877,9.49918,25777,711733196,436
29950000,2265661,21536851,9.50577,25814,713681423,451
30000000,2266371,21558620,9.5124,25845,715655769,423
30050000,2267107,21580493,9.51896,25876,717662875,434
30100000,2267800,21602348,9.52568,25904,719682311,441
30150000,2268541,21624212,9.532210000000001,25939,721679276,457
30200000,2269263,21645935,9.53875,25984,723660749,443
30250000,2269928,21667393,9.54541,26017,725626928,422
30300000,2270618,21688932,9.552,26062,727619558,415
30350000,2271303,21710605,9.55866,26100,729620392,439
30400000,2272006,21731790,9.56502,26126,731532411,427
30450000,2272673,21753312,9.57169,26157,733522376,423
30500000,2273365,21774640,9.57815,26182,735519463,423
30550000,2274007,21796127,9.5849,26225,737505744,455
30600000,2274622,21817370,9.59165,26243,739490510,424
30650000,2275272,21838752,9.5983,26286,741508019,426
30700000,2275895,21860079,9.60505,26323,743478364,408
30750000,2276523,21881228,9.61169,26353,745468220,423
30800000,2277153,21902394,9.618319999999999,26396,747444782,414
30850000,2277776,21923414,9.62492,26431,749454980,429
30900000,2278439,21944428,9.63134,26465,751396101,436
30950000,2279050,21965343,9.637939999999999,26490,753357465,434
31000000,2279685,21986299,9.64445,26535,755327746,434
31050000,2280311,22007257,9.65099,26572,757314607,430
31100000,2280928,22027933,9.65744,26607,759292480,399
31150000,2281522,22048723,9.66404,26653,761265996,427
31200000,2282155,22069371,9.67041,26679,763194106,405
31250000,2282790,22090154,9.67682,26718,765157724,433
31300000,2283399,22110873,9.68332,26758,767127969,400
31350000,2284010,22131552,9.68978,26796,769087870,388
31400000,2284598,22152129,9.69629,26821,771030689,406
31450000,2285176,22172539,9.70277,26848,772987834,412
31500000,2285814,22192969,9.709,26872,774914749,417
31550000,2286390,22213536,9.71555,26910,776893279,370
31600000,2286945,22233841,9.72207,26936,778797086,433
31650000,2287524,22254103,9.72847,26975,780695242,427
31700000,2288101,22274310,9.73485,27011,782633731,407
31750000,2288700,22294518,9.74113,27047,784576604,381
31800000,2289284,22314729,9.74747,27082,786520880,408
31850000,2289810,22335052,9.75411,27110,788514822,424
31900000,2290389,22355221,9.76045,27142,790430515,411
31950000,2290941,22375127,9.76678,27171,792326009,383
32000000,2291452,22395222,9.77338,27210,794269532,385
32050000,2292037,22415126,9.77957,27245,796212862,383
32100000,2292559,22435065,9.78604,27277,798189783,391
32150000,2293062,22454869,9.792530000000001,27319,800077546,363
32200000,2293662,22474885,9.798689999999999,27348,802020639,420
32250000,2294198,22494640,9.805010000000001,27375,803991266,388
32300000,2294732,22514390,9.81134,27415,805913708,386
32350000,2295276,22534178,9.81763,27443,807831256,402
32400000,2295759,22553785,9.824110000000001,27471,809722878,402
32450000,2296285,22573504,9.83045,27509,811661590,399
32500000,2296796,22593078,9.836780000000001,27540,813568141,420
32550000,2297271,22612584,9.84324,27566,815492738,372
32600000,2297768,22632088,9.8496,27599,817399914,378
32650000,2298290,22651400,9.85576,27635,819300928,399
32700000,2298800,22670777,9.862,27671,821173620,384
32750000,2299297,22689936,9.868210000000001,27704,823048161,397
32800000,2299783,22709143,9.87447,27725,824911172,349
32850000,2300273,22728322,9.88071,27752,826823158,380
32900000,2300741,22747543,9.88705,27787,828717822,399
32950000,2301207,22766597,9.89333,27821,830588078,385
33000000,2301663,22785666,9.89965,27845,832445191,387
33050000,2302146,22804615,9.90581,27878,834282036,382
33100000,2302595,22823616,9.91213,27913,836135780,361
