timestep,num_nodes,num_edges,average_degree,max_degree,num_triangles,new_edges
0,1968,1000,0.50813,2,0,1000
50000,63587,50983,0.801783,60,13,999
100000,103473,100914,0.975269,114,79,998
150000,135901,150795,1.1095899999999999,163,290,998
200000,164148,200619,1.2221799999999998,221,681,994
250000,189747,250410,1.3197,278,1327,997
300000,213054,300127,1.40869,328,2253,997
350000,235030,349820,1.48841,378,3543,992
400000,255347,399484,1.5644799999999999,431,5282,996
450000,274849,449087,1.63394,469,7528,986
500000,293218,498606,1.7004599999999999,522,10400,992
550000,310885,548123,1.76311,579,13742,992
600000,327888,597560,1.82245,638,17855,990
650000,344220,646954,1.8794799999999998,694,22796,983
700000,360055,696338,1.93398,747,28327,987
750000,375516,745717,1.98585,788,34689,984
800000,390444,794988,2.03611,836,42043,981
850000,404838,844231,2.0853599999999997,884,50577,990
900000,418873,893446,2.13298,934,59857,984
950000,432433,942592,2.1797400000000002,975,70150,980
1000000,445725,991669,2.22484,1022,81608,983
1050000,458548,1040708,2.26957,1069,94069,979
1100000,471003,1089722,2.3136200000000002,1115,108076,980
1150000,483471,1138615,2.35508,1163,123427,978
1200000,495365,1187555,2.3973299999999997,1210,140060,979
1250000,507161,1236403,2.4378900000000003,1264,158017,975
1300000,518958,1285189,2.47648,1310,177396,976
1350000,530230,1333975,2.5158400000000003,1365,198275,972
1400000,541488,1382679,2.55348,1411,221001,976
1450000,552346,1431401,2.5914900000000003,1457,245566,978
1500000,563105,1480004,2.6282900000000002,1503,271295,971
1550000,573758,1528620,2.6642200000000003,1547,298061,972
1600000,584329,1577165,2.6991,1592,326873,976
1650000,594785,1625687,2.73323,1648,358072,971
1700000,604989,1674100,2.76716,1695,390723,958
1750000,614993,1722512,2.8008599999999997,1742,424931,966
1800000,624870,1770872,2.83398,1801,461931,971
1850000,634405,1819209,2.86758,1855,500356,967
1900000,644045,1867456,2.89957,1901,541136,965
1950000,653415,1915709,2.9318400000000002,1953,584535,967
2000000,662574,1963805,2.9639,2008,629817,962
2050000,671772,2011910,2.99493,2072,677028,963
2100000,680860,2059983,3.02556,2112,725967,958
2150000,689740,2108043,3.05629,2167,778274,970
2200000,698495,2156061,3.08672,2223,832125,956
2250000,707326,2203958,3.1159,2276,888058,957
2300000,716003,2251901,3.1451,2326,946488,963
2350000,724486,2299714,3.17427,2377,1007838,952
2400000,733110,2347453,3.20205,2432,1071167,951
2450000,741400,2395204,3.23065,2478,1137111,960
2500000,749604,2442903,3.2589200000000003,2516,1205748,945
2550000,757797,2490547,3.2865599999999997,2569,1277843,948
2600000,765960,2538147,3.31368,2619,1352361,950
2650000,774026,2585668,3.3405400000000003,2673,1429462,944
2700000,781937,2633167,3.36749,2732,1509280,949
2750000,789632,2680655,3.3948199999999997,2782,1592932,947
2800000,797314,2728073,3.4215800000000005,2845,1678387,956
2850000,804865,2775434,3.44832,2902,1766642,948
2900000,812547,2822696,3.4738900000000004,2968,1857856,946
2950000,819971,2869975,3.50009,3027,1951582,958
3000000,827410,2917224,3.5257300000000003,3070,2047750,945
3050000,834742,2964360,3.5512300000000003,3115,2148814,949
3100000,842141,3011539,3.57605,3158,2253142,942
3150000,849327,3058596,3.6012,3205,2359967,954
3200000,856505,3105627,3.6259300000000003,3252,2469409,929
3250000,863779,3152654,3.64984,3305,2583855,936
3300000,870873,3199583,3.6739900000000003,3354,2699367,929
3350000,878126,3246433,3.697,3410,2818236,936
3400000,885151,3293347,3.7206599999999996,3459,2942101,938
3450000,891974,3340220,3.74475,3510,3069174,948
3500000,898774,3387027,3.7685,3552,3199822,940
3550000,905553,3433788,3.7919199999999997,3603,3332100,920
3600000,912340,3480461,3.8148699999999995,3657,3468526,943
3650000,918967,3527146,3.83816,3711,3610095,938
3700000,925548,3573746,3.86122,3766,3755211,948
3750000,932037,3620128,3.8841,3829,3900243,950
3800000,938464,3666531,3.90695,3881,4052635,910
3850000,944933,3712991,3.9293699999999996,3934,4206576,935
3900000,951253,3759348,3.952,3975,4365232,927
3950000,957711,3805788,3.97384,4025,4525722,926
4000000,963972,3852056,3.9960199999999997,4088,4693715,919
4050000,970211,3898319,4.018009999999999,4140,4865781,926
4100000,976410,3944477,4.03978,4188,5039680,902
4150000,982509,3990599,4.061640000000001,4229,5217133,914
4200000,988734,4036775,4.08277,4277,5397378,923
4250000,994830,4082807,4.104019999999999,4330,5585486,924
4300000,1000945,4128747,4.12485,4377,5776212,926
4350000,1007017,4174703,4.14561,4442,5970787,917
4400000,1012852,4220627,4.16707,4486,6167090,907
4450000,1018733,4266536,4.18808,4531,6367967,928
4500000,1024762,4312408,4.2082,4572,6572322,920
4550000,1030598,4358123,4.2287300000000005,4618,6782051,925
4600000,1036329,4403868,4.24949,4653,6999385,909
4650000,1042128,4449515,4.26964,4702,7219543,920
4700000,1047669,4495090,4.29056,4745,7441386,915
4750000,1053413,4540687,4.31045,4787,7671405,919
4800000,1059075,4586222,4.3304,4833,7903312,903
4850000,1064638,4631568,4.35037,4875,8134385,908
4900000,1070345,4677021,4.36964,4923,8377511,906
4950000,1076014,4722318,4.38871,4975,8620480,897
5000000,1081639,4767590,4.40775,5033,8868687,896
5050000,1087099,4812922,4.427309999999999,5070,9121366,909
5100000,1092692,4858145,4.44603,5115,9375441,897
5150000,1098044,4903308,4.46549,5162,9634897,919
5200000,1103520,4948560,4.48434,5209,9900060,906
5250000,1108943,4993711,4.5031300000000005,5263,10172751,908
5300000,1114312,5038863,4.52195,5314,10446578,894
5350000,1119716,5083921,4.540369999999999,5357,10724908,881
5400000,1125058,5128801,4.5587,5394,11009941,907
5450000,1130351,5173655,4.577030000000001,5438,11296751,883
5500000,1135569,5218399,4.5954,5489,11585024,893
5550000,1140740,5263139,4.61379,5532,11885331,898
5600000,1145790,5307995,4.63261,5583,12191742,893
5650000,1151074,5352715,4.65019,5630,12499040,884
5700000,1156112,5397448,4.66862,5677,12812127,892
5750000,1161226,5442067,4.68648,5739,13131135,895
5800000,1166269,5486719,4.70451,5780,13451540,905
5850000,1171336,5531218,4.7221400000000004,5825,13781672,900
5900000,1176357,5575768,4.73986,5878,14114258,899
5950000,1181379,5620247,4.75736,5926,14448412,897
6000000,1186290,5664587,4.77504,5965,14788320,878
6050000,1191274,5708952,4.79231,6009,15131264,900
6100000,1196219,5753265,4.80954,6046,15479783,905
6150000,1201080,5797529,4.82693,6084,15838662,875
6200000,1205773,5841759,4.8448199999999995,6128,16203210,875
6250000,1210552,5885935,4.86219,6169,16566600,884
6300000,1215342,5930094,4.87936,6217,16936035,869
6350000,1220156,5974215,4.8962699999999995,6267,17315514,877
6400000,1224950,6018230,4.9130400000000005,6310,17694971,873
6450000,1229645,6062113,4.92997,6342,18082336,882
6500000,1234360,6106127,4.9468,6396,18478305,895
6550000,1239071,6149958,4.96336,6438,18872807,869
6600000,1243844,6193892,4.97964,6478,19276687,869
6650000,1248365,6237766,4.99675,6522,19688405,896
6700000,1252932,6281478,5.01342,6569,20095482,881
6750000,1257648,6325233,5.0294099999999995,6630,20514841,878
6800000,1262266,6368905,5.04561,6685,20934682,854
6850000,1266817,6412547,5.06194,6723,21356157,873
6900000,1271474,6456063,5.07762,6769,21787164,877
6950000,1275988,6499649,5.09382,6817,22230911,872
7000000,1280564,6543105,5.10955,6876,22672985,843
7050000,1284937,6586613,5.12602,6924,23121717,861
7100000,1289411,6629783,5.14171,6977,23569538,875
7150000,1293922,6673014,5.1572,7025,24026814,859
7200000,1298254,6716263,5.1733,7087,24498414,861
7250000,1302590,6759430,5.18922,7126,24963963,873
7300000,1306978,6802631,5.20486,7161,25441697,865
7350000,1311354,6845660,5.2203,7218,25923425,855
7400000,1315695,6888749,5.23583,7263,26399791,861
7450000,1319982,6931701,5.25136,7307,26886132,863
7500000,1324334,6974659,5.26654,7342,27373898,876
7550000,1328623,7017584,5.28185,7387,27873189,867
7600000,1332999,7060543,5.29674,7441,28381410,853
7650000,1337191,7103367,5.3121599999999995,7488,28893281,842
7700000,1341370,7146312,5.32762,7538,29410713,846
7750000,1345622,7189097,5.34258,7575,29926469,860
7800000,1349806,7231741,5.35762,7617,30454242,839
7850000,1353964,7274373,5.37265,7664,30980393,856
7900000,1358034,7316957,5.3879,7712,31522629,851
7950000,1362205,7359530,5.40266,7748,32066646,843
8000000,1366436,7401984,5.417000000000001,7790,32613324,847
8050000,1370563,7444502,5.43171,7841,33173581,827
8100000,1374619,7486986,5.4465900000000005,7882,33743271,846
8150000,1378596,7529328,5.46159,7927,34299859,842
8200000,1382696,7571619,5.47598,7985,34863177,855
8250000,1386683,7613929,5.49075,8031,35448139,838
8300000,1390637,7656080,5.50545,8076,36027287,835
8350000,1394644,7698342,5.5199300000000004,8122,36624190,858
8400000,1398722,7740263,5.53381,8170,37215620,836
8450000,1402854,7782467,5.5476,8220,37819848,847
8500000,1406838,7824450,5.561730000000001,8280,38419034,855
8550000,1410800,7866547,5.57595,8324,39031046,853
8600000,1414645,7908485,5.59044,8367,39647709,839
8650000,1418484,7950312,5.60479,8425,40262985,828
8700000,1422348,7992132,5.61897,8475,40892224,832
8750000,1426194,8034004,5.63318,8520,41527041,847
8800000,1429945,8075742,5.64759,8561,42173787,844
8850000,1433780,8117510,5.66161,8621,42828677,825
8900000,1437431,8159100,5.67617,8661,43490849,844
8950000,1441173,8200687,5.69029,8718,44148687,831
9000000,1444928,8242310,5.7043,8764,44807741,838
9050000,1448698,8283951,5.7182,8801,45474672,838
9100000,1452310,8325482,5.7325800000000005,8841,46148824,834
9150000,1456152,8366880,5.7458800000000005,8891,46834954,823
9200000,1459871,8408304,5.75962,8945,47508597,852
9250000,1463598,8449635,5.7731900000000005,8990,48201260,807
9300000,1467315,8490996,5.78676,9029,48900645,846
9350000,1471035,8532175,5.80012,9085,49597122,824
9400000,1474616,8573229,5.81387,9132,50297275,812
9450000,1478304,8614363,5.82719,9191,51013521,824
9500000,1482039,8655449,5.84023,9231,51732913,804
9550000,1485669,8696545,5.853619999999999,9274,52448331,846
9600000,1489248,8737495,5.86705,9322,53186742,832
9650000,1492870,8778470,5.88026,9377,53927522,805
9700000,1496293,8819143,5.8939900000000005,9430,54668242,786
9750000,1499841,8859923,5.90724,9492,55415280,802
9800000,1503433,8900676,5.92023,9525,56157703,824
9850000,1506923,8941558,5.93365,9569,56928242,825
9900000,1510411,8982440,5.947019999999999,9601,57692702,808
9950000,1514023,9023194,5.95975,9654,58451417,813
10000000,1517530,9063903,5.9728,9690,59217197,786
10050000,1521018,9104351,5.9857,9727,60000634,791
10100000,1524560,9145001,5.99845,9779,60805898,815
10150000,1528040,9185630,6.01138,9826,61596654,809
10200000,1531456,9226118,6.02441,9877,62390939,838
10250000,1534818,9266578,6.03757,9928,63198328,802
10300000,1538189,9307008,6.05063,9986,64017559,812
10350000,1541520,9347280,6.063680000000001,10028,64827242,830
10400000,1544985,9387434,6.07607,10068,65647376,781
10450000,1548388,9427595,6.08865,10120,66474530,793
10500000,1551727,9467618,6.10134,10155,67306118,817
10550000,1555103,9507970,6.11405,10204,68165404,801
10600000,1558502,9548087,6.12645,10247,69003823,813
10650000,1561843,9588279,6.13908,10301,69849647,801
10700000,1565212,9628289,6.15143,10346,70710219,807
10750000,1568563,9668271,6.16378,10399,71583519,810
10800000,1571855,9708218,6.17628,10431,72461009,809
10850000,1575202,9748049,6.18844,10467,73339274,806
10900000,1578481,9787899,6.200830000000001,10506,74225174,797
10950000,1581836,9827651,6.21281,10562,75098908,802
11000000,1585101,9867388,6.22508,10612,75993658,809
11050000,1588292,9906973,6.2375,10661,76873469,802
11100000,1591536,9946652,6.24972,10699,77780806,793
11150000,1594840,9986296,6.26163,10740,78696104,782
11200000,1598071,10025774,6.27367,10774,79590113,788
11250000,1601318,10065279,6.28562,10815,80509560,776
11300000,1604533,10104723,6.29761,10861,81440801,793
11350000,1607635,10144091,6.30995,10896,82380386,789
11400000,1610775,10183500,6.3221099999999995,10939,83309987,796
11450000,1613931,10222802,6.3341,10974,84262177,773
11500000,1617118,10262032,6.34588,11014,85210741,773
11550000,1620211,10301123,6.35789,11061,86170814,807
11600000,1623250,10340251,6.37009,11097,87138787,779
11650000,1626337,10379260,6.38199,11150,88087567,761
11700000,1629516,10418270,6.39348,11194,89067139,785
11750000,1632607,10457082,6.40514,11249,90043248,802
11800000,1635672,10495989,6.416930000000001,11294,91028493,775
11850000,1638739,10534779,6.42859,11348,92013611,776
11900000,1641776,10573649,6.44037,11394,93010592,771
11950000,1644836,10612569,6.45205,11434,93999103,782
12000000,1647843,10651304,6.46379,11491,94997000,763
12050000,1650900,10690012,6.47526,11536,96018021,790
12100000,1653935,10728727,6.48679,11585,97042865,774
12150000,1656834,10767293,6.49872,11620,98064291,777
12200000,1659905,10805707,6.50983,11669,99094960,752
12250000,1662921,10844425,6.52131,11718,100124004,767
12300000,1665803,10882896,6.533119999999999,11771,101175998,754
12350000,1668784,10921441,6.54455,11817,102240660,759
12400000,1671754,10959913,6.55594,11859,103302386,774
12450000,1674703,10998450,6.5674,11902,104370072,779
12500000,1677642,11036684,6.578689999999999,11951,105427832,778
12550000,1680519,11074886,6.590160000000001,12002,106505961,744
12600000,1683486,11112981,6.60117,12045,107564576,763
12650000,1686482,11151094,6.6120399999999995,12086,108638517,748
12700000,1689367,11189153,6.62328,12120,109727652,743
12750000,1692307,11227335,6.634339999999999,12160,110818255,763
12800000,1695209,11265428,6.64545,12202,111936242,764
12850000,1698041,11303526,6.6568,12244,113079747,753
12900000,1700902,11341509,6.66794,12279,114187739,762
12950000,1703769,11379495,6.679010000000001,12314,115314903,750
13000000,1706662,11417406,6.6899,12363,116441064,768
13050000,1709463,11455091,6.700989999999999,12400,117569001,759
13100000,1712196,11492837,6.712339999999999,12433,118690227,745
13150000,1714969,11530416,6.7234,12472,119827991,723
13200000,1717707,11567821,6.73446,12522,120975241,749
13250000,1720421,11605366,6.74565,12563,122108585,739
13300000,1723219,11642862,6.756460000000001,12602,123270118,756
13350000,1725958,11680251,6.7674,12651,124435566,725
13400000,1728708,11717554,6.7782100000000005,12689,125591015,760
13450000,1731527,11754983,6.7888,12728,126766245,745
13500000,1734298,11792203,6.799410000000001,12766,127937580,754
13550000,1736979,11829640,6.81047,12815,129124491,742
13600000,1739692,11866788,6.8212,12860,130325878,732
13650000,1742464,11904009,6.83171,12899,131523141,749
13700000,1745117,11941150,6.8426100000000005,12930,132725154,749
13750000,1747874,11978260,6.85305,12975,133918870,760
13800000,1750566,12015168,6.863589999999999,13033,135122668,736
13850000,1753204,12052039,6.874289999999999,13085,136336485,713
13900000,1755895,12089055,6.88484,13133,137556198,763
13950000,1758527,12125920,6.8955,13177,138796766,750
14000000,1761085,12162691,6.90636,13217,140047766,719
14050000,1763744,12199382,6.91675,13258,141289925,733
14100000,1766355,12236276,6.92742,13304,142532712,752
14150000,1768962,12272868,6.9378899999999994,13348,143787370,717
14200000,1771642,12309471,6.948060000000001,13384,145008554,723
14250000,1774197,12346106,6.9587,13436,146278711,723
14300000,1776824,12382876,6.969110000000001,13491,147534871,717
14350000,1779376,12419388,6.97963,13528,148828060,743
14400000,1781965,12455856,6.989960000000001,13569,150097194,734
14450000,1784477,12492420,7.000610000000001,13610,151393112,746
14500000,1787127,12528950,7.010669999999999,13645,152685157,740
14550000,1789709,12565378,7.020910000000001,13691,153967831,696
14600000,1792315,12601798,7.03102,13730,155261139,704
14650000,1794785,12638238,7.041639999999999,13779,156554291,717
14700000,1797240,12674182,7.05203,13823,157872675,714
14750000,1799808,12710252,7.062,13877,159176132,719
14800000,1802229,12746352,7.07255,13915,160496436,709
14850000,1804623,12782361,7.08312,13949,161811448,718
14900000,1807203,12818471,7.0929899999999995,13989,163143613,697
14950000,1809643,12854464,7.1033100000000005,14034,164494437,736
15000000,1812146,12890534,7.113410000000001,14068,165828744,732
15050000,1814670,12926579,7.12338,14110,167171702,737
15100000,1817201,12962422,7.13318,14161,168546371,731
15150000,1819619,12998115,7.14332,14211,169899731,707
15200000,1822023,13033868,7.153510000000001,14258,171261708,716
15250000,1824554,13069472,7.1631100000000005,14309,172626012,700
15300000,1826945,13105171,7.17327,14361,173985754,737
15350000,1829419,13140778,7.1830300000000005,14409,175384459,711
15400000,1831752,13176271,7.19326,14448,176780681,683
15450000,1834052,13211770,7.2036,14492,178177811,721
15500000,1836438,13247279,7.21357,14536,179573641,718
15550000,1838914,13282632,7.22308,14578,180961362,702
15600000,1841367,13318104,7.23273,14620,182385481,676
15650000,1843779,13353296,7.24235,14668,183780824,689
15700000,1846219,13388562,7.25188,14706,185197675,709
15750000,1848546,13423656,7.26174,14750,186618782,723
15800000,1850934,13458817,7.27137,14799,188021749,693
15850000,1853328,13493964,7.280939999999999,14833,189441120,708
15900000,1855748,13529030,7.29034,14872,190856334,682
15950000,1858088,13564060,7.30001,14900,192304058,687
16000000,1860353,13599104,7.30996,14947,193737771,708
16050000,1862753,13633953,7.31925,14993,195158587,709
16100000,1865037,13668790,7.32896,15035,196588644,691
16150000,1867333,13703785,7.33869,15084,198075695,727
16200000,1869632,13738529,7.34825,15130,199512892,699
16250000,1871899,13773470,7.35802,15170,200967652,706
16300000,1874160,13808105,7.36762,15215,202432669,693
16350000,1876430,13842872,7.37724,15261,203893006,684
16400000,1878664,13877720,7.38702,15305,205389742,703
16450000,1880896,13912194,7.39658,15344,206886224,709
16500000,1883103,13946818,7.4063,15376,208368389,673
16550000,1885395,13981432,7.41565,15427,209849859,678
16600000,1887675,14016160,7.425089999999999,15473,211355022,689
16650000,1889877,14050565,7.43465,15502,212854900,663
16700000,1892111,14084928,7.444030000000001,15540,214342488,651
16750000,1894350,14119530,7.4535,15588,215878785,699
16800000,1896469,14153714,7.463189999999999,15627,217414711,667
16850000,1898657,14187884,7.472589999999999,15662,218934919,683
16900000,1900807,14222018,7.4820899999999995,15701,220456750,668
16950000,1903062,14256137,7.491160000000001,15734,221978957,677
17000000,1905221,14290356,7.50063,15766,223521284,676
17050000,1907426,14324463,7.50984,15814,225064340,673
17100000,1909519,14358510,7.5194399999999995,15848,226589740,677
17150000,1911625,14392302,7.52883,15887,228125180,667
17200000,1913722,14426152,7.53827,15928,229682986,680
17250000,1915869,14459857,7.54741,15964,231229977,683
17300000,1917956,14493651,7.55682,16007,232771464,651
17350000,1920102,14527240,7.565869999999999,16055,234324210,684
17400000,1922290,14561015,7.57483,16098,235908526,665
17450000,1924377,14594699,7.5841199999999995,16137,237489768,688
17500000,1926445,14628231,7.593380000000001,16188,239063304,667
17550000,1928558,14661638,7.60238,16224,240637893,661
17600000,1930586,14695270,7.61182,16260,242223969,676
17650000,1932629,14728754,7.6211,16314,243798347,656
17700000,1934745,14762032,7.6299600000000005,16350,245370244,701
17750000,1936802,14795465,7.63912,16388,246938324,681
17800000,1938846,14828768,7.6482399999999995,16438,248499472,666
17850000,1940900,14862029,7.65729,16473,250110361,672
17900000,1943028,14895192,7.66597,16524,251738598,663
17950000,1944990,14928486,7.67535,16569,253375935,666
18000000,1946995,14961657,7.684489999999999,16623,255026540,662
18050000,1948948,14994806,7.693789999999999,16661,256649131,637
18100000,1950966,15027870,7.702780000000001,16703,258281579,657
18150000,1952926,15060814,7.71192,16741,259905424,627
18200000,1954988,15093865,7.720689999999999,16785,261565032,679
18250000,1956961,15126773,7.72973,16828,263208413,657
18300000,1958985,15159652,7.738519999999999,16864,264846889,676
18350000,1960909,15192368,7.7476199999999995,16908,266510743,649
18400000,1962878,15225188,7.75656,16946,268166634,680
18450000,1964736,15257948,7.7659,16997,269827633,663
18500000,1966740,15290638,7.774610000000001,17035,271473237,653
18550000,1968686,15323325,7.783530000000001,17084,273150064,653
18600000,1970609,15355910,7.79247,17128,274843040,659
18650000,1972567,15388430,7.80122,17161,276515631,666
18700000,1974475,15421037,7.8102,17206,278213425,646
18750000,1976446,15453469,7.81882,17246,279873994,634
18800000,1978337,15485853,7.827710000000001,17285,281574747,647
18850000,1980230,15518158,7.836539999999999,17328,283281002,648
18900000,1982070,15550249,7.845460000000001,17368,284960000,673
18950000,1984022,15582465,7.85398,17407,286635675,643
19000000,1985875,15614560,7.8628100000000005,17452,288325837,653
19050000,1987745,15646839,7.87165,17494,290064171,647
19100000,1989647,15678975,7.88028,17529,291781406,678
19150000,1991546,15711068,7.88888,17580,293496619,619
19200000,1993442,15743142,7.897469999999999,17625,295221185,646
19250000,1995363,15775194,7.905930000000001,17677,296928076,655
19300000,1997248,15807289,7.91453,17716,298651566,628
19350000,1999047,15839195,7.923369999999999,17758,300398414,643
19400000,2000879,15871084,7.932060000000001,17800,302123643,638
19450000,2002792,15902934,7.94038,17841,303851753,648
19500000,2004567,15934461,7.94908,17879,305560345,632
19550000,2006396,15966174,7.95764,17935,307273515,623
19600000,2008225,15997998,7.966239999999999,17977,309010425,665
19650000,2010032,16029611,7.9748,18017,310738985,622
19700000,2011828,16061231,7.9834,18051,312481265,632
19750000,2013666,16092738,7.99176,18094,314214733,651
19800000,2015387,16124196,8.00055,18140,315991551,626
19850000,2017166,16155811,8.009160000000001,18187,317772527,636
19900000,2018913,16187124,8.01774,18234,319543866,616
19950000,2020644,16218294,8.0263,18283,321347252,637
20000000,2022449,16249638,8.03463,18317,323102855,591
20050000,2024204,16280778,8.04305,18356,324873941,617
20100000,2025945,16311986,8.05154,18404,326666876,641
20150000,2027695,16343105,8.05994,18447,328445760,607
20200000,2029392,16374247,8.06855,18498,330282361,616
20250000,2031072,16405194,8.077110000000001,18543,332078141,624
20300000,2032836,16436331,8.08542,18581,333899384,645
20350000,2034578,16467256,8.0937,18621,335717136,631
20400000,2036216,16498104,8.10233,18650,337545620,591
20450000,2037850,16528920,8.11096,18687,339351278,626
20500000,2039623,16559758,8.11903,18723,341131517,632
20550000,2041324,16590475,8.127310000000001,18763,342948300,621
20600000,2043044,16621195,8.13551,18808,344754690,629
20650000,2044801,16651831,8.1435,18849,346553688,631
20700000,2046412,16682405,8.15203,18891,348395272,603
20750000,2048092,16712884,8.160219999999999,18936,350224649,585
20800000,2049814,16743495,8.1683,18966,352054143,591
20850000,2051502,16773914,8.17641,19012,353861114,606
20900000,2053125,16804288,8.18474,19046,355701183,628
20950000,2054797,16834586,8.19282,19086,357516811,621
21000000,2056449,16864945,8.201,19123,359330116,618
21050000,2058158,16895339,8.208960000000001,19167,361171983,614
21100000,2059812,16925372,8.21695,19198,362978803,586
21150000,2061362,16955613,8.225439999999999,19240,364837738,593
21200000,2062977,16985787,8.23363,19278,366717521,603
21250000,2064658,17015577,8.24135,19315,368570363,600
21300000,2066222,17045652,8.24967,19360,370429627,633
21350000,2067783,17075605,8.25793,19401,372302650,588
21400000,2069403,17105545,8.26593,19440,374115936,579
21450000,2070987,17135631,8.27414,19481,376041391,581
21500000,2072610,17165575,8.282110000000001,19518,377875065,601
21550000,2074187,17195348,8.29016,19558,379723754,623
21600000,2075742,17225047,8.29826,19597,381610735,586
21650000,2077299,17254679,8.3063,19625,383492434,585
21700000,2078785,17284425,8.314680000000001,19657,385391146,564
21750000,2080348,17314118,8.3227,19697,387271574,605
21800000,2081958,17343791,8.33052,19749,389136212,607
21850000,2083492,17373131,8.33847,19799,390983473,592
21900000,2085103,17402547,8.34613,19840,392854991,581
21950000,2086589,17431943,8.354280000000001,19877,394750986,621
22000000,2088041,17461246,8.3625,19909,396628413,585
22050000,2089645,17490775,8.37021,19961,398546266,599
22100000,2091229,17520057,8.377880000000001,20002,400434689,587
22150000,2092846,17549507,8.38547,20046,402328782,591
22200000,2094386,17578789,8.393289999999999,20097,404244762,584
22250000,2095850,17607667,8.40121,20134,406138102,587
22300000,2097324,17636859,8.40922,20173,408014314,620
22350000,2098835,17665964,8.41703,20205,409898990,588
22400000,2100362,17695186,8.42483,20264,411861553,577
22450000,2101911,17724105,8.43238,20304,413819079,590
22500000,2103345,17753008,8.44037,20349,415738564,589
22550000,2104805,17781931,8.448260000000001,20386,417655200,582
22600000,2106337,17810929,8.45588,20427,419564256,582
22650000,2107794,17839714,8.46369,20471,421499052,597
22700000,2109203,17868429,8.47165,20507,423420555,608
22750000,2110611,17897294,8.47967,20544,425345857,561
22800000,2112023,17925860,8.48753,20592,427257916,561
22850000,2113504,17954503,8.49514,20634,429199849,568
22900000,2114907,17983174,8.503060000000001,20681,431158147,572
22950000,2116331,18011605,8.510769999999999,20718,433097862,560
23000000,2117745,18040064,8.51853,20752,435041858,561
23050000,2119155,18068491,8.52627,20791,436970301,575
23100000,2120595,18096995,8.53392,20829,438932686,561
23150000,2121960,18125229,8.541739999999999,20864,440869510,578
23200000,2123351,18153434,8.549430000000001,20905,442811825,559
23250000,2124842,18181681,8.55672,20953,444763662,566
23300000,2126213,18209802,8.56443,20991,446735200,568
23350000,2127551,18237785,8.5722,21034,448661335,549
23400000,2128884,18265952,8.580060000000001,21077,450622073,564
23450000,2130337,18293972,8.58736,21112,452612238,568
23500000,2131730,18321969,8.59488,21141,454591064,571
23550000,2133088,18350086,8.60259,21179,456530573,560
23600000,2134445,18377919,8.61016,21227,458484842,547
23650000,2135801,18405791,8.61775,21267,460466412,570
23700000,2137163,18433607,8.62527,21299,462421167,571
23750000,2138481,18461366,8.63293,21337,464393065,533
23800000,2139832,18488938,8.640369999999999,21374,466324775,522
23850000,2141226,18516742,8.647730000000001,21411,468279103,548
23900000,2142515,18544326,8.6554,21453,470206664,561
23950000,2143816,18571795,8.66296,21487,472149400,553
24000000,2145092,18599390,8.67067,21528,474117048,540
24050000,2146336,18627068,8.67854,21558,476094733,522
24100000,2147606,18654511,8.68619,21595,478047220,561
24150000,2148868,18681729,8.69375,21623,480004376,505
24200000,2150136,18708850,8.701239999999999,21651,481981692,542
24250000,2151421,18736261,8.70878,21689,483959015,562
24300000,2152697,18763658,8.71635,21742,485977152,561
24350000,2153984,18790767,8.72373,21780,487956668,541
24400000,2155304,18817842,8.73095,21821,489935101,538
24450000,2156574,18844829,8.73832,21865,491940435,548
24500000,2157785,18871933,8.74597,21902,493928219,551
24550000,2159056,18898877,8.75331,21941,495895699,520
24600000,2160351,18925700,8.76047,21977,497900461,543
24650000,2161596,18952412,8.76779,22029,499917670,526
24700000,2162852,18979444,8.77519,22074,501913732,539
24750000,2164093,19006161,8.78251,22104,503899688,524
24800000,2165364,19032889,8.78969,22135,505874226,530
24850000,2166561,19059651,8.797189999999999,22173,507866928,535
24900000,2167739,19086236,8.80467,22209,509864024,560
24950000,2168944,19112968,8.81211,22246,511863875,531
25000000,2170125,19139412,8.8195,22280,513881914,507
25050000,2171347,19166124,8.826839999999999,22327,515884184,498
25100000,2172541,19192623,8.83418,22362,517894400,543
25150000,2173699,19219088,8.84165,22392,519897156,510
25200000,2174912,19245354,8.8488,22433,521880318,539
25250000,2176111,19271656,8.856010000000001,22464,523922004,533
25300000,2177321,19298057,8.86321,22491,525974161,509
25350000,2178473,19324192,8.870519999999999,22532,527958647,511
25400000,2179664,19350416,8.87771,22556,529975442,515
25450000,2180845,19376693,8.88495,22597,531976706,556
25500000,2182042,19402650,8.89197,22632,533974258,516
25550000,2183255,19428704,8.89896,22658,535957411,494
25600000,2184371,19454655,8.9063,22693,537969073,506
25650000,2185549,19480480,8.913310000000001,22723,539965591,498
25700000,2186719,19506334,8.92037,22757,541967062,526
25750000,2187886,19531976,8.92733,22792,544006208,525
25800000,2189024,19557815,8.93449,22828,546042750,517
25850000,2190128,19583578,8.94175,22869,548002631,501
25900000,2191295,19609415,8.948780000000001,22914,550048564,497
25950000,2192395,19635148,8.95603,22943,552056379,490
26000000,2193486,19660936,8.963330000000001,22980,554094921,545
26050000,2194623,19686406,8.970289999999999,23019,556104226,514
26100000,2195762,19711768,8.97719,23065,558120268,477
26150000,2196872,19737147,8.9842,23104,560165666,513
26200000,2197915,19762447,8.99145,23146,562211781,488
26250000,2198984,19788008,8.9987,23185,564243373,499
26300000,2200103,19813425,9.00568,23225,566264254,497
26350000,2201190,19838614,9.01268,23261,568244931,504
26400000,2202273,19863744,9.01966,23288,570268109,513
26450000,2203294,19888946,9.02691,23330,572277639,494
26500000,2204335,19914187,9.0341,23368,574325882,513
26550000,2205381,19939203,9.041160000000001,23401,576340032,513
26600000,2206384,19964139,9.04835,23442,578356615,510
26650000,2207402,19989079,9.055480000000001,23477,580353346,527
26700000,2208428,20013978,9.06254,23519,582369489,484
26750000,2209456,20038932,9.06962,23566,584431112,479
26800000,2210476,20063998,9.07678,23606,586445761,503
26850000,2211475,20088993,9.08398,23635,588470173,500
26900000,2212491,20113751,9.091000000000001,23669,590452261,523
26950000,2213472,20138400,9.0981,23699,592481304,479
27000000,2214465,20163016,9.105139999999999,23738,594462819,467
27050000,2215435,20187723,9.11231,23773,596491096,509
27100000,2216410,20212227,9.11935,23813,598526925,479
27150000,2217356,20236806,9.12655,23860,600546436,499
27200000,2218320,20261265,9.133610000000001,23892,602564297,496
27250000,2219324,20285906,9.14058,23925,604652398,486
27300000,2220303,20310280,9.14753,23953,606684519,472
27350000,2221236,20334763,9.154710000000001,24000,608680213,488
27400000,2222230,20358954,9.1615,24026,610726655,485
27450000,2223157,20383245,9.1686,24063,612814428,507
27500000,2224141,20407510,9.175460000000001,24099,614862885,522
27550000,2225085,20431783,9.18247,24131,616862222,492
27600000,2226034,20455854,9.18937,24166,618919943,502
27650000,2227056,20479913,9.195960000000001,24196,620961037,482
27700000,2227998,20503973,9.202869999999999,24224,623007178,477
27750000,2228947,20527998,9.20973,24268,625055527,475
27800000,2229869,20552057,9.21671,24301,627141082,461
27850000,2230813,20575750,9.22343,24328,629159437,453
27900000,2231780,20599421,9.230039999999999,24362,631181554,468
27950000,2232647,20623021,9.23703,24408,633182809,486
28000000,2233519,20646699,9.244019999999999,24440,635213576,462
28050000,2234447,20670413,9.2508,24462,637250229,479
28100000,2235298,20694080,9.25786,24501,639310408,496
28150000,2236191,20717716,9.26473,24536,641337277,490
28200000,2237089,20741385,9.2716,24574,643318921,469
28250000,2238037,20764792,9.27813,24599,645353148,445
28300000,2238899,20788204,9.28501,24641,647322107,432
28350000,2239809,20811442,9.29161,24676,649329068,469
28400000,2240708,20834852,9.29833,24706,651360822,447
28450000,2241601,20858180,9.30504,24753,653358786,442
28500000,2242471,20881552,9.31185,24784,655380596,448
28550000,2243317,20904683,9.31865,24818,657376466,458
28600000,2244178,20927738,9.32535,24845,659392789,445
28650000,2245003,20950889,9.332230000000001,24874,661439477,443
28700000,2245829,20973912,9.33905,24899,663411319,434
28750000,2246650,20996873,9.34586,24930,665427217,446
28800000,2247488,21019995,9.35266,24961,667480039,455
28850000,2248358,21043005,9.35928,24985,669535629,442
28900000,2249205,21065938,9.36595,25018,671533930,448
28950000,2250030,21088685,9.37262,25053,673517233,433
29000000,2250860,21111572,9.37934,25092,675519334,444
29050000,2251702,21134429,9.38598,25123,677535286,452
29100000,2252528,21157006,9.392560000000001,25149,679523041,449
29150000,2253317,21179547,9.399280000000001,25182,681504014,442
29200000,2254112,21202200,9.40601,25214,683478730,466
29250000,2254895,21224762,9.41275,25252,685497129,472
29300000,2255673,21247227,9.41946,25291,687456821,427
29350000,2256492,21269656,9.425980000000001,25330,689456463,455
29400000,2257272,21291861,9.43256,25361,691403611,446
29450000,2258060,21314370,9.43924,25396,693426342,414
29500000,2258854,21336575,9.44575,25432,695415758,473
29550000,2259648,21358887,9.45231,25472,697458074,432
29600000,2260391,21381019,9.45899,25508,699461818,428
29650000,2261152,21403406,9.465710000000001,25550,701497736,439
29700000,2261863,21425491,9.4725,25593,703488683,455
29750000,2262631,21447592,9.47905,25629,705486103,443
29800000,2263372,21469573,9.485660000000001,25656,707477992,447
29850000,2264116,21491471,9.49221,25689,709437672,442
29900000,2264868,21513383,9.49874,25722,711446482,454
29950000,2265542,21535313,9.50559,25757,713444597,448
30000000,2266224,21557236,9.5124,25790,715494166,448
30050000,2266996,21579275,9.518889999999999,25832,717468725,409
30100000,2267736,21600879,9.525310000000001,25880,719453339,437
30150000,2268463,21622624,9.531839999999999,25906,721456941,423
30200000,2269133,21644357,9.5386,25942,723457962,424
30250000,2269800,21665955,9.54531,25976,725433873,438
30300000,2270475,21687674,9.55204,26010,727436831,419
30350000,2271185,21709387,9.55862,26051,729444367,435
30400000,2271857,21730914,9.56526,26086,731433571,391
30450000,2272558,21752344,9.57174,26116,733432104,405
30500000,2273198,21773852,9.578510000000001,26151,735448390,436
30550000,2273901,21795343,9.585,26187,737426870,429
30600000,2274542,21816815,9.59174,26215,739390428,405
30650000,2275231,21838214,9.598239999999999,26245,741362664,412
30700000,2275895,21859578,9.60483,26283,743343632,426
30750000,2276555,21880645,9.6113,26318,745324688,438
30800000,2277207,21901856,9.61786,26352,747305236,428
30850000,2277817,21922751,9.624460000000001,26389,749267345,423
30900000,2278465,21943717,9.63092,26424,751243168,435
30950000,2279092,21964534,9.637410000000001,26461,753210257,451
31000000,2279701,21985277,9.643930000000001,26497,755166122,427
31050000,2280332,22006038,9.65037,26537,757149912,412
31100000,2280972,22026776,9.65675,26572,759087339,395
31150000,2281566,22047891,9.66349,26609,761106903,436
31200000,2282186,22068824,9.67004,26652,763099962,423
31250000,2282794,22089437,9.67649,26677,765055598,434
31300000,2283372,22110253,9.68316,26720,767042999,406
31350000,2283940,22130798,9.68975,26749,769004273,403
31400000,2284529,22151446,9.69629,26781,770988278,402
31450000,2285141,22171872,9.702630000000001,26809,772914832,397
31500000,2285735,22192385,9.70908,26843,774868095,417
31550000,2286382,22212821,9.71527,26866,776792774,412
31600000,2287003,22233506,9.721680000000001,26900,778776117,416
31650000,2287560,22253848,9.7282,26940,780734902,412
31700000,2288121,22274115,9.73468,26983,782687690,395
31750000,2288641,22294219,9.74125,27016,784625407,403
31800000,2289177,22314451,9.7478,27057,786547487,407
31850000,2289720,22334622,9.7543,27090,788480460,425
31900000,2290288,22354639,9.76062,27115,790395586,415
31950000,2290839,22374747,9.76705,27152,792326725,426
32000000,2291387,22394793,9.77347,27197,794252789,393
32050000,2291951,22414763,9.77977,27220,796163827,375
32100000,2292486,22434697,9.78619,27249,798075118,369
32150000,2293038,22454612,9.79252,27281,800008408,412
32200000,2293618,22474414,9.79867,27312,801959587,407
32250000,2294107,22494009,9.80513,27343,803825587,404
32300000,2294653,22513842,9.81144,27375,805757012,399
32350000,2295175,22533527,9.81778,27410,807654493,402
32400000,2295675,22553152,9.82419,27442,809601564,382
32450000,2296221,22572829,9.83043,27476,811455960,372
32500000,2296721,22592473,9.836839999999999,27518,813435923,379
32550000,2297218,22612114,9.84326,27547,815341024,428
32600000,2297703,22631588,9.84966,27577,817250294,403
32650000,2298186,22650934,9.856010000000001,27606,819137494,400
32700000,2298680,22670348,9.86233,27635,821061479,375
32750000,2299201,22689740,9.86853,27682,822966207,406
32800000,2299700,22709069,9.8748,27708,824861165,400
32850000,2300157,22728063,9.881089999999999,27747,826760000,401
32900000,2300645,22747330,9.887369999999999,27785,828633630,413
32950000,2301129,22766370,9.89357,27820,830506983,366
33000000,2301586,22785263,9.89981,27855,832358599,383
33050000,2302094,22804389,9.90593,27886,834270663,380
33100000,2302586,22823399,9.91207,27916,836094894,380
