timestep,num_nodes,num_edges,average_degree,max_degree,num_triangles,new_edges
0,1959,1000,0.510465,3,0,1000
50000,63446,50970,0.8033600000000001,55,6,1000
100000,103261,100890,0.977039,98,86,997
150000,135773,150779,1.1105200000000002,149,303,996
200000,164213,200616,1.2216799999999999,204,694,998
250000,189755,250415,1.31968,257,1326,999
300000,212907,300156,1.4098,317,2315,992
350000,234678,349849,1.49076,371,3566,995
400000,255224,399486,1.56524,416,5276,988
450000,274749,449076,1.6345,457,7491,989
500000,293073,498659,1.7014799999999999,512,10363,990
550000,310710,548173,1.76426,560,13670,988
600000,327440,597634,1.8251700000000002,612,17753,993
650000,343663,647020,1.8827200000000002,673,22570,985
700000,359362,696336,1.9377,736,28145,988
750000,374354,745666,1.99187,777,34550,985
800000,389184,794930,2.04256,833,41973,985
850000,403593,844159,2.0916099999999997,886,50229,979
900000,417584,893351,2.1393299999999997,941,59480,983
950000,431120,942470,2.1861,1001,69702,979
1000000,444487,991536,2.23074,1053,81370,979
1050000,457484,1040575,2.2745599999999997,1108,93967,973
1100000,470099,1089549,2.3177,1154,107862,976
1150000,482463,1138431,2.35962,1202,123222,975
1200000,494612,1187327,2.40052,1256,139536,978
1250000,506474,1236162,2.4407200000000002,1299,157493,976
1300000,517989,1284988,2.4807200000000003,1344,176601,975
1350000,529358,1333809,2.51967,1394,197579,979
1400000,540780,1382491,2.55648,1436,219864,970
1450000,551899,1431121,2.59308,1481,243883,967
1500000,562824,1479732,2.62912,1545,269901,973
1550000,573699,1528345,2.6640200000000003,1598,296960,965
1600000,584091,1576873,2.6997,1651,326812,967
1650000,594320,1625330,2.73477,1698,357545,976
1700000,604308,1673766,2.76972,1738,390369,968
1750000,614377,1722113,2.80302,1791,425084,978
1800000,624385,1770532,2.83564,1841,461469,971
1850000,634140,1818834,2.8681900000000002,1902,500118,956
1900000,643727,1867135,2.9005099999999997,1949,540696,962
1950000,653129,1915316,2.9325200000000002,2006,583525,959
2000000,662594,1963467,2.9633,2046,628804,963
2050000,671770,2011597,2.99447,2090,676219,965
2100000,680819,2059663,3.02527,2146,725249,953
2150000,689820,2107675,3.0554,2206,776609,965
2200000,698810,2155625,3.08471,2257,830510,955
2250000,707563,2203540,3.11427,2322,887705,956
2300000,716192,2251406,3.14358,2375,946888,951
2350000,724704,2299236,3.17266,2427,1008958,962
2400000,733023,2347034,3.20186,2478,1072876,956
2450000,741445,2394631,3.22968,2525,1139541,957
2500000,749879,2442338,3.25698,2570,1207752,959
2550000,758146,2489880,3.2841699999999996,2622,1278706,939
2600000,766238,2537506,3.31164,2678,1351377,952
2650000,774297,2585116,3.33866,2734,1428357,951
2700000,782202,2632568,3.36559,2789,1508638,954
2750000,790035,2680059,3.3923300000000003,2841,1591939,953
2800000,797696,2727423,3.4191300000000004,2886,1677193,948
2850000,805388,2774721,3.4452,2933,1764961,934
2900000,813111,2822034,3.4706599999999996,2970,1856733,941
2950000,820584,2869392,3.4967699999999997,3017,1950392,947
3000000,828173,2916535,3.52165,3067,2047867,949
3050000,835498,2963824,3.54737,3107,2150278,941
3100000,842942,3010989,3.572,3153,2253311,943
3150000,850103,3057993,3.5972,3216,2360531,939
3200000,857522,3104949,3.6208400000000003,3272,2470182,944
3250000,864637,3151942,3.6453900000000004,3320,2583561,933
3300000,871948,3198923,3.66871,3363,2700325,930
3350000,879055,3245821,3.6924,3422,2819064,923
3400000,886017,3292668,3.7162599999999997,3487,2943463,934
3450000,892975,3339398,3.7396300000000005,3543,3069227,937
3500000,899986,3386118,3.76241,3584,3198359,931
3550000,906777,3432851,3.78577,3634,3331649,927
3600000,913533,3479520,3.8088599999999997,3691,3470092,931
3650000,920330,3526100,3.83134,3731,3609372,917
3700000,927006,3572711,3.8540300000000003,3777,3752657,924
3750000,933597,3619180,3.8766,3819,3898728,929
3800000,940052,3665612,3.89937,3862,4049812,925
3850000,946461,3711969,3.92195,3914,4205720,939
3900000,952709,3758315,3.94487,3963,4363832,936
3950000,959140,3804638,3.9667199999999996,4024,4526362,920
4000000,965597,3850982,3.9881900000000003,4084,4693198,925
4050000,971892,3897124,4.00983,4130,4864689,922
4100000,978042,3943343,4.03187,4181,5036357,924
4150000,984316,3989497,4.05307,4239,5215715,920
4200000,990345,4035551,4.07489,4283,5397660,917
4250000,996402,4081595,4.09633,4337,5581460,917
4300000,1002509,4127533,4.1172,4398,5772200,920
4350000,1008500,4173451,4.13828,4440,5964443,903
4400000,1014500,4219563,4.15925,4493,6164120,923
4450000,1020375,4265405,4.18023,4537,6358601,913
4500000,1026318,4311230,4.20068,4584,6567609,927
4550000,1032131,4356906,4.22127,4626,6778358,922
4600000,1037979,4402534,4.24145,4663,6994137,908
4650000,1043783,4448229,4.26164,4708,7212172,915
4700000,1049560,4493844,4.28165,4745,7432952,942
4750000,1055254,4539425,4.301740000000001,4785,7659423,906
4800000,1060965,4584941,4.32148,4848,7891226,913
4850000,1066578,4630364,4.34133,4887,8126033,914
4900000,1072329,4675823,4.3604400000000005,4929,8368434,905
4950000,1078025,4721072,4.37937,4995,8616393,888
5000000,1083583,4766350,4.39869,5038,8865437,917
5050000,1089109,4811600,4.41792,5099,9115208,903
5100000,1094600,4856808,4.43706,5148,9370911,914
5150000,1100164,4901999,4.4557,5191,9630268,898
5200000,1105506,4947064,4.4749300000000005,5244,9894269,895
5250000,1110754,4992127,4.4943599999999995,5291,10164176,892
5300000,1116135,5037289,4.51315,5335,10438905,913
5350000,1121439,5082320,4.53196,5377,10722677,916
5400000,1126637,5127257,4.55094,5418,11005359,895
5450000,1131852,5172151,4.56964,5469,11299485,892
5500000,1137055,5217053,4.58822,5513,11594510,910
5550000,1142175,5261746,4.6067800000000005,5573,11895050,894
5600000,1147324,5306511,4.62512,5635,12199863,893
5650000,1152433,5351186,4.6433800000000005,5683,12510371,881
5700000,1157642,5395932,4.6611400000000005,5741,12818011,876
5750000,1162757,5440559,4.6790199999999995,5796,13136649,913
5800000,1167672,5485041,4.69742,5855,13460072,903
5850000,1172753,5529743,4.71518,5901,13787317,908
5900000,1177821,5574267,4.73269,5951,14118282,895
5950000,1182722,5618657,4.75062,5997,14457478,883
6000000,1187871,5662994,4.76735,6056,14801158,875
6050000,1192630,5707452,4.7856,6114,15144810,882
6100000,1197629,5751682,4.80256,6163,15492154,894
6150000,1202569,5795901,4.8196,6215,15849379,887
6200000,1207430,5840056,4.83677,6271,16208761,864
6250000,1212161,5884172,4.85428,6321,16574880,879
6300000,1217058,5928133,4.87087,6367,16938737,892
6350000,1221749,5972170,4.88821,6404,17313517,875
6400000,1226506,6016261,4.9052,6456,17691254,872
6450000,1231207,6060341,4.922280000000001,6505,18077536,892
6500000,1236046,6104351,4.93861,6546,18462020,863
6550000,1240759,6148071,4.95509,6590,18849160,868
6600000,1245538,6191980,4.97133,6640,19247250,888
6650000,1250392,6235613,4.98693,6688,19648911,880
6700000,1255108,6279350,5.00304,6731,20061683,890
6750000,1259646,6322909,5.01959,6791,20473771,869
6800000,1264331,6366619,5.03556,6842,20897596,879
6850000,1268790,6410246,5.05225,6891,21319353,873
6900000,1273358,6453835,5.06836,6928,21743845,889
6950000,1277854,6497300,5.0845400000000005,6967,22176661,872
7000000,1282307,6540830,5.10083,7016,22616905,860
7050000,1286678,6584124,5.11715,7061,23067467,849
7100000,1291135,6627464,5.13305,7100,23526301,879
7150000,1295634,6670734,5.148630000000001,7148,23988122,847
7200000,1300124,6714075,5.16418,7177,24449671,850
7250000,1304591,6757196,5.17955,7215,24915809,850
7300000,1309005,6800448,5.195130000000001,7257,25399175,858
7350000,1313179,6843535,5.21143,7304,25879871,866
7400000,1317459,6886576,5.22717,7351,26364658,846
7450000,1321883,6929527,5.24216,7389,26858161,884
7500000,1326216,6972691,5.25758,7426,27357976,854
7550000,1330481,7015623,5.273,7467,27858754,859
7600000,1334909,7058561,5.287669999999999,7510,28365348,845
7650000,1339222,7101365,5.3026,7557,28876616,857
7700000,1343398,7144122,5.31795,7618,29387924,847
7750000,1347584,7186801,5.3331,7661,29906256,856
7800000,1351806,7229492,5.34802,7710,30435613,839
7850000,1355900,7272109,5.36331,7757,30974541,856
7900000,1360152,7314665,5.37783,7800,31521637,840
7950000,1364287,7357291,5.39277,7852,32063288,857
8000000,1368408,7399775,5.40758,7902,32610151,824
8050000,1372427,7442385,5.42279,7953,33172497,843
8100000,1376464,7484697,5.43763,8000,33733740,844
8150000,1380547,7526958,5.45216,8058,34305936,830
8200000,1384644,7569207,5.46654,8106,34884327,844
8250000,1388662,7611530,5.4812,8158,35470347,824
8300000,1392713,7653802,5.49561,8221,36048092,823
8350000,1396703,7695910,5.51005,8264,36634009,838
8400000,1400603,7738146,5.52487,8314,37228086,836
8450000,1404549,7780296,5.53936,8353,37836570,827
8500000,1408438,7822346,5.55392,8398,38452916,838
8550000,1412365,7864284,5.568169999999999,8440,39066414,852
8600000,1416287,7906244,5.58237,8483,39680971,838
8650000,1420211,7948145,5.59645,8530,40305858,841
8700000,1424134,7990078,5.61048,8573,40934734,850
8750000,1428071,8031838,5.62426,8610,41557942,843
8800000,1431829,8073586,5.63865,8658,42201785,827
8850000,1435722,8115477,5.65254,8700,42839830,840
8900000,1439626,8157220,5.6662099999999995,8740,43504674,844
8950000,1443422,8198950,5.680219999999999,8794,44156483,827
9000000,1447160,8240409,5.69419,8837,44817075,839
9050000,1450955,8282076,5.708019999999999,8892,45479168,850
9100000,1454645,8323533,5.72204,8938,46155009,840
9150000,1458380,8365040,5.7358400000000005,8976,46832954,819
9200000,1462093,8406479,5.749619999999999,9020,47520047,837
9250000,1465857,8447769,5.76302,9071,48207439,827
9300000,1469581,8489040,5.7765,9118,48908277,828
9350000,1473317,8530275,5.78984,9159,49606615,824
9400000,1476989,8571375,5.80328,9210,50327676,800
9450000,1480518,8612545,5.81725,9254,51048499,830
9500000,1484140,8653599,5.8307199999999995,9313,51764327,816
9550000,1487758,8694636,5.844119999999999,9360,52491374,800
9600000,1491271,8735685,5.857880000000001,9423,53223418,831
9650000,1494831,8776578,5.8712800000000005,9464,53959463,829
9700000,1498382,8817502,5.88468,9514,54709389,815
9750000,1501927,8858494,5.89809,9566,55448573,840
9800000,1505518,8899399,5.91119,9609,56206158,838
9850000,1508959,8940151,5.92471,9653,56973602,801
9900000,1512456,8980857,5.937930000000001,9699,57733623,828
9950000,1515982,9021573,5.95098,9737,58523348,832
10000000,1519453,9062160,5.964090000000001,9782,59320133,809
10050000,1522932,9102527,5.97698,9829,60098793,805
10100000,1526424,9143226,5.98996,9873,60907532,826
10150000,1529981,9183737,6.00252,9913,61704070,816
10200000,1533381,9224235,6.015619999999999,9957,62516982,800
10250000,1536906,9264708,6.02816,9994,63324717,798
10300000,1540159,9305017,6.0416,10050,64150821,815
10350000,1543487,9345390,6.05473,10107,64958347,801
10400000,1546802,9385543,6.06771,10147,65794206,809
10450000,1550233,9425774,6.08023,10185,66628627,794
10500000,1553545,9465935,6.09312,10225,67470434,793
10550000,1556895,9505905,6.10568,10277,68313174,786
10600000,1560309,9545948,6.11799,10326,69166034,805
10650000,1563637,9585915,6.13052,10372,70026458,805
10700000,1567025,9625949,6.1428199999999995,10417,70886676,787
10750000,1570348,9665879,6.15525,10461,71758433,817
10800000,1573641,9705859,6.16777,10500,72638711,793
10850000,1576990,9745856,6.18004,10547,73512974,788
10900000,1580315,9785679,6.19223,10601,74379855,795
10950000,1583533,9825491,6.20479,10654,75270795,807
11000000,1586840,9865193,6.216880000000001,10699,76166547,791
11050000,1590165,9904856,6.22882,10749,77065037,804
11100000,1593373,9944425,6.24112,10797,77970809,801
11150000,1596458,9984007,6.25385,10851,78882982,772
11200000,1599641,10023625,6.26617,10884,79801251,790
11250000,1602742,10062937,6.278580000000001,10931,80702364,772
11300000,1605837,10102249,6.29096,10980,81635989,785
11350000,1609038,10141644,6.302919999999999,11023,82582465,800
11400000,1612233,10180923,6.3148,11070,83527521,785
11450000,1615427,10220350,6.32672,11125,84470722,808
11500000,1618617,10259727,6.33858,11170,85435596,782
11550000,1621787,10298861,6.35032,11210,86382998,774
11600000,1624819,10337962,6.3625300000000005,11262,87345247,790
11650000,1627842,10377200,6.37482,11307,88325439,775
11700000,1630981,10416179,6.38645,11351,89288573,786
11750000,1634077,10455182,6.398219999999999,11394,90277646,796
11800000,1637109,10494149,6.41017,11441,91255275,761
11850000,1640199,10533177,6.42189,11475,92245950,800
11900000,1643162,10571976,6.43392,11512,93237288,783
11950000,1646242,10610761,6.4454400000000005,11561,94257765,772
12000000,1649281,10649430,6.4570099999999995,11602,95274700,773
12050000,1652352,10688222,6.46849,11642,96268613,772
12100000,1655216,10726759,6.480580000000001,11681,97297929,785
12150000,1658263,10765205,6.49186,11723,98327581,767
12200000,1661234,10803741,6.50344,11765,99370614,775
12250000,1664265,10842359,6.5148,11807,100399026,786
12300000,1667231,10880909,6.52634,11848,101448650,768
12350000,1670292,10919405,6.53742,11891,102501596,775
12400000,1673242,10957745,6.54881,11933,103530407,797
12450000,1676206,10996035,6.56007,11981,104591825,770
12500000,1679072,11034343,6.571689999999999,12026,105657935,774
12550000,1681948,11072637,6.58322,12071,106724770,757
12600000,1684810,11110677,6.59462,12117,107801384,752
12650000,1687792,11148846,6.605580000000001,12164,108887021,759
12700000,1690697,11187004,6.6168,12201,109967314,776
12750000,1693580,11225119,6.6280399999999995,12240,111071702,776
12800000,1696437,11263115,6.63928,12286,112182572,766
12850000,1699344,11301149,6.6503,12341,113279964,767
12900000,1702206,11339097,6.661410000000001,12387,114402856,779
12950000,1705031,11376816,6.6725,12435,115499396,766
13000000,1707868,11414696,6.68359,12476,116613760,753
13050000,1710617,11452582,6.695,12521,117767420,768
13100000,1713460,11490441,6.705989999999999,12568,118912858,771
13150000,1716257,11528206,6.717060000000001,12616,120055094,775
13200000,1718960,11565978,6.72847,12658,121209375,758
13250000,1721821,11603559,6.73912,12703,122356521,750
13300000,1724598,11641016,6.7499899999999995,12751,123516950,738
13350000,1727386,11678426,6.76075,12800,124683006,753
13400000,1730076,11715822,6.77185,12863,125845661,746
13450000,1732833,11753324,6.782719999999999,12915,127019679,750
13500000,1735587,11790474,6.793360000000001,12965,128166390,727
13550000,1738370,11828053,6.8041100000000005,12997,129382793,755
13600000,1741089,11865285,6.81486,13041,130579101,749
13650000,1743861,11902726,6.8255,13071,131800396,729
13700000,1746692,11940074,6.83582,13130,133002847,770
13750000,1749434,11977170,6.846310000000001,13156,134200395,725
13800000,1752118,12014238,6.85698,13199,135426636,725
13850000,1754842,12051161,6.867380000000001,13242,136661594,735
13900000,1757564,12088143,6.8777800000000004,13286,137887967,746
13950000,1760223,12125103,6.888389999999999,13337,139120680,741
14000000,1762850,12161982,6.89905,13374,140374371,754
14050000,1765570,12198813,6.90928,13416,141628448,732
14100000,1768180,12235742,6.9199600000000006,13449,142899008,746
14150000,1770777,12272515,6.93058,13489,144138702,715
14200000,1773437,12309089,6.940810000000001,13522,145377787,708
14250000,1776111,12345793,6.95103,13567,146654292,765
14300000,1778795,12382298,6.961060000000001,13604,147916194,735
14350000,1781344,12418732,6.97155,13648,149182371,744
14400000,1783902,12455291,6.98205,13692,150480705,731
14450000,1786458,12491688,6.992430000000001,13737,151767544,725
14500000,1788982,12528078,7.002910000000001,13755,153068088,738
14550000,1791619,12564406,7.01288,13809,154374084,721
14600000,1794261,12600786,7.02283,13841,155673819,726
14650000,1796720,12637126,7.03344,13883,156977661,733
14700000,1799221,12673416,7.043839999999999,13932,158305657,732
14750000,1801701,12709702,7.05428,13982,159627525,716
14800000,1804200,12746135,7.0647,14020,160970853,742
14850000,1806744,12782231,7.074730000000001,14062,162261108,698
14900000,1809228,12818204,7.0849,14119,163584040,705
14950000,1811675,12854229,7.095219999999999,14172,164914153,723
15000000,1814214,12890212,7.105119999999999,14208,166248362,722
15050000,1816638,12925886,7.11528,14250,167570117,716
15100000,1819116,12961682,7.125260000000001,14290,168922740,725
15150000,1821492,12997513,7.1356399999999995,14313,170285237,714
15200000,1823955,13033307,7.145630000000001,14358,171661314,706
15250000,1826353,13069274,7.155939999999999,14393,173028475,725
15300000,1828818,13104681,7.165660000000001,14437,174378045,724
15350000,1831152,13140308,7.17598,14481,175749640,728
15400000,1833606,13175771,7.18572,14547,177134006,733
15450000,1835996,13211428,7.19578,14586,178531477,713
15500000,1838362,13246859,7.2057899999999995,14631,179921193,688
15550000,1840660,13282268,7.21604,14668,181331629,682
15600000,1842979,13317730,7.2262,14722,182760906,700
15650000,1845405,13353232,7.235939999999999,14771,184173734,706
15700000,1847788,13388526,7.2457,14813,185560319,694
15750000,1850108,13423906,7.255739999999999,14859,186989064,704
15800000,1852341,13459088,7.2659899999999995,14899,188419029,688
15850000,1854715,13494201,7.27562,14931,189851646,698
15900000,1857041,13529402,7.2854600000000005,14971,191286231,695
15950000,1859330,13564368,7.2953,15018,192708850,691
16000000,1861714,13599297,7.30472,15062,194144503,691
16050000,1864028,13634311,7.314430000000001,15104,195597909,715
16100000,1866385,13669128,7.32385,15149,197033373,724
16150000,1868736,13704033,7.33332,15194,198462601,709
16200000,1870992,13738943,7.34313,15223,199949094,713
16250000,1873301,13773821,7.3527,15278,201429676,704
16300000,1875555,13808541,7.36238,15322,202925438,684
16350000,1877848,13843264,7.37188,15350,204393823,706
16400000,1880088,13878121,7.38163,15414,205909810,698
16450000,1882355,13912680,7.3911,15444,207374013,689
16500000,1884604,13947181,7.400589999999999,15488,208855901,694
16550000,1886843,13981479,7.40999,15535,210323966,687
16600000,1889133,14016002,7.4192800000000005,15575,211790727,666
16650000,1891377,14050416,7.428669999999999,15608,213308499,706
16700000,1893620,14084730,7.437989999999999,15647,214780557,679
16750000,1895779,14119103,7.44765,15692,216285926,693
16800000,1897922,14153289,7.457260000000001,15734,217813251,673
16850000,1900119,14187522,7.46665,15770,219347966,667
16900000,1902287,14221804,7.47616,15805,220864783,678
16950000,1904380,14256077,7.485939999999999,15845,222405449,683
17000000,1906606,14290138,7.49507,15881,223945145,655
17050000,1908780,14324250,7.5044,15925,225473809,672
17100000,1910870,14358207,7.513960000000001,15971,227045409,681
17150000,1913013,14392017,7.523219999999999,16000,228587202,678
17200000,1915220,14425969,7.53228,16046,230109492,685
17250000,1917379,14459708,7.54139,16088,231654301,689
17300000,1919449,14493696,7.5509699999999995,16136,233252049,684
17350000,1921538,14527306,7.56025,16182,234832583,679
17400000,1923645,14560928,7.56945,16229,236394359,678
17450000,1925745,14594654,7.578710000000001,16277,237965935,691
17500000,1927947,14628246,7.58747,16314,239529725,667
17550000,1930040,14661883,7.59667,16357,241118316,676
17600000,1932056,14695312,7.60605,16402,242705391,637
17650000,1934141,14728828,7.6151800000000005,16435,244302196,654
17700000,1936241,14762137,7.62412,16485,245881586,661
17750000,1938226,14795458,7.63351,16523,247479623,683
17800000,1940290,14829001,7.64267,16561,249103244,667
17850000,1942341,14862250,7.65172,16614,250707881,689
17900000,1944382,14895466,7.660769999999999,16658,252332902,663
17950000,1946438,14928430,7.6696100000000005,16707,253932356,681
18000000,1948435,14961607,7.678780000000001,16743,255553815,667
18050000,1950472,14994523,7.687639999999999,16786,257163202,651
18100000,1952428,15027475,7.69681,16837,258793162,657
18150000,1954466,15060402,7.70564,16874,260439310,689
18200000,1956434,15093418,7.714760000000001,16902,262090938,697
18250000,1958434,15126098,7.72357,16938,263701165,666
18300000,1960383,15158985,7.732660000000001,16988,265334468,657
18350000,1962366,15191864,7.7416100000000005,17026,266983208,661
18400000,1964355,15224573,7.75042,17063,268651224,675
18450000,1966367,15257272,7.759119999999999,17085,270309876,681
18500000,1968300,15289624,7.767930000000001,17113,271952714,654
18550000,1970190,15322190,7.777010000000001,17157,273627606,645
18600000,1972048,15354691,7.786160000000001,17195,275294159,642
18650000,1973983,15387397,7.7951,17232,276972621,647
18700000,1975915,15419769,7.80386,17270,278666045,650
18750000,1977831,15452094,7.81265,17314,280334840,656
18800000,1979717,15484359,7.8215,17348,281999461,650
18850000,1981695,15516767,7.83005,17382,283664237,608
18900000,1983625,15549284,7.83882,17420,285370810,646
18950000,1985493,15581495,7.84767,17477,287054890,638
19000000,1987365,15613796,7.85653,17517,288770184,632
19050000,1989304,15645881,7.865,17553,290459931,633
19100000,1991258,15678029,7.87343,17594,292160911,651
19150000,1993188,15710172,7.8819300000000005,17636,293853608,638
19200000,1995132,15742197,7.8903,17686,295602566,620
19250000,1996943,15774272,7.899210000000001,17726,297289629,639
19300000,1998821,15806094,7.907710000000001,17768,299042454,627
19350000,2000674,15838060,7.916360000000001,17806,300789528,632
19400000,2002559,15869968,7.92484,17852,302507299,650
19450000,2004379,15901824,7.93354,17904,304257058,646
19500000,2006204,15933542,7.942130000000001,17954,305981362,621
19550000,2007965,15965182,7.9509300000000005,17991,307706269,624
19600000,2009778,15996829,7.9595,18038,309449144,635
19650000,2011522,16028361,7.96828,18077,311200914,649
19700000,2013328,16059813,7.97675,18111,312922679,631
19750000,2015134,16091287,7.98522,18143,314641661,616
19800000,2016912,16122898,7.99385,18185,316403369,615
19850000,2018657,16154176,8.00244,18223,318199880,622
19900000,2020439,16185572,8.01092,18259,319951807,621
19950000,2022201,16216984,8.01947,18312,321755004,621
20000000,2023969,16248151,8.02787,18363,323562350,643
20050000,2025729,16279417,8.03633,18405,325372057,634
20100000,2027493,16310612,8.04472,18447,327175487,621
20150000,2029181,16341871,8.05343,18494,328933731,646
20200000,2030899,16372785,8.06184,18538,330725803,610
20250000,2032689,16403699,8.06995,18570,332488569,606
20300000,2034431,16434710,8.07828,18619,334269155,626
20350000,2036092,16465614,8.08687,18659,336048927,638
20400000,2037760,16496637,8.09548,18691,337848170,614
20450000,2039492,16527458,8.103710000000001,18730,339663036,629
20500000,2041175,16558442,8.112210000000001,18758,341503566,599
20550000,2042878,16589285,8.12055,18798,343343906,622
20600000,2044604,16620136,8.12878,18830,345154538,604
20650000,2046277,16650828,8.13713,18883,346980419,592
20700000,2047938,16681538,8.14553,18920,348813430,614
20750000,2049595,16712004,8.15381,18954,350653487,631
20800000,2051249,16742542,8.16212,18991,352495158,612
20850000,2052867,16772929,8.17049,19030,354346585,606
20900000,2054556,16803248,8.17853,19071,356178477,592
20950000,2056169,16833609,8.18688,19106,358002481,634
21000000,2057780,16863921,8.1952,19164,359848210,623
21050000,2059372,16893857,8.2034,19205,361686159,594
21100000,2061018,16924174,8.21156,19248,363467364,609
21150000,2062637,16954278,8.219710000000001,19283,365295021,580
21200000,2064290,16984561,8.2278,19324,367156033,630
21250000,2065858,17014607,8.2361,19366,369005509,605
21300000,2067407,17044550,8.24441,19407,370860170,611
21350000,2069048,17074654,8.252419999999999,19450,372711074,611
21400000,2070649,17104526,8.26047,19488,374572024,577
21450000,2072239,17134532,8.26861,19536,376454395,610
21500000,2073815,17164329,8.276689999999999,19576,378377273,590
21550000,2075394,17194198,8.28479,19629,380280127,586
21600000,2076991,17224033,8.29278,19666,382144243,599
21650000,2078516,17253582,8.30091,19697,384016334,559
21700000,2080063,17283234,8.309,19739,385894923,588
21750000,2081615,17312917,8.317060000000001,19779,387782868,579
21800000,2083203,17342504,8.32492,19808,389660724,573
21850000,2084729,17371913,8.332939999999999,19839,391544627,588
21900000,2086289,17401446,8.340860000000001,19886,393425589,590
21950000,2087804,17430737,8.34884,19924,395309692,593
22000000,2089267,17460256,8.35712,19965,397203103,577
22050000,2090798,17489501,8.364989999999999,20001,399077593,559
22100000,2092332,17518621,8.37277,20039,400964629,558
22150000,2093838,17547951,8.38076,20073,402845409,572
22200000,2095347,17577273,8.38872,20111,404779651,567
22250000,2096880,17606311,8.39643,20145,406647413,560
22300000,2098376,17635553,8.40438,20188,408526419,598
22350000,2099901,17664504,8.41207,20228,410423422,610
22400000,2101391,17693578,8.419939999999999,20265,412343618,578
22450000,2102848,17722526,8.42787,20314,414258629,576
22500000,2104331,17751369,8.43564,20360,416154038,589
22550000,2105844,17780209,8.44327,20399,418071382,582
22600000,2107262,17809012,8.451260000000001,20430,419999072,601
22650000,2108726,17837771,8.45903,20470,421945885,589
22700000,2110171,17866554,8.46687,20504,423879924,577
22750000,2111606,17895292,8.474730000000001,20535,425823908,601
22800000,2113039,17924070,8.4826,20565,427741524,592
22850000,2114460,17952731,8.49046,20611,429662175,572
22900000,2115879,17981214,8.49822,20655,431596107,590
22950000,2117299,18009514,8.505889999999999,20693,433517409,585
23000000,2118685,18037860,8.513710000000001,20714,435443398,577
23050000,2120062,18065925,8.521410000000001,20753,437345488,561
23100000,2121468,18094211,8.5291,20797,439285951,559
23150000,2122818,18122424,8.53697,20831,441198753,571
23200000,2124198,18150805,8.544780000000001,20864,443137215,550
23250000,2125542,18179070,8.55268,20890,445095771,558
23300000,2126926,18207341,8.5604,20925,447050675,557
23350000,2128302,18235484,8.56809,20960,448991303,545
23400000,2129714,18263633,8.57563,20997,450931078,541
23450000,2131109,18291553,8.583110000000001,21034,452865435,550
23500000,2132481,18319330,8.59062,21068,454741715,560
23550000,2133867,18347196,8.5981,21107,456678948,554
23600000,2135229,18375249,8.60575,21147,458606244,576
23650000,2136587,18402912,8.61323,21175,460538181,584
23700000,2137959,18430606,8.62065,21206,462467543,539
23750000,2139275,18458405,8.62835,21248,464446849,556
23800000,2140654,18486184,8.635760000000001,21283,466437264,559
23850000,2142040,18513924,8.643130000000001,21329,468425350,562
23900000,2143336,18541593,8.65081,21356,470429640,560
23950000,2144657,18569239,8.65837,21394,472392817,549
24000000,2145924,18596605,8.66601,21421,474372378,556
24050000,2147208,18624072,8.67362,21456,476355643,536
24100000,2148542,18651641,8.68107,21500,478349502,583
24150000,2149792,18678970,8.68873,21541,480370453,564
24200000,2151101,18706455,8.69622,21581,482343731,578
24250000,2152436,18733688,8.70348,21618,484336039,532
24300000,2153711,18760775,8.71091,21653,486298148,527
24350000,2154949,18787892,8.71849,21692,488274670,544
24400000,2156220,18815005,8.72592,21723,490284336,561
24450000,2157467,18842260,8.73351,21761,492282884,564
24500000,2158719,18869292,8.740969999999999,21803,494290106,543
24550000,2159964,18896353,8.748460000000001,21831,496291892,525
24600000,2161206,18923188,8.75585,21868,498253833,545
24650000,2162411,18950008,8.76337,21902,500252192,523
24700000,2163710,18976725,8.77046,21949,502220844,540
24750000,2164907,19003498,8.77797,21975,504238386,542
24800000,2166146,19030328,8.78534,22015,506262440,516
24850000,2167417,19056882,8.79244,22051,508271191,530
24900000,2168665,19083514,8.799660000000001,22088,510256869,529
24950000,2169897,19110150,8.806939999999999,22119,512283864,554
25000000,2171111,19136724,8.81425,22157,514310951,552
25050000,2172320,19163269,8.82157,22191,516322730,498
25100000,2173563,19189909,8.82878,22227,518330671,502
25150000,2174736,19216322,8.836160000000001,22263,520296126,509
25200000,2175880,19242736,8.84366,22295,522258876,515
25250000,2177012,19269097,8.85117,22335,524301316,542
25300000,2178169,19295251,8.85847,22366,526265560,538
25350000,2179382,19321699,8.865680000000001,22404,528308166,503
25400000,2180520,19347890,8.87306,22437,530276321,507
25450000,2181602,19374128,8.88069,22469,532311706,504
25500000,2182766,19400336,8.887960000000001,22501,534335974,516
25550000,2183896,19426344,8.89527,22547,536305320,510
25600000,2185011,19452235,8.90258,22580,538283064,513
25650000,2186193,19478343,8.90971,22616,540284256,536
25700000,2187318,19504099,8.9169,22654,542292575,498
25750000,2188475,19530116,8.92408,22688,544318463,528
25800000,2189564,19556096,8.9315,22718,546329898,494
25850000,2190693,19582001,8.93872,22753,548345376,524
25900000,2191832,19607791,8.94585,22796,550358866,521
25950000,2192984,19633481,8.952860000000001,22827,552341187,525
26000000,2194075,19659422,8.960230000000001,22861,554378361,521
26050000,2195207,19685040,8.96728,22897,556396127,503
26100000,2196348,19710469,8.9742,22932,558418687,556
26150000,2197450,19736197,8.98141,22969,560453660,497
26200000,2198502,19761649,8.98869,23014,562524315,508
26250000,2199534,19787113,8.99605,23049,564529178,495
26300000,2200572,19812502,9.00334,23081,566532142,484
26350000,2201640,19837880,9.0105,23113,568551978,507
26400000,2202656,19862982,9.01774,23148,570560972,518
26450000,2203672,19888230,9.025039999999999,23183,572605300,524
26500000,2204710,19913401,9.032210000000001,23230,574625255,503
26550000,2205774,19938521,9.03924,23259,576621068,487
26600000,2206781,19963717,9.04653,23290,578660773,500
26650000,2207821,19988749,9.05361,23324,580697113,513
26700000,2208846,20013710,9.06071,23359,582711800,499
26750000,2209882,20038562,9.06771,23394,584733338,491
26800000,2210881,20063531,9.0749,23426,586798088,513
26850000,2211912,20088338,9.08189,23461,588850878,479
26900000,2212934,20112974,9.08883,23505,590834337,490
26950000,2213963,20137773,9.0958,23534,592882746,492
27000000,2214978,20162438,9.10277,23564,594911008,473
27050000,2215916,20187074,9.11004,23599,596922890,491
27100000,2216950,20211756,9.11692,23636,598967626,503
27150000,2217955,20236311,9.12386,23682,600981102,490
27200000,2218984,20260833,9.13068,23721,602985614,505
27250000,2219978,20285143,9.13754,23760,604968658,469
27300000,2220943,20309465,9.14452,23788,607006128,516
27350000,2221917,20333947,9.151530000000001,23839,609039923,522
27400000,2222909,20358391,9.15845,23884,611086769,499
27450000,2223871,20382704,9.16542,23915,613115238,502
27500000,2224821,20406900,9.17238,23957,615094113,453
27550000,2225778,20431168,9.17934,23997,617156307,482
27600000,2226710,20455533,9.18644,24038,619212758,480
27650000,2227694,20479606,9.19319,24063,621246797,484
27700000,2228641,20503556,9.20003,24105,623264935,435
27750000,2229561,20527438,9.20694,24150,625254068,510
27800000,2230512,20551382,9.21375,24178,627273267,470
27850000,2231408,20575212,9.22073,24211,629289001,485
27900000,2232326,20599033,9.22761,24244,631288947,451
27950000,2233255,20622963,9.23449,24293,633327391,453
28000000,2234214,20646771,9.24118,24343,635332879,451
28050000,2235131,20670408,9.24796,24378,637379788,466
28100000,2235963,20694200,9.25516,24404,639394990,488
28150000,2236823,20717852,9.26218,24434,641423585,478
28200000,2237758,20741707,9.26897,24464,643472258,451
28250000,2238539,20764983,9.27613,24512,645498449,467
28300000,2239457,20788790,9.282960000000001,24558,647560919,478
28350000,2240339,20812205,9.289760000000001,24594,649577987,453
28400000,2241227,20835726,9.29657,24635,651621889,452
28450000,2242144,20859030,9.30316,24668,653608030,440
28500000,2242979,20882279,9.31006,24705,655655826,439
28550000,2243822,20905438,9.316889999999999,24741,657667086,464
28600000,2244690,20928540,9.32358,24772,659664883,461
28650000,2245519,20951871,9.33052,24797,661666155,459
28700000,2246331,20974974,9.337439999999999,24839,663667427,446
28750000,2247207,20998028,9.34406,24882,665722123,471
28800000,2248034,21021077,9.35087,24910,667743400,457
28850000,2248857,21044063,9.357669999999999,24949,669746967,484
28900000,2249679,21066802,9.364360000000001,24982,671718327,440
28950000,2250510,21089658,9.37106,25019,673734686,437
29000000,2251314,21112396,9.37781,25059,675756958,462
29050000,2252150,21134948,9.38434,25100,677738405,447
29100000,2252898,21157733,9.39134,25135,679797104,446
29150000,2253719,21180518,9.39803,25168,681827768,455
29200000,2254458,21203070,9.40495,25201,683835377,435
29250000,2255286,21225570,9.411480000000001,25238,685832367,449
29300000,2256071,21247964,9.41813,25273,687798513,453
29350000,2256801,21270474,9.42506,25302,689816604,446
29400000,2257512,21292973,9.43205,25340,691848111,459
29450000,2258306,21315577,9.43875,25375,693871543,460
29500000,2259066,21337941,9.44547,25416,695861507,477
29550000,2259844,21360338,9.45213,25446,697893441,428
29600000,2260582,21382663,9.458919999999999,25488,699920414,458
29650000,2261377,21405022,9.46548,25523,701940648,432
29700000,2262175,21427080,9.47189,25555,703936355,437
29750000,2262856,21449344,9.47888,25589,705951869,462
29800000,2263573,21471310,9.48558,25622,707906232,425
29850000,2264299,21493360,9.492280000000001,25658,709912545,449
29900000,2265048,21515235,9.4988,25678,711861512,440
29950000,2265731,21537100,9.50559,25714,713813156,473
30000000,2266461,21559204,9.51228,25744,715833655,430
30050000,2267141,21580890,9.518989999999999,25780,717753628,438
30100000,2267804,21602660,9.52581,25822,719772345,428
30150000,2268506,21624449,9.53246,25861,721755116,443
30200000,2269203,21646056,9.539060000000001,25895,723757575,457
30250000,2269934,21667695,9.54552,25937,725699412,422
30300000,2270608,21689168,9.55214,25964,727685161,444
30350000,2271289,21710813,9.558810000000001,26000,729661717,437
30400000,2271991,21732365,9.565339999999999,26033,731650381,407
30450000,2272703,21753609,9.57169,26076,733593467,411
30500000,2273402,21774836,9.57808,26113,735537391,406
30550000,2274087,21796321,9.58465,26162,737511608,456
30600000,2274733,21817555,9.59126,26186,739477264,397
30650000,2275358,21838840,9.59798,26228,741430754,428
30700000,2276074,21860247,9.60437,26267,743437402,432
30750000,2276747,21881366,9.6108,26307,745396720,417
30800000,2277410,21902662,9.617360000000001,26337,747380475,426
30850000,2278077,21923685,9.62377,26367,749375652,414
30900000,2278727,21944687,9.630239999999999,26398,751329117,439
30950000,2279352,21965705,9.63682,26429,753297719,406
31000000,2280009,21986684,9.643239999999999,26461,755250893,454
31050000,2280623,22007646,9.64984,26487,757284921,423
31100000,2281246,22028438,9.65632,26517,759208690,406
31150000,2281862,22049234,9.66283,26568,761165403,417
31200000,2282501,22070145,9.66928,26606,763125608,447
31250000,2283079,22090726,9.67585,26632,765039739,424
31300000,2283668,22111453,9.68243,26676,767031249,418
31350000,2284239,22132085,9.689039999999999,26723,769018858,401
31400000,2284849,22152503,9.69539,26750,770993991,431
31450000,2285466,22172993,9.70174,26787,772956764,419
31500000,2286047,22193530,9.708260000000001,26822,774920208,438
31550000,2286586,22214008,9.71492,26851,776895288,417
31600000,2287151,22234410,9.72144,26882,778864700,393
31650000,2287684,22254644,9.728019999999999,26914,780842300,398
31700000,2288231,22274724,9.73447,26952,782711199,404
31750000,2288817,22295050,9.740860000000001,26981,784680501,399
31800000,2289379,22315159,9.74725,27015,786586346,399
31850000,2289904,22335244,9.753789999999999,27045,788549814,401
31900000,2290440,22355337,9.76028,27077,790435682,398
31950000,2291017,22375234,9.76651,27117,792343500,393
32000000,2291583,22395206,9.77281,27146,794283222,398
32050000,2292168,22415227,9.77905,27181,796169905,361
32100000,2292697,22435076,9.78545,27208,798082664,381
32150000,2293222,22454858,9.791839999999999,27239,799964371,393
32200000,2293766,22474789,9.7982,27281,801916784,395
32250000,2294335,22494641,9.80443,27317,803801309,393
32300000,2294812,22514252,9.810939999999999,27354,805686732,408
32350000,2295306,22533935,9.8174,27391,807597853,393
32400000,2295841,22553476,9.82362,27429,809500645,388
32450000,2296323,22572997,9.830060000000001,27470,811388383,409
32500000,2296823,22592603,9.83646,27504,813306618,390
32550000,2297319,22612153,9.842839999999999,27535,815171747,379
32600000,2297806,22631487,9.849169999999999,27570,817089552,389
32650000,2298293,22650808,9.85549,27604,819029122,378
32700000,2298786,22670328,9.86187,27640,820984435,413
32750000,2299253,22689546,9.86823,27670,822874788,380
32800000,2299756,22708679,9.87439,27695,824765357,377
32850000,2300292,22728195,9.88057,27726,826681452,382
32900000,2300761,22747132,9.88679,27768,828551468,366
32950000,2301246,22766276,9.89302,27796,830418569,383
33000000,2301708,22785301,9.8993,27838,832303963,386
33050000,2302154,22804501,9.90572,27869,834159539,370
33100000,2302586,22823594,9.91216,27912,836124862,392
