timestep,num_nodes,num_edges,average_degree,max_degree,num_triangles,new_edges
0,1964,1000,0.509165,3,0,1000
50000,63643,50976,0.800968,46,15,999
100000,103456,100913,0.9754200000000001,99,104,999
150000,135982,150771,1.10876,154,313,992
200000,164329,200613,1.2208,200,701,999
250000,190055,250407,1.31755,240,1393,996
300000,213528,300118,1.40552,291,2367,992
350000,235492,349828,1.4855200000000002,339,3698,994
400000,255957,399484,1.56075,388,5447,996
450000,275365,449080,1.63085,443,7657,987
500000,293749,498581,1.6973,495,10506,987
550000,311317,548130,1.76068,534,14072,989
600000,328203,597575,1.82075,580,18194,988
650000,344502,646980,1.87802,644,23013,985
700000,360381,696347,1.93225,700,28601,986
750000,375980,745622,1.9831400000000001,751,35021,986
800000,390967,794909,2.0331900000000003,802,42145,987
850000,405314,844158,2.0827299999999997,858,50500,979
900000,419060,893304,2.1316900000000003,905,60108,980
950000,432703,942420,2.17798,958,70572,985
1000000,445971,991500,2.22324,1015,82130,982
1050000,458847,1040471,2.2675799999999997,1063,95165,985
1100000,471716,1089494,2.3096400000000004,1111,108957,983
1150000,484252,1138461,2.3509700000000002,1159,124083,980
1200000,496470,1187329,2.39154,1213,140353,977
1250000,508303,1236136,2.43189,1265,158570,972
1300000,519957,1284976,2.47131,1309,177932,965
1350000,531183,1333689,2.51079,1360,198775,971
1400000,542488,1382456,2.5483599999999997,1411,221851,974
1450000,553510,1431077,2.58546,1463,245700,978
1500000,564317,1479610,2.62195,1507,271676,967
1550000,574832,1528100,2.65834,1562,298571,975
1600000,585356,1576682,2.69354,1616,327630,979
1650000,595740,1625153,2.72796,1668,359004,973
1700000,605839,1673575,2.76241,1726,392278,972
1750000,615707,1722037,2.79684,1767,426799,972
1800000,625439,1770357,2.83058,1816,463383,975
1850000,635100,1818762,2.86374,1868,502539,962
1900000,644514,1866955,2.89669,1910,543619,959
1950000,654112,1915144,2.92785,1960,586729,960
2000000,663563,1963267,2.95867,2012,632362,959
2050000,672766,2011322,2.98963,2070,678716,952
2100000,681857,2059375,3.0202400000000003,2112,728877,963
2150000,690966,2107430,3.04998,2166,781974,959
2200000,699776,2155384,3.08011,2233,835753,957
2250000,708629,2203286,3.10922,2291,892338,957
2300000,717188,2251129,3.13883,2341,950672,952
2350000,725625,2299040,3.16836,2392,1012477,962
2400000,734140,2346766,3.1966200000000002,2441,1076391,949
2450000,742443,2394561,3.22525,2489,1142532,951
2500000,750751,2442182,3.25299,2543,1211519,957
2550000,758872,2489865,3.2810099999999998,2585,1283035,950
2600000,766920,2537473,3.30865,2646,1357651,950
2650000,774923,2584959,3.33576,2696,1433438,947
2700000,782792,2632458,3.36291,2760,1513089,944
2750000,790642,2679937,3.3895699999999995,2809,1596501,945
2800000,798348,2727382,3.4162800000000004,2864,1680415,945
2850000,805935,2774720,3.44286,2909,1768658,949
2900000,813636,2822011,3.4683900000000003,2955,1860868,952
2950000,821267,2869210,3.49364,3004,1954787,949
3000000,828740,2916331,3.51899,3057,2052736,944
3050000,836204,2963608,3.5441199999999995,3104,2152257,951
3100000,843391,3010744,3.56981,3155,2257593,943
3150000,850552,3057750,3.59502,3199,2365795,944
3200000,857836,3104729,3.6192599999999997,3248,2475916,935
3250000,864836,3151756,3.64434,3290,2590111,936
3300000,871924,3198674,3.6685199999999996,3341,2704952,931
3350000,878921,3245547,3.69265,3405,2826173,940
3400000,885827,3292452,3.7168099999999997,3451,2948698,947
3450000,892608,3339211,3.74096,3499,3072121,945
3500000,899469,3385974,3.76441,3548,3201768,940
3550000,906384,3432677,3.7872199999999996,3600,3333864,932
3600000,913210,3479324,3.80999,3651,3471804,926
3650000,919811,3525896,3.8332800000000002,3705,3611171,930
3700000,926299,3572504,3.85675,3746,3754946,926
3750000,932766,3619025,3.87989,3799,3903714,932
3800000,939255,3665524,3.90259,3848,4053880,939
3850000,945749,3711982,3.9249099999999997,3890,4209142,929
3900000,952218,3758349,3.94694,3939,4367197,926
3950000,958579,3804695,3.9691,3986,4534035,934
4000000,964890,3850956,3.99108,4051,4699144,933
4050000,970995,3897179,4.01359,4088,4870707,935
4100000,977258,3943399,4.03517,4141,5042570,927
4150000,983548,3989415,4.05615,4189,5223398,922
4200000,989946,4035564,4.07655,4235,5405369,924
4250000,996028,4081582,4.09786,4289,5591096,915
4300000,1002000,4127609,4.11937,4325,5781884,922
4350000,1007947,4173457,4.14055,4380,5976701,920
4400000,1013963,4219318,4.16121,4425,6175176,924
4450000,1019898,4265135,4.18192,4478,6375535,917
4500000,1025871,4311003,4.2022900000000005,4519,6580718,930
4550000,1031737,4356794,4.22278,4571,6792088,899
4600000,1037584,4402404,4.24294,4623,7003557,913
4650000,1043389,4448092,4.26312,4674,7218628,901
4700000,1049266,4493651,4.28266,4720,7441265,912
4750000,1055132,4539200,4.30202,4778,7664567,918
4800000,1060677,4584692,4.32242,4829,7892936,912
4850000,1066331,4629973,4.34197,4877,8130333,899
4900000,1071876,4675361,4.36185,4931,8373271,920
4950000,1077539,4720817,4.38111,4985,8617194,907
5000000,1083093,4766161,4.40051,5025,8861108,909
5050000,1088686,4811423,4.41948,5067,9111303,895
5100000,1094266,4856723,4.43834,5110,9371279,908
5150000,1099721,4902005,4.4575,5151,9636080,895
5200000,1105177,4947164,4.47635,5192,9904063,916
5250000,1110619,4992304,4.49506,5249,10176108,889
5300000,1115890,5037490,4.51432,5297,10455598,902
5350000,1121179,5082545,4.5332099999999995,5351,10737643,889
5400000,1126548,5127548,4.55156,5390,11020925,911
5450000,1131965,5172438,4.5694300000000005,5436,11313882,910
5500000,1137212,5217356,4.58785,5499,11604722,906
5550000,1142352,5262185,4.60645,5550,11901934,893
5600000,1147499,5307024,4.62486,5593,12206565,905
5650000,1152496,5351633,4.64352,5654,12517645,893
5700000,1157683,5396241,4.66124,5699,12826668,891
5750000,1162809,5440940,4.679130000000001,5750,13143248,894
5800000,1167961,5485561,4.6967,5803,13468862,892
5850000,1173005,5530140,4.71451,5855,13799101,880
5900000,1177964,5574544,4.73236,5903,14138489,897
5950000,1182854,5619010,4.750380000000001,5971,14475163,881
6000000,1187851,5663454,4.7678199999999995,6025,14821209,903
6050000,1192690,5707809,4.78566,6074,15165216,881
6100000,1197613,5751996,4.80288,6120,15515253,889
6150000,1202458,5796168,4.82027,6166,15868271,864
6200000,1207275,5840409,4.837680000000001,6218,16227346,889
6250000,1212000,5884535,4.855230000000001,6269,16596969,878
6300000,1216801,5928687,4.87236,6339,16965504,879
6350000,1221671,5972806,4.88905,6393,17337238,892
6400000,1226452,6016914,4.90595,6446,17723800,890
6450000,1231255,6060895,4.92253,6503,18106821,860
6500000,1236075,6104792,4.93885,6544,18497041,895
6550000,1240847,6148577,4.95515,6593,18889810,887
6600000,1245547,6192443,4.97167,6643,19286604,874
6650000,1250188,6236261,4.9882599999999995,6680,19691429,856
6700000,1254768,6279929,5.00485,6731,20098924,889
6750000,1259364,6323611,5.0212699999999995,6766,20515531,873
6800000,1263782,6367143,5.03817,6819,20933344,883
6850000,1268389,6410587,5.054119999999999,6853,21357931,869
6900000,1273012,6454301,5.0701,6888,21789186,873
6950000,1277400,6497877,5.0868,6948,22229651,878
7000000,1281843,6541347,5.10308,6994,22677387,873
7050000,1286284,6584667,5.11914,7049,23120928,848
7100000,1290704,6627926,5.13512,7101,23569256,872
7150000,1295129,6671201,5.15099,7144,24034719,847
7200000,1299575,6714362,5.166580000000001,7200,24498339,860
7250000,1303995,6757645,5.182259999999999,7249,24970381,868
7300000,1308332,6800863,5.198119999999999,7291,25448140,866
7350000,1312702,6843940,5.21363,7349,25927263,869
7400000,1317066,6887053,5.22909,7395,26410882,868
7450000,1321435,6930155,5.24442,7445,26907821,854
7500000,1325692,6973085,5.2599599999999995,7494,27411675,876
7550000,1330108,7016092,5.274830000000001,7553,27912533,847
7600000,1334430,7058991,5.28989,7594,28424922,868
7650000,1338765,7101976,5.304869999999999,7641,28940320,859
7700000,1343015,7144878,5.32003,7676,29453185,855
7750000,1347283,7187604,5.334890000000001,7725,29978452,824
7800000,1351487,7230263,5.34986,7766,30506701,850
7850000,1355620,7272919,5.36501,7806,31030861,860
7900000,1359731,7315447,5.38007,7838,31568066,855
7950000,1363851,7358044,5.39505,7883,32117851,862
8000000,1368024,7400580,5.40969,7929,32671585,834
8050000,1372171,7442975,5.4242300000000006,7976,33226696,846
8100000,1376229,7485389,5.43906,8024,33787545,859
8150000,1380214,7527587,5.453930000000001,8069,34353242,875
8200000,1384210,7569904,5.46875,8103,34927625,850
8250000,1388132,7612046,5.4836599999999995,8143,35510384,843
8300000,1392250,7654383,5.49785,8194,36099762,869
8350000,1396189,7696404,5.51244,8241,36690180,834
8400000,1400187,7738497,5.5267599999999995,8296,37278177,858
8450000,1404011,7780526,5.54164,8356,37883196,852
8500000,1407922,7822596,5.5561300000000005,8408,38493332,837
8550000,1411853,7864534,5.57036,8461,39107864,834
8600000,1415660,7906436,5.584980000000001,8504,39735316,844
8650000,1419622,7948247,5.59885,8545,40352446,860
8700000,1423494,7990138,5.61305,8594,40977665,844
8750000,1427395,8031915,5.62697,8638,41608877,824
8800000,1431232,8073662,5.6410599999999995,8685,42255091,844
8850000,1435141,8115295,5.6547,8736,42901233,848
8900000,1438966,8156993,5.66865,8772,43564079,834
8950000,1442865,8198529,5.682119999999999,8821,44218519,829
9000000,1446642,8240033,5.69597,8863,44870402,826
9050000,1450361,8281581,5.71001,8915,45527138,833
9100000,1454141,8323039,5.72368,8964,46207157,847
9150000,1457833,8364385,5.73755,9005,46875080,828
9200000,1461515,8405647,5.75132,9036,47552589,853
9250000,1465210,8446964,5.76502,9077,48259046,820
9300000,1468904,8488226,5.77861,9126,48957466,803
9350000,1472631,8529616,5.79209,9171,49660145,830
9400000,1476194,8570931,5.8061,9216,50373457,840
9450000,1479846,8612011,5.81953,9256,51088643,812
9500000,1483368,8652949,5.83331,9300,51815124,838
9550000,1487057,8694187,5.84657,9354,52541628,820
9600000,1490644,8735215,5.86003,9401,53273129,810
9650000,1494216,8776106,5.8733900000000006,9437,54017036,822
9700000,1497780,8817051,5.88675,9479,54747080,807
9750000,1501364,8857875,5.89989,9513,55504778,801
9800000,1504846,8898726,5.91338,9560,56264024,818
9850000,1508393,8939596,5.92657,9595,57036635,829
9900000,1512004,8980315,5.93935,9635,57816286,823
9950000,1515403,9020896,5.9528,9681,58591416,820
10000000,1518810,9061425,5.966130000000001,9724,59359892,789
10050000,1522354,9102130,5.97898,9776,60145115,794
10100000,1525763,9142500,5.9920800000000005,9829,60940063,797
10150000,1529214,9183010,6.00505,9877,61738694,804
10200000,1532683,9223513,6.01789,9924,62549203,796
10250000,1536028,9263902,6.03108,9976,63358403,802
10300000,1539497,9304307,6.04373,10014,64170886,800
10350000,1542873,9344533,6.05658,10059,64987134,788
10400000,1546303,9384901,6.06925,10096,65803829,800
10450000,1549796,9425262,6.0816099999999995,10133,66647429,792
10500000,1553181,9465263,6.09411,10179,67476824,802
10550000,1556450,9505428,6.10712,10245,68343777,804
10600000,1559822,9545516,6.119619999999999,10297,69195538,806
10650000,1563221,9585684,6.13201,10333,70036092,792
10700000,1566538,9625692,6.14456,10371,70901967,788
10750000,1569890,9665697,6.15693,10421,71783141,816
10800000,1573170,9705643,6.16948,10465,72656862,787
10850000,1576442,9745604,6.18203,10509,73536113,797
10900000,1579689,9785336,6.19447,10557,74417919,797
10950000,1582966,9825020,6.20672,10610,75294050,784
11000000,1586153,9864724,6.21928,10656,76185485,800
11050000,1589386,9904388,6.23158,10700,77093340,799
11100000,1592669,9944076,6.24366,10747,78002055,806
11150000,1595930,9983621,6.25568,10779,78910949,766
11200000,1599125,10023047,6.26783,10821,79827522,789
11250000,1602211,10062605,6.28045,10874,80750763,786
11300000,1605265,10101997,6.29304,10922,81675611,814
11350000,1608315,10141338,6.3055699999999995,10967,82611492,800
11400000,1611446,10180641,6.31771,11012,83544416,807
11450000,1614729,10219943,6.3292,11048,84481095,783
11500000,1617800,10259217,6.34146,11088,85446817,783
11550000,1621002,10298443,6.35313,11134,86405433,805
11600000,1624153,10337543,6.36488,11182,87372220,769
11650000,1627186,10376582,6.37701,11225,88335725,783
11700000,1630361,10415609,6.38853,11264,89319773,770
11750000,1633391,10454784,6.40066,11311,90296807,779
11800000,1636482,10493610,6.4123,11350,91288478,776
11850000,1639614,10532492,6.42376,11384,92272107,787
11900000,1642621,10571332,6.43565,11436,93284397,753
11950000,1645665,10610117,6.44731,11474,94304327,786
12000000,1648661,10648963,6.45916,11513,95332872,785
12050000,1651705,10687786,6.47076,11575,96354243,774
12100000,1654735,10726369,6.48223,11618,97359366,799
12150000,1657695,10764785,6.49383,11649,98365724,759
12200000,1660651,10803325,6.50548,11688,99400396,764
12250000,1663662,10841694,6.51676,11731,100420758,784
12300000,1666589,10880206,6.52843,11775,101474590,768
12350000,1669544,10918536,6.53983,11819,102528377,760
12400000,1672549,10956977,6.55106,11859,103595575,786
12450000,1675482,10995377,6.56252,11907,104661481,771
12500000,1678431,11033659,6.57379,11958,105716370,760
12550000,1681374,11071621,6.58487,11998,106773745,777
12600000,1684385,11109846,6.595789999999999,12044,107865008,768
12650000,1687256,11148127,6.60725,12092,108956796,766
12700000,1690159,11186341,6.618510000000001,12132,110065244,763
12750000,1693102,11224511,6.62955,12188,111172368,766
12800000,1695899,11262526,6.641039999999999,12235,112273396,757
12850000,1698846,11300580,6.65192,12277,113371397,746
12900000,1701665,11338370,6.6631,12326,114496937,755
12950000,1704484,11376179,6.67427,12368,115594623,759
13000000,1707279,11413938,6.685460000000001,12409,116697586,770
13050000,1710046,11451750,6.69675,12452,117842591,770
13100000,1712784,11489385,6.708019999999999,12495,118985817,745
13150000,1715598,11527125,6.719010000000001,12525,120139316,747
13200000,1718441,11564741,6.7297899999999995,12565,121260991,731
13250000,1721199,11602416,6.740889999999999,12605,122407542,756
13300000,1723972,11640019,6.751860000000001,12649,123564494,745
13350000,1726700,11677669,6.763,12693,124736867,742
13400000,1729428,11715194,6.774030000000001,12735,125898921,750
13450000,1732200,11752743,6.784860000000001,12786,127088286,750
13500000,1734945,11790097,6.795660000000001,12826,128283321,770
13550000,1737769,11827560,6.80618,12871,129469978,751
13600000,1740471,11864860,6.8170399999999995,12916,130662487,726
13650000,1743256,11902084,6.8275,12960,131867901,711
13700000,1745854,11939329,6.83868,13003,133058626,731
13750000,1748555,11976444,6.84934,13042,134260090,722
13800000,1751214,12013679,6.8602,13086,135463777,756
13850000,1753860,12050740,6.87098,13130,136686681,727
13900000,1756502,12087795,6.88174,13169,137905864,728
13950000,1759141,12124808,6.892460000000001,13221,139153845,757
14000000,1761770,12161663,6.90309,13262,140386726,751
14050000,1764452,12198275,6.91335,13303,141597920,720
14100000,1767014,12235089,6.9241600000000005,13355,142826127,744
14150000,1769576,12271971,6.93498,13391,144094002,744
14200000,1772153,12308619,6.94557,13436,145334142,731
14250000,1774721,12345279,6.956180000000001,13486,146604742,711
14300000,1777380,12381828,6.96634,13524,147863211,727
14350000,1779906,12418458,6.97703,13573,149130194,710
14400000,1782664,12455091,6.986789999999999,13626,150407781,721
14450000,1785164,12491729,6.99752,13655,151681293,748
14500000,1787749,12528222,7.00782,13717,152968676,730
14550000,1790320,12564577,7.01806,13768,154254014,720
14600000,1792809,12600822,7.02854,13820,155531138,733
14650000,1795295,12637197,7.039060000000001,13852,156845209,732
14700000,1797939,12673521,7.04892,13895,158149835,725
14750000,1800475,12709818,7.05915,13931,159456344,707
14800000,1803027,12746049,7.06925,13968,160773854,726
14850000,1805634,12782217,7.07907,14006,162092294,735
14900000,1808120,12818267,7.0892800000000005,14043,163444205,715
14950000,1810539,12854314,7.09972,14095,164783893,697
15000000,1812996,12890186,7.10988,14141,166134928,729
15050000,1815454,12926022,7.11999,14190,167481792,731
15100000,1817867,12961802,7.13023,14230,168821685,719
15150000,1820265,12997557,7.14048,14278,170175630,699
15200000,1822691,13033322,7.150589999999999,14327,171522731,745
15250000,1825177,13069075,7.1604399999999995,14377,172895392,740
15300000,1827625,13104564,7.1702699999999995,14422,174277153,702
15350000,1829985,13140192,7.18049,14474,175618266,694
15400000,1832379,13175778,7.19053,14508,176998594,690
15450000,1834769,13211353,7.20055,14559,178382681,678
15500000,1837122,13246867,7.210660000000001,14614,179796744,694
15550000,1839574,13282370,7.22035,14668,181199741,744
15600000,1841960,13317767,7.23022,14711,182605551,739
15650000,1844361,13353120,7.23997,14750,184017023,710
15700000,1846777,13388530,7.24967,14785,185427293,723
15750000,1849103,13423670,7.2595600000000005,14822,186864563,712
15800000,1851413,13458865,7.26951,14865,188288097,699
15850000,1853725,13494026,7.27941,14908,189690811,703
15900000,1856072,13529080,7.28909,14949,191111547,721
15950000,1858425,13563962,7.29863,14989,192549700,688
16000000,1860766,13599170,7.30837,15029,194008648,693
16050000,1863159,13634113,7.31774,15076,195459891,708
16100000,1865563,13669100,7.32706,15109,196897101,695
16150000,1867831,13704154,7.336930000000001,15143,198359495,708
16200000,1870058,13738959,7.3468100000000005,15187,199822327,707
16250000,1872401,13773822,7.35624,15227,201290535,690
16300000,1874709,13808537,7.3657,15269,202743306,686
16350000,1876952,13843163,7.37534,15319,204226888,682
16400000,1879169,13877817,7.38508,15346,205683898,682
16450000,1881412,13912463,7.39469,15389,207161899,729
16500000,1883741,13946975,7.4038699999999995,15432,208635885,673
16550000,1885965,13981430,7.413410000000001,15470,210118624,720
16600000,1888261,14015921,7.4226600000000005,15511,211620804,691
16650000,1890441,14050336,7.43231,15557,213130007,689
16700000,1892624,14084547,7.44181,15613,214651802,699
16750000,1894795,14118653,7.451280000000001,15654,216148650,670
16800000,1896969,14152807,7.46075,15704,217652186,672
16850000,1899131,14187089,7.4703100000000004,15746,219178966,672
16900000,1901268,14221048,7.479769999999999,15789,220739399,695
16950000,1903435,14255117,7.48915,15833,222244360,669
17000000,1905642,14289235,7.49838,15888,223795911,697
17050000,1907820,14323170,7.507610000000001,15932,225338118,708
17100000,1909972,14357201,7.51697,15973,226882273,681
17150000,1912170,14391127,7.52607,16021,228429333,673
17200000,1914285,14424943,7.535419999999999,16067,229982516,670
17250000,1916433,14458746,7.5446100000000005,16097,231528626,657
17300000,1918536,14492456,7.553910000000001,16142,233083167,694
17350000,1920660,14526144,7.5631,16183,234638931,674
17400000,1922807,14559919,7.57222,16227,236256260,673
17450000,1924953,14593727,7.581339999999999,16264,237855764,688
17500000,1927129,14627105,7.5901,16324,239413883,663
17550000,1929173,14660896,7.5995800000000004,16361,241011597,655
17600000,1931260,14694315,7.60867,16400,242596122,667
17650000,1933335,14727887,7.61787,16442,244210576,673
17700000,1935485,14761551,7.6268,16496,245825235,690
17750000,1937590,14794856,7.6357,16532,247426646,666
17800000,1939644,14828179,7.6447899999999995,16568,249031295,652
17850000,1941659,14861424,7.653980000000001,16610,250632069,669
17900000,1943682,14894652,7.6631100000000005,16654,252258638,653
17950000,1945770,14927828,7.671939999999999,16697,253875801,660
18000000,1947819,14961094,7.68095,16739,255490693,667
18050000,1949871,14994232,7.68986,16780,257097772,626
18100000,1951771,15027377,7.69935,16823,258731729,660
18150000,1953702,15060365,7.70863,16860,260372596,673
18200000,1955697,15093227,7.717569999999999,16904,262000624,634
18250000,1957762,15126115,7.72623,16949,263646816,654
18300000,1959783,15158878,7.73498,17001,265296252,670
18350000,1961686,15191519,7.744110000000001,17040,266932668,645
18400000,1963688,15224086,7.7528,17071,268577245,646
18450000,1965665,15256948,7.7617199999999995,17113,270250841,662
18500000,1967625,15289458,7.770510000000001,17147,271902744,643
18550000,1969521,15322187,7.77965,17186,273588743,670
18600000,1971456,15354595,7.78845,17227,275247843,602
18650000,1973386,15387154,7.797339999999999,17267,276915831,638
18700000,1975339,15419607,7.80606,17313,278609691,668
18750000,1977185,15452111,7.81521,17358,280297761,631
18800000,1979077,15484443,7.82407,17395,281995509,663
18850000,1980939,15516705,7.832999999999999,17435,283688860,616
18900000,1982866,15549074,7.84172,17474,285439455,643
18950000,1984788,15581289,7.85035,17516,287131529,665
19000000,1986781,15613600,7.858739999999999,17568,288822603,625
19050000,1988720,15645846,7.86729,17608,290550708,650
19100000,1990622,15677875,7.87587,17641,292213358,646
19150000,1992473,15710143,7.88475,17681,293973939,640
19200000,1994325,15742105,7.89345,17718,295695686,637
19250000,1996122,15774177,7.902410000000001,17759,297414214,630
19300000,1998039,15806056,7.91078,17802,299110447,629
19350000,1999900,15837900,7.91935,17847,300850708,648
19400000,2001748,15869794,7.927969999999999,17880,302569625,648
19450000,2003595,15901422,7.93645,17928,304295158,632
19500000,2005460,15933021,7.94482,17974,306010722,618
19550000,2007316,15964659,7.953239999999999,18004,307772023,618
19600000,2009189,15996229,7.961539999999999,18043,309513169,628
19650000,2011059,16027937,7.9699,18092,311278104,653
19700000,2012849,16059374,7.97843,18125,313009301,625
19750000,2014637,16090827,7.986960000000001,18154,314763596,619
19800000,2016426,16122246,7.9954600000000005,18204,316552512,619
19850000,2018200,16153538,8.00393,18247,318312409,624
19900000,2020047,16184753,8.01207,18283,320073607,617
19950000,2021858,16216140,8.02041,18319,321841624,626
20000000,2023644,16247267,8.02872,18356,323599865,638
20050000,2025395,16278605,8.03725,18387,325403400,624
20100000,2027222,16309847,8.04542,18434,327156395,656
20150000,2028976,16341000,8.05382,18466,328908367,599
20200000,2030724,16372160,8.06223,18510,330674753,622
20250000,2032445,16403186,8.07067,18554,332436840,634
20300000,2034228,16434176,8.07883,18580,334188593,604
20350000,2035969,16465047,8.08708,18619,336003391,591
20400000,2037693,16496134,8.0955,18654,337820457,628
20450000,2039451,16527118,8.103710000000001,18690,339627415,576
20500000,2041065,16557827,8.11235,18734,341434482,621
20550000,2042789,16588548,8.12054,18772,343277799,614
20600000,2044402,16619214,8.12913,18833,345081734,609
20650000,2046044,16649821,8.13757,18870,346896891,595
20700000,2047682,16680328,8.14596,18904,348671222,624
20750000,2049376,16711007,8.15419,18938,350504251,599
20800000,2051022,16741536,8.16253,18986,352276485,592
20850000,2052722,16771868,8.17055,19034,354080532,591
20900000,2054416,16802205,8.17858,19074,355909412,620
20950000,2056094,16832513,8.18665,19114,357727683,634
21000000,2057810,16862781,8.19453,19154,359542888,600
21050000,2059491,16893083,8.20255,19188,361364954,601
21100000,2061151,16923521,8.21071,19234,363226278,640
21150000,2062796,16953797,8.21884,19280,365078293,604
21200000,2064425,16983945,8.22696,19322,366918063,601
21250000,2066046,17014220,8.23516,19362,368765996,607
21300000,2067630,17044228,8.243360000000001,19410,370577542,578
21350000,2069298,17074328,8.25127,19451,372447225,589
21400000,2070883,17104290,8.25942,19483,374266736,608
21450000,2072445,17134205,8.26763,19518,376118653,607
21500000,2074009,17163962,8.275739999999999,19551,377955219,564
21550000,2075505,17193849,8.284180000000001,19595,379828929,625
21600000,2077137,17223729,8.29205,19634,381730877,578
21650000,2078683,17253453,8.300180000000001,19670,383595550,596
21700000,2080256,17283070,8.30815,19717,385449814,597
21750000,2081864,17312883,8.31605,19751,387362347,571
21800000,2083434,17342484,8.32399,19788,389249055,587
21850000,2084988,17371985,8.33194,19834,391158090,586
21900000,2086448,17401462,8.34023,19885,393037984,585
21950000,2087955,17430895,8.348310000000001,19927,394939068,593
22000000,2089508,17460222,8.35614,19962,396819322,590
22050000,2091046,17489577,8.36403,20006,398686644,601
22100000,2092602,17518931,8.371839999999999,20049,400589078,572
22150000,2094100,17548050,8.379760000000001,20093,402497561,599
22200000,2095573,17577175,8.38777,20120,404396039,586
22250000,2097079,17606258,8.395610000000001,20161,406313535,563
22300000,2098577,17635361,8.40349,20195,408223979,577
22350000,2100136,17664325,8.41104,20239,410133172,572
22400000,2101616,17693432,8.41897,20268,412061295,580
22450000,2103129,17722376,8.42667,20296,413983926,597
22500000,2104619,17751310,8.43445,20333,415908313,553
22550000,2106049,17780197,8.44244,20366,417827074,542
22600000,2107544,17809093,8.45016,20407,419749786,547
22650000,2109063,17838078,8.45782,20447,421707687,575
22700000,2110537,17866833,8.465539999999999,20485,423625829,555
22750000,2111911,17895444,8.47358,20515,425504290,569
22800000,2113272,17923797,8.481539999999999,20547,427415128,575
22850000,2114650,17952489,8.48958,20590,429358222,594
22900000,2116128,17981047,8.49715,20625,431263590,584
22950000,2117582,18009727,8.50485,20664,433195555,589
23000000,2119028,18038100,8.51244,20683,435131127,526
23050000,2120440,18066478,8.52016,20719,437095204,599
23100000,2121842,18094980,8.52796,20759,439065884,582
23150000,2123199,18123199,8.5358,20794,440997278,549
23200000,2124561,18151488,8.54364,20820,442957286,572
23250000,2126006,18179729,8.55112,20865,444910416,558
23300000,2127426,18208076,8.55874,20902,446851729,555
23350000,2128827,18236276,8.56635,20942,448774966,580
23400000,2130197,18264317,8.574,20986,450734622,580
23450000,2131540,18292357,8.581760000000001,21038,452717235,557
23500000,2132940,18320411,8.58928,21071,454685300,571
23550000,2134362,18348392,8.59666,21112,456622872,557
23600000,2135770,18376148,8.60399,21155,458570763,554
23650000,2137100,18403878,8.61161,21196,460524342,562
23700000,2138452,18431834,8.61924,21227,462497452,550
23750000,2139775,18459392,8.62679,21257,464441988,548
23800000,2141085,18487071,8.63444,21292,466433802,547
23850000,2142429,18514784,8.641960000000001,21324,468374791,571
23900000,2143704,18542325,8.64967,21372,470314718,526
23950000,2145010,18569785,8.6572,21415,472286189,549
24000000,2146231,18597226,8.66506,21451,474243497,536
24050000,2147542,18624741,8.67259,21481,476243165,586
24100000,2148860,18652090,8.67999,21515,478209322,556
24150000,2150107,18679375,8.68765,21563,480220528,506
24200000,2151406,18706773,8.695139999999999,21605,482235220,543
24250000,2152673,18734079,8.70271,21643,484221433,546
24300000,2153993,18761290,8.71001,21682,486187095,557
24350000,2155263,18788580,8.71753,21713,488161754,525
24400000,2156533,18815770,8.725010000000001,21759,490153699,505
24450000,2157823,18842936,8.732380000000001,21795,492169892,532
24500000,2159113,18869982,8.73969,21827,494123295,541
24550000,2160297,18896912,8.74737,21868,496124031,506
24600000,2161520,18923915,8.75491,21907,498132951,555
24650000,2162774,18950869,8.7623,21949,500115421,547
24700000,2163944,18977889,8.77005,21988,502148640,552
24750000,2165202,19004786,8.77737,22017,504143893,499
24800000,2166419,19031660,8.78485,22050,506168529,549
24850000,2167639,19058223,8.79216,22082,508153889,540
24900000,2168834,19085176,8.79974,22127,510164059,543
24950000,2170012,19111828,8.80725,22170,512162911,536
25000000,2171204,19138412,8.81465,22207,514156397,534
25050000,2172345,19164919,8.822230000000001,22244,516149796,508
25100000,2173512,19191281,8.82962,22283,518144812,522
25150000,2174709,19217676,8.8369,22323,520183183,548
25200000,2175839,19243917,8.84437,22359,522200447,516
25250000,2176997,19270268,8.85177,22392,524215086,549
25300000,2178109,19296707,8.85939,22441,526243165,532
25350000,2179240,19323025,8.86686,22468,528248536,506
25400000,2180411,19349240,8.874130000000001,22499,530259757,517
25450000,2181540,19375326,8.88149,22547,532271371,525
25500000,2182679,19401355,8.88878,22580,534268520,514
25550000,2183866,19427465,8.89591,22627,536275785,545
25600000,2185101,19453492,8.90279,22668,538277028,511
25650000,2186225,19479381,8.91005,22700,540253245,523
25700000,2187402,19505268,8.91709,22735,542272869,505
25750000,2188539,19531105,8.92427,22770,544279728,522
25800000,2189697,19556741,8.93125,22807,546255911,496
25850000,2190721,19582501,8.938839999999999,22846,548283285,503
25900000,2191824,19608135,8.94604,22881,550292820,501
25950000,2192943,19633904,8.95322,22923,552293454,485
26000000,2194049,19659601,8.96042,22965,554323665,496
26050000,2195054,19685228,8.967989999999999,23000,556380223,507
26100000,2196149,19710892,8.97521,23041,558429028,519
26150000,2197248,19736301,8.982280000000001,23080,560423458,479
26200000,2198314,19761925,8.98958,23122,562465276,536
26250000,2199355,19787268,8.99685,23161,564441495,540
26300000,2200381,19812728,9.00423,23197,566462914,525
26350000,2201470,19838099,9.0113,23241,568480727,504
26400000,2202549,19863577,9.01845,23276,570534685,502
26450000,2203572,19888660,9.02565,23306,572552731,496
26500000,2204591,19913831,9.03289,23344,574541517,507
26550000,2205577,19939030,9.040280000000001,23376,576584303,509
26600000,2206593,19964147,9.0475,23410,578664520,494
26650000,2207635,19989154,9.05456,23449,580730628,490
26700000,2208690,20014219,9.061580000000001,23496,582710654,542
26750000,2209744,20039341,9.06863,23535,584779481,525
26800000,2210795,20064416,9.075660000000001,23569,586823204,493
26850000,2211792,20089194,9.08277,23613,588817777,467
26900000,2212856,20113929,9.08958,23646,590838776,498
26950000,2213833,20138569,9.0967,23685,592847063,462
27000000,2214876,20163298,9.103580000000001,23713,594879491,494
27050000,2215882,20188049,9.110619999999999,23750,596939132,497
27100000,2216880,20212751,9.11766,23787,598955798,465
27150000,2217845,20237020,9.12463,23829,600954406,473
27200000,2218812,20261470,9.13167,23862,602944542,484
27250000,2219775,20285876,9.138710000000001,23889,604968995,509
27300000,2220733,20310162,9.1457,23934,606973228,473
27350000,2221724,20334657,9.15265,23966,609021008,502
27400000,2222721,20359002,9.1595,23997,611026922,516
27450000,2223708,20383060,9.16625,24026,613017670,464
27500000,2224662,20407254,9.17319,24053,615014428,479
27550000,2225629,20431408,9.180060000000001,24086,617078908,473
27600000,2226560,20455557,9.18707,24131,619109705,484
27650000,2227486,20479800,9.19413,24176,621152592,473
27700000,2228381,20504028,9.201310000000001,24214,623201857,470
27750000,2229336,20527938,9.2081,24244,625226103,474
27800000,2230267,20552060,9.215069999999999,24278,627286767,466
27850000,2231156,20575907,9.22208,24320,629285338,478
27900000,2232073,20599707,9.22896,24357,631284728,491
27950000,2232949,20623418,9.23596,24387,633317103,461
28000000,2233842,20647151,9.24289,24417,635352386,447
28050000,2234770,20670899,9.24968,24447,637317762,487
28100000,2235649,20694539,9.25661,24490,639339151,474
28150000,2236507,20717929,9.26352,24533,641306290,465
28200000,2237441,20741555,9.27021,24580,643348668,480
28250000,2238266,20765063,9.2773,24614,645393275,442
28300000,2239164,20788547,9.28407,24649,647443921,458
28350000,2240053,20811866,9.29079,24681,649489895,454
28400000,2240956,20835288,9.2975,24723,651525896,445
28450000,2241767,20858595,9.30453,24755,653539541,506
28500000,2242599,20881918,9.31148,24785,655603763,472
28550000,2243454,20904959,9.3182,24824,657604344,444
28600000,2244315,20928053,9.32492,24854,659612309,474
28650000,2245192,20951334,9.33164,24882,661612872,470
28700000,2246053,20974322,9.3383,24925,663641469,455
28750000,2246874,20997421,9.34517,24964,665648324,454
28800000,2247745,21020457,9.3518,25000,667638406,466
28850000,2248599,21043431,9.358460000000001,25039,669628691,434
28900000,2249400,21066314,9.3653,25073,671664959,484
28950000,2250224,21089257,9.372069999999999,25109,673668683,455
29000000,2251018,21112192,9.37895,25133,675744478,466
29050000,2251787,21134952,9.385860000000001,25166,677799291,464
29100000,2252592,21157688,9.3926,25201,679774446,450
29150000,2253390,21180308,9.39931,25233,681766548,455
29200000,2254210,21202849,9.40589,25269,683754450,455
29250000,2255002,21225297,9.41254,25304,685778565,412
29300000,2255820,21247897,9.41915,25334,687817640,431
29350000,2256588,21270415,9.42592,25374,689822762,449
29400000,2257372,21293029,9.43266,25411,691875949,463
29450000,2258126,21315499,9.43946,25447,693911715,444
29500000,2258924,21337782,9.44599,25480,695896802,409
29550000,2259711,21360080,9.45257,25514,697910292,435
29600000,2260455,21382405,9.45934,25548,699923116,453
29650000,2261189,21404487,9.46603,25582,701889265,406
29700000,2261940,21426621,9.472669999999999,25614,703861639,468
29750000,2262720,21448725,9.47918,25647,705866948,469
29800000,2263432,21470698,9.4859,25685,707846119,436
29850000,2264162,21492797,9.49261,25720,709852430,440
29900000,2264900,21514780,9.49922,25755,711819000,448
29950000,2265640,21536615,9.50575,25783,713790461,426
30000000,2266366,21558390,9.512319999999999,25816,715799281,434
30050000,2267111,21580174,9.5188,25856,717764534,413
30100000,2267842,21602016,9.525360000000001,25884,719734583,430
30150000,2268547,21623701,9.53196,25919,721745317,418
30200000,2269222,21645285,9.53864,25949,723693530,444
30250000,2269927,21667067,9.54527,25986,725678293,440
30300000,2270614,21688674,9.5519,26026,727666385,444
30350000,2271306,21710347,9.558530000000001,26064,729709255,428
30400000,2272025,21731849,9.564969999999999,26101,731691006,416
30450000,2272693,21753308,9.5716,26135,733694127,434
30500000,2273366,21774828,9.57823,26175,735699259,409
30550000,2274007,21796098,9.58489,26216,737674088,432
30600000,2274690,21817392,9.59137,26253,739639504,432
30650000,2275378,21838747,9.59785,26283,741642332,427
30700000,2276046,21860052,9.6044,26317,743602293,462
30750000,2276710,21881237,9.6109,26344,745595207,451
30800000,2277333,21902246,9.6175,26373,747576484,387
30850000,2277995,21923355,9.62397,26405,749496377,440
30900000,2278612,21944136,9.63048,26445,751487801,405
30950000,2279210,21965059,9.637139999999999,26478,753468811,420
31000000,2279847,21986035,9.64364,26505,755465727,418
31050000,2280496,22007099,9.650139999999999,26542,757414811,426
31100000,2281129,22027980,9.65661,26577,759386867,407
31150000,2281699,22048805,9.66333,26618,761321963,426
31200000,2282302,22069674,9.66992,26647,763273100,430
31250000,2282869,22090205,9.67651,26687,765222810,407
31300000,2283546,22110945,9.68272,26714,767200335,421
31350000,2284114,22131446,9.68929,26748,769122888,427
31400000,2284736,22152178,9.695730000000001,26776,771072632,425
31450000,2285333,22172695,9.702169999999999,26808,773012319,407
31500000,2285878,22193145,9.70881,26851,774940212,429
31550000,2286462,22213771,9.71535,26885,776889328,374
31600000,2287051,22234132,9.72175,26920,778837525,417
31650000,2287649,22254523,9.72812,26959,780808061,449
31700000,2288215,22274764,9.73456,26990,782774783,393
31750000,2288785,22294984,9.740969999999999,27016,784725050,400
31800000,2289374,22315027,9.74722,27053,786606916,418
31850000,2289963,22335224,9.75353,27090,788525431,408
31900000,2290475,22355480,9.76019,27119,790485891,403
31950000,2290966,22375538,9.766860000000001,27165,792466533,373
32000000,2291553,22395389,9.773019999999999,27204,794348321,446
32050000,2292159,22415469,9.77919,27236,796271034,385
32100000,2292719,22435179,9.7854,27269,798191701,391
32150000,2293222,22454938,9.79187,27302,800091113,410
32200000,2293744,22474705,9.79826,27325,802049210,397
32250000,2294260,22494337,9.80462,27363,803981056,397
32300000,2294754,22514017,9.81108,27395,805869549,387
32350000,2295253,22533710,9.81753,27425,807740374,372
32400000,2295807,22553297,9.82369,27455,809639110,378
32450000,2296347,22572680,9.82982,27492,811551488,378
32500000,2296859,22592173,9.83612,27524,813473994,380
32550000,2297368,22611747,9.84246,27562,815368380,391
32600000,2297871,22631168,9.84875,27601,817281618,382
32650000,2298386,22650571,9.854989999999999,27632,819184830,381
32700000,2298921,22669917,9.86111,27664,821061782,389
32750000,2299414,22689286,9.86742,27687,822970593,383
32800000,2299845,22708492,9.87392,27726,824838431,363
32850000,2300316,22727926,9.88035,27751,826753773,379
32900000,2300791,22747320,9.88674,27786,828665664,384
32950000,2301244,22766395,9.89308,27822,830511946,381
33000000,2301654,22785505,9.89962,27857,832396563,406
33050000,2302111,22804520,9.90592,27877,834285970,389
33100000,2302569,22823495,9.912189999999999,27915,836175455,408
