timestep,num_nodes,num_edges,average_degree,max_degree,num_triangles,new_edges
0,1961,1000,0.509944,4,0,1000
50000,63645,50969,0.800833,62,12,1000
100000,103508,100891,0.9747170000000001,105,94,1000
150000,135838,150775,1.10996,152,294,998
200000,164176,200613,1.22194,208,701,994
250000,189710,250409,1.31996,277,1322,997
300000,213128,300143,1.40828,330,2310,997
350000,234852,349827,1.48956,387,3648,993
400000,255459,399490,1.5638100000000001,430,5367,990
450000,274744,449135,1.6347399999999999,495,7519,991
500000,293034,498656,1.7017,542,10259,994
550000,310988,548134,1.76256,593,13669,990
600000,327926,597572,1.82228,644,17801,990
650000,344130,646962,1.87999,689,22635,989
700000,359985,696344,1.9343700000000001,748,28299,988
750000,375279,745662,1.98695,796,34662,988
800000,390169,794946,2.03744,850,41699,986
850000,404535,844207,2.0868599999999997,899,49839,992
900000,418368,893433,2.13552,950,59128,973
950000,431888,942544,2.1823799999999998,996,69086,981
1000000,445198,991631,2.22739,1042,80291,978
1050000,458242,1040637,2.27093,1082,92893,981
1100000,470775,1089634,2.31455,1146,106622,977
1150000,483254,1138554,2.35602,1195,121464,979
1200000,495431,1187426,2.39675,1251,137949,983
1250000,507387,1236278,2.43656,1300,155677,975
1300000,519044,1285073,2.47585,1358,175181,976
1350000,530632,1333816,2.51364,1413,195575,975
1400000,541821,1382511,2.5516,1456,217646,976
1450000,552903,1431155,2.5884400000000003,1498,241526,979
1500000,563629,1479779,2.62545,1562,266653,977
1550000,574282,1528337,2.6613,1616,293806,974
1600000,584911,1576951,2.69605,1667,323110,973
1650000,595171,1625476,2.7311099999999997,1716,354021,973
1700000,605245,1673868,2.7656,1767,386345,963
1750000,615216,1722148,2.79926,1811,420535,958
1800000,625159,1770560,2.83218,1866,457253,974
1850000,634964,1818798,2.86441,1923,495201,971
1900000,644416,1867010,2.89721,1980,535683,967
1950000,653678,1915194,2.92987,2025,578591,978
2000000,663039,1963364,2.96116,2079,623598,964
2050000,672095,2011477,2.99285,2136,670419,972
2100000,681178,2059497,3.02343,2192,719504,970
2150000,690132,2107519,3.0537900000000002,2239,771614,962
2200000,699002,2155513,3.0837,2289,825443,960
2250000,707724,2203412,3.11338,2346,881236,964
2300000,716447,2251277,3.14228,2387,940399,954
2350000,724925,2299080,3.1714700000000002,2439,1002172,952
2400000,733406,2346863,3.19995,2486,1065505,962
2450000,741818,2394500,3.22788,2546,1130862,946
2500000,749871,2442201,3.25683,2601,1199834,957
2550000,758120,2489855,3.28425,2646,1270637,956
2600000,766172,2537386,3.3117699999999997,2691,1344730,946
2650000,774109,2584798,3.33906,2735,1421478,939
2700000,781941,2632297,3.36636,2802,1500932,955
2750000,789865,2679717,3.3926300000000005,2853,1583932,946
2800000,797647,2727126,3.4189599999999998,2912,1668959,947
2850000,805153,2774373,3.4457699999999996,2956,1759050,953
2900000,812635,2821608,3.4721699999999998,2994,1851858,929
2950000,819988,2868901,3.49871,3035,1947028,933
3000000,827403,2916091,3.5243900000000004,3095,2044377,953
3050000,834944,2963302,3.5491,3144,2144976,947
3100000,842149,3010474,3.57475,3189,2249806,947
3150000,849372,3057495,3.59971,3240,2358231,944
3200000,856562,3104467,3.6243300000000005,3288,2467187,932
3250000,863754,3151342,3.6484300000000003,3329,2580711,935
3300000,870884,3198225,3.67239,3368,2697682,931
3350000,877933,3245096,3.6962900000000003,3412,2815600,940
3400000,884960,3291898,3.7198300000000004,3462,2939105,939
3450000,891665,3338717,3.74436,3509,3066003,953
3500000,898548,3385371,3.7676,3555,3197441,933
3550000,905266,3431965,3.7911099999999998,3594,3330925,917
3600000,912104,3478578,3.8138,3650,3468463,932
3650000,918639,3525226,3.83744,3691,3609566,941
3700000,925410,3571798,3.85969,3738,3753625,934
3750000,931972,3618257,3.88237,3797,3900840,917
3800000,938456,3664723,3.9050599999999998,3841,4051988,929
3850000,944935,3711139,3.9274,3886,4205948,935
3900000,951211,3757424,3.95015,3933,4366217,926
3950000,957633,3803761,3.9720400000000002,3984,4532154,921
4000000,963980,3849988,3.99385,4032,4697266,935
4050000,970290,3896326,4.015630000000001,4085,4867981,921
4100000,976588,3942552,4.03707,4137,5041660,923
4150000,982731,3988655,4.05875,4179,5219788,929
4200000,988952,4034690,4.07976,4219,5401694,921
4250000,995077,4080664,4.10085,4260,5585621,918
4300000,1001076,4126660,4.1222199999999996,4307,5776812,904
4350000,1007039,4172810,4.14364,4351,5968492,934
4400000,1012933,4218743,4.16488,4393,6164456,920
4450000,1018879,4264585,4.185569999999999,4439,6362555,912
4500000,1024670,4310451,4.20667,4492,6571993,919
4550000,1030521,4356179,4.22716,4536,6781077,923
4600000,1036499,4401976,4.24697,4588,6993557,908
4650000,1042421,4447622,4.26663,4633,7207635,915
4700000,1048196,4493276,4.2866800000000005,4678,7432460,921
4750000,1053971,4538884,4.3064599999999995,4720,7659366,906
4800000,1059644,4584351,4.326309999999999,4775,7891415,898
4850000,1065232,4629818,4.3463,4825,8128709,907
4900000,1070841,4675360,4.36606,4868,8368256,906
4950000,1076409,4720708,4.38561,4917,8611733,902
5000000,1081967,4766096,4.40503,4954,8859719,903
5050000,1087440,4811248,4.42438,5012,9114371,889
5100000,1092970,4856461,4.44336,5061,9370236,900
5150000,1098489,4901776,4.46229,5111,9633300,910
5200000,1103942,4947022,4.48123,5163,9899375,897
5250000,1109405,4992168,4.49986,5213,10168328,908
5300000,1114879,5037185,4.51815,5273,10441628,909
5350000,1120281,5082139,4.536490000000001,5322,10720461,908
5400000,1125545,5127134,4.55525,5371,11005308,901
5450000,1130730,5172093,4.57412,5419,11298912,877
5500000,1135905,5216813,4.59265,5463,11596755,897
5550000,1141023,5261709,4.6114,5509,11894053,902
5600000,1146103,5306463,4.6300099999999995,5558,12196823,870
5650000,1151251,5351096,4.64807,5610,12503685,897
5700000,1156458,5395726,4.66573,5651,12815062,898
5750000,1161674,5440367,4.68321,5701,13137071,893
5800000,1166606,5484984,4.7016599999999995,5755,13456153,894
5850000,1171728,5529541,4.719130000000001,5807,13781411,881
5900000,1176707,5574046,4.7369900000000005,5853,14105295,891
5950000,1181820,5618544,4.75415,5901,14443080,895
6000000,1186684,5662796,4.77195,5961,14785781,882
6050000,1191675,5707092,4.78913,6010,15136463,878
6100000,1196617,5751401,4.80638,6044,15483235,889
6150000,1201472,5795772,4.8238900000000005,6092,15844892,898
6200000,1206296,5839906,4.84119,6152,16203384,888
6250000,1211169,5884108,4.85821,6199,16571095,891
6300000,1216021,5928422,4.87526,6234,16947008,901
6350000,1220859,5972590,4.892119999999999,6275,17322121,877
6400000,1225701,6016583,4.90869,6304,17700061,865
6450000,1230384,6060444,4.92565,6358,18085325,891
6500000,1235098,6104279,4.94234,6408,18482655,867
6550000,1239779,6148018,4.95896,6466,18878623,882
6600000,1244423,6191747,4.9756,6516,19286096,873
6650000,1249043,6235564,4.9922699999999995,6561,19695347,890
6700000,1253781,6279366,5.0083400000000005,6607,20108495,861
6750000,1258478,6323207,5.02449,6653,20524305,881
6800000,1263155,6366851,5.04044,6707,20940418,879
6850000,1267767,6410335,5.0564,6743,21369944,884
6900000,1272282,6453837,5.07265,6790,21799566,882
6950000,1276787,6497373,5.08885,6842,22241016,850
7000000,1281259,6540940,5.105090000000001,6885,22693090,881
7050000,1285763,6584364,5.12098,6934,23137704,872
7100000,1290253,6627643,5.1367,6964,23588149,862
7150000,1294660,6670905,5.15263,7013,24050218,869
7200000,1298931,6714057,5.1689099999999994,7059,24512085,860
7250000,1303178,6757358,5.18529,7111,24973633,888
7300000,1307600,6800576,5.20081,7157,25451288,875
7350000,1312006,6843693,5.21621,7194,25922941,860
7400000,1316335,6886699,5.23172,7255,26408897,849
7450000,1320724,6929732,5.246919999999999,7309,26899052,858
7500000,1325103,6972839,5.26211,7357,27399395,868
7550000,1329348,7015738,5.27758,7423,27904923,862
7600000,1333485,7058692,5.293419999999999,7477,28413128,850
7650000,1337780,7101498,5.30842,7517,28926320,848
7700000,1341960,7144252,5.32374,7561,29448030,866
7750000,1346274,7187021,5.33845,7610,29963348,848
7800000,1350430,7229811,5.3537099999999995,7664,30491544,852
7850000,1354642,7272421,5.368519999999999,7712,31024211,855
7900000,1358783,7315064,5.38354,7762,31569233,851
7950000,1362886,7357697,5.398619999999999,7811,32108390,840
8000000,1367015,7400016,5.41327,7858,32655561,850
8050000,1371030,7442443,5.42836,7899,33212395,842
8100000,1375102,7484861,5.44313,7959,33786598,858
8150000,1379218,7527240,5.45761,8014,34345330,855
8200000,1383326,7569520,5.47197,8068,34918666,838
8250000,1387215,7611737,5.48706,8106,35501728,844
8300000,1391335,7653935,5.50114,8151,36079578,831
8350000,1395401,7696133,5.51536,8194,36664636,834
8400000,1399441,7738289,5.52956,8243,37254348,832
8450000,1403372,7780317,5.54402,8288,37856604,838
8500000,1407229,7822448,5.5587599999999995,8344,38462519,834
8550000,1411108,7864396,5.5732099999999996,8384,39066342,832
8600000,1414984,7906352,5.5875900000000005,8431,39680431,854
8650000,1418787,7948177,5.6020900000000005,8473,40292216,835
8700000,1422718,7990014,5.61602,8514,40917126,850
8750000,1426464,8031905,5.6306400000000005,8570,41558454,838
8800000,1430359,8073738,5.64455,8615,42189812,835
8850000,1434168,8115500,5.65868,8671,42826479,835
8900000,1437932,8157169,5.67285,8728,43486785,812
8950000,1441744,8198858,5.68676,8780,44136406,839
9000000,1445649,8240316,5.700080000000001,8841,44790279,833
9050000,1449394,8281935,5.7140699999999995,8888,45469408,811
9100000,1453170,8323397,5.72775,8938,46136420,845
9150000,1456904,8364762,5.74146,8973,46823112,817
9200000,1460638,8406096,5.75509,9016,47506147,834
9250000,1464385,8447482,5.768619999999999,9071,48186585,811
9300000,1468071,8488639,5.78217,9130,48883444,804
9350000,1471741,8530076,5.79591,9187,49593256,828
9400000,1475378,8571245,5.80952,9236,50300957,816
9450000,1478968,8612401,5.82325,9274,51021064,833
9500000,1482544,8653565,5.83697,9333,51752169,804
9550000,1486107,8694668,5.850630000000001,9378,52486598,815
9600000,1489632,8735663,5.86431,9416,53232351,811
9650000,1493243,8776682,5.8776,9460,53978955,815
9700000,1496892,8817575,5.89059,9504,54733179,845
9750000,1500522,8858536,5.90364,9552,55481637,822
9800000,1504050,8899532,5.91705,9593,56235073,824
9850000,1507627,8940428,5.93013,9641,56989945,832
9900000,1511134,8981179,5.94334,9688,57755265,806
9950000,1514601,9021873,5.9566,9729,58527756,815
10000000,1518121,9062413,5.96949,9774,59307906,807
10050000,1521676,9103006,5.98222,9835,60103068,815
10100000,1525169,9143554,5.9951099999999995,9884,60878689,825
10150000,1528627,9183926,6.00796,9942,61660285,816
10200000,1532057,9224502,6.02099,9987,62473308,790
10250000,1535603,9264910,6.0334,10032,63273704,808
10300000,1538983,9305201,6.04633,10085,64076747,805
10350000,1542366,9345508,6.0592,10134,64887943,808
10400000,1545791,9385882,6.0719,10182,65700041,815
10450000,1549180,9426138,6.0846,10227,66537818,824
10500000,1552674,9466281,6.09676,10281,67366234,827
10550000,1555990,9506316,6.1095,10325,68202902,796
10600000,1559367,9546428,6.12199,10369,69059062,817
10650000,1562674,9586512,6.13468,10417,69903431,781
10700000,1565955,9626518,6.14738,10462,70753060,803
10750000,1569253,9666599,6.16,10507,71626816,788
10800000,1572666,9706575,6.17205,10544,72497160,820
10850000,1575930,9746320,6.18449,10591,73383764,786
10900000,1579256,9785959,6.19656,10638,74258778,815
10950000,1582481,9825658,6.20902,10690,75150188,794
11000000,1585720,9865273,6.2213199999999995,10736,76061215,802
11050000,1588940,9905230,6.23386,10784,76970887,789
11100000,1592139,9944844,6.24622,10823,77888658,775
11150000,1595421,9984286,6.25809,10868,78792295,777
11200000,1598635,10023753,6.27019,10908,79713919,779
11250000,1601914,10063146,6.28195,10955,80640173,803
11300000,1605130,10102595,6.29394,10999,81550204,795
11350000,1608295,10141816,6.3059400000000005,11045,82490132,786
11400000,1611419,10181027,6.31805,11103,83425595,789
11450000,1614694,10220388,6.32961,11147,84365774,783
11500000,1617911,10259651,6.3413,11192,85311392,810
11550000,1621042,10298865,6.35324,11227,86264374,797
11600000,1624120,10337912,6.36524,11254,87213413,777
11650000,1627181,10376928,6.3772400000000005,11315,88186324,781
11700000,1630282,10416139,6.3891599999999995,11357,89168676,781
11750000,1633281,10455239,6.40137,11407,90143976,775
11800000,1636408,10494140,6.41291,11459,91121031,771
11850000,1639518,10532805,6.42433,11510,92115144,779
11900000,1642570,10571538,6.435969999999999,11552,93114464,771
11950000,1645572,10610351,6.44782,11590,94108360,780
12000000,1648700,10649198,6.45915,11632,95104802,762
12050000,1651704,10687929,6.47085,11669,96121712,783
12100000,1654708,10726614,6.482480000000001,11717,97140575,788
12150000,1657764,10765447,6.4939599999999995,11752,98174333,752
12200000,1660791,10804061,6.50537,11784,99209510,751
12250000,1663743,10842597,6.51699,11824,100258275,778
12300000,1666612,10881062,6.52885,11868,101311097,751
12350000,1669495,10919534,6.54062,11913,102376618,782
12400000,1672528,10957882,6.55169,11959,103429821,775
12450000,1675475,10996261,6.56307,12004,104514007,778
12500000,1678397,11034682,6.57454,12038,105585303,745
12550000,1681406,11072649,6.58535,12093,106628961,770
12600000,1684344,11110841,6.596539999999999,12129,107697029,757
12650000,1687179,11148967,6.60805,12170,108766891,750
12700000,1690064,11187248,6.61942,12208,109863765,739
12750000,1692960,11225446,6.630660000000001,12255,110959971,787
12800000,1695771,11263528,6.64213,12294,112070861,764
12850000,1698712,11301495,6.65298,12337,113184496,766
12900000,1701577,11339367,6.66403,12390,114296921,752
12950000,1704456,11377204,6.674980000000001,12447,115430832,740
13000000,1707362,11415200,6.6858699999999995,12476,116547282,755
13050000,1710220,11452959,6.69678,12520,117669568,761
13100000,1713029,11490733,6.707839999999999,12561,118823193,752
13150000,1715784,11528333,6.71899,12612,119958067,771
13200000,1718592,11566057,6.72996,12658,121113453,754
13250000,1721418,11603690,6.7407699999999995,12712,122263724,734
13300000,1724159,11641255,6.75185,12754,123425419,738
13350000,1726881,11678718,6.7629,12792,124580276,748
13400000,1729785,11716099,6.77315,12838,125728429,738
13450000,1732476,11753669,6.78432,12891,126908543,757
13500000,1735268,11791112,6.794980000000001,12940,128076795,752
13550000,1737973,11828513,6.8059199999999995,12987,129287696,732
13600000,1740659,11865666,6.81677,13036,130491734,753
13650000,1743352,11902977,6.82764,13078,131716730,753
13700000,1745999,11940216,6.83862,13132,132940827,743
13750000,1748718,11977290,6.8491800000000005,13166,134150517,741
13800000,1751323,12014297,6.860130000000001,13216,135374873,761
13850000,1753959,12051190,6.87085,13250,136588400,746
13900000,1756574,12088135,6.88165,13298,137808490,743
13950000,1759299,12125298,6.892119999999999,13349,139045766,737
14000000,1761977,12162359,6.90268,13393,140277493,743
14050000,1764644,12199107,6.913069999999999,13431,141512246,735
14100000,1767281,12235887,6.92357,13484,142763561,764
14150000,1769902,12272496,6.934,13522,144019320,700
14200000,1772527,12309102,6.944380000000001,13567,145272285,736
14250000,1775222,12345656,6.95443,13611,146545695,735
14300000,1777764,12382044,6.96495,13646,147809815,741
14350000,1780340,12418694,6.975460000000001,13686,149079913,752
14400000,1782947,12455032,6.985639999999999,13730,150335382,743
14450000,1785550,12491473,6.99587,13774,151631106,717
14500000,1788135,12527713,7.0060199999999995,13813,152885215,719
14550000,1790647,12564073,7.0165,13858,154161959,701
14600000,1793147,12600621,7.0271,13889,155478378,726
14650000,1795618,12636898,7.03763,13926,156792028,706
14700000,1798177,12673089,7.047739999999999,13975,158116174,740
14750000,1800677,12709319,7.05808,14027,159454919,734
14800000,1803166,12745436,7.06837,14073,160754304,728
14850000,1805760,12781559,7.07822,14106,162076645,753
14900000,1808214,12817603,7.088539999999999,14151,163414044,740
14950000,1810675,12853324,7.09864,14187,164739112,721
15000000,1813245,12889550,7.10855,14225,166092350,744
15050000,1815713,12925499,7.118689999999999,14269,167448611,725
15100000,1818187,12961368,7.12873,14301,168797488,707
15150000,1820700,12997204,7.13858,14351,170154722,735
15200000,1823104,13032752,7.1486600000000005,14396,171494104,715
15250000,1825543,13068515,7.1587,14435,172867957,712
15300000,1828022,13104088,7.16845,14467,174230531,727
15350000,1830476,13139694,7.17829,14507,175595519,734
15400000,1832851,13175307,7.18842,14547,176973232,709
15450000,1835272,13210794,7.1982800000000005,14591,178368288,706
15500000,1837642,13246198,7.208260000000001,14638,179748845,699
15550000,1840030,13281522,7.2181,14689,181131026,707
15600000,1842366,13316971,7.22819,14724,182550221,728
15650000,1844813,13352346,7.23778,14766,183954376,697
15700000,1847110,13387812,7.24798,14807,185361891,709
15750000,1849402,13422983,7.2580100000000005,14838,186801155,696
15800000,1851692,13458273,7.268089999999999,14874,188233402,694
15850000,1854038,13493238,7.277760000000001,14917,189645145,699
15900000,1856469,13528170,7.287039999999999,14968,191077871,669
15950000,1858808,13563382,7.296819999999999,15007,192530790,692
16000000,1861044,13598191,7.30675,15044,193960665,703
16050000,1863308,13633074,7.3166,15078,195403153,665
16100000,1865669,13668006,7.326060000000001,15120,196843832,685
16150000,1867922,13702850,7.33588,15161,198301455,672
16200000,1870191,13737739,7.34563,15199,199757644,722
16250000,1872441,13772522,7.35538,15247,201222058,680
16300000,1874755,13807385,7.3649,15282,202724574,668
16350000,1877046,13842130,7.37442,15325,204201488,668
16400000,1879378,13876854,7.38375,15373,205679332,697
16450000,1881607,13911595,7.39346,15416,207192374,710
16500000,1883837,13946175,7.40307,15459,208680595,709
16550000,1886056,13980871,7.41275,15499,210195829,686
16600000,1888207,14015272,7.42253,15534,211701338,681
16650000,1890406,14049792,7.4321600000000005,15579,213221085,670
16700000,1892650,14084087,7.44146,15614,214732853,699
16750000,1894880,14118266,7.45074,15661,216283105,667
16800000,1897044,14152510,7.4603,15703,217776890,669
16850000,1899269,14186944,7.469689999999999,15747,219316196,688
16900000,1901458,14221301,7.47916,15795,220826700,695
16950000,1903696,14255358,7.48825,15853,222347125,690
17000000,1905886,14289431,7.49753,15897,223856583,660
17050000,1908107,14323583,7.5067,15941,225386132,685
17100000,1910210,14357488,7.51618,15983,226949484,664
17150000,1912405,14391551,7.52537,16018,228511982,696
17200000,1914556,14425598,7.5347,16052,230098708,658
17250000,1916729,14459523,7.54385,16088,231681791,691
17300000,1918872,14493388,7.5530800000000005,16131,233263718,682
17350000,1920953,14527102,7.56245,16176,234829862,681
17400000,1923072,14560668,7.5715699999999995,16210,236378402,677
17450000,1925223,14594498,7.58068,16248,237973587,665
17500000,1927326,14628163,7.5898699999999995,16288,239540270,665
17550000,1929509,14661591,7.598610000000001,16326,241061547,671
17600000,1931583,14694950,7.60772,16378,242644879,653
17650000,1933660,14728422,7.616860000000001,16407,244226154,663
17700000,1935728,14761940,7.62604,16451,245825454,689
17750000,1937751,14795156,7.6352199999999995,16492,247435787,639
17800000,1939734,14828483,7.6446,16546,249030008,644
17850000,1941730,14861623,7.653810000000001,16596,250639395,651
17900000,1943775,14894940,7.662889999999999,16637,252253994,669
17950000,1945896,14927971,7.67152,16683,253856994,677
18000000,1947910,14961040,7.680560000000001,16738,255491845,646
18050000,1949963,14994027,7.6893899999999995,16778,257094222,617
18100000,1951999,15027138,7.69833,16820,258727864,657
18150000,1953999,15060257,7.7074,16863,260335829,674
18200000,1956030,15093290,7.716289999999999,16899,261990976,658
18250000,1958104,15126236,7.724939999999999,16936,263607385,663
18300000,1960164,15159048,7.733560000000001,16988,265251422,661
18350000,1962142,15191759,7.742439999999999,17025,266885562,654
18400000,1964111,15224674,7.75143,17073,268572611,641
18450000,1966076,15257332,7.7603,17110,270224293,651
18500000,1967959,15289935,7.7694399999999995,17143,271870295,633
18550000,1969896,15322579,7.77837,17183,273551149,655
18600000,1971839,15355152,7.78722,17218,275230390,646
18650000,1973731,15387808,7.7963,17261,276926859,654
18700000,1975630,15420306,7.8052600000000005,17298,278658697,633
18750000,1977562,15452669,7.814,17341,280313670,638
18800000,1979443,15485007,7.82291,17377,282023497,665
18850000,1981421,15517425,7.831460000000001,17422,283688280,626
18900000,1983365,15549297,7.839860000000001,17463,285341834,649
18950000,1985226,15581545,7.84875,17514,287056454,665
19000000,1987100,15613785,7.85757,17557,288788731,672
19050000,1989046,15645893,7.86603,17592,290473893,649
19100000,1990954,15677993,7.8746100000000006,17641,292184718,645
19150000,1992761,15710184,7.88363,17683,293900905,629
19200000,1994564,15742279,7.892589999999999,17725,295633867,649
19250000,1996458,15774261,7.90112,17766,297367223,610
19300000,1998351,15806130,7.90959,17814,299095282,620
19350000,2000285,15837892,7.91782,17855,300833638,638
19400000,2002126,15869776,7.9264600000000005,17903,302557781,660
19450000,2003944,15901442,7.93507,17942,304274278,627
19500000,2005767,15933140,7.94366,17976,306009424,638
19550000,2007612,15965016,7.95224,18018,307774254,645
19600000,2009390,15996375,7.96081,18050,309521900,646
19650000,2011171,16027984,7.96948,18090,311298834,632
19700000,2012939,16059494,7.97813,18130,313044358,603
19750000,2014721,16091183,7.9868,18167,314796151,620
19800000,2016492,16122630,7.9953899999999996,18212,316532838,619
19850000,2018265,16154144,8.00398,18253,318290275,646
19900000,2020054,16185566,8.01244,18286,320077534,651
19950000,2021857,16216782,8.02074,18335,321856487,638
20000000,2023665,16247990,8.02899,18367,323602480,599
20050000,2025437,16279082,8.03732,18406,325352555,603
20100000,2027229,16310222,8.04557,18442,327124980,614
20150000,2028967,16341305,8.054,18484,328916983,600
20200000,2030787,16372358,8.06208,18529,330712418,651
20250000,2032497,16403448,8.07059,18568,332520013,603
20300000,2034171,16434396,8.07916,18613,334298435,623
20350000,2035954,16465461,8.08734,18654,336109437,626
20400000,2037733,16496243,8.09539,18695,337891194,632
20450000,2039364,16527034,8.10401,18737,339750197,581
20500000,2041058,16557718,8.11232,18774,341527859,611
20550000,2042785,16588373,8.12047,18807,343325223,615
20600000,2044517,16619213,8.12867,18847,345122972,609
20650000,2046232,16649764,8.13679,18881,346951837,603
20700000,2047858,16680235,8.14521,18932,348722241,605
20750000,2049501,16710676,8.15353,18966,350534734,588
20800000,2051205,16741348,8.161710000000001,19005,352372914,597
20850000,2052888,16771748,8.169830000000001,19037,354208328,582
20900000,2054609,16802204,8.177810000000001,19063,356031021,612
20950000,2056247,16832770,8.186160000000001,19095,357901545,616
21000000,2057946,16862916,8.19405,19134,359722789,594
21050000,2059542,16893254,8.20243,19164,361552309,598
21100000,2061147,16923518,8.21073,19204,363393603,608
21150000,2062818,16953577,8.21865,19230,365268364,639
21200000,2064439,16983796,8.22683,19275,367126118,614
21250000,2066077,17013629,8.23475,19310,368947094,602
21300000,2067723,17043721,8.24275,19341,370834503,587
21350000,2069370,17073704,8.250680000000001,19390,372684949,577
21400000,2070978,17103761,8.25878,19425,374548832,615
21450000,2072549,17133413,8.26683,19476,376393701,603
21500000,2074053,17163163,8.27518,19512,378209052,603
21550000,2075607,17192784,8.28326,19557,380036937,573
21600000,2077095,17222546,8.29165,19605,381926888,594
21650000,2078728,17252212,8.29941,19651,383786248,583
21700000,2080341,17281976,8.30728,19686,385655822,613
21750000,2081930,17311493,8.31512,19723,387543196,572
21800000,2083550,17341075,8.32285,19751,389403441,604
21850000,2085136,17370770,8.33076,19787,391283997,617
21900000,2086651,17400085,8.33876,19832,393136500,583
21950000,2088223,17429276,8.34646,19880,394972214,583
22000000,2089799,17458689,8.354239999999999,19920,396863120,588
22050000,2091238,17488076,8.36255,19956,398784394,581
22100000,2092793,17517280,8.370289999999999,19993,400653242,581
22150000,2094307,17546515,8.3782,20033,402535410,576
22200000,2095788,17575945,8.38632,20074,404442650,597
22250000,2097233,17605118,8.39445,20110,406336907,625
22300000,2098753,17634169,8.40221,20155,408259830,543
22350000,2100284,17663271,8.409939999999999,20195,410120360,569
22400000,2101688,17692272,8.41812,20234,412042597,573
22450000,2103214,17721223,8.42578,20276,413959447,578
22500000,2104665,17750323,8.4338,20310,415898861,611
22550000,2106115,17779398,8.4418,20350,417845768,587
22600000,2107563,17808362,8.44974,20396,419770392,579
22650000,2109056,17837200,8.45743,20436,421700251,556
22700000,2110529,17865756,8.465060000000001,20474,423577523,555
22750000,2111999,17894473,8.47277,20513,425512792,577
22800000,2113443,17922933,8.48044,20548,427429342,598
22850000,2114867,17951546,8.48826,20574,429368955,567
22900000,2116262,17980018,8.49612,20608,431316856,586
22950000,2117709,18008574,8.5038,20639,433256647,554
23000000,2119138,18037090,8.511519999999999,20685,435264516,577
23050000,2120551,18065555,8.51927,20722,437194192,554
23100000,2121929,18093959,8.52713,20760,439106681,566
23150000,2123400,18122341,8.53459,20799,441036687,588
23200000,2124786,18150625,8.54233,20842,442957403,551
23250000,2126189,18178915,8.55,20894,444911567,577
23300000,2127581,18207143,8.55767,20928,446887896,548
23350000,2128983,18235313,8.56527,20968,448847644,585
23400000,2130284,18263361,8.5732,20999,450796723,568
23450000,2131595,18291551,8.58116,21039,452765567,576
23500000,2132939,18319433,8.58882,21080,454675036,553
23550000,2134245,18347192,8.59657,21111,456629993,564
23600000,2135589,18375261,8.60431,21133,458623295,560
23650000,2136926,18403166,8.61198,21162,460590529,556
23700000,2138285,18431137,8.619589999999999,21208,462559262,549
23750000,2139634,18458966,8.62716,21242,464563664,574
23800000,2140905,18486412,8.63486,21283,466492336,555
23850000,2142190,18514178,8.64264,21319,468493600,540
23900000,2143531,18541821,8.65013,21361,470485287,540
23950000,2144876,18569304,8.65752,21401,472498663,565
24000000,2146202,18596673,8.66492,21440,474460002,559
24050000,2147491,18624291,8.67258,21480,476438040,562
24100000,2148832,18651685,8.67992,21523,478396573,563
24150000,2150072,18678898,8.68757,21552,480405966,551
24200000,2151333,18706056,8.6951,21591,482344320,519
24250000,2152630,18733283,8.70251,21632,484324967,536
24300000,2153920,18760459,8.70991,21662,486349921,551
24350000,2155188,18787780,8.71747,21695,488301817,551
24400000,2156481,18814796,8.72477,21725,490255120,539
24450000,2157708,18841913,8.73237,21760,492239046,523
24500000,2158958,18868961,8.73985,21808,494209296,516
24550000,2160224,18896007,8.74724,21844,496172083,564
24600000,2161516,18923037,8.75452,21887,498127553,538
24650000,2162757,18949898,8.76192,21927,500122766,544
24700000,2163969,18976739,8.76941,21968,502110851,528
24750000,2165180,19003402,8.776819999999999,22010,504109400,513
24800000,2166390,19030105,8.78425,22039,506091886,525
24850000,2167592,19056774,8.79168,22063,508069806,528
24900000,2168787,19083742,8.79927,22098,510059480,528
24950000,2169938,19110283,8.80683,22129,512060181,563
25000000,2171157,19136963,8.81418,22165,514083004,545
25050000,2172384,19163443,8.82139,22194,516091245,555
25100000,2173556,19189870,8.82879,22234,518046023,519
25150000,2174739,19216452,8.836210000000001,22269,520027451,553
25200000,2175931,19242819,8.84349,22300,522032275,525
25250000,2177061,19269187,8.85101,22331,524018021,564
25300000,2178213,19295454,8.85839,22367,526060101,513
25350000,2179382,19321540,8.86561,22400,528062637,536
25400000,2180539,19347834,8.87296,22450,530107845,532
25450000,2181721,19374065,8.880180000000001,22500,532135404,512
25500000,2182910,19400316,8.887360000000001,22545,534107404,517
25550000,2184043,19426557,8.89477,22590,536152382,515
25600000,2185192,19452551,8.90199,22626,538169801,533
25650000,2186368,19478690,8.90915,22657,540200004,515
25700000,2187545,19504701,8.91625,22699,542258029,552
25750000,2188674,19530434,8.92341,22736,544281523,515
25800000,2189808,19556277,8.930589999999999,22773,546278064,491
25850000,2190937,19581949,8.937710000000001,22810,548261925,544
25900000,2192032,19607710,8.944989999999999,22853,550254942,517
25950000,2193109,19633448,8.95234,22891,552281776,523
26000000,2194149,19658975,8.95973,22922,554280311,499
26050000,2195271,19684477,8.96676,22956,556308794,489
26100000,2196349,19709947,8.97396,22988,558321289,512
26150000,2197371,19735480,8.98141,23028,560319998,524
26200000,2198426,19760957,8.98868,23070,562347130,501
26250000,2199459,19786161,8.99592,23110,564366518,512
26300000,2200523,19811646,9.00315,23156,566409848,497
26350000,2201591,19837035,9.01032,23188,568438252,491
26400000,2202586,19862125,9.01764,23221,570468058,484
26450000,2203643,19887354,9.02476,23265,572509754,492
26500000,2204733,19912520,9.03171,23295,574511727,513
26550000,2205768,19937640,9.03887,23334,576502446,500
26600000,2206732,19962907,9.04637,23375,578545253,489
26650000,2207726,19987852,9.05359,23411,580537023,457
26700000,2208722,20012628,9.06073,23453,582523692,495
26750000,2209743,20037482,9.067789999999999,23483,584545797,516
26800000,2210809,20062482,9.07472,23517,586573848,485
26850000,2211844,20087498,9.08179,23557,588629469,503
26900000,2212849,20112464,9.08895,23592,590653323,494
26950000,2213833,20137064,9.09602,23628,592683055,472
27000000,2214831,20161772,9.103069999999999,23668,594697605,494
27050000,2215817,20186451,9.11016,23696,596739037,478
27100000,2216765,20211218,9.11744,23730,598775442,496
27150000,2217746,20235593,9.1244,23760,600770144,489
27200000,2218670,20260008,9.1316,23800,602775683,500
27250000,2219641,20284456,9.13862,23833,604831697,492
27300000,2220630,20308787,9.14551,23856,606819783,496
27350000,2221561,20333129,9.15263,23879,608866552,480
27400000,2222515,20357579,9.1597,23919,610919637,487
27450000,2223531,20381909,9.16646,23953,612937290,489
27500000,2224488,20406185,9.17343,23994,614966278,473
27550000,2225415,20430243,9.18042,24038,617022674,498
27600000,2226388,20454463,9.187289999999999,24071,619068788,473
27650000,2227342,20478519,9.19415,24104,621083784,464
27700000,2228301,20502465,9.20094,24141,623083397,461
27750000,2229272,20526360,9.20765,24185,625097861,517
27800000,2230195,20550284,9.21457,24230,627128975,473
27850000,2231109,20574242,9.22153,24259,629129152,477
27900000,2232071,20598116,9.22825,24296,631148951,472
27950000,2232994,20621921,9.2351,24328,633193336,475
28000000,2233869,20645573,9.24207,24361,635251641,464
28050000,2234768,20669160,9.24891,24395,637233063,490
28100000,2235635,20692825,9.2559,24425,639229916,474
28150000,2236499,20716437,9.262889999999999,24456,641250361,483
28200000,2237401,20739802,9.2696,24492,643261903,461
28250000,2238277,20763377,9.2765,24522,645277933,467
28300000,2239162,20786897,9.283339999999999,24563,647311094,486
28350000,2240049,20810304,9.29011,24596,649335360,480
28400000,2240919,20833732,9.29696,24640,651333961,454
28450000,2241770,20857082,9.30385,24677,653347501,467
28500000,2242659,20880368,9.31054,24702,655337951,486
28550000,2243498,20903600,9.31741,24748,657401045,446
28600000,2244348,20926894,9.32426,24796,659432367,454
28650000,2245279,20950153,9.33076,24839,661449251,458
28700000,2246118,20973171,9.33752,24878,663486871,485
28750000,2246971,20996348,9.344289999999999,24919,665490201,495
28800000,2247780,21019311,9.35114,24954,667524503,494
28850000,2248604,21042289,9.35793,24980,669504300,470
28900000,2249439,21065359,9.36472,25019,671544513,454
28950000,2250282,21088201,9.371360000000001,25057,673540070,445
29000000,2251109,21111005,9.37805,25098,675524923,475
29050000,2251873,21133696,9.38494,25135,677519330,450
29100000,2252685,21156425,9.39165,25170,679555859,462
29150000,2253488,21179203,9.39841,25204,681566101,466
29200000,2254271,21201720,9.40513,25241,683530079,449
29250000,2255055,21224393,9.41192,25272,685545130,476
29300000,2255835,21246902,9.41864,25307,687525765,433
29350000,2256634,21269320,9.425239999999999,25350,689558394,432
29400000,2257394,21291843,9.43205,25382,691534427,445
29450000,2258148,21314353,9.43886,25425,693554799,455
29500000,2258917,21336745,9.44556,25457,695539628,471
29550000,2259684,21358970,9.45219,25486,697557466,431
29600000,2260455,21381246,9.45882,25521,699498389,471
29650000,2261205,21403459,9.46551,25548,701530352,441
29700000,2261926,21425583,9.47227,25582,703564331,426
29750000,2262663,21447698,9.47896,25610,705548984,453
29800000,2263446,21469989,9.48553,25644,707531475,434
29850000,2264125,21492004,9.492410000000001,25677,709550198,448
29900000,2264899,21513933,9.49885,25713,711574950,407
29950000,2265615,21535909,9.50555,25738,713616487,412
30000000,2266381,21557934,9.51205,25773,715581215,434
30050000,2267100,21579825,9.51869,25813,717629696,448
30100000,2267786,21601429,9.52534,25850,719609298,433
30150000,2268473,21623250,9.53207,25880,721593899,439
30200000,2269185,21644839,9.5386,25905,723524409,428
30250000,2269935,21666678,9.545069999999999,25939,725518363,433
30300000,2270617,21688251,9.5517,25979,727510797,458
30350000,2271286,21709864,9.5584,26010,729503893,448
30400000,2271972,21731369,9.56498,26041,731475869,451
30450000,2272656,21752779,9.57152,26084,733421528,454
30500000,2273331,21774312,9.57815,26128,735391998,434
30550000,2274049,21795692,9.58453,26157,737403313,433
30600000,2274727,21817168,9.59111,26194,739381688,416
30650000,2275417,21838427,9.59755,26235,741329377,437
30700000,2276054,21859540,9.60414,26278,743313589,417
30750000,2276696,21880737,9.61074,26303,745306657,414
30800000,2277402,21901985,9.61709,26341,747274100,454
30850000,2278011,21923377,9.62391,26383,749271580,407
30900000,2278643,21944420,9.63048,26417,751232908,418
30950000,2279314,21965169,9.63675,26459,753133377,410
31000000,2279931,21986134,9.64333,26491,755099669,410
31050000,2280567,22007051,9.64982,26522,757091054,425
31100000,2281171,22027872,9.65639,26563,759060817,405
31150000,2281778,22048720,9.66296,26592,761030435,397
31200000,2282393,22069488,9.66945,26628,762966911,407
31250000,2283039,22090309,9.675839999999999,26666,764924172,417
31300000,2283651,22110982,9.68229,26702,766842558,381
31350000,2284240,22131564,9.68881,26722,768811083,431
31400000,2284834,22152277,9.69536,26769,770831413,409
31450000,2285425,22172719,9.701789999999999,26811,772775732,413
31500000,2286047,22193260,9.70814,26839,774738837,426
31550000,2286609,22213608,9.71465,26874,776688637,397
31600000,2287153,22233714,9.72113,26914,778599681,377
31650000,2287743,22254279,9.72761,26951,780535542,418
31700000,2288317,22274537,9.73403,26982,782462243,389
31750000,2288894,22294672,9.74037,27021,784407866,388
31800000,2289480,22314976,9.746739999999999,27051,786325500,405
31850000,2290025,22335331,9.75331,27087,788289484,413
31900000,2290552,22355391,9.759830000000001,27121,790207631,396
31950000,2291091,22375342,9.76624,27155,792162879,395
32000000,2291638,22395420,9.77267,27190,794068650,380
32050000,2292177,22415361,9.779069999999999,27231,795978573,399
32100000,2292707,22435371,9.78554,27258,797889650,415
32150000,2293238,22455082,9.79187,27286,799811283,399
32200000,2293773,22474876,9.798210000000001,27318,801722732,406
32250000,2294283,22494544,9.80461,27346,803662626,377
32300000,2294809,22514375,9.811,27381,805600007,393
32350000,2295322,22533865,9.8173,27407,807493626,415
32400000,2295831,22553560,9.8237,27438,809465042,397
32450000,2296323,22572848,9.83,27468,811406377,378
32500000,2296814,22592322,9.83637,27506,813332568,416
32550000,2297301,22612037,9.84287,27544,815289565,399
32600000,2297797,22631384,9.849169999999999,27589,817186589,369
32650000,2298283,22650806,9.85553,27617,819087161,406
32700000,2298786,22670165,9.8618,27654,820944782,384
32750000,2299324,22689527,9.86791,27690,822867378,378
32800000,2299823,22708795,9.87415,27723,824796574,362
32850000,2300300,22728284,9.88057,27755,826719101,394
32900000,2300791,22747419,9.88678,27794,828602733,385
32950000,2301250,22766575,9.893130000000001,27822,830485400,373
33000000,2301688,22785520,9.89948,27856,832350384,366
33050000,2302126,22804627,9.9059,27888,834253939,397
33100000,2302560,22823521,9.912239999999999,27920,836128605,397
