timestep,num_nodes,num_edges,average_degree,max_degree,num_triangles,new_edges
0,1970,1000,0.507614,3,0,1000
50000,63408,50982,0.804031,64,15,998
100000,103186,100919,0.97803,116,95,999
150000,135856,150806,1.11004,180,303,998
200000,163962,200641,1.2237,230,680,998
250000,189585,250427,1.32092,286,1368,991
300000,213069,300187,1.40887,334,2335,993
350000,234952,349887,1.48919,395,3679,993
400000,255503,399533,1.56371,459,5424,990
450000,274816,449132,1.6343,514,7669,993
500000,293160,498707,1.70114,570,10523,994
550000,310719,548224,1.76437,612,13961,989
600000,327620,597686,1.82433,657,17995,986
650000,343793,647116,1.88228,703,22891,988
700000,359339,696487,1.9382400000000002,746,28621,992
750000,374535,745796,1.9912599999999998,804,35180,987
800000,389071,795102,2.04359,843,42501,988
850000,403468,844315,2.0926400000000003,897,50830,986
900000,417293,893529,2.14125,948,60099,987
950000,431171,942674,2.1863099999999998,982,70395,983
1000000,444328,991822,2.23218,1025,82201,980
1050000,457375,1040848,2.2757,1078,94890,982
1100000,470065,1089901,2.31862,1133,108777,987
1150000,482424,1138837,2.3606599999999998,1171,124470,972
1200000,494560,1187746,2.40162,1225,140933,982
1250000,506518,1236575,2.44132,1293,159049,983
1300000,518112,1285382,2.4809,1341,178560,978
1350000,529594,1334160,2.5192099999999997,1384,199217,975
1400000,540686,1382871,2.55762,1444,221104,970
1450000,551702,1431559,2.5948,1498,245124,965
1500000,562685,1480139,2.63049,1547,271120,973
1550000,573351,1528721,2.66629,1600,297881,969
1600000,583956,1577223,2.70093,1653,326437,971
1650000,594189,1625731,2.73605,1704,357208,979
1700000,604431,1674163,2.76982,1757,390353,974
1750000,614319,1722490,2.8039,1811,424496,967
1800000,624285,1770866,2.83663,1860,461468,972
1850000,634139,1819151,2.86869,1905,500023,976
1900000,643745,1867401,2.90084,1954,540423,962
1950000,653258,1915655,2.93246,2004,582942,963
2000000,662626,1963808,2.96367,2054,627633,976
2050000,671840,2011915,2.99463,2106,675156,970
2100000,680846,2059992,3.02564,2153,725730,970
2150000,689913,2108037,3.05551,2189,777438,951
2200000,698837,2155916,3.08501,2248,831325,964
2250000,707506,2203854,3.11496,2304,886977,952
2300000,716197,2251706,3.14398,2358,946170,966
2350000,724724,2299463,3.17288,2411,1008528,964
2400000,733089,2347191,3.20178,2475,1071831,953
2450000,741477,2394916,3.22993,2522,1138294,944
2500000,749908,2442589,3.25718,2569,1206767,962
2550000,758205,2490257,3.28441,2621,1279068,956
2600000,766343,2537844,3.31163,2678,1353525,943
2650000,774211,2585409,3.33941,2727,1431429,951
2700000,782173,2632921,3.36616,2777,1510911,938
2750000,790017,2680386,3.3928199999999995,2820,1593908,950
2800000,797824,2727706,3.4189300000000005,2861,1679393,941
2850000,805455,2775071,3.44535,2901,1767054,941
2900000,813281,2822286,3.47025,2948,1858836,937
2950000,820807,2869546,3.49601,2991,1953380,941
3000000,828469,2916728,3.5206199999999996,3049,2050067,938
3050000,835793,2963942,3.5462599999999997,3094,2151589,946
3100000,843183,3010925,3.5709,3142,2254857,934
3150000,850369,3057986,3.5960699999999997,3186,2360793,946
3200000,857490,3104946,3.62097,3228,2470375,932
3250000,864653,3151922,3.6453,3277,2580752,936
3300000,871807,3198819,3.6691800000000003,3315,2697331,935
3350000,878724,3245688,3.6936400000000003,3359,2817016,932
3400000,885831,3292527,3.71688,3406,2942661,940
3450000,892632,3339338,3.741,3457,3068182,914
3500000,899500,3386061,3.7643800000000005,3506,3196857,932
3550000,906296,3432742,3.78766,3557,3330698,931
3600000,913042,3479278,3.8106400000000002,3611,3466965,918
3650000,919816,3525880,3.83324,3664,3608180,937
3700000,926312,3572303,3.8564800000000004,3715,3751028,937
3750000,932891,3618792,3.87912,3766,3897921,934
3800000,939359,3665212,3.90182,3805,4049803,932
3850000,945978,3711546,3.9235,3867,4200566,941
3900000,952415,3757919,3.94567,3926,4360334,920
3950000,958844,3804294,3.9675800000000003,3975,4520917,930
4000000,965177,3850641,3.9895699999999996,4020,4688243,914
4050000,971374,3896957,4.0118,4068,4857096,928
4100000,977815,3943151,4.03261,4124,5028370,930
4150000,983796,3989296,4.055,4181,5206620,938
4200000,989864,4035491,4.07681,4220,5386791,929
4250000,995940,4081578,4.0982199999999995,4270,5570410,918
4300000,1002090,4127578,4.11897,4319,5758379,918
4350000,1008039,4173609,4.14032,4375,5950564,914
4400000,1013986,4219508,4.16131,4422,6146694,923
4450000,1019914,4265412,4.18213,4477,6348977,919
4500000,1025914,4311242,4.20234,4534,6556793,935
4550000,1031714,4356984,4.22305,4566,6766035,917
4600000,1037699,4402735,4.24279,4613,6981296,917
4650000,1043593,4448382,4.26256,4659,7200284,905
4700000,1049508,4494044,4.28205,4712,7422635,906
4750000,1055249,4539725,4.30204,4755,7652762,913
4800000,1060808,4585189,4.32236,4805,7887060,908
4850000,1066357,4630586,4.34244,4840,8123239,919
4900000,1071874,4675985,4.36244,4904,8361227,904
4950000,1077323,4721486,4.38261,4961,8609485,892
5000000,1082747,4766891,4.40259,5007,8861754,906
5050000,1088236,4812085,4.42191,5065,9113300,912
5100000,1093623,4857265,4.44144,5105,9371724,894
5150000,1099229,4902484,4.45993,5141,9635188,936
5200000,1104482,4947613,4.47958,5185,9902651,890
5250000,1109825,4992757,4.49869,5225,10170206,899
5300000,1115087,5037803,4.51786,5266,10448285,893
5350000,1120350,5082848,4.53684,5314,10729568,908
5400000,1125761,5127869,4.55502,5357,11011646,896
5450000,1131019,5172831,4.5736,5397,11299402,893
5500000,1136297,5217680,4.59183,5447,11593279,900
5550000,1141475,5262346,4.610130000000001,5501,11889193,886
5600000,1146636,5307092,4.6284,5545,12191867,893
5650000,1151745,5351765,4.64666,5603,12498722,877
5700000,1156749,5396551,4.66527,5645,12816639,896
5750000,1161812,5441155,4.68334,5697,13133873,875
5800000,1166892,5485647,4.70108,5741,13460250,885
5850000,1171895,5530180,4.71901,5805,13791442,876
5900000,1176915,5574463,4.7365,5853,14117551,884
5950000,1181923,5618803,4.75395,5897,14454373,894
6000000,1186969,5663176,4.77112,5947,14791266,881
6050000,1191917,5707608,4.7886,5991,15137857,882
6100000,1196930,5751874,4.80552,6044,15487231,877
6150000,1201850,5796109,4.82266,6093,15844232,897
6200000,1206762,5840360,4.83969,6136,16204595,894
6250000,1211546,5884515,4.85703,6180,16570430,883
6300000,1216471,5928589,4.8736,6222,16940054,887
6350000,1221268,5972674,4.89055,6285,17315292,891
6400000,1226122,6016664,4.90707,6325,17703688,872
6450000,1230978,6060605,4.92341,6383,18086392,880
6500000,1235652,6104565,4.94036,6420,18478187,888
6550000,1240300,6148517,4.95728,6475,18877457,867
6600000,1244917,6192357,4.97411,6529,19282396,884
6650000,1249519,6236193,4.99087,6575,19691232,864
6700000,1254248,6279878,5.00689,6622,20099330,896
6750000,1258716,6323431,5.02372,6679,20514477,904
6800000,1263232,6367010,5.04025,6720,20940336,866
6850000,1267821,6410516,5.05633,6768,21365810,845
6900000,1272212,6454086,5.073119999999999,6809,21799825,867
6950000,1276731,6497626,5.08927,6857,22231307,861
7000000,1281198,6541062,5.10543,6905,22675609,876
7050000,1285832,6584481,5.12079,6940,23125140,878
7100000,1290239,6627722,5.136819999999999,6990,23582431,874
7150000,1294791,6670924,5.15212,7051,24046098,853
7200000,1299266,6714180,5.167669999999999,7091,24516479,872
7250000,1303610,6757408,5.18361,7141,24984307,851
7300000,1307949,6800553,5.1994,7200,25459015,869
7350000,1312250,6843559,5.21513,7249,25934018,855
7400000,1316639,6886568,5.23041,7303,26416162,859
7450000,1321009,6929578,5.24567,7350,26908228,883
7500000,1325248,6972543,5.26131,7408,27405915,856
7550000,1329612,7015713,5.27651,7457,27913947,861
7600000,1333745,7058474,5.2922199999999995,7488,28420826,859
7650000,1338049,7101327,5.30722,7532,28937115,837
7700000,1342185,7144211,5.32282,7567,29459848,865
7750000,1346401,7186818,5.3378,7630,29981184,866
7800000,1350668,7229612,5.35262,7689,30513009,845
7850000,1354782,7272345,5.36791,7728,31052523,857
7900000,1358797,7314766,5.3832699999999996,7768,31590830,874
7950000,1362978,7357492,5.3981,7814,32137427,846
8000000,1367112,7399972,5.41285,7869,32692861,861
8050000,1371159,7442317,5.42776,7912,33256875,854
8100000,1375208,7484628,5.44254,7966,33815843,830
8150000,1379241,7526948,5.45731,8012,34385247,841
8200000,1383351,7569365,5.47176,8060,34957795,860
8250000,1387438,7611607,5.48609,8105,35528170,850
8300000,1391495,7654002,5.50056,8136,36112108,852
8350000,1395474,7696156,5.51508,8180,36694345,834
8400000,1399506,7738363,5.52935,8234,37287957,858
8450000,1403336,7780381,5.5442,8282,37885768,854
8500000,1407338,7822401,5.5583,8333,38503783,847
8550000,1411242,7864339,5.57264,8375,39121093,825
8600000,1415109,7906382,5.58712,8433,39734282,851
8650000,1418974,7948261,5.60141,8480,40361887,828
8700000,1422853,7990073,5.615530000000001,8525,40996274,847
8750000,1426710,8031940,5.62969,8571,41631642,844
8800000,1430638,8073823,5.64351,8614,42262940,818
8850000,1434451,8115479,5.65755,8658,42910520,833
8900000,1438165,8157133,5.6719,8707,43574994,845
8950000,1442043,8198689,5.68547,8757,44229526,838
9000000,1445781,8240419,5.69963,8806,44879761,844
9050000,1449568,8281920,5.713369999999999,8856,45550964,830
9100000,1453277,8323336,5.72729,8907,46219082,836
9150000,1457005,8364610,5.74096,8971,46893627,816
9200000,1460730,8405894,5.754580000000001,9017,47583489,818
9250000,1464515,8447319,5.768,9068,48283361,809
9300000,1468199,8488495,5.781569999999999,9102,48987422,822
9350000,1471882,8529727,5.79512,9155,49698709,828
9400000,1475469,8570974,5.80898,9193,50408335,850
9450000,1479088,8612129,5.82259,9245,51135499,845
9500000,1482746,8653214,5.83594,9288,51856899,817
9550000,1486343,8694309,5.84946,9323,52589045,816
9600000,1490012,8735287,5.86256,9368,53318284,814
9650000,1493541,8776333,5.87619,9426,54062209,797
9700000,1497111,8817233,5.8895,9481,54804146,804
9750000,1500759,8858218,5.90249,9520,55557223,807
9800000,1504309,8899054,5.91571,9564,56312907,827
9850000,1507881,8939859,5.92876,9609,57072839,816
9900000,1511388,8980607,5.94196,9657,57835221,803
9950000,1514914,9021296,5.9549900000000004,9704,58602576,817
10000000,1518418,9061938,5.96801,9753,59392922,823
10050000,1521922,9102616,5.981,9800,60172247,816
10100000,1525341,9143132,5.99416,9837,60960278,794
10150000,1528806,9183748,6.00714,9885,61754808,796
10200000,1532210,9224263,6.020230000000001,9944,62559563,797
10250000,1535584,9264668,6.03332,9984,63380150,830
10300000,1538992,9304987,6.0461599999999995,10031,64208029,804
10350000,1542467,9345338,6.0587,10062,65031119,811
10400000,1545907,9385623,6.071269999999999,10106,65850967,819
10450000,1549233,9426002,6.0843,10151,66682583,776
10500000,1552633,9466105,6.09681,10197,67512731,789
10550000,1556134,9506270,6.1089,10239,68344992,803
10600000,1559499,9546288,6.12138,10274,69190323,795
10650000,1562860,9586403,6.13388,10320,70048661,802
10700000,1566238,9626271,6.14611,10361,70907765,799
10750000,1569625,9666399,6.15841,10420,71774054,803
10800000,1573002,9706292,6.17055,10471,72635503,805
10850000,1576277,9745935,6.18288,10535,73511817,804
10900000,1579729,9785838,6.19463,10573,74390324,781
10950000,1583035,9825671,6.20686,10618,75281974,791
11000000,1586145,9865373,6.21972,10670,76178322,803
11050000,1589474,9905096,6.23168,10715,77080720,802
11100000,1592664,9944689,6.24406,10753,77992898,789
11150000,1595918,9984356,6.2561800000000005,10802,78904025,795
11200000,1599141,10023840,6.268269999999999,10843,79824533,767
11250000,1602412,10063231,6.28005,10881,80746928,781
11300000,1605574,10102672,6.29225,10911,81688129,784
11350000,1608668,10141987,6.30459,10953,82626641,785
11400000,1611963,10181316,6.3161,10989,83551971,787
11450000,1615127,10220607,6.32805,11039,84494701,794
11500000,1618362,10259621,6.33951,11094,85437586,770
11550000,1621478,10298896,6.35155,11136,86398169,795
11600000,1624508,10338024,6.36379,11173,87348337,784
11650000,1627698,10377034,6.37528,11221,88310443,772
11700000,1630889,10416051,6.38673,11267,89272423,787
11750000,1633996,10455009,6.39843,11313,90250204,793
11800000,1637105,10493866,6.41001,11355,91241165,777
11850000,1640152,10532670,6.42176,11404,92237176,765
11900000,1643187,10571408,6.43348,11448,93232697,747
11950000,1646179,10610297,6.44541,11488,94241921,775
12000000,1649253,10649012,6.456869999999999,11537,95244776,785
12050000,1652190,10687690,6.4688,11581,96259513,786
12100000,1655197,10726277,6.48036,11621,97277676,781
12150000,1658187,10764964,6.49201,11653,98314902,754
12200000,1661279,10803577,6.50317,11694,99332915,772
12250000,1664316,10842151,6.514480000000001,11734,100368143,785
12300000,1667258,10880765,6.52614,11782,101421985,786
12350000,1670197,10919143,6.537640000000001,11822,102467875,778
12400000,1673138,10957470,6.54905,11868,103527125,747
12450000,1676122,10995783,6.56025,11918,104612909,767
12500000,1679027,11034117,6.5717300000000005,11970,105691736,765
12550000,1681905,11072281,6.5831800000000005,12015,106747822,769
12600000,1684806,11110501,6.594530000000001,12058,107801147,780
12650000,1687602,11148783,6.6062899999999996,12092,108879868,766
12700000,1690505,11186748,6.6174,12147,109953539,753
12750000,1693449,11224841,6.62839,12184,111052716,768
12800000,1696260,11262900,6.6398399999999995,12230,112154404,753
12850000,1699090,11300841,6.651110000000001,12275,113263907,764
12900000,1701854,11338658,6.66253,12319,114377349,738
12950000,1704583,11376497,6.674060000000001,12360,115510921,781
13000000,1707472,11414346,6.684939999999999,12404,116644334,774
13050000,1710279,11452113,6.69605,12452,117759575,734
13100000,1713083,11490025,6.7072199999999995,12497,118901217,765
13150000,1715935,11527749,6.71806,12545,120027918,747
13200000,1718763,11565478,6.72895,12590,121181092,764
13250000,1721541,11603156,6.73998,12645,122326515,746
13300000,1724210,11640410,6.7511600000000005,12697,123463474,737
13350000,1726954,11677761,6.762060000000001,12740,124633486,728
13400000,1729601,11715368,6.77345,12794,125793436,734
13450000,1732384,11752915,6.78424,12838,126962318,745
13500000,1735128,11790181,6.794989999999999,12883,128153162,740
13550000,1737906,11827449,6.8055699999999995,12923,129341234,754
13600000,1740626,11864706,6.816339999999999,12961,130526357,750
13650000,1743341,11901837,6.827030000000001,12997,131718013,746
13700000,1746017,11938905,6.837789999999999,13042,132924320,759
13750000,1748738,11975937,6.848330000000001,13072,134132833,727
13800000,1751446,12012954,6.85888,13115,135317932,764
13850000,1754043,12050083,6.86989,13162,136547670,722
13900000,1756709,12086887,6.88042,13194,137752720,739
13950000,1759345,12123967,6.89118,13241,138976955,725
14000000,1761952,12160773,6.90188,13280,140215691,753
14050000,1764659,12197895,6.912319999999999,13330,141450887,727
14100000,1767373,12234736,6.92255,13370,142705231,730
14150000,1769947,12271428,6.9332199999999995,13411,143962000,739
14200000,1772533,12308258,6.94388,13448,145212664,754
14250000,1775118,12344916,6.95442,13493,146473150,737
14300000,1777686,12381483,6.9649399999999995,13531,147729780,729
14350000,1780229,12418021,6.9755199999999995,13587,148990113,742
14400000,1782811,12454616,6.985939999999999,13634,150261993,728
14450000,1785298,12491018,6.9966,13688,151554342,738
14500000,1787864,12527681,7.00707,13718,152864669,720
14550000,1790380,12564072,7.0175399999999994,13761,154147352,705
14600000,1793017,12600348,7.0274600000000005,13813,155451278,738
14650000,1795585,12636613,7.0376,13868,156769865,722
14700000,1798153,12672868,7.04771,13900,158070654,698
14750000,1800684,12709016,7.05788,13947,159385235,727
14800000,1803182,12745192,7.068169999999999,14005,160709850,747
14850000,1805619,12781357,7.07866,14050,162034877,712
14900000,1808093,12817473,7.08895,14088,163401856,711
14950000,1810553,12853501,7.09921,14130,164742977,743
15000000,1813046,12889317,7.109210000000001,14177,166073345,720
15050000,1815528,12925252,7.119280000000001,14216,167388552,736
15100000,1818080,12961092,7.129,14258,168734662,713
15150000,1820546,12996853,7.13899,14300,170087190,735
15200000,1822953,13032591,7.14916,14349,171426284,722
15250000,1825361,13068336,7.15932,14390,172794046,701
15300000,1827763,13104080,7.169460000000001,14431,174168689,710
15350000,1830340,13139552,7.17875,14478,175540901,700
15400000,1832716,13175127,7.18885,14519,176912790,717
15450000,1835063,13210505,7.1989399999999995,14570,178282328,713
15500000,1837560,13246132,7.208539999999999,14613,179682534,709
15550000,1839913,13281441,7.21852,14664,181069998,706
15600000,1842323,13316799,7.228269999999999,14705,182466589,692
15650000,1844630,13352057,7.238339999999999,14748,183862701,724
15700000,1847030,13387361,7.24805,14788,185249702,704
15750000,1849404,13422733,7.25787,14836,186658073,695
15800000,1851805,13458018,7.267510000000001,14882,188087823,713
15850000,1854098,13493110,7.27745,14918,189506381,700
15900000,1856419,13528206,7.287260000000001,14951,190925277,728
15950000,1858803,13563346,7.296819999999999,14992,192368931,705
16000000,1861116,13598212,7.3064800000000005,15033,193812355,683
16050000,1863433,13633188,7.31617,15076,195243894,707
16100000,1865782,13668339,7.3258,15109,196719053,715
16150000,1868059,13703063,7.33546,15158,198162576,700
16200000,1870387,13738000,7.345,15196,199637028,710
16250000,1872612,13772841,7.3548800000000005,15237,201107103,701
16300000,1874916,13807640,7.3644,15284,202567436,701
16350000,1877231,13842462,7.37387,15322,204056493,706
16400000,1879525,13877158,7.38333,15356,205512106,713
16450000,1881759,13911724,7.392939999999999,15399,207003562,684
16500000,1884076,13946150,7.40212,15433,208469482,683
16550000,1886319,13980826,7.4117,15483,209939317,694
16600000,1888504,14015368,7.421410000000001,15526,211447977,703
16650000,1890695,14049789,7.431019999999999,15569,212963608,705
16700000,1892877,14084171,7.44062,15605,214490219,706
16750000,1894952,14118346,7.4505,15643,215963545,659
16800000,1897164,14152649,7.4599,15688,217467590,689
16850000,1899345,14186753,7.469289999999999,15742,219002331,681
16900000,1901575,14220864,7.47847,15785,220517164,716
16950000,1903802,14255008,7.48765,15833,222032261,687
17000000,1905983,14289105,7.49697,15873,223573903,679
17050000,1908122,14323023,7.50635,15918,225111067,665
17100000,1910226,14357040,7.51589,15978,226641979,704
17150000,1912394,14390854,7.52505,16016,228181703,682
17200000,1914584,14424773,7.534160000000001,16068,229754976,698
17250000,1916720,14458618,7.543419999999999,16119,231306338,651
17300000,1918864,14492338,7.552560000000001,16157,232859256,685
17350000,1920975,14526060,7.56182,16205,234414400,667
17400000,1923109,14559666,7.5709,16253,235994939,675
17450000,1925191,14593384,7.58023,16298,237612554,669
17500000,1927279,14627107,7.589510000000001,16340,239195295,672
17550000,1929352,14660424,7.59863,16372,240788044,670
17600000,1931356,14693766,7.608,16407,242375512,678
17650000,1933428,14727314,7.6172,16440,243961982,699
17700000,1935463,14760581,7.62638,16486,245570836,685
17750000,1937575,14793925,7.635280000000001,16524,247188769,659
17800000,1939671,14827174,7.64417,16543,248798908,676
17850000,1941695,14860583,7.653410000000001,16587,250403834,649
17900000,1943803,14893793,7.66219,16616,252019142,654
17950000,1945847,14926923,7.67117,16655,253658421,663
18000000,1947854,14960152,7.6803300000000005,16701,255254228,668
18050000,1949847,14993204,7.689430000000001,16740,256874626,673
18100000,1951890,15026167,7.69827,16795,258518440,657
18150000,1953951,15059107,7.707000000000001,16830,260199693,654
18200000,1955980,15092059,7.71586,16873,261807090,650
18250000,1957958,15124996,7.724880000000001,16912,263450352,651
18300000,1960001,15158076,7.73371,16955,265121156,667
18350000,1961924,15190913,7.74287,17003,266777199,621
18400000,1963875,15223675,7.751860000000001,17032,268436287,675
18450000,1965837,15256443,7.760789999999999,17065,270083754,647
18500000,1967836,15289091,7.769489999999999,17101,271724818,663
18550000,1969839,15321779,7.7781899999999995,17135,273365970,647
18600000,1971754,15354407,7.78718,17183,275068963,637
18650000,1973675,15386743,7.79599,17213,276737866,633
18700000,1975640,15419155,7.804639999999999,17248,278406740,639
18750000,1977633,15451566,7.813160000000001,17276,280051656,631
18800000,1979499,15483952,7.82216,17321,281761374,643
18850000,1981428,15516220,7.830830000000001,17369,283441296,632
18900000,1983361,15548541,7.83949,17417,285132229,640
18950000,1985204,15580712,7.84842,17458,286807614,660
19000000,1987034,15612913,7.8574,17498,288495310,651
19050000,1988957,15645047,7.86596,17535,290188104,648
19100000,1990850,15677014,7.87453,17571,291875404,645
19150000,1992738,15709115,7.88318,17613,293594463,642
19200000,1994659,15741286,7.891719999999999,17645,295310504,638
19250000,1996492,15773372,7.9005399999999995,17683,297028641,645
19300000,1998324,15805138,7.9092,17722,298741900,644
19350000,2000164,15836944,7.91782,17769,300432640,659
19400000,2001959,15868716,7.926589999999999,17814,302184513,641
19450000,2003836,15900489,7.93503,17856,303929942,661
19500000,2005666,15932052,7.9435199999999995,17897,305632423,604
19550000,2007528,15963787,7.951960000000001,17947,307411144,637
19600000,2009305,15995408,7.9606699999999995,17990,309164551,640
19650000,2011110,16027071,7.96927,18035,310905758,625
19700000,2012845,16058491,7.97801,18070,312669578,656
19750000,2014632,16089781,7.986460000000001,18108,314419267,637
19800000,2016381,16121312,7.99517,18142,316181880,620
19850000,2018167,16152774,8.003689999999999,18187,317930335,636
19900000,2019959,16184199,8.012139999999999,18224,319709277,635
19950000,2021778,16215567,8.02045,18273,321447598,621
20000000,2023541,16246780,8.028889999999999,18316,323221868,644
20050000,2025254,16278104,8.037560000000001,18348,324974325,609
20100000,2027018,16309259,8.04594,18386,326752346,631
20150000,2028689,16340250,8.05459,18430,328547416,609
20200000,2030505,16371456,8.06275,18470,330343591,599
20250000,2032208,16402324,8.07118,18501,332137985,621
20300000,2033938,16433340,8.07957,18545,333955008,616
20350000,2035677,16464370,8.08791,18595,335747739,615
20400000,2037374,16495336,8.09637,18635,337507168,618
20450000,2039109,16526092,8.104569999999999,18668,339301821,613
20500000,2040888,16557170,8.11273,18712,341132406,614
20550000,2042549,16587883,8.12117,18750,342939106,601
20600000,2044309,16618608,8.12921,18796,344703002,631
20650000,2046091,16649530,8.13724,18838,346510363,623
20700000,2047747,16680164,8.14562,18883,348363108,625
20750000,2049405,16710685,8.15392,18911,350163578,618
20800000,2051079,16741205,8.16215,18960,351988495,628
20850000,2052757,16771725,8.17034,18995,353812123,617
20900000,2054373,16802190,8.17874,19039,355670243,581
20950000,2056066,16832549,8.18677,19072,357517607,590
21000000,2057704,16862966,8.195039999999999,19121,359382344,602
21050000,2059385,16893190,8.20303,19155,361218638,571
21100000,2060995,16923488,8.211319999999999,19196,363070964,607
21150000,2062659,16953750,8.21937,19218,364928190,620
21200000,2064284,16983944,8.22752,19256,366766345,601
21250000,2065857,17014116,8.23586,19291,368632629,607
21300000,2067487,17044018,8.24383,19331,370469446,597
21350000,2069022,17074043,8.25223,19370,372317773,594
21400000,2070619,17104011,8.26034,19406,374194956,600
21450000,2072227,17133861,8.26833,19437,376044402,586
21500000,2073833,17163801,8.27637,19482,377864651,578
21550000,2075399,17193532,8.28445,19514,379732024,589
21600000,2076983,17223387,8.2925,19564,381614449,588
21650000,2078609,17253056,8.300289999999999,19592,383501892,580
21700000,2080243,17282679,8.308010000000001,19623,385389809,611
21750000,2081846,17312492,8.31593,19671,387260359,616
21800000,2083325,17341961,8.32417,19715,389193749,573
21850000,2084881,17371714,8.332230000000001,19745,391085053,596
21900000,2086466,17401174,8.340019999999999,19779,392967006,577
21950000,2088034,17430720,8.34791,19813,394880991,589
22000000,2089592,17460264,8.35582,19858,396791456,622
22050000,2091167,17489418,8.36347,19892,398623489,573
22100000,2092750,17518715,8.37115,19938,400521013,582
22150000,2094284,17547821,8.378910000000001,19973,402414537,608
22200000,2095830,17577097,8.3867,20009,404329472,602
22250000,2097369,17606324,8.39448,20045,406239283,585
22300000,2098861,17635359,8.40235,20081,408177733,563
22350000,2100365,17664317,8.41012,20126,410068770,568
22400000,2101909,17693355,8.417760000000001,20168,411965910,605
22450000,2103376,17722373,8.42568,20207,413902494,584
22500000,2104836,17751067,8.43347,20250,415824715,587
22550000,2106231,17779987,8.44161,20297,417753852,579
22600000,2107743,17808737,8.4492,20337,419694342,598
22650000,2109167,17837373,8.45707,20380,421601346,581
22700000,2110629,17866013,8.464780000000001,20410,423548746,548
22750000,2112091,17894776,8.472539999999999,20452,425502378,580
22800000,2113511,17923323,8.48035,20494,427437564,583
22850000,2114930,17951804,8.48813,20542,429340633,547
22900000,2116389,17980515,8.49585,20578,431237173,586
22950000,2117807,18008687,8.50346,20615,433109372,565
23000000,2119238,18037249,8.5112,20656,435085799,583
23050000,2120639,18065674,8.51898,20698,437063980,573
23100000,2122052,18094066,8.52668,20731,439006296,572
23150000,2123426,18122277,8.53445,20779,440939640,562
23200000,2124783,18150490,8.54228,20821,442914042,563
23250000,2126167,18178913,8.550089999999999,20867,444877145,576
23300000,2127523,18206940,8.55781,20913,446840216,555
23350000,2128872,18235113,8.56562,20954,448824049,564
23400000,2130262,18263130,8.57318,20986,450730873,543
23450000,2131638,18291309,8.580869999999999,21030,452707454,556
23500000,2133043,18319183,8.588289999999999,21078,454624964,554
23550000,2134415,18347058,8.59583,21115,456607193,567
23600000,2135683,18374879,8.60375,21155,458560702,559
23650000,2137041,18402681,8.611289999999999,21201,460538452,562
23700000,2138363,18430486,8.61897,21239,462520184,550
23750000,2139664,18458260,8.626710000000001,21267,464482590,534
23800000,2140950,18485983,8.63448,21301,466449310,559
23850000,2142262,18513603,8.64208,21335,468426240,562
23900000,2143606,18541218,8.64955,21374,470387488,519
23950000,2145026,18568797,8.65668,21412,472337387,546
24000000,2146291,18596356,8.66442,21450,474281907,545
24050000,2147525,18623859,8.672239999999999,21491,476265729,565
24100000,2148819,18651211,8.67975,21539,478220249,592
24150000,2150079,18678681,8.687439999999999,21580,480207071,539
24200000,2151386,18705940,8.69483,21616,482173957,552
24250000,2152597,18733165,8.702589999999999,21644,484174324,540
24300000,2153916,18760199,8.709810000000001,21688,486123181,556
24350000,2155193,18787604,8.717360000000001,21740,488116000,541
24400000,2156480,18814796,8.72477,21788,490082316,558
24450000,2157759,18841839,8.73213,21822,492036242,542
24500000,2158916,18868621,8.73986,21862,494038783,533
24550000,2160192,18895613,8.74719,21894,496008922,513
24600000,2161415,18922517,8.75469,21926,498007037,538
24650000,2162649,18949338,8.7621,21965,499959943,529
24700000,2163857,18976249,8.769639999999999,22003,501967173,540
24750000,2165079,19003056,8.77707,22046,503984567,518
24800000,2166290,19029852,8.78454,22085,505995140,540
24850000,2167522,19056551,8.79186,22122,507992007,564
24900000,2168748,19083173,8.79917,22173,509954851,537
24950000,2169938,19109887,8.80665,22208,511965574,540
25000000,2171148,19136536,8.81402,22247,513984778,521
25050000,2172326,19163003,8.82142,22284,515994483,567
25100000,2173515,19189547,8.82881,22324,518017889,530
25150000,2174720,19216243,8.83619,22358,520011184,516
25200000,2175938,19242698,8.8434,22388,522006042,531
25250000,2177075,19269018,8.85087,22431,523996280,528
25300000,2178278,19295398,8.8581,22481,526013766,522
25350000,2179450,19321624,8.86537,22521,528010037,542
25400000,2180552,19347755,8.872869999999999,22562,530004590,516
25450000,2181616,19373789,8.88048,22588,532014439,524
25500000,2182754,19400028,8.88787,22624,534026573,502
25550000,2183885,19426243,8.89527,22659,536020025,527
25600000,2185050,19452305,8.90245,22705,538038960,506
25650000,2186134,19478321,8.909939999999999,22753,540055945,543
25700000,2187229,19504133,8.91728,22795,542044655,531
25750000,2188329,19530096,8.924660000000001,22827,544031274,532
25800000,2189457,19555932,8.93186,22868,546039662,529
25850000,2190520,19581670,8.93928,22901,548032835,523
25900000,2191680,19607290,8.94624,22935,550058760,506
25950000,2192724,19632784,8.9536,22972,552036753,518
26000000,2193806,19658434,8.96088,23006,554081038,495
26050000,2194911,19684038,8.96803,23040,556118432,518
26100000,2195995,19709421,8.97517,23075,558121275,513
26150000,2197076,19735076,8.98243,23107,560164350,515
26200000,2198153,19760460,8.98957,23146,562173969,518
26250000,2199253,19785753,8.99658,23184,564171930,485
26300000,2200331,19810946,9.00362,23219,566195322,505
26350000,2201333,19836379,9.01108,23260,568260332,504
26400000,2202376,19861769,9.01834,23290,570289176,507
26450000,2203432,19886790,9.02537,23339,572356497,495
26500000,2204472,19911903,9.0325,23370,574378292,458
26550000,2205550,19937146,9.039530000000001,23421,576387280,495
26600000,2206566,19962190,9.04672,23461,578440525,485
26650000,2207586,19987107,9.05383,23494,580477072,514
26700000,2208615,20012188,9.06097,23522,582519062,483
26750000,2209680,20037220,9.06793,23555,584531247,501
26800000,2210701,20062103,9.075,23582,586535933,482
26850000,2211757,20086887,9.08187,23616,588531961,502
26900000,2212723,20111514,9.089030000000001,23651,590538013,499
26950000,2213733,20136307,9.09609,23687,592596593,477
27000000,2214789,20160995,9.1029,23729,594605487,472
27050000,2215785,20185531,9.10988,23782,596579278,482
27100000,2216777,20210092,9.11688,23816,598577040,512
27150000,2217774,20234678,9.12387,23846,600619626,524
27200000,2218802,20259223,9.1307,23877,602656059,504
27250000,2219804,20283997,9.137739999999999,23912,604700615,498
27300000,2220759,20308625,9.1449,23950,606779778,509
27350000,2221695,20333302,9.15216,23993,608801289,481
27400000,2222673,20357850,9.15917,24040,610830430,487
27450000,2223616,20382128,9.166210000000001,24078,612839405,480
27500000,2224609,20406377,9.17302,24108,614881455,484
27550000,2225572,20430553,9.179910000000001,24135,616921699,467
27600000,2226510,20454615,9.18685,24168,618919227,468
27650000,2227399,20478585,9.19395,24210,620954810,487
27700000,2228267,20502795,9.20123,24253,623011949,482
27750000,2229224,20526634,9.20797,24277,625046006,450
27800000,2230169,20550513,9.214780000000001,24307,627077809,488
27850000,2231070,20574539,9.22183,24340,629121060,478
27900000,2232023,20598228,9.2285,24384,631148529,476
27950000,2232932,20621957,9.23537,24422,633146313,483
28000000,2233860,20645799,9.24221,24459,635175466,485
28050000,2234794,20669426,9.24892,24495,637177584,472
28100000,2235706,20693133,9.25575,24533,639237950,457
28150000,2236585,20716801,9.26269,24565,641275644,472
28200000,2237455,20740217,9.26956,24599,643293880,468
28250000,2238331,20763777,9.27646,24636,645319852,438
28300000,2239234,20787160,9.28316,24678,647331703,469
28350000,2240079,20810565,9.2901,24710,649361687,471
28400000,2240916,20833872,9.29703,24743,651408391,451
28450000,2241747,20857204,9.304,24765,653426624,446
28500000,2242626,20880393,9.31069,24805,655447757,455
28550000,2243511,20903896,9.31749,24844,657489251,466
28600000,2244341,20927224,9.32444,24880,659489704,483
28650000,2245258,20950328,9.330919999999999,24901,661540944,426
28700000,2246068,20973457,9.33785,24946,663550084,437
28750000,2246891,20996531,9.3447,24985,665564035,476
28800000,2247744,21019465,9.351360000000001,25013,667619690,472
28850000,2248588,21042566,9.35812,25062,669622463,484
28900000,2249443,21065578,9.3648,25110,671647620,471
28950000,2250246,21088369,9.37158,25144,673656683,454
29000000,2251086,21111198,9.37823,25182,675679920,451
29050000,2251958,21134074,9.38475,25218,677725071,450
29100000,2252782,21156923,9.39146,25243,679768851,452
29150000,2253611,21179601,9.39807,25269,681755624,428
29200000,2254427,21202116,9.40466,25302,683776988,462
29250000,2255228,21224733,9.41135,25335,685764087,460
29300000,2256036,21247287,9.41797,25372,687817154,446
29350000,2256750,21269793,9.42497,25406,689861242,479
29400000,2257514,21292156,9.43168,25443,691848250,433
29450000,2258300,21314536,9.438310000000001,25470,693842139,442
29500000,2259077,21336988,9.445,25507,695828204,433
29550000,2259809,21359401,9.45186,25535,697829435,423
29600000,2260512,21381568,9.458730000000001,25571,699843810,428
29650000,2261254,21403693,9.46541,25608,701810276,424
29700000,2261984,21425771,9.47211,25644,703770972,445
29750000,2262702,21448059,9.47896,25688,705810692,452
29800000,2263466,21470098,9.4855,25715,707792140,415
29850000,2264206,21492319,9.49221,25751,709837901,440
29900000,2264945,21514416,9.49887,25783,711834122,415
29950000,2265626,21536293,9.50567,25822,713819463,448
30000000,2266310,21558103,9.51242,25853,715814317,443
30050000,2267015,21579783,9.51903,25885,717755637,436
30100000,2267739,21601652,9.52563,25924,719732279,424
30150000,2268458,21623459,9.53223,25963,721714241,430
30200000,2269194,21645234,9.538730000000001,26008,723726792,450
30250000,2269900,21666869,9.5453,26039,725740313,439
30300000,2270586,21688587,9.55198,26071,727725002,400
30350000,2271283,21710227,9.55857,26110,729732842,422
30400000,2271992,21731590,9.56499,26144,731726100,435
30450000,2272698,21753239,9.57155,26172,733707527,438
30500000,2273372,21774604,9.57811,26205,735673495,439
30550000,2274072,21795777,9.58447,26238,737636476,399
30600000,2274771,21817148,9.59092,26270,739616146,414
30650000,2275419,21838408,9.59753,26305,741611202,419
30700000,2276051,21859619,9.60419,26332,743601601,441
30750000,2276699,21880817,9.61076,26361,745598031,433
30800000,2277339,21902114,9.617410000000001,26393,747543510,421
30850000,2278040,21923131,9.62368,26436,749468954,375
30900000,2278675,21943958,9.630139999999999,26467,751382591,428
30950000,2279253,21964819,9.63685,26496,753340593,389
31000000,2279839,21985914,9.64363,26537,755283728,409
31050000,2280476,22007093,9.65022,26562,757279798,407
31100000,2281120,22027949,9.65664,26593,759241965,425
31150000,2281732,22048730,9.663160000000001,26628,761188416,405
31200000,2282376,22069447,9.66951,26662,763087068,397
31250000,2283038,22090186,9.67579,26699,765035267,400
31300000,2283662,22110801,9.68217,26743,766965225,411
31350000,2284253,22131409,9.68869,26771,768993210,396
31400000,2284783,22151975,9.69544,26800,770932198,401
31450000,2285395,22172715,9.70192,26827,772878809,446
31500000,2285967,22193103,9.70841,26858,774862511,365
31550000,2286547,22213496,9.71487,26895,776777589,401
31600000,2287123,22233774,9.72128,26927,778712029,406
31650000,2287706,22254166,9.72772,26971,780674007,396
31700000,2288306,22274586,9.73409,27005,782642875,416
31750000,2288861,22294722,9.74053,27040,784573387,423
31800000,2289411,22314986,9.74704,27079,786461253,397
31850000,2289933,22335113,9.75361,27107,788429192,426
31900000,2290507,22355190,9.75993,27144,790360568,421
31950000,2291079,22375336,9.76629,27170,792318550,399
32000000,2291657,22395370,9.77257,27211,794274699,401
32050000,2292164,22415486,9.77918,27248,796205103,398
32100000,2292741,22435514,9.78546,27273,798126939,402
32150000,2293222,22455441,9.79209,27304,800060923,367
32200000,2293738,22475141,9.79848,27345,801950550,369
32250000,2294291,22494927,9.804739999999999,27375,803894018,391
32300000,2294820,22514614,9.811060000000001,27405,805762282,396
32350000,2295325,22534455,9.81754,27428,807742794,410
32400000,2295851,22553967,9.823789999999999,27451,809642051,385
32450000,2296336,22573528,9.83024,27479,811555176,380
32500000,2296856,22592990,9.83649,27514,813485757,392
32550000,2297343,22612506,9.8429,27553,815417987,388
32600000,2297869,22631879,9.84907,27579,817317554,384
32650000,2298373,22651309,9.855369999999999,27612,819231767,412
32700000,2298874,22670602,9.86161,27647,821088871,392
32750000,2299367,22689920,9.8679,27675,822986682,388
32800000,2299837,22709247,9.87429,27709,824850204,388
32850000,2300307,22728231,9.880519999999999,27745,826708443,365
32900000,2300785,22747515,9.88685,27780,828643005,363
32950000,2301227,22766294,9.89311,27818,830507096,367
33000000,2301694,22785429,9.89942,27853,832363023,393
33050000,2302121,22804475,9.90585,27886,834286104,392
33100000,2302578,22823445,9.91213,27912,836131080,384
