timestep,num_nodes,num_edges,average_degree,max_degree,num_triangles,new_edges
0,1965,1000,0.5089060000000001,4,0,1000
50000,63957,50976,0.797036,61,7,999
100000,103847,100899,0.971612,111,70,1000
150000,136374,150783,1.10566,179,269,999
200000,164708,200618,1.21802,237,664,993
250000,190301,250391,1.31576,289,1289,995
300000,213623,300146,1.40503,337,2220,994
350000,235395,349842,1.48619,388,3549,996
400000,256029,399501,1.56037,446,5375,993
450000,275409,449078,1.63059,500,7621,990
500000,293993,498624,1.6960400000000002,547,10377,990
550000,311588,548157,1.7592400000000001,594,13764,994
600000,328537,597641,1.8191,645,17850,987
650000,344547,647062,1.87801,701,22576,986
700000,360365,696389,1.93245,745,28234,989
750000,375385,745722,1.98655,784,34650,985
800000,390217,794996,2.0373200000000002,833,42016,983
850000,404410,844246,2.0876,871,50127,980
900000,418515,893473,2.1348599999999998,922,59464,985
950000,431974,942601,2.18208,985,70067,982
1000000,445386,991713,2.22664,1035,81479,981
1050000,458207,1040783,2.27143,1088,94259,985
1100000,471009,1089772,2.3137,1141,108189,978
1150000,483351,1138761,2.35597,1189,123319,978
1200000,495474,1187707,2.39711,1247,139879,980
1250000,507200,1236577,2.43805,1286,158142,983
1300000,518856,1285338,2.47725,1336,177252,984
1350000,530354,1334102,2.5154900000000002,1379,198324,984
1400000,541655,1382809,2.55293,1424,220678,977
1450000,552441,1431452,2.59114,1465,244438,965
1500000,563169,1480082,2.62813,1520,269908,972
1550000,573779,1528618,2.66412,1587,297438,965
1600000,584253,1577124,2.69939,1624,326415,980
1650000,594620,1625568,2.73379,1689,357655,968
1700000,604822,1673972,2.7677099999999997,1738,390207,974
1750000,614855,1722361,2.80125,1794,424845,970
1800000,624658,1770687,2.83465,1839,461821,965
1850000,634419,1818947,2.86711,1884,500082,965
1900000,644056,1867243,2.89919,1936,540882,963
1950000,653279,1915399,2.93198,1978,583491,970
2000000,662514,1963597,2.96386,2028,628235,963
2050000,671839,2011666,2.99427,2093,674419,964
2100000,680722,2059723,3.02579,2143,723977,961
2150000,689749,2107726,3.05579,2180,775170,964
2200000,698684,2155635,3.08528,2231,829021,961
2250000,707399,2203471,3.11489,2281,884916,966
2300000,716046,2251371,3.14417,2330,943921,944
2350000,724773,2299192,3.1722900000000003,2389,1004764,957
2400000,733278,2346962,3.20064,2442,1069769,954
2450000,741721,2394725,3.2286099999999998,2479,1135668,954
2500000,749954,2442474,3.25683,2514,1205473,957
2550000,758170,2490201,3.2844900000000004,2555,1278110,956
2600000,766438,2537834,3.31121,2606,1352425,954
2650000,774433,2585433,3.33849,2654,1430061,940
2700000,782229,2633012,3.3660400000000004,2717,1509505,956
2750000,790047,2680458,3.39278,2756,1593493,949
2800000,797793,2727780,3.4191599999999998,2817,1678803,955
2850000,805560,2775163,3.44501,2863,1767775,960
2900000,813213,2822415,3.4707,2914,1858994,948
2950000,820629,2869584,3.49681,2960,1953090,940
3000000,828251,2916842,3.52169,3008,2049433,945
3050000,835633,2964042,3.5470599999999997,3051,2150354,939
3100000,842894,3011126,3.57237,3096,2255867,949
3150000,850167,3058160,3.5971300000000004,3135,2362506,941
3200000,857321,3105196,3.62198,3187,2473400,942
3250000,864558,3152136,3.64595,3228,2584155,922
3300000,871608,3199067,3.6703,3274,2702216,941
3350000,878656,3245943,3.69421,3320,2822615,949
3400000,885576,3292746,3.7182,3371,2944160,933
3450000,892576,3339500,3.7414199999999997,3412,3070648,943
3500000,899471,3386323,3.76479,3467,3202432,946
3550000,906338,3432982,3.78775,3516,3338051,930
3600000,913137,3479593,3.8105900000000004,3570,3474668,923
3650000,919941,3526237,3.83311,3622,3612070,926
3700000,926568,3572683,3.8558199999999996,3686,3754245,921
3750000,933102,3619131,3.8786,3729,3901220,931
3800000,939477,3665610,3.90176,3776,4053809,934
3850000,945688,3711915,3.92509,3838,4208161,913
3900000,952030,3758277,3.94765,3895,4368154,923
3950000,958366,3804555,3.96984,3942,4529263,923
4000000,964670,3850827,3.99186,3984,4693543,925
4050000,970886,3897021,4.01388,4046,4868466,930
4100000,977005,3943236,4.03604,4101,5043854,920
4150000,983281,3989373,4.0572099999999995,4139,5218247,923
4200000,989546,4035503,4.07814,4192,5398736,934
4250000,995808,4081541,4.09872,4237,5584128,921
4300000,1001895,4127597,4.11979,4283,5776200,929
4350000,1007920,4173574,4.14078,4346,5971334,928
4400000,1014006,4219405,4.1611199999999995,4389,6168723,910
4450000,1019889,4265316,4.18214,4437,6369786,912
4500000,1025825,4311113,4.20258,4497,6573736,909
4550000,1031735,4356908,4.2228900000000005,4542,6780518,913
4600000,1037492,4402612,4.24351,4586,6992790,915
4650000,1043411,4448294,4.26322,4636,7210059,906
4700000,1048966,4493931,4.28415,4684,7434524,904
4750000,1054659,4539559,4.30429,4722,7659437,919
4800000,1060333,4585146,4.32425,4760,7893597,907
4850000,1066161,4630540,4.34319,4795,8125916,922
4900000,1071849,4675961,4.36252,4838,8363733,896
4950000,1077362,4721218,4.3822,4882,8604994,912
5000000,1082850,4766540,4.40185,4923,8853220,899
5050000,1088442,4811821,4.4208300000000005,4972,9103078,917
5100000,1093918,4857072,4.4400699999999995,5016,9358524,902
5150000,1099434,4902350,4.45898,5065,9614770,914
5200000,1104823,4947525,4.47812,5118,9879691,904
5250000,1110252,4992795,4.49699,5172,10151726,900
5300000,1115520,5037889,4.51618,5224,10423131,905
5350000,1120834,5082898,4.53492,5274,10705416,894
5400000,1126255,5127857,4.55302,5328,10990289,918
5450000,1131521,5172804,4.57155,5381,11279538,907
5500000,1136854,5217628,4.58953,5432,11570987,904
5550000,1142037,5262418,4.60792,5481,11863966,896
5600000,1147145,5307137,4.62639,5527,12168218,897
5650000,1152358,5351855,4.64426,5569,12477911,904
5700000,1157448,5396500,4.6624099999999995,5628,12786290,897
5750000,1162575,5441070,4.6801900000000005,5674,13097259,900
5800000,1167608,5485613,4.69816,5715,13423073,879
5850000,1172654,5529942,4.71575,5775,13745341,898
5900000,1177707,5574539,4.73338,5829,14081081,882
5950000,1182663,5619043,4.751180000000001,5873,14415212,891
6000000,1187698,5663416,4.7684,5925,14750351,879
6050000,1192643,5707763,4.78581,5964,15094153,893
6100000,1197501,5752069,4.80339,6018,15444504,891
6150000,1202287,5796295,4.82106,6069,15803899,884
6200000,1207130,5840490,4.83833,6123,16165768,887
6250000,1211965,5884687,4.8554900000000005,6185,16526952,872
6300000,1216763,5928838,4.87263,6231,16903614,872
6350000,1221596,5972873,4.8894,6289,17279771,890
6400000,1226356,6017011,4.90641,6342,17658033,881
6450000,1231043,6060862,4.92336,6398,18048611,869
6500000,1235845,6104806,4.939780000000001,6444,18439019,882
6550000,1240439,6148580,4.95678,6499,18840826,884
6600000,1245046,6192386,4.9736199999999995,6540,19239085,874
6650000,1249688,6236222,4.99022,6590,19648160,874
6700000,1254370,6279999,5.0065,6644,20064652,879
6750000,1259110,6323789,5.02243,6697,20481737,862
6800000,1263779,6367505,5.03846,6749,20901305,888
6850000,1268343,6411280,5.05485,6805,21327851,863
6900000,1272947,6454851,5.070790000000001,6849,21753856,877
6950000,1277557,6498346,5.08654,6894,22193332,871
7000000,1281954,6541726,5.102930000000001,6950,22638170,862
7050000,1286207,6584943,5.11966,7006,23083326,881
7100000,1290587,6628339,5.13591,7048,23541423,855
7150000,1294958,6671762,5.1521099999999995,7089,24002891,891
7200000,1299453,6715032,5.16758,7131,24474993,877
7250000,1303877,6758312,5.1832400000000005,7178,24946737,854
7300000,1308070,6801406,5.19957,7224,25422155,860
7350000,1312377,6844524,5.2153599999999996,7281,25911019,882
7400000,1316752,6887535,5.2307,7324,26391644,875
7450000,1321082,6930574,5.24613,7360,26881676,844
7500000,1325327,6973655,5.26184,7413,27377445,855
7550000,1329741,7016761,5.27679,7462,27875352,855
7600000,1333930,7059665,5.2923800000000005,7518,28387030,858
7650000,1338162,7102457,5.30762,7580,28900688,851
7700000,1342416,7145229,5.32266,7618,29410074,842
7750000,1346636,7187925,5.33769,7665,29932790,845
7800000,1350741,7230672,5.35312,7705,30463091,865
7850000,1354866,7273315,5.36829,7751,31001737,843
7900000,1358961,7315961,5.3835,7787,31539227,879
7950000,1363077,7358632,5.398540000000001,7834,32086461,855
8000000,1367140,7401197,5.41364,7884,32628143,834
8050000,1371241,7443729,5.42846,7922,33174222,847
8100000,1375204,7486091,5.44362,7971,33738534,862
8150000,1379333,7528618,5.4581599999999995,8027,34316136,846
8200000,1383361,7570869,5.47281,8082,34887333,845
8250000,1387434,7613095,5.48718,8135,35458178,859
8300000,1391528,7655315,5.50137,8178,36049559,850
8350000,1395462,7697458,5.5160599999999995,8232,36651945,836
8400000,1399453,7739557,5.5304199999999994,8282,37246285,834
8450000,1403287,7781580,5.54525,8323,37848990,850
8500000,1407187,7823721,5.559830000000001,8376,38459323,839
8550000,1410983,7865704,5.57463,8419,39062004,848
8600000,1414893,7907735,5.58893,8468,39682269,865
8650000,1418768,7949703,5.60324,8516,40304953,821
8700000,1422554,7991571,5.61776,8557,40931848,823
8750000,1426400,8033469,5.63199,8598,41576230,827
8800000,1430205,8075342,5.64628,8656,42209368,842
8850000,1434050,8117099,5.66026,8704,42857983,828
8900000,1437914,8158703,5.67399,8757,43504931,849
8950000,1441727,8200223,5.68778,8792,44167932,830
9000000,1445549,8241806,5.70151,8833,44831522,839
9050000,1449256,8283376,5.71561,8876,45505430,845
9100000,1453011,8324836,5.729369999999999,8929,46189515,849
9150000,1456802,8366262,5.7429,8974,46872117,833
9200000,1460564,8407629,5.75643,9021,47551986,818
9250000,1464278,8448952,5.77005,9075,48242338,832
9300000,1468036,8490235,5.7834,9125,48936249,818
9350000,1471765,8531476,5.7967699999999995,9166,49638037,820
9400000,1475486,8572655,5.81006,9209,50345268,806
9450000,1479131,8613926,5.82364,9252,51059778,820
9500000,1482713,8655079,5.837330000000001,9297,51783080,814
9550000,1486356,8696170,5.8506599999999995,9347,52515442,820
9600000,1490042,8737113,5.86367,9384,53251800,821
9650000,1493657,8777983,5.8768400000000005,9433,53985367,804
9700000,1497204,8818817,5.8901900000000005,9478,54712660,831
9750000,1500758,8859820,5.90356,9532,55476095,814
9800000,1504269,8900764,5.917000000000001,9593,56242710,821
9850000,1507771,8941721,5.93042,9632,57003905,810
9900000,1511423,8982397,5.94301,9694,57771102,812
9950000,1514975,9023213,5.95601,9762,58543272,815
10000000,1518466,9063737,5.96901,9801,59315150,835
10050000,1522026,9104259,5.981669999999999,9848,60088584,832
10100000,1525526,9144768,5.9945,9894,60865049,812
10150000,1528938,9185198,6.007569999999999,9947,61641481,820
10200000,1532402,9225711,6.02042,9998,62446964,791
10250000,1535880,9266151,6.033119999999999,10040,63239541,790
10300000,1539364,9306398,6.04561,10090,64058690,774
10350000,1542729,9346528,6.05844,10131,64864295,796
10400000,1546120,9386742,6.07116,10174,65683570,772
10450000,1549649,9427076,6.08336,10223,66511247,810
10500000,1553079,9467146,6.0957300000000005,10265,67355120,767
10550000,1556450,9507266,6.1083,10304,68199879,802
10600000,1559854,9547171,6.12055,10341,69043238,793
10650000,1563233,9587161,6.13291,10396,69889723,809
10700000,1566478,9627216,6.14577,10440,70737697,800
10750000,1569789,9667066,6.15819,10492,71613564,791
10800000,1573019,9706977,6.17092,10536,72492335,792
10850000,1576374,9746914,6.18312,10587,73367760,799
10900000,1579694,9786682,6.1953,10629,74256644,792
10950000,1583003,9826518,6.20752,10678,75135581,790
11000000,1586290,9866243,6.2197,10723,76017649,797
11050000,1589442,9905831,6.23227,10762,76918652,788
11100000,1592643,9945573,6.2447,10804,77832926,815
11150000,1595844,9985275,6.25705,10857,78762607,797
11200000,1599002,10024703,6.26935,10900,79683203,796
11250000,1602307,10064055,6.2809800000000005,10956,80605843,781
11300000,1605447,10103421,6.29321,10995,81539793,797
11350000,1608648,10142864,6.30521,11042,82477291,819
11400000,1611753,10182186,6.31746,11094,83414025,795
11450000,1614955,10221532,6.3293,11133,84343632,788
11500000,1618084,10260848,6.34136,11172,85286379,789
11550000,1621295,10299991,6.35294,11212,86228588,764
11600000,1624342,10338927,6.36499,11259,87179754,785
11650000,1627476,10378133,6.37683,11311,88152578,765
11700000,1630627,10417101,6.3884,11353,89137290,739
11750000,1633708,10456215,6.4003,11395,90122106,796
11800000,1636781,10495128,6.41205,11433,91101080,781
11850000,1639839,10534122,6.4238800000000005,11472,92099932,779
11900000,1642867,10572940,6.4356599999999995,11522,93089284,786
11950000,1645929,10611620,6.44719,11558,94081697,761
12000000,1648868,10650213,6.45911,11607,95080966,752
12050000,1651962,10689003,6.47049,11648,96104920,774
12100000,1654888,10727585,6.48236,11703,97123053,793
12150000,1657866,10766194,6.49401,11756,98159151,795
12200000,1660981,10804904,6.50513,11794,99207834,790
12250000,1664018,10843452,6.516430000000001,11844,100237281,772
12300000,1667017,10881985,6.527819999999999,11897,101276500,754
12350000,1670038,10920483,6.53906,11932,102328228,767
12400000,1672956,10958955,6.55065,11982,103386242,765
12450000,1675939,10997236,6.561839999999999,12024,104439095,750
12500000,1678815,11035511,6.57339,12067,105511642,782
12550000,1681682,11073815,6.584960000000001,12112,106577165,748
12600000,1684586,11111946,6.59625,12169,107655081,759
12650000,1687297,11149976,6.60819,12215,108742561,741
12700000,1690199,11188285,6.619510000000001,12262,109818375,797
12750000,1693161,11226369,6.63042,12304,110911182,772
12800000,1696048,11264540,6.64164,12352,112034626,772
12850000,1698955,11302382,6.65255,12402,113134164,777
12900000,1701813,11340280,6.66365,12435,114244465,744
12950000,1704619,11378125,6.67488,12472,115343343,768
13000000,1707467,11416136,6.6860100000000005,12518,116467837,759
13050000,1710335,11454004,6.69694,12546,117607225,740
13100000,1713074,11491808,6.7083,12587,118745794,756
13150000,1715984,11529589,6.718939999999999,12633,119888283,759
13200000,1718729,11567147,6.730060000000001,12672,121029336,741
13250000,1721567,11604684,6.7407699999999995,12720,122185606,751
13300000,1724300,11642247,6.751869999999999,12763,123334709,745
13350000,1727130,11679726,6.762510000000001,12806,124472664,748
13400000,1729889,11717168,6.77336,12863,125658567,767
13450000,1732744,11754751,6.7838899999999995,12901,126839491,770
13500000,1735423,11792141,6.794969999999999,12940,128025182,730
13550000,1738126,11829521,6.805910000000001,12989,129205952,755
13600000,1740873,11866924,6.81665,13030,130405863,753
13650000,1743560,11904221,6.827539999999999,13064,131615813,732
13700000,1746346,11941583,6.8380399999999995,13107,132837757,742
13750000,1749004,11978599,6.84881,13146,134033855,728
13800000,1751740,12015569,6.85922,13193,135214199,765
13850000,1754378,12052599,6.870010000000001,13241,136424812,753
13900000,1757074,12089720,6.8806,13278,137652912,745
13950000,1759697,12126403,6.891189999999999,13326,138869657,751
14000000,1762250,12163333,6.90216,13367,140078315,747
14050000,1764849,12200002,6.91277,13413,141308226,727
14100000,1767458,12236640,6.9233,13468,142559126,752
14150000,1770240,12273529,6.933260000000001,13517,143795608,723
14200000,1772880,12310264,6.94365,13552,145056189,761
14250000,1775547,12346988,6.9539100000000005,13587,146305437,764
14300000,1778160,12383636,6.9643,13627,147567147,743
14350000,1780694,12420291,6.97497,13668,148849916,710
14400000,1783299,12456812,6.98526,13716,150112337,740
14450000,1785860,12493446,6.995760000000001,13765,151382805,727
14500000,1788457,12529931,7.006,13814,152669114,724
14550000,1791043,12566351,7.01622,13861,153966401,746
14600000,1793563,12602716,7.0266399999999996,13908,155269215,710
14650000,1796154,12638864,7.036630000000001,13949,156569237,744
14700000,1798573,12675144,7.0473300000000005,13994,157887991,733
14750000,1801181,12711253,7.057180000000001,14028,159194986,728
14800000,1803805,12747290,7.066889999999999,14069,160487602,730
14850000,1806279,12783376,7.077189999999999,14104,161824141,725
14900000,1808773,12819400,7.08735,14158,163148172,697
14950000,1811267,12855398,7.097460000000001,14213,164474887,715
15000000,1813791,12891353,7.107410000000001,14251,165808645,718
15050000,1816226,12927197,7.117610000000001,14294,167182610,713
15100000,1818719,12963210,7.1276600000000006,14334,168540637,723
15150000,1821078,12998910,7.1380300000000005,14372,169879297,730
15200000,1823532,13034659,7.14803,14421,171247109,718
15250000,1825922,13070316,7.1582,14464,172614481,690
15300000,1828328,13106047,7.16832,14505,173956591,691
15350000,1830720,13141593,7.17837,14554,175320840,696
15400000,1833071,13177181,7.18858,14591,176707364,712
15450000,1835466,13212839,7.1986300000000005,14628,178090623,718
15500000,1837848,13248318,7.2086,14669,179480389,713
15550000,1840293,13283715,7.218260000000001,14700,180856030,695
15600000,1842648,13319089,7.22823,14749,182265346,702
15650000,1845069,13354660,7.23803,14788,183667124,698
15700000,1847472,13389881,7.24768,14824,185065361,702
15750000,1849822,13425260,7.2576,14861,186515238,710
15800000,1852164,13460443,7.267410000000001,14918,187940616,665
15850000,1854492,13495766,7.27734,14961,189360913,722
15900000,1856811,13530691,7.28706,15006,190782122,701
15950000,1859182,13565878,7.296689999999999,15051,192216188,717
16000000,1861408,13600858,7.306760000000001,15097,193646813,692
16050000,1863716,13635816,7.31647,15137,195083575,707
16100000,1865957,13670574,7.32631,15182,196509868,674
16150000,1868148,13705319,7.336310000000001,15233,197943328,695
16200000,1870408,13740115,7.34605,15276,199418922,686
16250000,1872747,13775002,7.355510000000001,15317,200894722,681
16300000,1875019,13809797,7.36515,15351,202373700,702
16350000,1877377,13844523,7.3744,15390,203820930,709
16400000,1879597,13879128,7.3841,15430,205297155,691
16450000,1881961,13913728,7.393210000000001,15461,206765933,690
16500000,1884158,13948301,7.402939999999999,15507,208277166,696
16550000,1886395,13982863,7.41248,15538,209775528,706
16600000,1888642,14017392,7.421939999999999,15575,211271528,694
16650000,1890849,14051984,7.43157,15617,212791974,695
16700000,1893097,14086440,7.44095,15660,214291644,691
16750000,1895383,14120762,7.450080000000001,15698,215796751,707
16800000,1897540,14155014,7.45967,15744,217336443,683
16850000,1899707,14189233,7.46917,15779,218872046,714
16900000,1901959,14223363,7.478269999999999,15824,220389405,696
16950000,1904131,14257354,7.487589999999999,15874,221927157,667
17000000,1906232,14291464,7.49723,15935,223458907,687
17050000,1908399,14325360,7.506480000000001,15992,225019905,682
17100000,1910478,14359297,7.5160800000000005,16025,226578139,706
17150000,1912605,14393190,7.52544,16075,228123290,677
17200000,1914740,14427036,7.53472,16119,229676119,690
17250000,1916824,14460645,7.54407,16161,231208269,667
17300000,1918999,14494289,7.55305,16205,232745843,673
17350000,1921113,14527913,7.562239999999999,16252,234293176,707
17400000,1923306,14561531,7.571089999999999,16306,235841032,655
17450000,1925386,14595197,7.5804,16350,237384740,658
17500000,1927478,14628763,7.589589999999999,16386,238958838,679
17550000,1929620,14662356,7.59857,16423,240519961,666
17600000,1931770,14695942,7.6075,16474,242111973,676
17650000,1933797,14729319,7.616789999999999,16529,243708274,673
17700000,1935869,14762736,7.6259,16571,245289981,656
17750000,1937863,14796150,7.6352899999999995,16611,246892324,663
17800000,1939970,14829497,7.644189999999999,16657,248493579,667
17850000,1942040,14862616,7.65309,16698,250110979,668
17900000,1944012,14895933,7.66247,16736,251725058,680
17950000,1946089,14928939,7.67125,16770,253280987,649
18000000,1948162,14962139,7.68013,16823,254890187,672
18050000,1950186,14995183,7.6891,16855,256486429,655
18100000,1952288,15028298,7.6977899999999995,16898,258064337,667
18150000,1954272,15061314,7.706869999999999,16927,259717873,649
18200000,1956303,15094189,7.715669999999999,16964,261331610,638
18250000,1958232,15126927,7.72479,17002,262938530,667
18300000,1960166,15159633,7.73385,17048,264548355,669
18350000,1962179,15192552,7.74269,17082,266200433,660
18400000,1964158,15225241,7.751539999999999,17125,267858972,648
18450000,1966191,15257934,7.76015,17160,269500441,660
18500000,1968118,15290563,7.7691300000000005,17214,271144285,645
18550000,1970085,15323194,7.777939999999999,17251,272810083,676
18600000,1972049,15355762,7.7867,17298,274484964,624
18650000,1973988,15388321,7.79555,17337,276135892,683
18700000,1975936,15420816,7.804310000000001,17388,277800940,664
18750000,1977843,15453022,7.81307,17424,279471518,644
18800000,1979748,15485587,7.822,17457,281149356,648
18850000,1981629,15517849,7.83085,17492,282824509,651
18900000,1983556,15549989,7.83945,17527,284520572,623
18950000,1985445,15582234,7.84823,17566,286203174,664
19000000,1987327,15614782,7.8571800000000005,17614,287913345,601
19050000,1989232,15646973,7.8658399999999995,17652,289597087,637
19100000,1991129,15679128,7.87449,17698,291323753,643
19150000,1992971,15711218,7.883310000000001,17744,293026548,646
19200000,1994786,15743356,7.89225,17782,294732805,653
19250000,1996592,15775139,7.90103,17831,296438044,645
19300000,1998489,15807302,7.90963,17878,298172505,624
19350000,2000312,15839270,7.9184,17923,299872727,625
19400000,2002136,15871087,7.92708,17961,301592989,634
19450000,2003944,15902891,7.9358,18007,303349936,630
19500000,2005816,15934732,7.944260000000001,18044,305072634,584
19550000,2007615,15966439,7.952939999999999,18078,306824446,627
19600000,2009420,15998066,7.961530000000001,18122,308554979,661
19650000,2011118,16029719,7.97055,18163,310335801,634
19700000,2012968,16061489,7.979010000000001,18200,312119982,626
19750000,2014747,16093274,7.98774,18241,313893502,607
19800000,2016454,16124635,7.99653,18271,315611456,650
19850000,2018215,16155983,8.00509,18317,317368207,635
19900000,2019969,16187264,8.01362,18360,319132982,620
19950000,2021720,16218586,8.02217,18401,320901838,612
20000000,2023424,16249775,8.03083,18435,322655367,604
20050000,2025165,16280951,8.03932,18468,324443471,630
20100000,2026891,16312194,8.047889999999999,18514,326235581,639
20150000,2028646,16343157,8.056189999999999,18556,328001306,620
20200000,2030411,16374416,8.06458,18590,329796846,630
20250000,2032114,16405425,8.073080000000001,18631,331600299,628
20300000,2033934,16436521,8.08115,18672,333375900,634
20350000,2035608,16467492,8.08972,18713,335184607,621
20400000,2037289,16498400,8.09821,18746,337014043,608
20450000,2039028,16529270,8.10645,18789,338792326,614
20500000,2040683,16559982,8.11492,18830,340561961,643
20550000,2042409,16590686,8.1231,18858,342364221,601
20600000,2044062,16621351,8.13153,18895,344182942,628
20650000,2045783,16651871,8.139610000000001,18933,345986812,594
20700000,2047499,16682588,8.147789999999999,18978,347830747,605
20750000,2049171,16713257,8.15611,19011,349665269,599
20800000,2050846,16743762,8.16432,19045,351512617,623
20850000,2052545,16774319,8.17245,19075,353366750,613
20900000,2054208,16804556,8.18055,19112,355185092,612
20950000,2055924,16835033,8.18855,19163,357042823,597
21000000,2057588,16865284,8.19663,19198,358870836,613
21050000,2059255,16895515,8.20467,19235,360704737,619
21100000,2060904,16925615,8.212710000000001,19274,362549000,623
21150000,2062468,16955824,8.22113,19315,364387255,610
21200000,2064095,16985900,8.22922,19345,366237071,601
21250000,2065717,17015980,8.23732,19394,368091370,632
21300000,2067394,17045970,8.24515,19441,369943159,598
21350000,2068913,17076070,8.253639999999999,19479,371846735,588
21400000,2070564,17106078,8.26155,19521,373719137,600
21450000,2072189,17135924,8.26948,19561,375578281,576
21500000,2073827,17165845,8.27738,19596,377470503,578
21550000,2075340,17195561,8.28566,19637,379343506,575
21600000,2077004,17225440,8.29341,19678,381225939,602
21650000,2078558,17255233,8.30154,19724,383155463,570
21700000,2080098,17285137,8.30977,19765,385038659,585
21750000,2081600,17314699,8.31798,19806,386919998,598
21800000,2083165,17344369,8.32597,19839,388801523,585
21850000,2084719,17374047,8.334,19876,390701373,603
21900000,2086198,17403393,8.34216,19909,392589801,603
21950000,2087687,17432796,8.35029,19960,394434585,592
22000000,2089187,17462338,8.35844,20001,396365748,599
22050000,2090702,17491793,8.36647,20027,398228117,556
22100000,2092189,17521073,8.37452,20071,400120007,580
22150000,2093694,17550129,8.38238,20117,402009721,593
22200000,2095179,17579133,8.39028,20155,403880871,585
22250000,2096678,17608282,8.39818,20195,405769906,581
22300000,2098190,17637387,8.406,20230,407693175,560
22350000,2099695,17666389,8.413789999999999,20271,409577346,578
22400000,2101164,17695396,8.421710000000001,20309,411487199,588
22450000,2102689,17724316,8.42936,20354,413332132,570
22500000,2104159,17753297,8.43724,20387,415232048,553
22550000,2105627,17782168,8.44507,20435,417167288,569
22600000,2107070,17811005,8.45297,20480,419107009,562
22650000,2108517,17839756,8.46081,20521,421041331,563
22700000,2109945,17868343,8.468630000000001,20563,422975540,571
22750000,2111481,17897194,8.47613,20594,424920484,562
22800000,2113025,17925961,8.48355,20640,426875497,590
22850000,2114442,17954646,8.491430000000001,20670,428807826,583
22900000,2115860,17983299,8.49929,20708,430747097,558
22950000,2117303,18011538,8.50683,20743,432650962,570
23000000,2118703,18039899,8.5146,20779,434537734,574
23050000,2120073,18068247,8.52246,20819,436461084,580
23100000,2121414,18096604,8.530439999999999,20846,438385650,559
23150000,2122780,18125049,8.53835,20882,440327852,584
23200000,2124232,18153122,8.54573,20906,442288723,570
23250000,2125618,18181204,8.55337,20952,444228307,564
23300000,2127017,18209552,8.561069999999999,20995,446180754,572
23350000,2128435,18237645,8.56857,21026,448120035,540
23400000,2129818,18265773,8.576210000000001,21062,450069020,577
23450000,2131175,18293937,8.583969999999999,21086,452041744,564
23500000,2132530,18321807,8.59158,21135,454028070,570
23550000,2133900,18349894,8.59923,21177,455974303,572
23600000,2135268,18377835,8.6068,21211,457982881,565
23650000,2136557,18405577,8.6146,21249,459948112,573
23700000,2137868,18433117,8.6222,21297,461903829,539
23750000,2139167,18460704,8.62986,21336,463866839,574
23800000,2140530,18488480,8.63734,21372,465820540,555
23850000,2141875,18516094,8.644810000000001,21412,467767610,538
23900000,2143197,18543810,8.65241,21450,469750267,563
23950000,2144553,18571414,8.65981,21486,471752579,568
24000000,2145826,18598741,8.6674,21533,473713997,554
24050000,2147083,18626212,8.67512,21567,475691358,522
24100000,2148391,18653687,8.68263,21610,477688644,560
24150000,2149675,18681244,8.69026,21645,479662336,566
24200000,2150997,18708497,8.69759,21686,481622405,546
24250000,2152262,18735886,8.705210000000001,21724,483594134,559
24300000,2153588,18762968,8.71242,21768,485533933,520
24350000,2154860,18789975,8.71981,21807,487494418,511
24400000,2156151,18817052,8.72715,21840,489442860,536
24450000,2157378,18844154,8.73475,21876,491469106,552
24500000,2158601,18871049,8.74226,21905,493412959,525
24550000,2159917,18898094,8.74945,21947,495387117,538
24600000,2161123,18924986,8.757010000000001,21983,497357080,539
24650000,2162427,18951936,8.7642,22031,499332197,539
24700000,2163680,18978668,8.77148,22067,501327424,541
24750000,2164966,19005457,8.77864,22106,503345808,508
24800000,2166189,19032118,8.78599,22140,505362561,540
24850000,2167447,19058868,8.79323,22177,507356485,533
24900000,2168681,19085636,8.80057,22216,509351562,526
24950000,2169921,19112205,8.807789999999999,22249,511349394,543
25000000,2171124,19138783,8.81515,22289,513349673,546
25050000,2172354,19165323,8.82238,22319,515327169,539
25100000,2173557,19191717,8.82964,22360,517345852,521
25150000,2174724,19218172,8.837060000000001,22403,519364597,536
25200000,2175904,19244510,8.84437,22432,521358742,518
25250000,2177101,19270736,8.851560000000001,22471,523388335,504
25300000,2178280,19297035,8.858839999999999,22504,525397179,509
25350000,2179484,19323062,8.86589,22532,527408188,518
25400000,2180678,19349257,8.87305,22575,529436444,507
25450000,2181835,19375324,8.880289999999999,22611,531477326,515
25500000,2183026,19401276,8.88733,22649,533476169,518
25550000,2184183,19427162,8.89448,22693,535477613,503
25600000,2185309,19453160,8.90179,22739,537516079,530
25650000,2186502,19479223,8.90885,22774,539546297,523
25700000,2187616,19505081,8.916139999999999,22809,541571214,508
25750000,2188690,19530863,8.92354,22854,543566944,538
25800000,2189850,19556652,8.930589999999999,22895,545565515,510
25850000,2190992,19582413,8.93769,22922,547547533,525
25900000,2192186,19608205,8.94459,22952,549581585,511
25950000,2193267,19633782,8.951839999999999,23003,551578423,484
26000000,2194355,19659292,8.95903,23029,553589337,507
26050000,2195481,19684823,8.96606,23063,555641817,519
26100000,2196583,19710258,8.97315,23096,557631107,529
26150000,2197658,19735585,8.98028,23121,559617448,524
26200000,2198789,19761090,8.987260000000001,23152,561648501,506
26250000,2199830,19786558,8.994589999999999,23189,563691404,513
26300000,2200864,19812031,9.00193,23230,565748802,543
26350000,2201881,19837358,9.00928,23258,567770283,497
26400000,2202886,19862655,9.01665,23295,569785496,492
26450000,2203965,19887749,9.02362,23335,571800079,517
26500000,2205004,19912978,9.03081,23370,573816116,501
26550000,2206093,19938317,9.03784,23400,575833432,518
26600000,2207145,19963460,9.04492,23431,577897806,492
26650000,2208198,19988397,9.0519,23476,579933130,466
26700000,2209283,20013500,9.058819999999999,23518,581982712,514
26750000,2210295,20038364,9.06592,23559,584004673,511
26800000,2211322,20063239,9.07296,23596,586049309,511
26850000,2212327,20088060,9.080060000000001,23628,588064426,519
26900000,2213345,20112959,9.08713,23660,590085139,515
26950000,2214354,20137646,9.09414,23691,592087901,494
27000000,2215384,20162433,9.1011,23734,594166021,513
27050000,2216370,20187091,9.10818,23760,596214341,487
27100000,2217314,20211647,9.11537,23794,598226393,496
27150000,2218366,20236294,9.122160000000001,23829,600260284,486
27200000,2219327,20260810,9.12926,23862,602301372,487
27250000,2220273,20285370,9.13643,23899,604347833,476
27300000,2221255,20309857,9.143419999999999,23932,606380361,500
27350000,2222186,20334137,9.15051,23971,608377389,458
27400000,2223143,20358503,9.15753,24011,610410312,506
27450000,2224079,20382716,9.16456,24041,612434323,492
27500000,2225022,20406819,9.171510000000001,24071,614442522,517
27550000,2225966,20430928,9.17845,24102,616463056,478
27600000,2226960,20454976,9.18516,24136,618462416,485
27650000,2227884,20479093,9.192169999999999,24171,620470662,464
27700000,2228865,20503144,9.19892,24199,622462116,483
27750000,2229811,20527114,9.20576,24230,624470098,459
27800000,2230827,20551117,9.21233,24254,626482497,470
27850000,2231692,20575188,9.21955,24285,628524065,450
27900000,2232595,20598944,9.226460000000001,24318,630539756,505
27950000,2233539,20622799,9.233239999999999,24359,632578545,486
28000000,2234449,20646429,9.24005,24394,634507248,443
28050000,2235412,20670216,9.24671,24434,636537315,506
28100000,2236304,20693901,9.25362,24477,638565715,475
28150000,2237169,20717527,9.2606,24516,640587420,489
28200000,2238027,20741238,9.26764,24543,642654776,482
28250000,2238922,20764783,9.274460000000001,24576,644712766,449
28300000,2239808,20788331,9.2813,24614,646740876,495
28350000,2240657,20811629,9.28818,24649,648743281,455
28400000,2241516,20835080,9.29508,24685,650780639,463
28450000,2242368,20858294,9.3019,24723,652808637,454
28500000,2243204,20881682,9.308860000000001,24760,654860121,463
28550000,2244030,20904985,9.31582,24790,656905068,468
28600000,2244873,20928162,9.32265,24830,658913048,459
28650000,2245689,20951200,9.32952,24862,660920429,461
28700000,2246514,20974241,9.33635,24896,662942557,438
28750000,2247330,20997255,9.3432,24929,664906433,443
28800000,2248197,21020496,9.34994,24962,666959262,458
28850000,2248995,21043426,9.356810000000001,24987,668922748,457
28900000,2249784,21066251,9.36368,25026,670934111,474
28950000,2250584,21089170,9.37053,25064,672927665,456
29000000,2251417,21111960,9.377189999999999,25086,675006993,454
29050000,2252196,21134620,9.38401,25129,677003441,458
29100000,2253001,21157342,9.39074,25165,678999468,455
29150000,2253800,21179885,9.39741,25196,680977103,450
29200000,2254579,21202483,9.40419,25233,683013787,457
29250000,2255386,21225037,9.41082,25267,685064881,441
29300000,2256143,21247449,9.4176,25296,687071222,405
29350000,2256904,21269965,9.4244,25332,689067462,419
29400000,2257645,21292368,9.431230000000001,25366,691053207,447
29450000,2258418,21314688,9.43788,25398,693071196,436
29500000,2259141,21337102,9.44479,25436,695099937,462
29550000,2259890,21359381,9.45151,25468,697105870,415
29600000,2260657,21381584,9.45813,25502,699085137,425
29650000,2261421,21403847,9.464780000000001,25540,701140180,428
29700000,2262143,21425904,9.47151,25580,703164683,417
29750000,2262848,21447851,9.47826,25615,705180229,413
29800000,2263617,21470016,9.48483,25641,707222791,443
29850000,2264356,21492003,9.491439999999999,25677,709240671,446
29900000,2265033,21513840,9.49825,25707,711220576,458
29950000,2265791,21535819,9.504769999999999,25745,713272955,433
30000000,2266510,21557713,9.51141,25773,715303238,440
30050000,2267197,21579523,9.51815,25815,717299974,448
30100000,2267898,21601205,9.52477,25843,719272898,424
30150000,2268654,21622929,9.53117,25887,721281726,448
30200000,2269368,21644731,9.53778,25915,723273835,437
30250000,2270067,21666332,9.544360000000001,25957,725304505,439
30300000,2270750,21687898,9.550980000000001,25983,727304444,427
30350000,2271466,21709330,9.55741,26014,729211829,408
30400000,2272145,21730876,9.564039999999999,26051,731198284,431
30450000,2272799,21752240,9.57068,26094,733196555,431
30500000,2273469,21773684,9.5773,26123,735191767,441
30550000,2274127,21794779,9.5838,26161,737137228,429
30600000,2274786,21816241,9.59046,26189,739139151,423
30650000,2275448,21837391,9.596960000000001,26222,741113873,415
30700000,2276158,21858676,9.60332,26252,743128967,403
30750000,2276801,21879993,9.60997,26287,745123144,454
30800000,2277483,21901346,9.61647,26324,747141633,445
30850000,2278138,21922449,9.62297,26360,749123117,409
30900000,2278780,21943448,9.62947,26399,751086268,421
30950000,2279416,21964644,9.63608,26431,753085878,443
31000000,2280055,21985605,9.64258,26469,755017824,398
31050000,2280645,22006476,9.649230000000001,26506,756993481,409
31100000,2281270,22027301,9.65572,26543,758941766,391
31150000,2281877,22048231,9.66232,26578,760946265,408
31200000,2282546,22069066,9.668619999999999,26621,762928405,422
31250000,2283147,22089791,9.67515,26658,764923335,404
31300000,2283729,22110433,9.68172,26700,766900271,418
31350000,2284333,22131153,9.68823,26735,768877210,439
31400000,2284921,22151852,9.6948,26776,770883166,405
31450000,2285548,22172235,9.70106,26817,772824831,403
31500000,2286149,22192812,9.707510000000001,26845,774759569,393
31550000,2286732,22213393,9.714030000000001,26881,776745504,426
31600000,2287259,22233875,9.72075,26921,778697965,406
31650000,2287819,22254313,9.7273,26952,780665774,410
31700000,2288386,22274532,9.73373,26986,782595980,371
31750000,2288975,22294903,9.74013,27026,784583652,390
31800000,2289521,22314900,9.74654,27061,786507760,424
31850000,2290101,22335114,9.752889999999999,27099,788422060,415
31900000,2290651,22355322,9.75937,27139,790377949,411
31950000,2291207,22375440,9.765789999999999,27174,792305427,442
32000000,2291774,22395288,9.77203,27199,794217715,386
32050000,2292331,22415049,9.77828,27228,796127738,378
32100000,2292820,22435168,9.78497,27257,798032397,396
32150000,2293351,22455071,9.79138,27289,799961408,377
32200000,2293864,22474844,9.79781,27329,801874294,379
32250000,2294367,22494581,9.804260000000001,27367,803780185,402
32300000,2294864,22514260,9.81072,27395,805687615,401
32350000,2295382,22534124,9.817160000000001,27424,807668676,387
32400000,2295891,22553790,9.82355,27462,809624741,391
32450000,2296364,22573459,9.83009,27496,811574827,399
32500000,2296909,22592929,9.83623,27526,813444085,397
32550000,2297425,22612345,9.84247,27557,815345440,389
32600000,2297926,22631705,9.84875,27591,817234771,373
32650000,2298402,22651235,9.855210000000001,27624,819144326,403
32700000,2298862,22670533,9.86163,27652,821064023,375
32750000,2299313,22690058,9.86819,27689,822993631,394
32800000,2299805,22709363,9.87447,27722,824882789,389
32850000,2300280,22728635,9.88081,27745,826773212,359
32900000,2300778,22747785,9.887,27782,828638280,411
32950000,2301236,22766979,9.893369999999999,27814,830522016,414
33000000,2301687,22785866,9.89964,27841,832416401,393
33050000,2302119,22804751,9.90598,27876,834284942,363
33100000,2302572,22823514,9.912180000000001,27913,836162147,386
