timestep,num_nodes,num_edges,average_degree,max_degree,num_triangles,new_edges
0,1956,1000,0.511247,3,0,1000
50000,63657,50967,0.80065,53,18,999
100000,103741,100898,0.9725950000000001,96,87,1000
150000,136368,150784,1.10571,140,284,998
200000,165023,200622,1.2157200000000001,188,670,995
250000,190467,250383,1.31457,247,1299,996
300000,213937,300126,1.40287,296,2245,991
350000,235928,349831,1.48279,352,3537,991
400000,256548,399481,1.55714,409,5188,993
450000,275928,449123,1.62768,462,7316,996
500000,294355,498688,1.6941700000000002,507,10064,992
550000,312142,548207,1.75627,569,13369,981
600000,328969,597637,1.8167,620,17394,991
650000,345289,647046,1.8739299999999999,671,22136,989
700000,361095,696407,1.9286,728,27772,981
750000,376291,745716,1.98175,780,34233,986
800000,391261,794968,2.0318099999999997,840,41441,986
850000,405529,844184,2.08169,891,49635,983
900000,419148,893370,2.1314,941,58773,984
950000,432815,942483,2.1775700000000002,1002,68880,980
1000000,445948,991564,2.2235,1057,80353,983
1050000,458931,1040616,2.26748,1115,92947,989
1100000,471490,1089657,2.31109,1156,106780,977
1150000,483576,1138611,2.3545599999999998,1201,121956,980
1200000,495549,1187512,2.39636,1264,139008,969
1250000,507544,1236365,2.43598,1310,156786,979
1300000,519029,1285155,2.47608,1357,176363,981
1350000,530552,1333918,2.51421,1401,197303,967
1400000,541683,1382595,2.55241,1460,219980,977
1450000,552717,1431266,2.5895099999999998,1500,244413,974
1500000,563619,1479936,2.62577,1550,270106,973
1550000,574293,1528570,2.66166,1597,297534,979
1600000,584718,1577035,2.69709,1646,326937,969
1650000,595067,1625570,2.7317400000000003,1688,358130,970
1700000,605230,1673952,2.7658099999999997,1744,391271,972
1750000,615332,1722352,2.79906,1803,425941,965
1800000,625280,1770679,2.83182,1849,462911,972
1850000,634960,1818967,2.8647,1918,501952,959
1900000,644535,1867288,2.89711,1973,542877,962
1950000,653903,1915520,2.92936,2020,586181,962
2000000,663204,1963669,2.96088,2077,632000,958
2050000,672329,2011780,2.99226,2136,679114,948
2100000,681330,2059766,3.02315,2188,728989,956
2150000,690340,2107750,3.05321,2245,780329,951
2200000,699160,2155704,3.08328,2309,834410,967
2250000,707773,2203712,3.1135900000000003,2358,890399,950
2300000,716546,2251491,3.14214,2410,949495,952
2350000,725105,2299340,3.17104,2445,1010769,952
2400000,733548,2347218,3.19982,2492,1073834,952
2450000,741951,2394962,3.22792,2536,1138749,952
2500000,750193,2442642,3.25602,2578,1207198,961
2550000,758428,2490223,3.2834,2632,1278597,946
2600000,766521,2537812,3.3108199999999997,2688,1354719,935
2650000,774515,2585425,3.3381199999999995,2720,1431920,954
2700000,782386,2632889,3.3652,2771,1512629,949
2750000,790273,2680434,3.3917800000000002,2824,1595207,955
2800000,798035,2727803,3.41815,2858,1679511,948
2850000,805690,2775190,3.44449,2909,1766315,951
2900000,813400,2822484,3.4699800000000005,2954,1855725,951
2950000,820944,2869784,3.49571,3002,1948732,946
3000000,828521,2917049,3.5207900000000003,3048,2045000,944
3050000,835860,2964208,3.5463,3099,2143757,949
3100000,843084,3011241,3.5717,3141,2248811,941
3150000,850576,3058360,3.5956300000000003,3189,2354746,958
3200000,857841,3105385,3.62,3247,2464140,946
3250000,864856,3152358,3.64495,3299,2577925,947
3300000,872042,3199289,3.6687300000000005,3342,2694470,935
3350000,879166,3246189,3.69235,3379,2814299,952
3400000,886136,3293100,3.71625,3442,2936731,938
3450000,892982,3339815,3.74007,3493,3063268,936
3500000,899749,3386414,3.7637300000000002,3535,3192028,912
3550000,906548,3433067,3.7869699999999997,3590,3325847,936
3600000,913367,3479643,3.8096900000000002,3633,3462173,926
3650000,920149,3526268,3.8322800000000004,3665,3601620,942
3700000,926798,3572936,3.85514,3712,3746545,934
3750000,933286,3619411,3.87814,3753,3894477,943
3800000,939598,3665778,3.9014300000000004,3806,4043531,932
3850000,946113,3712216,3.92365,3863,4198065,943
3900000,952547,3758598,3.94584,3927,4359141,931
3950000,958837,3805033,3.9683800000000002,3978,4522704,936
4000000,965144,3851342,3.9904300000000004,4023,4687072,923
4050000,971443,3897515,4.01209,4079,4856176,924
4100000,977514,3943608,4.03432,4138,5031457,919
4150000,983898,3989674,4.05497,4187,5207499,912
4200000,990037,4035773,4.07639,4232,5387827,926
4250000,996119,4081866,4.09777,4279,5573339,927
4300000,1002114,4127830,4.11912,4324,5762952,905
4350000,1008264,4173778,4.13957,4385,5955521,909
4400000,1014363,4219621,4.15987,4435,6154103,903
4450000,1020337,4265373,4.18036,4490,6352431,917
4500000,1026313,4311070,4.20054,4537,6555353,937
4550000,1032299,4356887,4.2205699999999995,4597,6767732,918
4600000,1038083,4402517,4.24101,4655,6979760,893
4650000,1043936,4448166,4.26096,4705,7197768,916
4700000,1049840,4493865,4.28052,4754,7418496,902
4750000,1055589,4539287,4.3002400000000005,4797,7645941,902
4800000,1061320,4584950,4.3200400000000005,4839,7876878,907
4850000,1066964,4630292,4.33969,4880,8107550,890
4900000,1072630,4675672,4.35907,4918,8339991,917
4950000,1078168,4721139,4.37885,4972,8581320,924
5000000,1083824,4766469,4.39783,5015,8833306,915
5050000,1089298,4811727,4.417269999999999,5059,9084439,893
5100000,1094834,4857004,4.4362900000000005,5098,9343376,896
5150000,1100138,4902223,4.45601,5149,9606458,907
5200000,1105631,4947304,4.47464,5218,9867399,895
5250000,1110955,4992299,4.4937,5257,10133360,899
5300000,1116284,5037306,4.512569999999999,5302,10405942,904
5350000,1121617,5082398,4.5313099999999995,5359,10688961,914
5400000,1126855,5127307,4.5501,5413,10973090,887
5450000,1132163,5172298,4.56851,5465,11264718,907
5500000,1137550,5217151,4.5863,5504,11554215,894
5550000,1142745,5262051,4.60475,5548,11853281,896
5600000,1147912,5306750,4.62296,5586,12160104,900
5650000,1153011,5351465,4.6413,5639,12475016,903
5700000,1158053,5396202,4.65972,5682,12789518,887
5750000,1163131,5440925,4.67783,5733,13110972,880
5800000,1168245,5485464,4.695469999999999,5771,13434266,895
5850000,1173298,5530096,4.71329,5817,13751006,884
5900000,1178300,5574579,4.73104,5866,14083149,900
5950000,1183448,5619035,4.7480199999999995,5906,14415268,899
6000000,1188469,5663513,4.76539,5955,14759326,899
6050000,1193284,5707862,4.78332,6011,15098153,862
6100000,1198206,5752244,4.80071,6056,15448868,883
6150000,1203067,5796498,4.8181,6106,15803255,881
6200000,1208040,5840593,4.83477,6148,16158254,898
6250000,1213071,5884814,4.85117,6191,16519122,875
6300000,1217904,5928941,4.86815,6241,16890583,891
6350000,1222750,5973018,4.88491,6291,17265491,886
6400000,1227413,6016957,4.90215,6339,17646864,873
6450000,1232212,6060938,4.91875,6396,18038459,876
6500000,1236856,6104737,4.93569,6431,18428581,885
6550000,1241595,6148462,4.95207,6486,18826751,879
6600000,1246327,6192288,4.968430000000001,6540,19228760,880
6650000,1250983,6236202,4.985040000000001,6575,19632280,867
6700000,1255753,6279946,5.00094,6645,20042102,880
6750000,1260345,6323527,5.0173,6674,20461845,866
6800000,1264885,6367194,5.03381,6718,20886274,879
6850000,1269372,6410772,5.05035,6767,21316717,883
6900000,1273870,6454401,5.06677,6814,21754894,859
6950000,1278293,6497890,5.08326,6868,22196347,882
7000000,1282697,6541455,5.0997699999999995,6904,22635787,866
7050000,1287206,6584937,5.11568,6962,23086405,867
7100000,1291723,6628258,5.13133,7026,23533613,859
7150000,1296218,6671590,5.14697,7063,23995919,862
7200000,1300572,6714815,5.16297,7098,24457080,862
7250000,1304874,6758032,5.179069999999999,7160,24933351,864
7300000,1309247,6801228,5.19476,7215,25414994,865
7350000,1313534,6844370,5.21065,7250,25904254,866
7400000,1317839,6887403,5.2262900000000005,7281,26385570,872
7450000,1322194,6930506,5.24167,7315,26880459,840
7500000,1326454,6973481,5.25724,7367,27382464,843
7550000,1330741,7016390,5.27254,7420,27880995,871
7600000,1335036,7059328,5.28774,7463,28380106,866
7650000,1339360,7102171,5.3026599999999995,7511,28890601,853
7700000,1343597,7144912,5.31775,7554,29405257,858
7750000,1347723,7187633,5.33317,7595,29919682,856
7800000,1351874,7230265,5.348330000000001,7634,30444268,840
7850000,1355924,7272999,5.3638699999999995,7694,30982243,850
7900000,1360107,7315631,5.3787199999999995,7744,31518990,868
7950000,1364298,7358101,5.39332,7783,32057306,847
8000000,1368460,7400640,5.40801,7829,32611380,837
8050000,1372518,7443063,5.42293,7888,33166830,841
8100000,1376551,7485466,5.4378400000000005,7927,33725990,839
8150000,1380586,7527911,5.4526900000000005,7972,34287159,849
8200000,1384605,7570185,5.4674,8026,34852184,828
8250000,1388553,7612415,5.48226,8072,35425058,849
8300000,1392509,7654662,5.4970300000000005,8120,36012758,846
8350000,1396518,7696755,5.5113900000000005,8161,36601097,830
8400000,1400495,7738955,5.525869999999999,8200,37194336,841
8450000,1404378,7781023,5.54055,8255,37791108,843
8500000,1408374,7823113,5.55471,8286,38404717,833
8550000,1412339,7865010,5.56878,8337,39015495,811
8600000,1416240,7906818,5.58296,8383,39639158,854
8650000,1420054,7948730,5.59748,8433,40259746,831
8700000,1423926,7990526,5.611619999999999,8473,40882850,847
8750000,1427664,8032282,5.62617,8530,41520481,850
8800000,1431492,8074007,5.64027,8577,42151053,843
8850000,1435348,8115893,5.6543,8623,42790832,836
8900000,1439223,8157704,5.668130000000001,8663,43438641,852
8950000,1443047,8199179,5.68185,8708,44097396,824
9000000,1446876,8240701,5.69551,8738,44749828,855
9050000,1450613,8282130,5.7094,8789,45421035,826
9100000,1454401,8323582,5.7230300000000005,8822,46097172,814
9150000,1458153,8364986,5.7367,8868,46777233,834
9200000,1461798,8406352,5.7506900000000005,8917,47462663,837
9250000,1465618,8447612,5.76386,8980,48144318,832
9300000,1469271,8488943,5.77766,9018,48838594,831
9350000,1472943,8530272,5.79131,9072,49545044,829
9400000,1476653,8571488,5.80467,9119,50240127,830
9450000,1480327,8612594,5.81803,9166,50941881,843
9500000,1483993,8653769,5.83141,9217,51672176,810
9550000,1487528,8694595,5.845,9268,52394085,814
9600000,1491059,8735535,5.85861,9328,53115820,822
9650000,1494675,8776508,5.87185,9364,53851673,813
9700000,1498352,8817358,5.8847,9406,54583735,818
9750000,1501875,8858182,5.89808,9445,55329609,848
9800000,1505535,8898932,5.91081,9486,56078510,826
9850000,1509079,8939793,5.92401,9527,56839565,805
9900000,1512571,8980343,5.93714,9559,57593034,799
9950000,1516133,9021005,5.95001,9607,58356759,814
10000000,1519603,9061611,5.96314,9658,59133064,820
10050000,1523028,9102061,5.9762900000000005,9701,59934377,803
10100000,1526499,9142531,5.9892199999999995,9753,60715990,832
10150000,1529959,9182986,6.00211,9808,61509732,812
10200000,1533362,9223465,6.0151900000000005,9865,62309122,809
10250000,1536761,9264001,6.0282599999999995,9914,63116209,795
10300000,1540113,9304467,6.04142,9974,63930211,818
10350000,1543438,9344787,6.054530000000001,10018,64741275,784
10400000,1546859,9385084,6.06719,10066,65566436,814
10450000,1550266,9425284,6.07979,10112,66403086,805
10500000,1553714,9465524,6.09219,10159,67236265,811
10550000,1557158,9505683,6.104509999999999,10204,68077348,807
10600000,1560508,9545747,6.1170800000000005,10252,68925934,778
10650000,1563937,9585862,6.12931,10297,69777876,795
10700000,1567237,9625833,6.14191,10352,70640175,803
10750000,1570470,9665768,6.1547,10399,71497990,802
10800000,1573751,9705720,6.16725,10447,72366336,800
10850000,1577078,9745527,6.17948,10492,73235854,774
10900000,1580365,9785367,6.19184,10536,74109213,796
10950000,1583669,9825184,6.20406,10569,74995563,786
11000000,1586882,9864875,6.2165099999999995,10626,75893260,804
11050000,1590071,9904560,6.229,10673,76780975,800
11100000,1593416,9944292,6.24086,10720,77683860,800
11150000,1596649,9983862,6.25301,10765,78610822,804
11200000,1599873,10023307,6.26506,10807,79527547,800
11250000,1603113,10062704,6.27698,10852,80450362,777
11300000,1606326,10102005,6.28889,10897,81382660,806
11350000,1609421,10141391,6.30127,10933,82325293,805
11400000,1612637,10180720,6.31309,10978,83267277,799
11450000,1615803,10219847,6.32493,11011,84219160,793
11500000,1618959,10258980,6.33678,11065,85158311,772
11550000,1622075,10298103,6.34872,11111,86112521,784
11600000,1625175,10337289,6.36072,11143,87070302,778
11650000,1628296,10376341,6.37252,11189,88042227,786
11700000,1631359,10415530,6.38457,11226,89024516,783
11750000,1634489,10454596,6.39625,11281,90006748,780
11800000,1637680,10493496,6.40754,11315,90993483,771
11850000,1640700,10532384,6.41945,11358,91991736,780
11900000,1643646,10570993,6.431430000000001,11406,92980971,788
11950000,1646646,10609698,6.443219999999999,11463,93959428,783
12000000,1649690,10648605,6.45491,11514,94976777,776
12050000,1652812,10687307,6.46614,11565,95974282,771
12100000,1655795,10726030,6.477869999999999,11608,96999774,749
12150000,1658852,10764713,6.48925,11655,98032762,774
12200000,1661829,10803303,6.50085,11693,99043378,781
12250000,1664727,10841821,6.51267,11727,100087200,795
12300000,1667832,10880403,6.523680000000001,11768,101139923,771
12350000,1670751,10918855,6.5353,11808,102187071,746
12400000,1673769,10957253,6.54645,11843,103254154,781
12450000,1676672,10995709,6.55806,11884,104305070,762
12500000,1679527,11033901,6.56965,11926,105354884,760
12550000,1682457,11072196,6.58097,11964,106416696,755
12600000,1685476,11110421,6.5918600000000005,12025,107473141,740
12650000,1688375,11148471,6.60308,12076,108545475,759
12700000,1691233,11186635,6.61448,12115,109658015,756
12750000,1694185,11224833,6.62551,12152,110776236,766
12800000,1697051,11262904,6.63675,12200,111879630,737
12850000,1700012,11300940,6.64756,12244,112984070,767
12900000,1702798,11338880,6.65897,12299,114125831,747
12950000,1705640,11376705,6.67005,12350,115241956,731
13000000,1708503,11414531,6.681010000000001,12392,116362608,755
13050000,1711311,11452330,6.692139999999999,12442,117482257,757
13100000,1714118,11490055,6.703189999999999,12488,118610506,739
13150000,1716960,11527714,6.71403,12524,119750404,735
13200000,1719779,11565418,6.724939999999999,12552,120888174,740
13250000,1722564,11602946,6.735860000000001,12603,122046166,717
13300000,1725332,11640554,6.74685,12644,123185702,774
13350000,1728098,11678073,6.75776,12691,124368261,739
13400000,1730921,11715709,6.76848,12733,125546769,762
13450000,1733727,11753139,6.77912,12771,126729456,756
13500000,1736392,11790623,6.7903,12815,127906423,768
13550000,1739223,11828020,6.80075,12857,129104317,750
13600000,1741819,11865100,6.8119,12899,130270852,733
13650000,1744540,11902226,6.82256,12944,131466049,729
13700000,1747256,11939459,6.833260000000001,12988,132665717,726
13750000,1750026,11976545,6.84364,13027,133868397,737
13800000,1752647,12013660,6.85458,13081,135085824,765
13850000,1755359,12050613,6.86504,13128,136299364,741
13900000,1758008,12087634,6.8757600000000005,13165,137530156,740
13950000,1760677,12124246,6.8861300000000005,13200,138747608,727
14000000,1763373,12161190,6.89655,13250,139966018,731
14050000,1765937,12198050,6.9074100000000005,13294,141177809,732
14100000,1768591,12234838,6.917839999999999,13339,142442500,759
14150000,1771260,12271722,6.92824,13389,143710397,727
14200000,1773809,12308499,6.939019999999999,13435,144980656,737
14250000,1776416,12345198,6.9495,13485,146260706,736
14300000,1778969,12381718,6.96005,13525,147531351,701
14350000,1781565,12418387,6.97049,13566,148815780,734
14400000,1784129,12454937,6.9809600000000005,13600,150097226,726
14450000,1786658,12491431,6.991510000000001,13637,151385508,720
14500000,1789196,12527982,7.00202,13672,152671869,704
14550000,1791683,12564220,7.012519999999999,13721,153959753,710
14600000,1794224,12600600,7.022869999999999,13764,155251570,753
14650000,1796746,12636727,7.033119999999999,13802,156546096,729
14700000,1799290,12673020,7.04334,13863,157847466,714
14750000,1801798,12709374,7.053719999999999,13899,159171104,724
14800000,1804301,12745401,7.0639,13946,160476057,741
14850000,1806727,12781508,7.0744,13991,161772092,720
14900000,1809273,12817379,7.08427,14037,163080730,719
14950000,1811772,12853350,7.09435,14085,164389542,728
15000000,1814254,12889131,7.104369999999999,14135,165700926,709
15050000,1816601,12924919,7.114889999999999,14190,167055049,717
15100000,1819037,12960836,7.12511,14236,168404072,726
15150000,1821503,12996806,7.135210000000001,14267,169755062,703
15200000,1823915,13032446,7.14531,14315,171126413,702
15250000,1826302,13068246,7.1555800000000005,14354,172518411,713
15300000,1828741,13103803,7.1654800000000005,14393,173910553,696
15350000,1831171,13139305,7.17536,14433,175284945,704
15400000,1833534,13174926,7.18554,14482,176663459,723
15450000,1836051,13210571,7.1951,14517,178051033,705
15500000,1838452,13246059,7.205010000000001,14552,179428964,705
15550000,1840798,13281297,7.21497,14598,180819913,686
15600000,1843250,13316805,7.22463,14649,182221462,719
15650000,1845638,13352054,7.234380000000001,14690,183616047,683
15700000,1848042,13387405,7.2441,14727,185066105,707
15750000,1850369,13422702,7.25407,14759,186471370,704
15800000,1852684,13458020,7.264069999999999,14807,187920988,678
15850000,1854905,13493326,7.2744,14868,189378958,709
15900000,1857185,13528515,7.28442,14906,190832327,695
15950000,1859546,13563563,7.29402,14940,192275365,705
16000000,1861852,13598629,7.30382,14975,193729848,709
16050000,1864213,13633571,7.31331,15028,195176225,712
16100000,1866541,13668480,7.322889999999999,15077,196632889,716
16150000,1868876,13703364,7.33241,15119,198079883,681
16200000,1871135,13738104,7.3421199999999995,15167,199558749,703
16250000,1873377,13773090,7.352010000000001,15206,201034673,697
16300000,1875599,13807821,7.36182,15254,202489160,711
16350000,1877897,13842576,7.37132,15304,203974845,689
16400000,1880120,13877215,7.38103,15344,205497159,708
16450000,1882399,13911821,7.39047,15381,206976189,713
16500000,1884656,13946327,7.39993,15416,208452231,706
16550000,1886949,13980981,7.4093100000000005,15471,209942824,679
16600000,1889155,14015501,7.4189300000000005,15517,211448029,696
16650000,1891386,14050029,7.4284300000000005,15561,212942644,679
16700000,1893672,14084331,7.4375800000000005,15608,214429764,696
16750000,1895862,14118617,7.44707,15636,215921373,679
16800000,1898051,14152844,7.456510000000001,15678,217417875,670
16850000,1900216,14187151,7.466069999999999,15714,218953939,674
16900000,1902378,14221154,7.475460000000001,15760,220466670,694
16950000,1904513,14255169,7.484939999999999,15811,221997864,676
17000000,1906741,14289421,7.494160000000001,15857,223530592,688
17050000,1908923,14323476,7.503430000000001,15901,225083723,702
17100000,1911028,14357487,7.51297,15946,226642010,695
17150000,1913094,14391412,7.5225800000000005,15988,228186122,675
17200000,1915259,14425005,7.531619999999999,16036,229748196,687
17250000,1917454,14458977,7.540719999999999,16075,231304725,700
17300000,1919571,14492676,7.5499600000000004,16110,232864266,689
17350000,1921690,14526404,7.5591800000000005,16159,234438626,693
17400000,1923763,14560122,7.568560000000001,16196,236002562,675
17450000,1925875,14593636,7.5776699999999995,16227,237578168,671
17500000,1927899,14627137,7.587089999999999,16271,239155172,686
17550000,1930021,14660586,7.596080000000001,16317,240740963,664
17600000,1932098,14694000,7.6052,16352,242318940,681
17650000,1934139,14727497,7.6145,16400,243900382,663
17700000,1936158,14761027,7.623880000000001,16450,245495858,638
17750000,1938229,14794360,7.63293,16478,247101713,661
17800000,1940276,14827572,7.64199,16524,248710360,660
17850000,1942327,14861004,7.65113,16568,250291155,662
17900000,1944330,14894324,7.66039,16607,251932028,658
17950000,1946362,14927485,7.66943,16655,253568673,651
18000000,1948348,14960589,7.6786,16692,255182065,650
18050000,1950325,14993628,7.687760000000001,16736,256756879,669
18100000,1952304,15026828,7.696969999999999,16776,258409397,673
18150000,1954312,15060019,7.70605,16821,260049558,657
18200000,1956296,15093076,7.71513,16860,261673623,663
18250000,1958324,15126014,7.723960000000001,16895,263306093,622
18300000,1960274,15158787,7.732989999999999,16941,264948913,659
18350000,1962263,15191751,7.74195,16976,266582849,666
18400000,1964242,15224474,7.75081,17024,268243196,674
18450000,1966169,15257088,7.7598,17059,269916623,635
18500000,1968152,15289787,7.7686,17104,271598388,634
18550000,1970094,15322426,7.77751,17154,273282552,660
18600000,1971985,15354976,7.786560000000001,17194,274966089,646
18650000,1973935,15387458,7.795319999999999,17241,276641112,651
18700000,1975908,15419919,7.80397,17280,278326258,649
18750000,1977854,15452196,7.81261,17317,279981782,646
18800000,1979780,15484468,7.82131,17353,281651136,625
18850000,1981748,15516771,7.829839999999999,17388,283304392,651
18900000,1983684,15549070,7.838480000000001,17432,284981452,645
18950000,1985513,15581209,7.84745,17478,286645254,660
19000000,1987374,15613369,7.85628,17522,288347226,641
19050000,1989324,15645609,7.864789999999999,17566,290044525,674
19100000,1991229,15677738,7.8734,17616,291751575,630
19150000,1993105,15709661,7.882000000000001,17657,293469900,622
19200000,1994931,15741815,7.890910000000001,17696,295217669,639
19250000,1996796,15773827,7.89957,17731,296939604,640
19300000,1998613,15805702,7.908339999999999,17769,298694672,622
19350000,2000502,15837585,7.916810000000001,17809,300419452,644
19400000,2002437,15869412,7.92505,17854,302136106,665
19450000,2004271,15901301,7.9337100000000005,17891,303885082,619
19500000,2006135,15932940,7.9421100000000004,17932,305615058,623
19550000,2007908,15964719,7.95092,17968,307384856,628
19600000,2009711,15996231,7.95947,18001,309080420,621
19650000,2011510,16027782,7.968030000000001,18043,310806738,627
19700000,2013227,16059387,7.976939999999999,18073,312572515,615
19750000,2015043,16090863,7.98537,18119,314337478,650
19800000,2016854,16122164,7.99372,18161,316050855,619
19850000,2018645,16153481,8.002139999999999,18210,317804941,638
19900000,2020389,16184962,8.010810000000001,18255,319593128,603
19950000,2022080,16216281,8.0196,18289,321358930,635
20000000,2023798,16247392,8.02817,18335,323097770,608
20050000,2025534,16278464,8.03663,18382,324836497,641
20100000,2027339,16309667,8.04486,18427,326600123,595
20150000,2029013,16340692,8.053519999999999,18466,328388384,631
20200000,2030713,16371682,8.06204,18503,330157293,633
20250000,2032399,16402755,8.07064,18547,331944464,645
20300000,2034171,16433768,8.07885,18582,333727355,624
20350000,2035892,16464785,8.08726,18616,335541985,570
20400000,2037572,16495512,8.09567,18650,337356821,603
20450000,2039276,16526426,8.10407,18695,339167732,628
20500000,2040924,16556989,8.1125,18740,340968287,635
20550000,2042682,16587781,8.12059,18795,342782360,622
20600000,2044340,16618619,8.12909,18840,344598507,614
20650000,2045990,16649223,8.13749,18887,346442318,611
20700000,2047688,16679833,8.14569,18921,348278513,614
20750000,2049371,16710275,8.15386,18956,350117198,616
20800000,2051123,16740923,8.16183,18995,351971513,610
20850000,2052761,16771248,8.17009,19046,353769489,601
20900000,2054413,16801652,8.17832,19088,355614662,601
20950000,2055983,16832020,8.18685,19136,357428443,590
21000000,2057585,16862222,8.19515,19180,359274136,603
21050000,2059255,16892379,8.20315,19222,361125880,602
21100000,2060865,16922633,8.21142,19264,362959178,585
21150000,2062496,16952864,8.21959,19312,364771370,623
21200000,2064101,16983158,8.22787,19350,366634402,578
21250000,2065723,17013153,8.23593,19393,368487153,609
21300000,2067356,17043178,8.24395,19428,370351197,598
21350000,2068973,17073231,8.25203,19457,372179100,594
21400000,2070620,17103114,8.2599,19509,374062495,588
21450000,2072248,17132888,8.26778,19551,375923602,597
21500000,2073763,17162918,8.27622,19589,377838019,613
21550000,2075333,17192560,8.284239999999999,19630,379708584,588
21600000,2076903,17222573,8.29243,19668,381603584,620
21650000,2078430,17252328,8.30065,19703,383456859,586
21700000,2080097,17281995,8.30826,19738,385283712,589
21750000,2081641,17311690,8.31637,19776,387170420,599
21800000,2083191,17341247,8.32437,19812,389050852,579
21850000,2084686,17370811,8.33258,19848,390954780,594
21900000,2086216,17400133,8.34052,19890,392850449,619
21950000,2087807,17429589,8.34828,19925,394707375,600
22000000,2089407,17459163,8.35604,19964,396630016,587
22050000,2090970,17488602,8.36387,20003,398532118,589
22100000,2092477,17517918,8.37186,20045,400388507,578
22150000,2093999,17547308,8.37981,20090,402276266,602
22200000,2095529,17576439,8.38759,20134,404167745,611
22250000,2097059,17605500,8.39533,20183,406058991,598
22300000,2098596,17634759,8.40312,20224,407954216,566
22350000,2100099,17663929,8.411,20257,409891264,588
22400000,2101568,17692992,8.41895,20293,411805243,556
22450000,2103110,17722123,8.426630000000001,20337,413744705,547
22500000,2104556,17751025,8.434569999999999,20374,415651432,560
22550000,2106040,17779923,8.44235,20409,417530984,570
22600000,2107492,17808776,8.45022,20455,419423406,588
22650000,2108892,17837691,8.45832,20497,421361228,576
22700000,2110370,17866485,8.46604,20538,423277065,592
22750000,2111812,17895252,8.47388,20574,425215964,592
22800000,2113240,17923828,8.48168,20610,427160943,593
22850000,2114652,17952480,8.48957,20652,429094724,603
22900000,2116066,17981018,8.49738,20691,431007310,572
22950000,2117421,18009462,8.50538,20734,432945398,580
23000000,2118846,18037911,8.51308,20773,434917965,588
23050000,2120288,18066344,8.5207,20814,436803318,578
23100000,2121731,18094762,8.5283,20853,438760815,550
23150000,2123131,18123119,8.53603,20893,440680384,560
23200000,2124538,18151576,8.54378,20928,442665258,574
23250000,2125963,18179800,8.55132,20972,444621714,545
23300000,2127336,18208001,8.55906,21016,446571882,568
23350000,2128701,18236060,8.56676,21043,448493798,545
23400000,2130170,18263985,8.573960000000001,21071,450426606,549
23450000,2131541,18292066,8.58162,21104,452377453,577
23500000,2132860,18319922,8.589369999999999,21132,454363291,550
23550000,2134210,18347701,8.59695,21171,456312255,571
23600000,2135568,18375402,8.604460000000001,21211,458245507,559
23650000,2136871,18403022,8.61214,21246,460180279,562
23700000,2138223,18430765,8.619660000000001,21278,462149203,542
23750000,2139561,18458481,8.62723,21324,464077065,568
23800000,2140857,18486161,8.63493,21359,466037932,558
23850000,2142194,18513873,8.64248,21390,467979120,547
23900000,2143555,18541541,8.6499,21426,469914134,517
23950000,2144920,18568902,8.65715,21460,471842222,564
24000000,2146210,18596338,8.66473,21501,473817641,537
24050000,2147552,18623853,8.672130000000001,21545,475794419,537
24100000,2148843,18651246,8.67967,21581,477763601,556
24150000,2150155,18678596,8.68709,21623,479755897,548
24200000,2151448,18705970,8.6946,21667,481744906,524
24250000,2152657,18733101,8.70232,21695,483735779,547
24300000,2153919,18760382,8.70988,21733,485709639,518
24350000,2155157,18787451,8.71744,21769,487675706,539
24400000,2156477,18814530,8.72466,21805,489659482,552
24450000,2157754,18841649,8.73207,21836,491677215,541
24500000,2158988,18868620,8.73957,21875,493669074,525
24550000,2160201,18895728,8.74721,21920,495628010,577
24600000,2161437,18922656,8.754660000000001,21955,497594677,533
24650000,2162682,18949621,8.762089999999999,21997,499544079,560
24700000,2163914,18976477,8.76952,22021,501526988,542
24750000,2165164,19003303,8.77684,22046,503489454,554
24800000,2166426,19030189,8.784139999999999,22085,505513064,529
24850000,2167609,19056869,8.79165,22120,507481885,529
24900000,2168775,19083553,8.79923,22157,509511053,549
24950000,2170036,19110187,8.806389999999999,22199,511477511,542
25000000,2171251,19136744,8.81369,22241,513477759,524
25050000,2172422,19163146,8.8211,22275,515453619,526
25100000,2173623,19189700,8.828439999999999,22309,517480693,528
25150000,2174779,19216102,8.83589,22338,519516102,509
25200000,2175897,19242379,8.84342,22370,521532332,512
25250000,2177076,19268673,8.850710000000001,22411,523561265,554
25300000,2178209,19294822,8.85811,22442,525581721,513
25350000,2179380,19321127,8.86542,22475,527590938,518
25400000,2180603,19347341,8.87247,22511,529599078,504
25450000,2181767,19373572,8.879760000000001,22537,531609601,522
25500000,2182976,19399820,8.88687,22565,533611135,548
25550000,2184101,19425994,8.89427,22614,535621930,541
25600000,2185252,19451989,8.901489999999999,22638,537649108,530
25650000,2186415,19478049,8.908669999999999,22676,539670220,528
25700000,2187519,19504102,8.916080000000001,22711,541702940,545
25750000,2188698,19530052,8.92314,22748,543729359,494
25800000,2189812,19556078,8.930480000000001,22793,545748401,513
25850000,2190933,19581690,8.9376,22828,547764938,530
25900000,2192000,19607569,8.94506,22873,549812834,499
25950000,2193156,19633594,8.952210000000001,22913,551871412,519
26000000,2194221,19659108,8.959489999999999,22961,553899709,508
26050000,2195313,19684815,8.96675,23002,555919224,519
26100000,2196388,19710396,8.974,23025,557961142,517
26150000,2197410,19735945,8.98146,23064,560011375,515
26200000,2198519,19761388,8.9885,23109,562035251,517
26250000,2199597,19786928,8.99571,23154,564095725,521
26300000,2200652,19812141,9.00285,23189,566096133,517
26350000,2201650,19837536,9.0103,23221,568144808,500
26400000,2202738,19862698,9.01728,23254,570170388,484
26450000,2203771,19887897,9.02448,23291,572181414,505
26500000,2204806,19913052,9.03166,23333,574223825,488
26550000,2205828,19938103,9.03883,23368,576212819,497
26600000,2206859,19963087,9.04593,23405,578243869,498
26650000,2207943,19988356,9.05293,23434,580270979,513
26700000,2208977,20013258,9.05997,23465,582296577,509
26750000,2210028,20038273,9.066980000000001,23496,584311793,519
26800000,2211071,20062897,9.073839999999999,23531,586324418,457
26850000,2212112,20087696,9.08078,23564,588392743,474
26900000,2213132,20112481,9.08779,23615,590391014,538
26950000,2214119,20137053,9.09484,23650,592404044,515
27000000,2215087,20161743,9.10201,23674,594446926,479
27050000,2216109,20186165,9.108830000000001,23698,596466574,499
27100000,2217156,20210731,9.11561,23735,598495697,473
27150000,2218146,20235201,9.12257,23773,600522377,486
27200000,2219086,20259724,9.129760000000001,23814,602532212,497
27250000,2220047,20284331,9.13689,23843,604582262,489
27300000,2221069,20308740,9.14368,23885,606565658,477
27350000,2222076,20333208,9.15055,23912,608579457,514
27400000,2222989,20357606,9.157760000000001,23949,610578387,491
27450000,2223892,20381692,9.16487,23982,612574054,460
27500000,2224850,20405930,9.17182,24038,614649667,499
27550000,2225782,20430127,9.17885,24066,616645570,463
27600000,2226706,20454416,9.18595,24094,618647229,466
27650000,2227629,20478528,9.192969999999999,24125,620649015,493
27700000,2228497,20502413,9.20011,24172,622682050,465
27750000,2229405,20526339,9.207089999999999,24207,624714239,471
27800000,2230324,20550363,9.21407,24251,626731651,475
27850000,2231236,20574168,9.22097,24285,628745181,466
27900000,2232165,20598023,9.22782,24313,630735451,485
27950000,2233050,20621788,9.234810000000001,24344,632779689,480
28000000,2233968,20645591,9.24167,24383,634806598,490
28050000,2234869,20669168,9.248489999999999,24419,636828728,496
28100000,2235748,20692854,9.25545,24457,638863207,505
28150000,2236653,20716690,9.262360000000001,24505,640906563,488
28200000,2237514,20740116,9.26927,24562,642946173,492
28250000,2238394,20763740,9.27618,24594,644935989,461
28300000,2239256,20787290,9.28312,24618,646971723,466
28350000,2240061,20810584,9.290189999999999,24644,648957352,458
28400000,2240873,20834246,9.29738,24683,650985848,465
28450000,2241742,20857698,9.30424,24722,653011401,496
28500000,2242588,20880918,9.31108,24760,655077765,452
28550000,2243479,20904323,9.31782,24810,657081577,459
28600000,2244306,20927458,9.324689999999999,24845,659105396,456
28650000,2245180,20950643,9.331389999999999,24882,661112363,457
28700000,2246025,20973796,9.33818,24922,663170832,469
28750000,2246909,20996903,9.34479,24947,665159803,474
28800000,2247765,21019976,9.3515,24991,667216917,450
28850000,2248641,21043015,9.3581,25031,669212033,487
28900000,2249472,21065909,9.36482,25056,671225356,455
28950000,2250310,21089063,9.37163,25097,673244563,459
29000000,2251123,21111866,9.37837,25139,675249858,458
29050000,2251921,21134770,9.38522,25162,677283239,443
29100000,2252698,21157490,9.39207,25195,679266687,469
29150000,2253445,21180157,9.39901,25224,681265757,428
29200000,2254190,21202713,9.40591,25256,683342040,447
29250000,2254944,21225233,9.41275,25287,685370394,462
29300000,2255753,21247586,9.41929,25327,687307377,430
29350000,2256561,21270247,9.42596,25361,689339807,455
29400000,2257369,21292830,9.43259,25399,691394134,430
29450000,2258169,21315090,9.4391,25426,693428974,421
29500000,2258966,21337325,9.44562,25461,695423460,439
29550000,2259735,21359797,9.45235,25493,697430481,430
29600000,2260470,21382097,9.45914,25530,699429506,427
29650000,2261189,21404233,9.46592,25564,701427639,436
29700000,2261891,21426268,9.472719999999999,25602,703381749,423
29750000,2262618,21448339,9.47943,25636,705410378,465
29800000,2263328,21470422,9.48622,25674,707418749,444
29850000,2264068,21492373,9.49281,25709,709385309,440
29900000,2264766,21514383,9.49961,25744,711391146,460
29950000,2265513,21536364,9.50618,25777,713408962,426
30000000,2266242,21558196,9.51275,25801,715365188,426
30050000,2266969,21580098,9.51936,25830,717335892,437
30100000,2267644,21601749,9.52608,25876,719305851,435
30150000,2268387,21623440,9.53252,25919,721252133,429
30200000,2269126,21645276,9.53904,25951,723282429,464
30250000,2269822,21666680,9.545539999999999,25987,725258300,420
30300000,2270535,21688218,9.55203,26015,727230967,395
30350000,2271173,21709714,9.558810000000001,26050,729212980,404
30400000,2271829,21731212,9.56551,26076,731219284,439
30450000,2272486,21752870,9.572280000000001,26123,733228175,417
30500000,2273159,21774285,9.57887,26162,735191990,438
30550000,2273805,21795721,9.58557,26193,737220067,427
30600000,2274532,21817165,9.59194,26233,739213178,422
30650000,2275218,21838373,9.59837,26275,741211679,409
30700000,2275910,21859439,9.6047,26312,743166598,432
30750000,2276574,21880676,9.61123,26348,745129651,422
30800000,2277202,21901710,9.61782,26377,747092689,437
30850000,2277900,21922804,9.624130000000001,26408,749073689,403
30900000,2278600,21943725,9.63035,26450,751085997,404
30950000,2279233,21964815,9.63693,26478,753065745,429
31000000,2279856,21985763,9.64349,26518,755029876,419
31050000,2280494,22006722,9.649980000000001,26557,756979995,405
31100000,2281092,22027536,9.65658,26594,758993144,423
31150000,2281692,22048547,9.66324,26628,760970790,412
31200000,2282346,22069350,9.66959,26658,762945380,427
31250000,2282972,22090080,9.67602,26687,764905484,413
31300000,2283625,22110777,9.682319999999999,26717,766832290,403
31350000,2284271,22131409,9.68861,26758,768788869,417
31400000,2284892,22152104,9.695030000000001,26786,770752377,411
31450000,2285484,22172679,9.70152,26814,772708872,407
31500000,2286072,22193057,9.707939999999999,26857,774688087,385
31550000,2286649,22213489,9.71443,26884,776662564,392
31600000,2287194,22233777,9.72098,26923,778625123,414
31650000,2287790,22253929,9.727260000000001,26954,780607846,401
31700000,2288359,22274216,9.73371,26986,782566453,412
31750000,2288909,22294511,9.74023,27027,784527327,434
31800000,2289497,22314688,9.74655,27058,786461806,379
31850000,2290063,22334728,9.752889999999999,27082,788352958,411
31900000,2290579,22354971,9.75953,27118,790262918,428
31950000,2291113,22375007,9.766,27146,792210567,394
32000000,2291632,22394964,9.7725,27175,794159545,389
32050000,2292173,22414957,9.77891,27207,796098343,401
32100000,2292718,22434909,9.78529,27235,798067648,405
32150000,2293274,22454806,9.79159,27268,799953579,401
32200000,2293781,22474621,9.79807,27311,801874850,405
32250000,2294292,22494433,9.80452,27346,803827906,387
32300000,2294820,22514159,9.81086,27378,805737530,355
32350000,2295334,22533762,9.8172,27415,807624956,415
32400000,2295813,22553307,9.82367,27447,809582475,403
32450000,2296287,22572829,9.83014,27485,811500641,419
32500000,2296783,22592376,9.83653,27518,813442151,410
32550000,2297309,22611931,9.842789999999999,27551,815309291,416
32600000,2297810,22631281,9.84907,27582,817208379,380
32650000,2298257,22650615,9.85556,27621,819115664,408
32700000,2298729,22670010,9.86198,27651,821048207,406
32750000,2299207,22689398,9.868360000000001,27696,822952826,381
32800000,2299685,22708665,9.87469,27728,824828983,424
32850000,2300178,22728125,9.88103,27763,826735406,390
32900000,2300668,22747296,9.887260000000001,27792,828627380,370
32950000,2301135,22766225,9.89348,27824,830488389,413
33000000,2301618,22785391,9.89973,27852,832411627,397
33050000,2302071,22804562,9.90611,27889,834309087,396
33100000,2302570,22823481,9.912180000000001,27915,836163266,378
