timestep,num_nodes,num_edges,average_degree,max_degree,num_triangles,new_edges
0,1965,1000,0.5089060000000001,2,0,1000
50000,63457,50977,0.803331,57,12,999
100000,103251,100913,0.977356,116,82,998
150000,135980,150775,1.1088,163,298,998
200000,164571,200613,1.21901,224,695,996
250000,189842,250416,1.31908,268,1338,994
300000,213289,300171,1.40734,317,2304,996
350000,235057,349865,1.48843,383,3667,991
400000,255280,399493,1.56492,442,5425,990
450000,274708,449084,1.63477,498,7618,994
500000,293088,498629,1.7012900000000002,543,10447,992
550000,310754,548112,1.7638099999999999,599,13830,990
600000,327684,597601,1.82371,641,17805,988
650000,344081,647039,1.88048,692,22718,986
700000,359906,696418,1.935,745,28333,988
750000,375415,745736,1.98643,797,34581,985
800000,390294,795055,2.03707,847,41970,981
850000,404934,844264,2.08494,900,50376,980
900000,418625,893432,2.13421,957,59577,982
950000,432237,942583,2.18071,1002,69970,986
1000000,445571,991687,2.22565,1063,81655,973
1050000,458449,1040714,2.27008,1108,94252,979
1100000,471195,1089714,2.3126599999999997,1159,107899,971
1150000,483612,1138642,2.35445,1211,122860,987
1200000,495881,1187587,2.3949,1261,139382,984
1250000,507893,1236488,2.43454,1314,157325,972
1300000,519687,1285258,2.4731400000000003,1368,176699,970
1350000,531010,1333925,2.51205,1417,197504,978
1400000,542264,1382624,2.54972,1469,219523,964
1450000,553167,1431270,2.5874099999999998,1525,243919,973
1500000,563840,1479823,2.62454,1591,269570,970
1550000,574497,1528442,2.6604900000000002,1638,296726,968
1600000,584985,1576934,2.69568,1673,325533,978
1650000,595244,1625438,2.7307099999999997,1724,356504,970
1700000,605489,1673865,2.76448,1770,388562,965
1750000,615556,1722165,2.79774,1817,422715,979
1800000,625226,1770504,2.8317799999999997,1869,459689,969
1850000,634680,1818747,2.8656099999999998,1920,498805,952
1900000,644308,1866983,2.8976599999999997,1962,539031,953
1950000,653701,1915186,2.92976,2012,581776,968
2000000,662957,1963281,2.9614,2079,627026,966
2050000,672282,2011343,2.9918099999999996,2130,673767,959
2100000,681277,2059372,3.0228099999999998,2183,724262,946
2150000,690318,2107358,3.05274,2231,775932,965
2200000,699130,2155224,3.08272,2282,829852,952
2250000,707830,2203127,3.11251,2323,886562,957
2300000,716473,2250981,3.14175,2376,945594,956
2350000,725258,2298813,3.16965,2430,1006754,954
2400000,733656,2346601,3.1985,2483,1070444,954
2450000,741992,2394301,3.22686,2540,1137040,952
2500000,750165,2441968,3.25524,2586,1206213,952
2550000,758257,2489604,3.28332,2636,1277694,962
2600000,766684,2537203,3.3093199999999996,2675,1352498,951
2650000,774717,2584755,3.33639,2729,1429920,952
2700000,782593,2632288,3.36355,2785,1509624,958
2750000,790456,2679714,3.3900900000000003,2847,1592175,941
2800000,798231,2727065,3.4163900000000003,2890,1676854,932
2850000,805918,2774404,3.44254,2955,1765982,923
2900000,813515,2821832,3.46869,3018,1856489,941
2950000,821052,2869060,3.4943699999999995,3072,1950661,939
3000000,828576,2916229,3.51957,3123,2049558,942
3050000,835950,2963378,3.54492,3159,2149575,948
3100000,843242,3010527,3.57018,3208,2255219,941
3150000,850493,3057520,3.595,3255,2360824,937
3200000,857590,3104482,3.6200099999999997,3308,2467608,928
3250000,864743,3151536,3.64448,3360,2580402,951
3300000,871780,3198451,3.6688699999999996,3405,2696832,936
3350000,878788,3245280,3.6929,3452,2816023,942
3400000,885625,3292062,3.7172199999999997,3507,2939484,939
3450000,892515,3338849,3.74094,3565,3067611,931
3500000,899460,3385687,3.76413,3610,3197494,939
3550000,906328,3432358,3.7871,3658,3331396,932
3600000,913075,3478907,3.8101,3705,3468653,935
3650000,919786,3525486,3.8329400000000002,3753,3610195,922
3700000,926469,3572106,3.85561,3815,3754996,936
3750000,933055,3618552,3.8781800000000004,3859,3904177,942
3800000,939623,3665084,3.9005900000000002,3911,4054987,934
3850000,946152,3711584,3.9228199999999998,3967,4212016,929
3900000,952699,3757939,3.94452,4015,4367047,929
3950000,959025,3804262,3.9668,4069,4529860,941
4000000,965398,3850513,3.98852,4113,4696076,927
4050000,971582,3896744,4.01072,4150,4864013,920
4100000,977820,3942884,4.0323199999999995,4194,5036378,914
4150000,983986,3988993,4.05391,4237,5211009,915
4200000,990096,4035102,4.07547,4288,5390439,926
4250000,996179,4081082,4.0967400000000005,4334,5576443,923
4300000,1002185,4127060,4.11806,4371,5766805,935
4350000,1008220,4173054,4.13903,4415,5957455,923
4400000,1014176,4218916,4.15994,4476,6154981,925
4450000,1020193,4264817,4.1804,4530,6355957,922
4500000,1026042,4310533,4.20113,4577,6563007,923
4550000,1032005,4356369,4.22127,4623,6772966,918
4600000,1037802,4402046,4.2417,4681,6987290,895
4650000,1043619,4447705,4.26181,4734,7198502,935
4700000,1049334,4493226,4.28198,4783,7421001,913
4750000,1055031,4538779,4.30203,4825,7646442,909
4800000,1060709,4584273,4.3219,4892,7878005,923
4850000,1066333,4629754,4.34175,4935,8110630,921
4900000,1071990,4675178,4.36121,4980,8349483,905
4950000,1077534,4720494,4.3808300000000004,5035,8596648,916
5000000,1083110,4765858,4.40016,5078,8844028,900
5050000,1088566,4811002,4.419580000000001,5151,9092416,897
5100000,1094124,4856130,4.43837,5212,9343931,898
5150000,1099593,4901364,4.4574300000000004,5267,9603906,903
5200000,1105160,4946517,4.47584,5312,9867424,896
5250000,1110495,4991663,4.4949900000000005,5365,10135039,899
5300000,1115826,5036620,4.5138,5418,10412132,907
5350000,1121178,5081672,4.53244,5473,10691264,896
5400000,1126484,5126652,4.551019999999999,5522,10976843,890
5450000,1131509,5171618,4.57055,5571,11263127,900
5500000,1136734,5216639,4.58915,5613,11557101,891
5550000,1141978,5261381,4.60725,5656,11853093,899
5600000,1147166,5306143,4.62544,5702,12154612,892
5650000,1152388,5350850,4.643269999999999,5760,12462064,900
5700000,1157435,5395586,4.6616800000000005,5799,12774657,887
5750000,1162598,5440187,4.67934,5835,13090055,886
5800000,1167599,5484715,4.697430000000001,5887,13417179,894
5850000,1172680,5529399,4.71518,5942,13748087,902
5900000,1177734,5573824,4.73267,5990,14075664,880
5950000,1182660,5618242,4.75051,6032,14417674,899
6000000,1187588,5662546,4.76811,6082,14755971,898
6050000,1192473,5706837,4.7857199999999995,6139,15096529,877
6100000,1197334,5751197,4.80334,6201,15449537,881
6150000,1202249,5795458,4.82051,6252,15800931,886
6200000,1206923,5839604,4.838419999999999,6300,16157972,891
6250000,1211770,5883677,4.85544,6347,16518663,866
6300000,1216590,5927786,4.87246,6393,16891715,885
6350000,1221365,5971890,4.88952,6458,17270808,863
6400000,1226116,6015844,4.90642,6508,17656727,898
6450000,1230894,6059845,4.92312,6556,18036559,889
6500000,1235758,6103824,4.9393400000000005,6615,18426230,879
6550000,1240435,6147725,4.9561,6665,18822947,879
6600000,1245113,6191541,4.97267,6713,19224629,867
6650000,1249894,6235257,4.988630000000001,6763,19631660,871
6700000,1254565,6279111,5.0050099999999995,6814,20039792,880
6750000,1259173,6322934,5.0215,6857,20462645,872
6800000,1263757,6366622,5.03785,6914,20874860,857
6850000,1268229,6410311,5.05454,6959,21299084,872
6900000,1272750,6453859,5.0708,7004,21736004,880
6950000,1277232,6497371,5.08707,7041,22172539,859
7000000,1281779,6540790,5.1029,7097,22615947,858
7050000,1286179,6584042,5.11907,7152,23060538,865
7100000,1290751,6627377,5.13451,7188,23518397,868
7150000,1295244,6670553,5.15004,7231,23964663,864
7200000,1299724,6713788,5.16555,7273,24429601,866
7250000,1304163,6756948,5.1810599999999996,7309,24898502,843
7300000,1308556,6800070,5.196619999999999,7370,25373377,877
7350000,1312902,6843177,5.21225,7417,25851053,851
7400000,1317144,6886234,5.22816,7468,26343593,863
7450000,1321403,6929203,5.2438199999999995,7524,26838745,875
7500000,1325869,6972186,5.25858,7572,27330653,855
7550000,1330213,7015177,5.27372,7613,27837192,865
7600000,1334411,7058031,5.28925,7659,28338236,859
7650000,1338658,7100753,5.30438,7715,28845945,855
7700000,1342929,7143459,5.31931,7764,29368175,852
7750000,1347224,7186416,5.33424,7824,29884356,868
7800000,1351411,7229144,5.34933,7874,30408181,863
7850000,1355601,7271788,5.36425,7919,30935511,858
7900000,1359803,7314421,5.37903,7961,31468043,860
7950000,1363876,7356835,5.39406,8013,32013771,860
8000000,1367995,7399419,5.40895,8057,32571056,849
8050000,1372148,7441892,5.42353,8103,33125487,849
8100000,1376325,7484396,5.4379599999999995,8134,33688437,845
8150000,1380338,7526681,5.452780000000001,8175,34253914,853
8200000,1384393,7569008,5.46738,8221,34825823,858
8250000,1388338,7611240,5.48227,8259,35406935,851
8300000,1392376,7653365,5.49662,8296,35985239,845
8350000,1396367,7695443,5.51105,8337,36565086,855
8400000,1400352,7737572,5.52545,8391,37167811,832
8450000,1404193,7779631,5.54029,8422,37777463,822
8500000,1408243,7821572,5.55414,8466,38388585,826
8550000,1412123,7863613,5.56865,8509,39005996,846
8600000,1416067,7905576,5.58277,8555,39620627,843
8650000,1420103,7947695,5.59656,8600,40258252,850
8700000,1423938,7989578,5.6109,8641,40890270,832
8750000,1427779,8031291,5.62502,8689,41518240,829
8800000,1431607,8073058,5.6391599999999995,8751,42152410,820
8850000,1435499,8114913,5.65303,8796,42798771,837
8900000,1439399,8156626,5.66669,8847,43440777,844
8950000,1443170,8198244,5.68072,8894,44108136,833
9000000,1446987,8239866,5.6945,8941,44789760,829
9050000,1450628,8281342,5.7088,8999,45453448,841
9100000,1454409,8322856,5.7225,9042,46120947,847
9150000,1458121,8364101,5.736219999999999,9087,46797523,824
9200000,1461777,8405505,5.7502,9135,47471791,836
9250000,1465520,8446808,5.76369,9182,48166294,811
9300000,1469241,8488170,5.77725,9235,48866126,827
9350000,1472829,8529253,5.7910699999999995,9286,49576104,798
9400000,1476459,8570464,5.80474,9339,50296999,830
9450000,1480114,8611727,5.81829,9376,51007761,848
9500000,1483788,8652902,5.8316300000000005,9427,51726225,851
9550000,1487373,8693991,5.8452,9461,52457347,837
9600000,1491040,8734967,5.8583,9505,53176143,803
9650000,1494634,8776030,5.87169,9551,53921181,810
9700000,1498231,8816980,5.884930000000001,9590,54671610,810
9750000,1501796,8857974,5.89825,9623,55429508,820
9800000,1505237,8898769,5.9118699999999995,9675,56174915,801
9850000,1508744,8939465,5.9251,9716,56928419,824
9900000,1512281,8980289,5.93824,9755,57706050,810
9950000,1515743,9020976,5.9515199999999995,9792,58488518,808
10000000,1519199,9061596,5.96472,9840,59282010,813
10050000,1522641,9102264,5.97794,9882,60059315,805
10100000,1526159,9142684,5.99065,9923,60854701,818
10150000,1529590,9183235,6.0037199999999995,9975,61652382,819
10200000,1533040,9223757,6.01664,10019,62470850,802
10250000,1536494,9264168,6.02942,10071,63285619,800
10300000,1539881,9304561,6.04239,10125,64108675,829
10350000,1543201,9344805,6.05547,10167,64935885,789
10400000,1546638,9385114,6.06807,10210,65770268,813
10450000,1550040,9425347,6.08071,10246,66608604,805
10500000,1553333,9465392,6.0936,10283,67443817,805
10550000,1556686,9505436,6.1062,10329,68291288,805
10600000,1560032,9545629,6.118869999999999,10377,69127763,809
10650000,1563384,9585688,6.1313699999999995,10424,69987500,797
10700000,1566623,9625654,6.14421,10460,70869713,819
10750000,1569872,9665527,6.15689,10497,71738168,802
10800000,1573279,9705525,6.16898,10542,72612098,823
10850000,1576503,9745430,6.18168,10582,73501299,786
10900000,1579783,9785243,6.19404,10633,74380533,796
10950000,1582985,9824870,6.20655,10679,75271641,779
11000000,1586246,9864537,6.21879,10716,76160189,778
11050000,1589514,9904255,6.231,10759,77059293,801
11100000,1592684,9943819,6.24343,10802,77961202,800
11150000,1595949,9983318,6.2554099999999995,10845,78870172,787
11200000,1599056,10022704,6.26789,10887,79768292,770
11250000,1602232,10062237,6.28014,10945,80695469,797
11300000,1605358,10101687,6.29248,10991,81625446,773
11350000,1608497,10141040,6.30467,11042,82563641,783
11400000,1611717,10180402,6.31649,11088,83495237,782
11450000,1614870,10219724,6.32851,11141,84462637,786
11500000,1618077,10258972,6.3402199999999995,11181,85420324,778
11550000,1621270,10298201,6.35193,11225,86374788,787
11600000,1624320,10337316,6.36409,11287,87348380,793
11650000,1627369,10376277,6.37611,11346,88308933,760
11700000,1630389,10415248,6.3882,11394,89288393,768
11750000,1633475,10454142,6.39994,11433,90270288,796
11800000,1636565,10493118,6.41167,11490,91253790,776
11850000,1639606,10532031,6.42351,11538,92226779,755
11900000,1642613,10570877,6.4354,11595,93217918,763
11950000,1645657,10609890,6.44721,11642,94221766,785
12000000,1648727,10648593,6.45868,11678,95218254,758
12050000,1651699,10687661,6.4707099999999995,11734,96262513,759
12100000,1654789,10726235,6.48194,11776,97284826,784
12150000,1657796,10764961,6.49354,11811,98315495,780
12200000,1660723,10803609,6.50536,11860,99338737,763
12250000,1663780,10841997,6.5164800000000005,11905,100381424,775
12300000,1666766,10880461,6.52789,11956,101429054,779
12350000,1669682,10918968,6.53955,12002,102471133,758
12400000,1672655,10957377,6.55089,12042,103528200,764
12450000,1675614,10995780,6.562239999999999,12094,104580605,749
12500000,1678638,11034214,6.57331,12132,105660669,764
12550000,1681554,11072413,6.584630000000001,12193,106728076,750
12600000,1684436,11110600,6.5960399999999995,12241,107803591,763
12650000,1687380,11148606,6.60705,12302,108873867,760
12700000,1690250,11186712,6.61838,12338,109986630,743
12750000,1693133,11224731,6.629560000000001,12373,111091881,765
12800000,1696011,11262800,6.64076,12426,112187041,765
12850000,1698819,11300789,6.652139999999999,12464,113304693,755
12900000,1701685,11338810,6.66328,12514,114443568,757
12950000,1704467,11376544,6.67455,12554,115543399,759
13000000,1707387,11414391,6.6853,12602,116657655,776
13050000,1710242,11452187,6.6962399999999995,12641,117792659,753
13100000,1713022,11489993,6.707439999999999,12676,118927150,740
13150000,1715765,11527701,6.71869,12725,120066119,775
13200000,1718529,11565341,6.7297899999999995,12771,121231796,747
13250000,1721328,11602892,6.740660000000001,12813,122364006,743
13300000,1724110,11640546,6.7516300000000005,12859,123508761,772
13350000,1726879,11677999,6.76249,12902,124655798,747
13400000,1729576,11715188,6.77345,12952,125810619,753
13450000,1732353,11752788,6.7842899999999995,13004,126992219,760
13500000,1735064,11790279,6.7953,13046,128170492,754
13550000,1737817,11827600,6.806010000000001,13097,129325415,714
13600000,1740590,11865010,6.816660000000001,13150,130506662,754
13650000,1743243,11902220,6.82763,13191,131720118,735
13700000,1745906,11939408,6.83852,13226,132916611,765
13750000,1748588,11976762,6.84939,13275,134131592,726
13800000,1751257,12013787,6.86009,13319,135326877,748
13850000,1753920,12050812,6.8707899999999995,13364,136560928,735
13900000,1756614,12087692,6.88125,13416,137769519,732
13950000,1759255,12124556,6.89187,13453,138993167,735
14000000,1761862,12161469,6.90262,13481,140233498,741
14050000,1764492,12198343,6.91323,13521,141465006,761
14100000,1767110,12235096,6.9237899999999994,13571,142716648,726
14150000,1769800,12271628,6.933910000000001,13606,143942758,718
14200000,1772474,12308429,6.944210000000001,13657,145184274,751
14250000,1775143,12345062,6.9544,13711,146437056,739
14300000,1777668,12381556,6.96506,13744,147703867,742
14350000,1780237,12418061,6.975510000000001,13775,148979608,714
14400000,1782724,12454533,6.98624,13822,150265494,740
14450000,1785246,12490909,6.996739999999999,13868,151553343,737
14500000,1787865,12527350,7.006880000000001,13908,152862927,720
14550000,1790481,12563761,7.01698,13953,154148896,720
14600000,1793058,12600160,7.027189999999999,14005,155437555,735
14650000,1795639,12636360,7.03725,14048,156740993,723
14700000,1798074,12672536,7.047839999999999,14093,158050531,686
14750000,1800611,12708558,7.057910000000001,14132,159356872,713
14800000,1803109,12744762,7.0682100000000005,14181,160677671,736
14850000,1805654,12780835,7.0782300000000005,14219,161994066,731
14900000,1808180,12816912,7.08829,14257,163329759,751
14950000,1810618,12852869,7.098610000000001,14294,164678268,716
15000000,1813090,12888652,7.10867,14331,166029064,714
15050000,1815493,12924384,7.118939999999999,14377,167354601,689
15100000,1817961,12960262,7.129010000000001,14420,168722917,708
15150000,1820443,12996169,7.139010000000001,14460,170084566,710
15200000,1822932,13031932,7.14889,14513,171446726,719
15250000,1825311,13067696,7.159160000000001,14556,172805330,695
15300000,1827840,13103254,7.168710000000001,14602,174177666,726
15350000,1830265,13139060,7.17877,14647,175578143,717
15400000,1832631,13174647,7.18893,14684,176960158,723
15450000,1834984,13209917,7.198930000000001,14729,178312506,686
15500000,1837372,13245480,7.2089300000000005,14774,179678657,730
15550000,1839791,13280839,7.2186699999999995,14815,181072119,694
15600000,1842181,13316346,7.22858,14852,182492253,692
15650000,1844481,13351697,7.23873,14896,183910348,705
15700000,1846845,13386984,7.24857,14929,185316952,702
15750000,1849281,13422212,7.25807,14971,186734504,739
15800000,1851625,13457247,7.2678,15013,188160218,684
15850000,1853948,13492496,7.277710000000001,15061,189565872,715
15900000,1856263,13527569,7.28753,15109,190995424,711
15950000,1858689,13562721,7.296930000000001,15148,192418578,705
16000000,1861115,13597807,7.30627,15190,193864960,701
16050000,1863392,13632734,7.31608,15234,195312398,699
16100000,1865658,13667683,7.3259300000000005,15269,196759962,686
16150000,1867937,13702508,7.33564,15300,198231425,691
16200000,1870204,13737266,7.345330000000001,15349,199710289,693
16250000,1872436,13771948,7.3551,15400,201171975,708
16300000,1874796,13806791,7.36442,15438,202633313,675
16350000,1877132,13841415,7.3737,15475,204105382,693
16400000,1879415,13876035,7.38317,15518,205570878,685
16450000,1881694,13910703,7.39265,15567,207069648,701
16500000,1883986,13945322,7.40203,15623,208601003,703
16550000,1886180,13979699,7.41165,15664,210113135,676
16600000,1888351,14014047,7.421310000000001,15707,211602079,672
16650000,1890590,14048453,7.43072,15755,213108791,719
16700000,1892796,14082823,7.44022,15792,214572221,692
16750000,1895030,14117094,7.44954,15834,216085349,695
16800000,1897197,14151233,7.45902,15869,217576796,672
16850000,1899375,14185350,7.468430000000001,15913,219083451,668
16900000,1901559,14219573,7.47785,15952,220600403,684
16950000,1903821,14253935,7.487010000000001,16001,222156566,695
17000000,1905973,14287994,7.49643,16049,223701193,686
17050000,1908096,14322093,7.505960000000001,16100,225238457,661
17100000,1910338,14356102,7.51495,16153,226770372,666
17150000,1912551,14389942,7.52395,16189,228349203,639
17200000,1914680,14423707,7.53322,16225,229897468,675
17250000,1916786,14457649,7.54265,16263,231439068,708
17300000,1918912,14491392,7.551880000000001,16314,232983368,643
17350000,1920997,14525050,7.5612,16362,234577653,681
17400000,1922995,14558536,7.570760000000001,16403,236158234,675
17450000,1925141,14592193,7.5798,16437,237744883,676
17500000,1927194,14625791,7.589160000000001,16473,239315331,653
17550000,1929279,14659389,7.598380000000001,16512,240905328,666
17600000,1931407,14692919,7.6073699999999995,16548,242482623,679
17650000,1933533,14726586,7.616410000000001,16596,244074825,670
17700000,1935590,14760026,7.6256,16635,245684578,652
17750000,1937659,14793196,7.63457,16674,247288754,644
17800000,1939777,14826596,7.64345,16707,248925490,628
17850000,1941817,14859752,7.6525,16743,250552278,667
17900000,1943898,14893092,7.661460000000001,16787,252168943,673
17950000,1945954,14926249,7.6704,16828,253767300,685
18000000,1947919,14959495,7.67973,16872,255373280,670
18050000,1949907,14992665,7.688910000000001,16915,257008476,671
18100000,1951904,15025509,7.69787,16953,258644709,666
18150000,1953878,15058595,7.7070300000000005,16997,260268371,650
18200000,1955871,15091554,7.71603,17038,261896441,666
18250000,1957870,15124552,7.725,17072,263538695,669
18300000,1959862,15157323,7.73387,17111,265184218,655
18350000,1961827,15190151,7.74286,17144,266823014,636
18400000,1963839,15223200,7.751760000000001,17188,268476320,646
18450000,1965813,15255807,7.760560000000001,17240,270104637,653
18500000,1967775,15288348,7.769360000000001,17273,271771020,658
18550000,1969801,15321213,7.77805,17315,273421647,636
18600000,1971703,15353808,7.7870800000000004,17360,275103022,670
18650000,1973643,15386081,7.795780000000001,17390,276742817,622
18700000,1975574,15418601,7.80462,17429,278424516,652
18750000,1977503,15451043,7.81341,17474,280050707,611
18800000,1979401,15483651,7.8223899999999995,17521,281730215,650
18850000,1981311,15515928,7.8311399999999995,17566,283436077,636
18900000,1983180,15548369,7.84012,17607,285145452,638
18950000,1985060,15580726,7.84899,17652,286854225,641
19000000,1986966,15612954,7.85769,17688,288536921,625
19050000,1988853,15645139,7.866410000000001,17726,290245798,653
19100000,1990769,15677386,7.875039999999999,17758,291939478,673
19150000,1992674,15709340,7.88355,17792,293664888,648
19200000,1994560,15741348,7.8921399999999995,17824,295358733,647
19250000,1996429,15773224,7.90072,17878,297066448,607
19300000,1998262,15804786,7.909269999999999,17917,298779536,645
19350000,2000114,15836906,7.917999999999999,17960,300513437,635
19400000,2001924,15868546,7.92665,17994,302256511,657
19450000,2003727,15900530,7.93548,18035,303997634,637
19500000,2005552,15932239,7.94407,18065,305756357,619
19550000,2007414,15964003,7.95252,18107,307504182,622
19600000,2009236,15995442,7.960960000000001,18152,309213645,630
19650000,2011122,16026864,7.969119999999999,18185,310898560,613
19700000,2012932,16058517,7.97767,18226,312622614,628
19750000,2014674,16089799,7.9863,18258,314366661,642
19800000,2016454,16121008,7.994730000000001,18310,316122333,592
19850000,2018166,16152172,8.00339,18354,317908500,619
19900000,2019875,16183442,8.0121,18398,319680583,634
19950000,2021679,16214683,8.0204,18437,321460935,613
20000000,2023475,16245872,8.0287,18475,323225265,661
20050000,2025280,16277183,8.037,18516,324997154,622
20100000,2026988,16308493,8.04568,18554,326802843,604
20150000,2028798,16339592,8.05383,18598,328555832,623
20200000,2030645,16370671,8.061810000000001,18651,330341096,635
20250000,2032409,16401697,8.07008,18704,332136441,596
20300000,2034132,16432509,8.078389999999999,18738,333905391,605
20350000,2035865,16463749,8.08686,18786,335699739,638
20400000,2037597,16494587,8.09512,18823,337499293,634
20450000,2039350,16525520,8.10333,18856,339261284,618
20500000,2041091,16556533,8.11161,18889,341071088,633
20550000,2042801,16587456,8.11996,18920,342886208,617
20600000,2044431,16617876,8.12836,18967,344680314,603
20650000,2046149,16648546,8.13653,18996,346511263,602
20700000,2047848,16679151,8.14472,19040,348340199,621
20750000,2049520,16710004,8.15313,19081,350167103,617
20800000,2051209,16740427,8.16125,19122,352001914,611
20850000,2052812,16770805,8.16967,19151,353806868,594
20900000,2054438,16801054,8.17793,19181,355657725,591
20950000,2056112,16831449,8.186060000000001,19221,357462200,614
21000000,2057696,16861797,8.1945,19266,359314463,608
21050000,2059326,16892146,8.20275,19306,361147084,566
21100000,2060915,16922384,8.2111,19344,363005184,627
21150000,2062563,16952645,8.21921,19375,364801622,557
21200000,2064228,16982854,8.227219999999999,19408,366648170,599
21250000,2065832,17013021,8.235430000000001,19445,368482176,607
21300000,2067441,17042766,8.24341,19483,370347982,630
21350000,2069036,17072881,8.251610000000001,19522,372195939,621
21400000,2070671,17102928,8.25961,19556,374058506,608
21450000,2072182,17132886,8.26804,19599,375916565,612
21500000,2073794,17162659,8.27597,19627,377754121,570
21550000,2075362,17192492,8.284089999999999,19677,379596360,576
21600000,2076993,17222274,8.29193,19713,381464107,594
21650000,2078612,17252107,8.29982,19752,383311487,575
21700000,2080152,17281649,8.30788,19787,385175885,602
21750000,2081706,17311192,8.31587,19821,387046994,614
21800000,2083202,17340802,8.324110000000001,19865,388924384,597
21850000,2084713,17370425,8.332289999999999,19901,390782248,602
21900000,2086216,17400107,8.34051,19933,392681294,585
21950000,2087747,17429572,8.348510000000001,19973,394567471,578
22000000,2089273,17459073,8.356530000000001,20022,396461478,581
22050000,2090803,17488396,8.36444,20059,398360297,564
22100000,2092333,17517630,8.3723,20103,400229801,583
22150000,2093916,17546886,8.37994,20148,402110800,562
22200000,2095423,17576063,8.387839999999999,20181,404014611,569
22250000,2096984,17605356,8.395560000000001,20222,405881725,587
22300000,2098488,17634214,8.4033,20261,407750808,599
22350000,2099938,17663151,8.41127,20283,409698229,600
22400000,2101403,17692262,8.419260000000001,20318,411635693,594
22450000,2102951,17721165,8.426810000000001,20361,413536935,547
22500000,2104408,17750098,8.43472,20405,415437929,575
22550000,2105886,17778911,8.44249,20446,417341577,562
22600000,2107337,17807901,8.45043,20489,419267197,559
22650000,2108847,17836705,8.458039999999999,20530,421162357,587
22700000,2110383,17865483,8.46552,20572,423085685,576
22750000,2111828,17894387,8.473410000000001,20613,425059909,619
22800000,2113264,17923146,8.48126,20648,427030173,589
22850000,2114706,17951615,8.48894,20686,428953870,574
22900000,2116076,17980180,8.496939999999999,20730,430902956,574
22950000,2117464,18008613,8.5048,20767,432801731,572
23000000,2118823,18037095,8.512789999999999,20801,434721042,575
23050000,2120190,18065523,8.520710000000001,20839,436677048,550
23100000,2121563,18093701,8.52848,20877,438600410,572
23150000,2122942,18121837,8.53619,20916,440542476,581
23200000,2124391,18150304,8.54377,20949,442548995,577
23250000,2125799,18178506,8.55138,20980,444517643,592
23300000,2127104,18206595,8.559330000000001,21020,446463441,568
23350000,2128549,18234726,8.56674,21053,448399105,604
23400000,2129828,18262845,8.5748,21090,450333899,567
23450000,2131246,18290942,8.58228,21121,452285925,582
23500000,2132634,18319013,8.58985,21154,454239131,551
23550000,2133958,18346930,8.597610000000001,21201,456184520,549
23600000,2135275,18374766,8.60534,21234,458155358,551
23650000,2136651,18402470,8.61276,21254,460117302,531
23700000,2137994,18430260,8.62035,21292,462143293,549
23750000,2139279,18457982,8.62813,21323,464111300,566
23800000,2140571,18485721,8.63588,21369,466116664,521
23850000,2141898,18513685,8.64359,21410,468108500,573
23900000,2143134,18541117,8.6514,21444,470055779,531
23950000,2144473,18568508,8.65877,21488,471997819,542
24000000,2145831,18596028,8.66612,21534,473923068,566
24050000,2147123,18623597,8.673739999999999,21580,475901132,557
24100000,2148369,18650879,8.681410000000001,21609,477861778,536
24150000,2149649,18678312,8.689010000000001,21644,479879031,548
24200000,2150923,18705651,8.69657,21691,481901822,549
24250000,2152255,18733182,8.70398,21722,483867491,534
24300000,2153489,18760498,8.71168,21751,485840193,562
24350000,2154709,18787606,8.71932,21790,487829639,526
24400000,2155984,18814679,8.72672,21832,489794042,531
24450000,2157225,18841597,8.73418,21866,491769815,520
24500000,2158534,18868643,8.74142,21899,493779938,528
24550000,2159774,18895421,8.7488,21941,495747206,512
24600000,2161022,18922379,8.756219999999999,21977,497711558,537
24650000,2162266,18949187,8.763580000000001,22025,499676843,537
24700000,2163466,18975999,8.77111,22057,501672964,535
24750000,2164723,19002726,8.778360000000001,22093,503672836,535
24800000,2165864,19029467,8.78609,22137,505702388,529
24850000,2167042,19056165,8.79363,22181,507715445,510
24900000,2168330,19083038,8.8008,22229,509702575,545
24950000,2169501,19109548,8.80827,22276,511700113,495
25000000,2170698,19135929,8.815560000000001,22318,513661827,520
25050000,2171904,19162480,8.82289,22350,515684858,521
25100000,2173171,19188947,8.829930000000001,22392,517676932,537
25150000,2174310,19215453,8.837489999999999,22426,519709436,510
25200000,2175499,19241799,8.84477,22458,521719816,552
25250000,2176706,19268353,8.85207,22494,523720402,542
25300000,2177923,19294628,8.85919,22529,525764086,496
25350000,2179107,19321016,8.866480000000001,22567,527790667,540
25400000,2180196,19347240,8.874080000000001,22608,529773579,559
25450000,2181350,19373344,8.88136,22645,531740400,545
25500000,2182495,19399633,8.888739999999999,22682,533761883,518
25550000,2183688,19425822,8.89588,22718,535823446,520
25600000,2184808,19451810,8.903210000000001,22756,537829903,528
25650000,2185954,19477567,8.91033,22793,539845288,494
25700000,2187121,19503537,8.91745,22824,541848788,503
25750000,2188253,19529400,8.92465,22855,543855682,524
25800000,2189404,19555338,8.93181,22889,545900761,547
25850000,2190527,19581051,8.93897,22926,547924644,513
25900000,2191583,19606806,8.94641,22969,549921345,512
25950000,2192784,19632630,8.953289999999999,23007,551980825,516
26000000,2193870,19658387,8.9606,23031,554004431,511
26050000,2194912,19684070,8.96805,23072,556066628,463
26100000,2196022,19709609,8.97514,23109,558110544,527
26150000,2197092,19734963,8.98231,23138,560121247,491
26200000,2198213,19760332,8.98927,23177,562140713,491
26250000,2199257,19785920,8.99664,23206,564178239,498
26300000,2200308,19811282,9.00387,23239,566236635,491
26350000,2201394,19836621,9.01094,23283,568261176,512
26400000,2202439,19861867,9.01812,23329,570318567,490
26450000,2203522,19887128,9.025160000000001,23368,572331809,491
26500000,2204577,19912334,9.03227,23403,574319251,507
26550000,2205583,19937468,9.03955,23433,576344416,508
26600000,2206665,19962625,9.046510000000001,23468,578354374,512
26650000,2207670,19987630,9.05372,23493,580402268,493
26700000,2208684,20012709,9.06092,23524,582408621,501
26750000,2209712,20037423,9.06789,23557,584417536,491
26800000,2210761,20062422,9.07489,23586,586465884,475
26850000,2211752,20087274,9.08206,23620,588500717,500
26900000,2212782,20112250,9.08912,23657,590565051,506
26950000,2213805,20136926,9.09607,23689,592556648,504
27000000,2214812,20161563,9.103060000000001,23729,594584453,496
27050000,2215845,20186121,9.1099,23770,596585094,506
27100000,2216895,20210698,9.11667,23809,598632064,469
27150000,2217921,20235282,9.12354,23844,600609815,498
27200000,2218868,20259819,9.1307,23887,602647378,465
27250000,2219912,20284228,9.1374,23915,604654876,496
27300000,2220876,20308562,9.14439,23949,606670688,492
27350000,2221864,20332798,9.15123,23976,608675047,467
27400000,2222784,20357047,9.15836,24024,610731181,499
27450000,2223724,20381395,9.16543,24053,612753461,510
27500000,2224703,20405629,9.17229,24083,614781610,490
27550000,2225628,20429834,9.17936,24110,616801292,479
27600000,2226548,20454095,9.18646,24148,618880491,463
27650000,2227455,20478303,9.193589999999999,24190,620878094,492
27700000,2228393,20502356,9.200510000000001,24225,622880265,477
27750000,2229376,20526589,9.20732,24261,624931426,471
27800000,2230382,20550573,9.21393,24297,626909370,487
27850000,2231380,20574585,9.22057,24326,628975812,496
27900000,2232224,20598195,9.22766,24350,630977626,481
27950000,2233178,20621964,9.23436,24392,632965233,457
28000000,2234040,20645607,9.24138,24428,634991633,442
28050000,2234959,20669276,9.24817,24460,637009778,461
28100000,2235895,20693082,9.25494,24499,639073264,471
28150000,2236793,20716481,9.26169,24535,641093217,488
28200000,2237679,20740114,9.26858,24581,643150218,450
28250000,2238572,20763784,9.27546,24629,645169250,491
28300000,2239463,20787486,9.28235,24662,647183543,476
28350000,2240345,20811047,9.28922,24697,649189562,472
28400000,2241187,20834501,9.29619,24739,651205918,480
28450000,2242073,20857804,9.30291,24770,653183479,458
28500000,2242894,20881098,9.30989,24807,655223482,462
28550000,2243768,20904470,9.31668,24837,657271955,481
28600000,2244576,20927506,9.32359,24862,659255592,449
28650000,2245389,20950442,9.33043,24906,661243598,473
28700000,2246240,20973771,9.33728,24941,663299826,425
28750000,2247096,20996761,9.34395,24973,665321615,458
28800000,2247959,21019858,9.35064,25007,667331902,470
28850000,2248749,21042799,9.357560000000001,25045,669349919,457
28900000,2249540,21065648,9.364419999999999,25075,671287219,441
28950000,2250346,21088647,9.37129,25107,673306389,460
29000000,2251173,21111486,9.377989999999999,25150,675303661,445
29050000,2252024,21134364,9.38461,25181,677303048,443
29100000,2252880,21157025,9.3911,25218,679339658,452
29150000,2253658,21179641,9.39789,25246,681293280,427
29200000,2254478,21202235,9.4045,25285,683322571,472
29250000,2255247,21224725,9.41126,25316,685294125,455
29300000,2256013,21247301,9.41808,25351,687305254,468
29350000,2256802,21269913,9.4248,25386,689288795,443
29400000,2257587,21292350,9.431460000000001,25409,691269949,437
29450000,2258356,21314757,9.43817,25448,693266095,443
29500000,2259076,21336957,9.444989999999999,25476,695284925,421
29550000,2259832,21359413,9.45177,25516,697301852,448
29600000,2260595,21381614,9.4584,25552,699323032,441
29650000,2261314,21403980,9.46528,25584,701341770,459
29700000,2262062,21426395,9.47206,25607,703368668,467
29750000,2262801,21448427,9.478710000000001,25648,705363034,468
29800000,2263564,21470474,9.48525,25684,707335900,428
29850000,2264317,21492371,9.491769999999999,25713,709372662,422
29900000,2264998,21514553,9.49871,25760,711372615,445
29950000,2265726,21536494,9.505339999999999,25795,713405199,440
30000000,2266455,21558284,9.5119,25829,715369053,437
30050000,2267168,21580299,9.51861,25868,717387409,409
30100000,2267878,21601946,9.52518,25900,719326944,424
30150000,2268565,21623765,9.53191,25926,721341871,447
30200000,2269332,21645342,9.5382,25964,723329672,433
30250000,2270054,21666913,9.54467,26014,725315032,445
30300000,2270746,21688497,9.55127,26048,727308962,402
30350000,2271427,21710140,9.55793,26078,729314038,458
30400000,2272115,21731969,9.564639999999999,26123,731379960,427
30450000,2272770,21753434,9.57133,26167,733358488,437
30500000,2273459,21774968,9.5779,26201,735333800,418
30550000,2274078,21796149,9.584610000000001,26245,737278698,445
30600000,2274760,21817431,9.59109,26267,739252581,412
30650000,2275407,21838802,9.597760000000001,26296,741211198,440
30700000,2276073,21860080,9.6043,26330,743187961,381
30750000,2276745,21881206,9.61074,26367,745160002,426
30800000,2277420,21902213,9.61712,26399,747124291,417
30850000,2278054,21923330,9.62371,26429,749133954,406
30900000,2278694,21944214,9.63017,26465,751128773,410
30950000,2279342,21965230,9.63665,26502,753123261,430
31000000,2279971,21986129,9.64316,26528,755118329,422
31050000,2280589,22007021,9.64971,26549,757090947,450
31100000,2281255,22027917,9.65605,26580,759065684,431
31150000,2281837,22048829,9.66275,26615,761005378,417
31200000,2282480,22069611,9.669139999999999,26647,762951638,399
31250000,2283138,22090548,9.67552,26684,764970925,420
31300000,2283752,22111180,9.68195,26716,766898588,412
31350000,2284362,22131874,9.68843,26750,768830640,400
31400000,2284982,22152285,9.69473,26781,770778670,401
31450000,2285556,22172756,9.70125,26817,772713425,420
31500000,2286162,22193403,9.70771,26850,774660585,418
31550000,2286706,22213698,9.71428,26889,776613786,399
31600000,2287302,22234265,9.72074,26915,778560175,405
31650000,2287836,22254521,9.727319999999999,26945,780486568,404
31700000,2288421,22274639,9.73363,26980,782421155,403
31750000,2288957,22294681,9.7401,27012,784356477,431
31800000,2289496,22315010,9.74669,27039,786306072,378
31850000,2290014,22334966,9.7532,27060,788241645,387
31900000,2290542,22355227,9.7598,27095,790210260,411
31950000,2291102,22375346,9.76619,27125,792175801,404
32000000,2291657,22395341,9.77255,27157,794093622,376
32050000,2292180,22415229,9.779,27188,796022043,386
32100000,2292736,22435267,9.78537,27229,797933718,395
32150000,2293273,22455184,9.79176,27264,799831761,416
32200000,2293813,22474802,9.798010000000001,27305,801757249,391
32250000,2294329,22494518,9.8044,27341,803696739,415
32300000,2294863,22514163,9.81068,27380,805616921,401
32350000,2295395,22533850,9.816980000000001,27426,807503559,409
32400000,2295943,22553477,9.823189999999999,27461,809406519,377
32450000,2296460,22572861,9.829419999999999,27493,811336678,386
32500000,2296922,22592394,9.835939999999999,27531,813228970,412
32550000,2297433,22611817,9.842210000000001,27568,815155774,396
32600000,2297924,22631283,9.84858,27594,817069643,399
32650000,2298440,22650582,9.85476,27627,818936096,353
32700000,2298926,22669983,9.86112,27654,820887352,384
32750000,2299422,22689283,9.867389999999999,27688,822798200,395
32800000,2299910,22708614,9.8737,27724,824706526,374
32850000,2300357,22727926,9.88017,27757,826600987,403
32900000,2300825,22746977,9.886439999999999,27792,828467480,365
32950000,2301257,22766208,9.89294,27822,830388702,398
33000000,2301731,22785174,9.89915,27848,832283451,390
33050000,2302163,22804303,9.9056,27883,834232467,392
33100000,2302614,22823461,9.91198,27915,836140676,388
