timestep,num_nodes,num_edges,average_degree,max_degree,num_triangles,new_edges
0,980,986,1.0061200000000001,97,47,986
50000,39833,49960,1.25424,959,4523,941
100000,70120,98415,1.40352,959,13496,973
150000,97580,147068,1.50715,3004,19908,972
200000,121144,195695,1.6153899999999999,3004,27750,979
250000,142566,243861,1.7105099999999998,3004,36066,993
300000,161961,291822,1.8018,3004,50051,967
350000,184035,338529,1.83948,3004,72267,941
400000,206471,385301,1.8661299999999998,3004,88296,934
450000,225490,432252,1.91695,3004,104177,954
500000,245426,478588,1.95003,3004,121919,964
550000,262957,524037,1.9928599999999999,3004,163323,956
600000,275668,571124,2.07178,3004,182956,861
650000,290244,617425,2.1272599999999997,3004,202750,949
700000,303397,664145,2.18903,3004,220746,960
750000,314268,710753,2.2616099999999997,3004,241333,936
800000,326436,756994,2.31897,3004,261657,904
850000,339995,802911,2.36154,3004,277065,951
900000,353343,848897,2.40247,3004,304575,936
950000,365042,893991,2.44901,3004,330058,906
1000000,376468,939402,2.4953,3004,354320,917
1050000,388632,983465,2.53058,3004,383924,939
1100000,407820,1027538,2.51959,3703,404265,847
1150000,430058,1070691,2.48964,3703,422609,889
1200000,449984,1113715,2.4750099999999997,3703,444040,978
1250000,466994,1157342,2.47828,3703,476189,937
1300000,483676,1200696,2.48244,5908,515377,839
1350000,502951,1242488,2.4704,5908,538182,805
1400000,523073,1284683,2.4560299999999997,5908,568779,848
1450000,542916,1326743,2.44374,5908,594314,759
1500000,562889,1367402,2.4292599999999998,5908,613637,776
1550000,580939,1407055,2.42204,5908,639275,809
1600000,597915,1448029,2.4218,5908,667729,886
1650000,609151,1487415,2.44178,5908,727171,421
1700000,621560,1527643,2.45776,5908,773883,828
1750000,634444,1567946,2.4713700000000003,5908,798725,839
1800000,646131,1607778,2.48832,5908,826720,762
1850000,656570,1648736,2.51114,5908,888089,700
1900000,669140,1688382,2.5232099999999997,5908,918905,780
1950000,681161,1726545,2.53471,5908,955206,829
2000000,693222,1764647,2.54557,5908,1010712,749
2050000,704183,1801510,2.5583,5908,1040774,771
2100000,714033,1839261,2.5758799999999997,5908,1094914,894
2150000,721586,1880158,2.6055900000000003,5908,1152371,973
2200000,725846,1924463,2.6513400000000003,5908,1191553,832
2250000,729158,1970050,2.70181,5908,1246619,973
2300000,732658,2014746,2.74991,5908,1282052,747
2350000,735878,2059543,2.7987599999999997,5908,1335913,919
2400000,739199,2104021,2.84635,5908,1433660,719
2450000,742630,2147886,2.89227,5908,1483636,895
2500000,745851,2192695,2.93986,5908,1518371,881
2550000,749412,2235433,2.98292,5908,1590033,941
2600000,752877,2278183,3.02597,5908,1638727,771
2650000,755849,2321226,3.07102,5908,1695612,926
2700000,758240,2366446,3.1209700000000002,5908,1783491,799
2750000,761245,2409447,3.16514,5908,1848188,750
2800000,764012,2453426,3.21124,5908,1922293,887
2850000,765811,2497551,3.26132,5908,2067334,968
2900000,767792,2540731,3.30914,5908,2195580,878
2950000,770166,2584063,3.3552,5908,2277250,825
3000000,772824,2626483,3.39855,5908,2348045,872
3050000,775725,2669982,3.4419199999999996,5908,2436581,878
3100000,778177,2713010,3.4863699999999995,5908,2522138,865
3150000,780809,2754885,3.5282400000000003,5908,2617589,844
3200000,782930,2798065,3.57384,5908,2709140,805
3250000,787124,2839000,3.6068,5908,2768636,829
3300000,791080,2878216,3.6383400000000004,5908,2838152,758
3350000,795228,2917711,3.6690199999999997,5908,2921996,823
3400000,799086,2957661,3.7013,5908,2992983,840
3450000,802788,2996240,3.7322900000000003,5908,3051193,757
3500000,807013,3035117,3.76093,5908,3107992,657
3550000,811565,3072857,3.78634,5908,3173883,780
3600000,816040,3108491,3.80924,5908,3241141,766
3650000,819994,3147280,3.83817,5908,3326465,852
3700000,824178,3185737,3.86535,5908,3383111,793
3750000,827205,3223852,3.8972800000000003,5908,3468271,868
3800000,829677,3265332,3.9356699999999996,5908,3547441,943
3850000,832322,3304783,3.97056,5908,3649598,790
3900000,835032,3344272,4.00496,5908,3730392,845
3950000,837507,3385326,4.04215,5908,3915802,644
4000000,840157,3425486,4.0772,5908,4005624,789
4050000,843174,3464192,4.10851,5908,4102474,910
4100000,845971,3502100,4.13974,5908,4185892,737
4150000,848997,3540201,4.16986,5908,4268500,735
4200000,852281,3578014,4.19816,5908,4349199,653
4250000,854883,3616121,4.22996,5908,4455005,831
4300000,861155,3661740,4.25213,5908,4646687,1000
4350000,868599,3707559,4.26844,5908,4836114,790
4400000,874464,3753898,4.2928,5908,5024472,881
4450000,880534,3800353,4.31596,5908,5192223,1000
4500000,886030,3847704,4.342630000000001,5908,5452891,995
4550000,890815,3893027,4.37019,5908,5735206,928
4600000,896906,3935363,4.38771,5908,6178500,735
4650000,906432,3975662,4.38606,6202,6480483,825
4700000,918831,4014818,4.36948,6202,6685477,814
4750000,929764,4053980,4.36022,6202,6870132,626
4800000,941694,4093127,4.34656,6202,7037272,701
4850000,950124,4135608,4.3527,6202,7142665,855
4900000,953108,4182552,4.388330000000001,6202,7434384,1000
4950000,960116,4226989,4.40258,6202,7596033,853
5000000,966742,4269436,4.41631,6202,7956636,850
5050000,976226,4311591,4.41659,6202,8093939,996
5100000,983397,4357592,4.43116,6202,8277767,987
5150000,988687,4404504,4.4549,6202,8509294,1000
5200000,992982,4452200,4.48367,6202,8807070,952
5250000,995893,4500138,4.5187,6202,9080120,955
5300000,998732,4548155,4.55393,6202,9343968,941
5350000,999905,4594973,4.59541,6202,9677967,809
5400000,1006161,4636197,4.60781,6202,9876261,870
5450000,1014072,4679499,4.61456,6202,9960099,895
5500000,1020120,4724392,4.63121,6202,10221246,930
5550000,1023350,4766888,4.658119999999999,6202,10587873,829
5600000,1035737,4809048,4.64312,6202,10875190,947
5650000,1068874,4846819,4.53451,6202,10883350,979
5700000,1092214,4875392,4.463769999999999,6202,10904206,212
5750000,1107484,4904062,4.42811,6202,10923831,318
5800000,1113614,4934346,4.43093,6202,10972919,236
5850000,1115140,4946984,4.4362,6202,10987224,247
5900000,1134376,4990151,4.399030000000001,6202,11265668,950
5950000,1149032,5031781,4.37915,6202,12086988,854
6000000,1152432,5069249,4.39874,6202,13056475,693
6050000,1157624,5108556,4.41297,6202,13678478,997
6100000,1161230,5148345,4.43353,6202,14811845,757
6150000,1162114,5189385,4.46547,6202,16278984,829
6200000,1162152,5228365,4.49887,6202,17702548,875
6250000,1162271,5267195,4.53181,6202,18885011,959
6300000,1162527,5300107,4.559130000000001,6202,20515099,287
6350000,1162832,5333748,4.58686,6202,22143740,826
6400000,1167378,5368277,4.59858,6202,23881112,525
6450000,1182550,5396156,4.56315,6202,23922002,472
6500000,1200078,5424926,4.52048,6202,23953252,461
6550000,1215021,5453632,4.48851,6202,23999687,597
6600000,1228383,5483461,4.46397,6202,24056685,721
6650000,1240637,5513942,4.44444,6202,24251962,551
6700000,1264619,5547330,4.38656,6202,24399425,188
6750000,1275450,5585238,4.37903,6202,24995620,870
6800000,1284068,5626812,4.38202,6202,25401323,717
6850000,1304327,5657802,4.33772,6202,25480009,742
6900000,1312531,5677189,4.32538,6202,25786730,796
6950000,1317827,5697734,4.323580000000001,6202,25898769,544
7000000,1323725,5724073,4.3242199999999995,6202,26020849,453
7050000,1328766,5750058,4.327369999999999,6202,26301509,513
7100000,1333056,5775721,4.33269,6202,26512135,618
7150000,1337198,5801909,4.3388599999999995,6202,26701114,542
7200000,1341927,5827262,4.34246,6202,26866917,673
7250000,1347038,5848068,4.34143,6202,26924081,455
7300000,1351765,5870518,4.34285,6202,27169527,359
7350000,1355709,5892606,4.346509999999999,6202,27411905,343
7400000,1359939,5914501,4.34909,6202,27539391,540
7450000,1363800,5936515,4.35292,6202,27693473,599
7500000,1369527,5975533,4.36321,6202,27889091,689
7550000,1374378,6017546,4.37838,10090,28116334,696
7600000,1379963,6057369,4.38952,10090,28272180,742
7650000,1384316,6097513,4.40471,10090,28437892,754
7700000,1389332,6137067,4.41728,10090,28771039,707
7750000,1395318,6176820,4.426819999999999,10090,29004884,717
7800000,1403842,6214199,4.42657,10090,29171966,637
7850000,1410412,6252867,4.4333599999999995,10090,29427389,919
7900000,1417756,6292815,4.4385699999999995,10090,29613736,736
7950000,1424984,6330909,4.4427900000000005,10090,30216065,798
8000000,1429281,6369654,4.45654,10090,30889636,719
8050000,1429785,6407092,4.48116,10090,32462052,594
8100000,1431244,6445242,4.50324,10090,32984943,699
8150000,1431821,6482344,4.527340000000001,10090,33982725,546
8200000,1432462,6519150,4.55101,10090,34972351,752
8250000,1433306,6556764,4.57457,10090,35768774,734
8300000,1434642,6594014,4.59628,10090,36452782,845
8350000,1438827,6630733,4.60843,10090,36873609,630
8400000,1440047,6665289,4.62852,10090,37363995,813
8450000,1440382,6703875,4.65423,10090,38359493,769
8500000,1440822,6742568,4.67967,10090,39114375,788
8550000,1441288,6780880,4.70474,10090,39590525,780
8600000,1441672,6821279,4.73151,10090,39902899,839
8650000,1442300,6861743,4.7575,10090,40378375,859
8700000,1442495,6899786,4.7832300000000005,10090,41318822,680
8750000,1442861,6939434,4.8095,10090,41944526,862
8800000,1443250,6978719,4.83542,10090,42544150,658
8850000,1443564,7017262,4.86107,10090,42841546,549
8900000,1443819,7055887,4.88696,10090,43225550,852
8950000,1444094,7094688,4.9129,10090,43866160,769
9000000,1444569,7133835,4.93838,10090,44224190,857
9050000,1444916,7172835,4.96419,10090,44539020,658
9100000,1445307,7210154,4.98867,10090,45011996,788
9150000,1445670,7248236,5.0137599999999996,10090,45721694,730
9200000,1446134,7287142,5.03905,10090,46095166,846
9250000,1446418,7327965,5.06628,10090,46873528,829
9300000,1447231,7365466,5.08935,12364,47277495,832
9350000,1447716,7406108,5.11572,12364,47939230,824
9400000,1448195,7443263,5.13968,12364,48707973,701
9450000,1448711,7479657,5.16297,12364,49226404,606
9500000,1448975,7516054,5.18715,12364,49840203,765
9550000,1449266,7552875,5.21152,12364,50743081,799
9600000,1449541,7589378,5.23571,12364,51966172,802
9650000,1449897,7625843,5.259580000000001,12364,52298654,582
9700000,1450363,7658882,5.28067,12364,52692128,539
9750000,1450827,7693804,5.30305,12364,53148289,794
9800000,1451296,7728965,5.32556,12364,53599381,652
9850000,1451704,7761705,5.34662,12364,54052960,837
9900000,1452039,7796352,5.3692400000000005,12364,54677269,570
9950000,1452268,7832912,5.3935699999999995,12364,56363970,890
10000000,1452521,7870062,5.41821,12364,58161708,741
10050000,1452970,7910602,5.44444,12364,59158842,686
10100000,1453305,7945037,5.466880000000001,12364,59834227,564
10150000,1453731,7978800,5.4885,12364,60416276,905
10200000,1453965,8014160,5.51193,12364,61580431,749
10250000,1454176,8046780,5.53357,12364,62763260,582
10300000,1454508,8079013,5.55446,12364,63423595,733
10350000,1454855,8112999,5.5765,12364,64134434,943
10400000,1455221,8148345,5.5993900000000005,12364,65251681,766
10450000,1455568,8182632,5.6216099999999996,12364,66377163,696
10500000,1455916,8216543,5.64356,12364,67078209,596
10550000,1456226,8253105,5.66746,12364,68962288,672
10600000,1456437,8284878,5.68846,12364,70199233,631
10650000,1456929,8318657,5.70972,12364,71243643,802
10700000,1457157,8353634,5.73283,12364,72210651,935
10750000,1457375,8389193,5.7563699999999995,12364,72987538,838
10800000,1457645,8422326,5.77804,12726,74150539,713
10850000,1457968,8455936,5.79981,12726,75086958,629
10900000,1458169,8487052,5.82035,12726,75929213,682
10950000,1458461,8518661,5.84086,12726,77114348,572
11000000,1458832,8551520,5.86189,12726,78351791,616
11050000,1459171,8582911,5.88205,12726,78998964,625
11100000,1459383,8613461,5.9021300000000005,12726,79753165,541
11150000,1459649,8642939,5.92124,12726,80567107,920
11200000,1459982,8674191,5.9413,12726,81840073,334
11250000,1460357,8705860,5.96146,17851,82818779,545
11300000,1460633,8738680,5.9828,17851,84262423,716
11350000,1460941,8767390,6.00119,17851,85453732,650
11400000,1461248,8798829,6.02145,17851,86642037,712
11450000,1461506,8827771,6.04019,17851,88079319,481
11500000,1461603,8854379,6.05799,17851,89389651,484
11550000,1461892,8882210,6.075830000000001,17851,90428367,441
11600000,1462020,8911291,6.0951900000000006,17851,91759458,464
11650000,1462478,8939143,6.11233,17851,92875920,617
11700000,1462775,8972620,6.13397,17851,94579613,672
11750000,1463126,9002672,6.15304,17851,95661775,598
11800000,1463309,9028877,6.17018,17851,96401887,517
11850000,1464079,9058801,6.18737,17851,97100649,499
11900000,1464377,9085942,6.20465,17851,97925249,424
11950000,1464921,9110989,6.2194400000000005,17851,98599138,484
12000000,1465281,9140693,6.238180000000001,17851,99562085,484
12050000,1465784,9174400,6.25904,17851,100903827,403
12100000,1466021,9199658,6.27526,17851,101620479,543
12150000,1466273,9224654,6.2912300000000005,17851,102282206,443
12200000,1466666,9252636,6.3086199999999995,17851,102972159,717
12250000,1466880,9286802,6.33099,17851,104724547,372
12300000,1467362,9318171,6.35029,19633,106505633,672
12350000,1467864,9350148,6.3699,26534,107919718,495
12400000,1468341,9375059,6.3848,26534,108715857,323
12450000,1468508,9399775,6.4009,26534,109782855,427
12500000,1468788,9423402,6.415769999999999,26534,110693753,384
12550000,1469509,9456826,6.43536,26534,111979900,874
12600000,1469744,9488099,6.45561,26534,113527882,388
12650000,1469938,9519288,6.47598,26534,114958556,550
12700000,1470425,9546753,6.49251,26534,116528992,454
12750000,1470703,9569930,6.50704,26534,117462462,351
12800000,1470783,9600756,6.52765,26534,119176175,831
12850000,1470887,9634863,6.5503800000000005,26534,121062689,415
12900000,1471182,9663233,6.56835,26534,122212567,487
12950000,1471518,9692124,6.58648,26534,123048414,804
13000000,1471573,9732002,6.61333,26534,125173034,695
13050000,1471733,9766460,6.63603,26534,127612899,604
13100000,1471975,9796286,6.6552,26534,128855401,455
13150000,1472178,9829156,6.67661,26534,130726274,748
13200000,1472420,9860221,6.696610000000001,26534,132477839,353
13250000,1472955,9883002,6.709639999999999,26534,132993609,349
13300000,1473289,9911442,6.72743,26534,134209895,525
13350000,1473354,9946352,6.75082,26534,137539903,616
13400000,1473421,9981732,6.77453,26534,140705882,804
13450000,1473531,10013675,6.7957,26534,143663331,499
13500000,1473764,10039983,6.81248,26534,144910893,501
13550000,1474075,10065532,6.82837,26534,146078585,391
13600000,1474353,10095051,6.847110000000001,26534,147451574,708
13650000,1474592,10126972,6.86764,26534,149391592,376
13700000,1474813,10160722,6.8895,26534,151096525,766
13750000,1474949,10193867,6.911339999999999,26534,153589504,703
13800000,1475017,10225114,6.9322,26534,156895341,677
13850000,1475161,10253398,6.9507,26534,159937798,648
13900000,1475589,10279137,6.96612,26534,160804726,379
13950000,1475953,10306296,6.982810000000001,26534,161613944,596
14000000,1476268,10333739,6.999910000000001,26534,162850751,569
14050000,1476490,10360450,7.01695,26534,164082567,466
14100000,1476677,10390146,7.036169999999999,26534,165450397,772
14150000,1477033,10417115,7.05273,26534,166427193,541
14200000,1477371,10445293,7.070189999999999,26534,167487652,581
14250000,1477780,10474289,7.08785,26534,168292844,706
14300000,1477964,10500821,7.10492,26534,169400947,340
14350000,1478344,10523497,7.11844,26534,169850744,757
14400000,1478791,10551966,7.13554,26534,171482403,623
14450000,1478910,10582128,7.155360000000001,26534,173518570,492
14500000,1479178,10605346,7.169760000000001,26534,174477084,385
14550000,1479409,10628750,7.1844600000000005,26534,175451179,428
14600000,1479551,10657577,7.20325,26534,177590998,628
14650000,1479792,10683003,7.21926,26534,179095460,576
14700000,1480014,10708701,7.235539999999999,26534,180661490,592
14750000,1480275,10734034,7.25138,26534,182121320,227
14800000,1480527,10756967,7.265630000000001,26534,183240321,309
14850000,1480711,10782379,7.28189,26534,185016980,506
14900000,1480967,10806791,7.29712,26534,185950225,326
14950000,1481451,10835308,7.31398,26534,189240187,444
15000000,1481685,10858404,7.3284199999999995,26534,191304729,462
15050000,1481854,10884062,7.3448899999999995,26534,194281078,444
15100000,1481942,10912694,7.36378,26534,198874292,739
15150000,1481968,10940373,7.3823300000000005,26534,203720659,331
15200000,1482041,10973409,7.40425,26534,207671899,654
15250000,1482224,11008257,7.42685,26534,211065893,525
15300000,1482358,11042784,7.44947,26534,213894558,764
15350000,1482770,11065515,7.4627300000000005,26534,214610881,352
15400000,1483104,11089104,7.476960000000001,26534,216132694,463
15450000,1483335,11110551,7.49025,26534,218042267,490
15500000,1483359,11137764,7.5084800000000005,26534,223132911,544
15550000,1483424,11163810,7.5257,26534,227907539,479
15600000,1483475,11184874,7.5396399999999995,26534,231412558,376
15650000,1483716,11203947,7.55127,26534,232099212,339
15700000,1483947,11222380,7.56252,26534,233009373,390
15750000,1483983,11248402,7.57987,26534,237528613,613
15800000,1483998,11273701,7.596839999999999,26534,242412134,611
15850000,1484026,11298245,7.613239999999999,26534,247154067,506
15900000,1484069,11321962,7.629,26534,252389505,260
15950000,1484096,11344867,7.64429,26534,257249717,572
16000000,1484304,11365111,7.656860000000001,26534,259456933,385
16050000,1484385,11383310,7.6687,26534,262251800,409
16100000,1484461,11407524,7.68462,26534,265932224,390
16150000,1484486,11423907,7.695530000000001,26534,269186694,217
16200000,1484503,11439753,7.706119999999999,26534,272119207,265
16250000,1484545,11461150,7.7203100000000004,26534,275117732,689
16300000,1484779,11495068,7.74194,26534,278322414,776
16350000,1484956,11520175,7.7579199999999995,26534,280741517,652
16400000,1485124,11549943,7.777089999999999,26534,283043200,717
16450000,1485271,11584111,7.79932,26534,286155323,796
16500000,1485453,11618025,7.8212,26534,289195179,733
16550000,1485690,11637176,7.832839999999999,26534,289865969,200
16600000,1485896,11655578,7.8441399999999994,26534,291871141,241
16650000,1486149,11673843,7.8551,26534,293835123,393
16700000,1486402,11692166,7.86609,26534,294985722,291
16750000,1486634,11715978,7.88088,26534,295592474,289
16800000,1486798,11734685,7.892589999999999,26534,297536622,228
16850000,1486819,11749569,7.902489999999999,26534,300629313,157
16900000,1486957,11764687,7.911919999999999,26534,302938806,285
16950000,1486991,11778230,7.92085,26534,305764198,269
17000000,1487029,11791312,7.92944,26534,308656958,400
17050000,1487799,11814141,7.94068,26534,311358911,839
17100000,1490601,11846364,7.947369999999999,26656,312920188,522
17150000,1493513,11882199,7.95587,26656,314709970,473
17200000,1494673,11914328,7.971189999999999,26663,316834704,858
17250000,1496585,11945385,7.98176,26671,318675996,470
17300000,1499590,11982364,7.99043,26671,320909015,606
17350000,1501392,12017268,8.00408,26671,322785668,903
17400000,1504041,12047763,8.01026,26686,324210056,543
17450000,1507288,12084467,8.01736,26686,326060479,540
17500000,1508211,12116130,8.033439999999999,26722,328212663,805
17550000,1510813,12149032,8.04139,26722,330046562,661
17600000,1513782,12186332,8.05026,26722,331893698,907
17650000,1514534,12216337,8.06607,26722,334012525,794
17700000,1516728,12250488,8.07692,26722,336089915,520
17750000,1519014,12286457,8.08844,26722,338187003,593
17800000,1519938,12318040,8.1043,26722,340549635,752
17850000,1522635,12350546,8.1113,26765,342595366,575
17900000,1526162,12387563,8.116810000000001,26765,344405878,806
17950000,1527087,12416436,8.1308,26772,345984026,872
18000000,1529586,12449716,8.13927,26779,347847490,526
18050000,1532773,12485953,8.14599,26779,349760374,586
18100000,1533457,12515122,8.16138,26791,351660583,603
18150000,1536061,12553426,8.17248,26791,353766586,628
18200000,1537036,12587034,8.189160000000001,26791,356044457,900
18250000,1539287,12619188,8.19807,26802,357983081,524
18300000,1541334,12655933,8.211030000000001,26802,360155717,732
18350000,1541868,12685865,8.22759,26802,362312940,855
18400000,1544455,12720922,8.23651,26828,364590937,366
18450000,1545826,12755316,8.25146,26828,366620786,808
18500000,1548248,12786148,8.258460000000001,26857,368294073,514
18550000,1551216,12822969,8.2664,26857,370271682,732
18600000,1551884,12850721,8.28072,26882,372224929,825
18650000,1554347,12887255,8.29111,26882,374719907,564
18700000,1556215,12921145,8.30293,26882,376939938,643
18750000,1557643,12951686,8.31493,26882,378785801,566
18800000,1559757,12989276,8.327760000000001,26882,381793006,448
18850000,1560795,13022046,8.343210000000001,26882,384098879,773
18900000,1562654,13053088,8.35315,26882,386122543,467
18950000,1565373,13090986,8.36285,26882,388564339,804
19000000,1566170,13120000,8.37712,26882,390433448,910
19050000,1568883,13153253,8.38383,26882,392175805,503
19100000,1572100,13187832,8.38867,26882,394313427,579
19150000,1573105,13217297,8.40204,26882,396089386,876
19200000,1576272,13257325,8.41056,26882,398205681,663
19250000,1577051,13285841,8.42448,26882,400157896,520
19300000,1579766,13323522,8.433860000000001,26882,402544208,568
19350000,1580843,13355607,8.44841,26937,404419019,716
19400000,1582957,13387898,8.45752,26957,406667158,697
19450000,1584941,13423804,8.46959,26957,408886389,629
19500000,1587385,13458009,8.4781,27031,410981545,979
19550000,1590585,13506766,8.4917,27031,414202456,950
19600000,1593016,13555307,8.509210000000001,27031,416901142,974
19650000,1595555,13603559,8.525910000000001,27031,419630735,971
19700000,1597507,13651361,8.54542,27031,422445174,974
19750000,1599296,13698880,8.56557,27031,424850545,958
19800000,1601353,13745853,8.5839,27031,427220013,945
19850000,1603487,13792678,8.60168,27031,429375149,943
19900000,1605327,13839359,8.6209,27031,432152623,931
19950000,1608681,13886214,8.63205,27031,433980036,899
20000000,1611051,13930880,8.64708,27031,436074185,917
20050000,1612761,13976024,8.6659,27031,438207237,853
20100000,1614898,14021711,8.68272,27031,440268910,934
20150000,1616677,14067199,8.7013,27031,442107400,913
20200000,1617030,14109804,8.72575,27031,446311921,901
20250000,1618082,14153284,8.74695,27031,449313510,810
20300000,1618965,14195603,8.76832,27031,453089374,848
20350000,1619752,14236966,8.7896,27031,457547495,929
20400000,1620310,14275068,8.810080000000001,27031,463839021,771
20450000,1620463,14312451,8.83232,27031,469836423,814
20500000,1621764,14353322,8.850439999999999,27031,474108557,859
20550000,1625402,14395851,8.85679,27031,476112607,753
20600000,1627579,14437739,8.87068,27031,478323010,894
20650000,1634622,14480799,8.85881,27031,479172651,860
20700000,1635797,14524466,8.87914,27031,481466223,870
20750000,1636565,14563198,8.898639999999999,27031,485115378,829
20800000,1637690,14602199,8.91634,27031,487915449,889
20850000,1639787,14648270,8.93303,27031,490196757,995
20900000,1643509,14685101,8.935210000000001,27031,492615083,1000
20950000,1646244,14733260,8.94962,27031,496042363,997
21000000,1653929,14779196,8.93581,27031,498706339,830
21050000,1671300,14820819,8.86784,27031,498781179,838
21100000,1687740,14859695,8.80449,27031,499113010,575
21150000,1709851,14899038,8.71365,27031,499306097,850
21200000,1724999,14936609,8.65891,27031,499414970,818
21250000,1738466,14974539,8.61365,27031,499501400,833
21300000,1764896,15007767,8.50349,27031,499518817,734
21350000,1778619,15048636,8.46085,27031,500152026,763
21400000,1783156,15091372,8.463289999999999,27031,501916959,894
21450000,1786996,15134198,8.46907,27031,502498018,890
21500000,1787278,15173308,8.48962,27031,503837557,868
21550000,1787518,15207443,8.50757,27031,506897786,766
21600000,1788362,15247613,8.526019999999999,27031,509548592,1000
21650000,1789016,15285769,8.54423,27031,511656859,753
21700000,1789660,15324665,8.56289,27031,514066850,732
21750000,1789821,15363455,8.583789999999999,27031,517035269,593
21800000,1789932,15398701,8.60295,27031,520419018,861
21850000,1792229,15436639,8.6131,27031,522108139,806
21900000,1794794,15478047,8.62386,27031,522390976,795
21950000,1799313,15517446,8.624089999999999,27031,522712180,789
22000000,1804084,15557442,8.623460000000001,27031,523336715,631
22050000,1806118,15598534,8.6365,27031,526327632,976
22100000,1807066,15636974,8.65324,27031,528830752,651
22150000,1807397,15674281,8.6723,27031,531058561,770
22200000,1807585,15703810,8.68773,27031,534072823,511
22250000,1807791,15733766,8.70331,27031,537403311,605
22300000,1808039,15766974,8.72048,27031,539894670,623
22350000,1808274,15796027,8.73542,27031,543328943,792
22400000,1808436,15822938,8.74952,27031,547562930,326
22450000,1808628,15850977,8.76409,27031,551477007,273
22500000,1808905,15878172,8.77778,27031,554343913,782
22550000,1809315,15912110,8.79455,27031,555490183,652
22600000,1809957,15944910,8.80955,27031,557147780,742
22650000,1810549,15979031,8.82552,27031,558051830,713
22700000,1810916,16007311,8.83934,27031,559734268,469
22750000,1811329,16036816,8.85362,27031,561757632,634
22800000,1811734,16067648,8.86866,27031,562879001,661
22850000,1812070,16097346,8.8834,27031,564611766,564
22900000,1812397,16127442,8.8984,27031,566112382,576
22950000,1812784,16156400,8.91248,27031,567566744,614
23000000,1813102,16184503,8.92642,27031,568838792,531
23050000,1813553,16213978,8.94045,27031,570353258,587
23100000,1814025,16243342,8.954310000000001,27031,571712134,762
23150000,1814373,16272000,8.96839,27382,573416778,536
23200000,1814485,16290784,8.97819,27382,577237081,676
23250000,1814732,16321247,8.99375,27382,580231976,662
23300000,1814866,16345681,9.00655,27382,583903272,285
23350000,1814978,16366071,9.01723,27382,587190873,289
23400000,1815293,16388939,9.028260000000001,27382,589804718,557
23450000,1815534,16411231,9.03934,27382,592510142,461
23500000,1815831,16429986,9.04819,27382,596490415,679
23550000,1817059,16460668,9.05896,27382,597170032,713
23600000,1818375,16492838,9.0701,27382,598973109,825
23650000,1819287,16523570,9.08244,27382,600578483,601
23700000,1819671,16550924,9.09556,27382,602111375,577
23750000,1819941,16579505,9.109910000000001,27382,604079507,733
23800000,1820641,16607605,9.121839999999999,27382,604855625,583
23850000,1821517,16635012,9.1325,27382,605505764,449
23900000,1822145,16661013,9.14363,27382,607069274,409
23950000,1822963,16683732,9.15199,27382,609302109,448
24000000,1823503,16707566,9.16235,27382,612169567,818
24050000,1824037,16746509,9.18101,27382,616343303,755
24100000,1824941,16776342,9.19281,27382,618076952,320
24150000,1825679,16806067,9.20538,27382,620346291,778
24200000,1826443,16830960,9.215160000000001,27382,621406627,399
24250000,1827165,16853493,9.22385,27382,622109430,275
24300000,1827854,16876800,9.23312,27382,622989737,379
24350000,1828568,16898650,9.24147,27382,623804274,344
24400000,1828982,16920358,9.25124,27382,624547292,352
24450000,1829506,16942414,9.26065,27382,625586961,467
24500000,1830196,16963139,9.26848,27382,626356942,444
24550000,1831162,16984078,9.275030000000001,27382,627288577,379
24600000,1831610,17002714,9.28293,27382,628396061,228
24650000,1831804,17021997,9.29248,27382,629727724,200
24700000,1832373,17041809,9.3004,27382,630563827,373
24750000,1833271,17060814,9.30621,27382,631173772,325
24800000,1834007,17079368,9.3126,27382,631934566,288
24850000,1835123,17106468,9.3217,27382,633003048,798
24900000,1838533,17141031,9.323210000000001,27467,634050424,645
24950000,1841997,17177394,9.32542,27467,635189317,884
25000000,1843507,17209839,9.33538,27467,636256647,601
25050000,1847236,17247099,9.33671,27467,637391580,523
25100000,1849397,17279028,9.343060000000001,27467,638700911,758
25150000,1851582,17310717,9.34915,27467,639832092,830
25200000,1854939,17347761,9.3522,27488,641185791,520
25250000,1857355,17383210,9.359119999999999,27488,642513420,671
25300000,1859196,17414143,9.366489999999999,27488,643625287,454
25350000,1862483,17451500,9.37002,27500,644802599,488
25400000,1865386,17486348,9.37412,27500,645991179,803
25450000,1866746,17520058,9.38535,27500,647360254,802
25500000,1869825,17553419,9.38773,27505,648444511,467
25550000,1874466,17592304,9.38524,27505,649679582,750
25600000,1875288,17621380,9.39663,27505,650792328,676
25650000,1878412,17656767,9.39984,27505,651955161,418
25700000,1881959,17692144,9.40092,27505,653288234,804
25750000,1882901,17722721,9.412460000000001,27505,654374185,904
25800000,1886052,17760766,9.4169,27505,655520636,471
25850000,1887872,17793264,9.42504,27526,656851142,710
25900000,1889764,17826186,9.433019999999999,27526,657924146,765
25950000,1892491,17859656,9.43712,27535,659015088,611
26000000,1895575,17895507,9.440669999999999,27541,660141593,492
26050000,1899658,17932317,9.43976,27541,661293951,717
26100000,1900492,17961916,9.451189999999999,27541,662371493,452
26150000,1904033,17998799,9.45299,27541,663616696,453
26200000,1907830,18034019,9.452630000000001,27541,664895953,819
26250000,1908674,18064280,9.464310000000001,27548,666287045,477
26300000,1912055,18102389,9.4675,27548,667422673,525
26350000,1914463,18136461,9.47339,27548,668787863,809
26400000,1916548,18167835,9.479460000000001,27548,669832935,592
26450000,1919424,18204013,9.4841,27559,671079559,600
26500000,1923312,18241614,9.48448,27559,672208689,758
26550000,1924546,18272839,9.49462,27559,673293974,893
26600000,1928477,18309168,9.494110000000001,27559,674352423,466
26650000,1930039,18341649,9.50325,27559,675769435,832
26700000,1932709,18372217,9.505939999999999,27559,676758850,445
26750000,1936433,18410196,9.50727,27559,677776134,532
26800000,1938056,18443957,9.51673,27559,679206787,864
26850000,1940294,18476173,9.52236,27575,680353532,940
26900000,1943040,18521241,9.53209,27575,681830414,794
26950000,1949207,18559207,9.521410000000001,27575,682949181,547
27000000,1953417,18596550,9.520010000000001,27575,683784622,634
27050000,1954078,18624641,9.53117,27597,684662083,507
27100000,1954713,18651655,9.541889999999999,27597,686098882,493
27150000,1955754,18678475,9.55052,27597,687051287,868
27200000,1959727,18715124,9.54986,27597,688006614,515
27250000,1961094,18748858,9.560410000000001,27597,689435004,806
27300000,1964329,18781771,9.56142,27597,690537541,584
27350000,1967573,18818803,9.56448,27597,691727412,615
27400000,1968786,18851397,9.57514,27597,693122224,826
27450000,1971460,18884699,9.579039999999999,27597,694287128,569
27500000,1974050,18919405,9.584060000000001,27597,695420727,698
27550000,1977535,18956430,9.58589,27597,696582089,612
27600000,1978897,18989642,9.59607,27597,697976152,831
27650000,1982398,19022647,9.59578,27597,698965035,591
27700000,1992573,19060722,9.56588,27597,699877834,712
27750000,2002606,19094995,9.53507,27597,700806175,739
27800000,2007469,19133046,9.53093,27597,702505779,911
27850000,2021193,19177819,9.48837,27597,704265087,989
27900000,2026496,19218174,9.48345,27597,706776162,545
27950000,2035668,19250884,9.45679,27636,707508201,713
28000000,2041204,19292997,9.45177,27636,709656149,926
28050000,2045987,19330978,9.44824,27636,711658060,568
28100000,2047711,19369269,9.45899,27636,713116865,844
28150000,2053504,19407245,9.45079,27636,714625253,570
28200000,2058195,19443773,9.447000000000001,27636,715888403,795
28250000,2059819,19477057,9.45571,27636,717135006,923
28300000,2064030,19513672,9.45416,27636,718218819,545
28350000,2066595,19549457,9.45974,27636,719686512,805
28400000,2069701,19581171,9.46087,27664,721008930,588
28450000,2073479,19617719,9.461260000000001,27664,722160282,709
28500000,2074363,19647797,9.47173,27664,723411062,883
28550000,2077835,19685910,9.47424,27664,724557114,506
28600000,2078941,19718284,9.48477,27664,725931856,811
28650000,2083959,19752446,9.47833,27674,726981077,606
28700000,2089743,19791077,9.47058,27674,728143308,903
28750000,2092549,19821484,9.47241,27680,729395124,500
28800000,2095266,19858231,9.47767,27680,730695795,624
28850000,2098776,19894329,9.47901,27680,731791184,713
28900000,2099942,19927015,9.48932,27680,733063471,649
28950000,2103589,19960600,9.48883,27703,734170540,448
29000000,2107043,19995550,9.48986,27703,735384354,837
29050000,2108126,20025290,9.4991,27703,736554087,512
29100000,2111945,20064738,9.5006,27703,737676922,545
29150000,2112920,20098094,9.512,27703,739130169,893
29200000,2115934,20131253,9.51412,27703,740133760,568
29250000,2118801,20168234,9.5187,27703,741302559,636
29300000,2119912,20200453,9.52891,27729,742632929,845
29350000,2122371,20233728,9.53355,27729,743761741,875
29400000,2125548,20269512,9.53613,27729,745023859,608
29450000,2129607,20306153,9.535160000000001,27729,746225039,821
29500000,2130386,20336168,9.54577,27729,747484562,611
29550000,2133950,20375138,9.54809,27729,748656920,600
29600000,2134977,20406599,9.55823,27759,749959548,806
29650000,2138044,20441397,9.560789999999999,27769,751207722,661
29700000,2141092,20477792,9.56418,27769,752476990,801
29750000,2142060,20510024,9.574910000000001,27769,753752406,829
29800000,2144580,20544373,9.57967,27769,754938794,580
29850000,2147356,20581331,9.5845,27769,755987290,607
29900000,2149319,20616141,9.59194,27769,757200968,731
29950000,2151449,20647065,9.59682,27769,758315659,880
30000000,2155739,20686596,9.596060000000001,27769,759358508,578
30050000,2156743,20716248,9.60534,27769,760648807,896
30100000,2160684,20754218,9.60539,27769,761704534,580
30150000,2161866,20785808,9.61475,27769,763075636,816
30200000,2165215,20823066,9.61709,27769,764161156,424
30250000,2166338,20855925,9.62727,27769,765662585,815
30300000,2169282,20890073,9.62995,27769,766754567,523
30350000,2172060,20924897,9.63366,27769,768302623,813
30400000,2172965,20956282,9.6441,27769,769555040,722
30450000,2175583,20990706,9.64831,27769,770649747,677
30500000,2177925,21025008,9.65369,27769,771865850,851
30550000,2182526,21064831,9.651580000000001,27769,772793915,799
30600000,2183154,21096918,9.6635,27769,774135525,522
30650000,2186382,21128640,9.66375,27769,775252176,752
30700000,2188127,21163793,9.6721,27874,776429657,669
30750000,2191185,21198849,9.6746,27874,777514452,728
30800000,2193898,21230765,9.67719,27874,778731664,719
30850000,2195344,21265731,9.686739999999999,27874,779969354,728
30900000,2198034,21298790,9.68993,27913,780982085,638
30950000,2200189,21332164,9.69561,27920,782423552,734
31000000,2203643,21369634,9.697410000000001,27920,783358216,646
31050000,2205886,21401910,9.70218,27920,784745526,723
31100000,2208311,21436653,9.70726,27920,785988387,904
31150000,2211995,21472018,9.70708,27920,786921950,565
31200000,2213075,21504852,9.71718,27920,788366744,807
31250000,2216612,21540344,9.71769,27920,789541832,648
31300000,2218131,21573367,9.72592,27920,790695113,765
31350000,2220546,21606387,9.730210000000001,27920,792020087,738
31400000,2223450,21644851,9.7348,27920,793070425,657
31450000,2224508,21678425,9.74527,27920,794527526,815
31500000,2226549,21711570,9.75122,27920,795788041,569
31550000,2229818,21750116,9.75421,27920,796745448,606
31600000,2231100,21782883,9.76329,27920,798103235,826
31650000,2234324,21817002,9.76448,27920,799121449,616
31700000,2236037,21851874,9.77259,27920,800559445,813
31750000,2238919,21884352,9.774519999999999,27920,801536616,596
31800000,2241456,21920971,9.77979,27920,802819416,637
31850000,2243432,21952111,9.785060000000001,27920,804101143,523
31900000,2246934,21990107,9.786719999999999,27920,805234060,749
31950000,2247572,22019493,9.79701,27920,806687397,492
32000000,2250142,22055619,9.80188,27920,808077665,489
32050000,2253345,22092476,9.8043,27920,809284973,695
32100000,2253959,22123108,9.81522,27920,810557942,524
32150000,2257815,22162240,9.81579,27920,811592385,647
32200000,2258757,22193204,9.82541,27920,812971354,881
32250000,2263012,22232424,9.82426,27920,814164060,563
32300000,2263819,22260338,9.833089999999999,27920,815706225,900
32350000,2267644,22299818,9.833910000000001,27920,816767430,587
32400000,2268590,22329582,9.84293,27920,818273169,915
32450000,2272210,22367580,9.84398,27920,819372709,611
32500000,2273272,22398895,9.85315,27920,820874074,851
32550000,2276449,22435422,9.85545,27920,821996379,473
32600000,2278185,22467493,9.86201,27920,823627738,759
32650000,2279777,22500184,9.86947,27920,824900852,836
32700000,2282617,22533829,9.87193,27920,825986320,647
32750000,2285617,22570751,9.875119999999999,27920,827343420,666
32800000,2287069,22603788,9.8833,27920,828582538,688
32850000,2288928,22645765,9.89361,27920,830109385,804
32900000,2295424,22682806,9.88175,27920,830847822,564
32950000,2296275,22712607,9.89107,27920,831981901,535
33000000,2296932,22740606,9.90043,27920,833546948,524
33050000,2298474,22776427,9.90937,27920,835203814,835
33100000,2302292,22814517,9.90948,27920,836508311,674
