timestep,num_nodes,num_edges,average_degree,max_degree,num_triangles,new_edges
0,1970,1000,0.507614,2,0,1000
50000,63826,50971,0.798593,46,11,998
100000,103812,100894,0.971891,90,93,1000
150000,136384,150777,1.10553,149,316,1000
200000,164723,200608,1.21785,215,721,996
250000,190355,250386,1.31536,261,1359,995
300000,213821,300128,1.40364,311,2323,996
350000,235514,349845,1.48545,368,3670,993
400000,256181,399467,1.55932,423,5378,988
450000,275412,449044,1.63044,463,7620,989
500000,293737,498603,1.69745,512,10411,992
550000,311424,548115,1.76003,553,14038,990
600000,328368,597566,1.81981,612,18162,996
650000,344705,647013,1.8769999999999998,664,23035,990
700000,360310,696346,1.9326299999999998,714,28570,988
750000,375680,745644,1.98478,757,35098,982
800000,390617,794941,2.0350900000000003,811,42365,980
850000,404929,844149,2.08468,864,50578,988
900000,418898,893277,2.13245,914,60026,983
950000,432539,942392,2.1787400000000003,962,70141,982
1000000,445703,991476,2.22452,1012,81542,977
1050000,458469,1040508,2.26953,1054,94586,982
1100000,471184,1089507,2.31228,1096,108411,986
1150000,483723,1138470,2.35356,1144,124041,981
1200000,495829,1187411,2.3948,1203,140921,973
1250000,507910,1236288,2.43407,1253,158574,980
1300000,519587,1285120,2.47335,1295,177642,976
1350000,530919,1333848,2.51234,1346,198797,981
1400000,542146,1382540,2.55012,1396,221042,966
1450000,553346,1431230,2.5865,1446,244712,977
1500000,564345,1479826,2.6222,1491,270303,969
1550000,574970,1528365,2.6581599999999996,1558,297494,973
1600000,585427,1576788,2.6934,1617,327216,959
1650000,595651,1625305,2.7286200000000003,1666,358656,959
1700000,605697,1673723,2.7633,1726,391463,963
1750000,615870,1722113,2.79623,1768,426251,964
1800000,625615,1770423,2.8298900000000002,1816,462461,974
1850000,635174,1818707,2.86332,1863,501586,974
1900000,644686,1866951,2.8959099999999998,1914,541811,962
1950000,653933,1915136,2.92864,1948,585201,970
2000000,663173,1963229,2.9603599999999997,2003,630122,958
2050000,672461,2011323,2.99099,2055,676289,967
2100000,681492,2059409,3.0219099999999997,2099,726283,961
2150000,690364,2107372,3.05255,2156,778712,946
2200000,699196,2155272,3.0825,2197,832215,955
2250000,707927,2203180,3.11216,2243,888657,952
2300000,716638,2251059,3.14114,2291,946127,961
2350000,725297,2298833,3.16951,2340,1007753,956
2400000,733782,2346583,3.19793,2393,1071269,955
2450000,742075,2394320,3.2265200000000003,2450,1137973,949
2500000,750289,2442066,3.25483,2496,1208187,951
2550000,758411,2489683,3.2827599999999997,2529,1280447,961
2600000,766646,2537249,3.30954,2570,1353419,958
2650000,774576,2584774,3.33702,2615,1431373,943
2700000,782301,2632266,3.3647699999999996,2660,1511586,943
2750000,790176,2679691,3.39126,2706,1592924,944
2800000,797975,2727059,3.41747,2754,1679631,952
2850000,805674,2774439,3.4436199999999997,2808,1767339,935
2900000,813359,2821697,3.46919,2856,1859282,950
2950000,821088,2868973,3.49411,2916,1954033,940
3000000,828496,2916229,3.51991,2968,2054111,951
3050000,835826,2963426,3.5455099999999997,3018,2152877,949
3100000,843123,3010575,3.5707400000000002,3082,2257112,943
3150000,850318,3057717,3.59597,3136,2364028,940
3200000,857488,3104738,3.62074,3188,2473120,936
3250000,864577,3151791,3.6454699999999995,3251,2585577,937
3300000,871657,3198686,3.66966,3304,2702443,917
3350000,878696,3245573,3.6936199999999997,3360,2821924,929
3400000,885667,3292295,3.71731,3415,2947182,936
3450000,892625,3339118,3.7407800000000004,3475,3073936,949
3500000,899581,3385913,3.7638800000000003,3517,3204596,921
3550000,906384,3432649,3.7871900000000003,3574,3335906,925
3600000,913155,3479225,3.81011,3621,3470424,936
3650000,919792,3525836,3.8333,3680,3613511,918
3700000,926448,3572411,3.8560300000000005,3736,3758367,933
3750000,933019,3618980,3.8787800000000003,3780,3907575,928
3800000,939532,3665433,3.9013400000000003,3826,4057360,923
3850000,945874,3711786,3.9241900000000003,3871,4212839,929
3900000,952316,3758161,3.94634,3919,4370846,927
3950000,958631,3804375,3.96855,3966,4531433,924
4000000,965162,3850633,3.9896199999999995,4012,4696590,930
4050000,971552,3896944,4.01105,4067,4867567,917
4100000,977835,3943195,4.03258,4113,5040812,930
4150000,984151,3989285,4.05353,4161,5217709,929
4200000,990331,4035382,4.0747800000000005,4204,5400020,929
4250000,996509,4081447,4.09575,4239,5584386,927
4300000,1002763,4127384,4.11601,4296,5774852,925
4350000,1008745,4173354,4.137169999999999,4346,5969338,919
4400000,1014730,4219176,4.15793,4389,6163985,923
4450000,1020681,4264956,4.17854,4418,6364008,924
4500000,1026417,4310770,4.19982,4472,6569918,936
4550000,1032322,4356575,4.2201699999999995,4516,6779215,924
4600000,1038107,4402442,4.24084,4565,6995626,918
4650000,1043842,4448164,4.261340000000001,4618,7211630,919
4700000,1049504,4493811,4.28184,4666,7437179,920
4750000,1055251,4539393,4.3017199999999995,4722,7662978,922
4800000,1061026,4585003,4.32129,4779,7892216,920
4850000,1066696,4630408,4.34089,4835,8123799,900
4900000,1072195,4675830,4.36099,4889,8365576,911
4950000,1077765,4721184,4.38053,4923,8606135,913
5000000,1083291,4766466,4.39999,4972,8852824,906
5050000,1088754,4811726,4.41948,5021,9106039,898
5100000,1094290,4856946,4.43845,5061,9360741,903
5150000,1099720,4902234,4.45771,5106,9621111,902
5200000,1105020,4947293,4.47711,5145,9885395,886
5250000,1110318,4992403,4.49637,5197,10153391,908
5300000,1115758,5037591,4.51495,5256,10432895,901
5350000,1121095,5082643,4.53364,5294,10707865,905
5400000,1126429,5127663,4.5521400000000005,5343,10992616,900
5450000,1131847,5172603,4.57005,5392,11277438,892
5500000,1137069,5217572,4.58862,5444,11573524,896
5550000,1142257,5262382,4.607,5497,11868972,882
5600000,1147399,5307205,4.62542,5546,12174934,901
5650000,1152425,5351771,4.64392,5609,12480947,904
5700000,1157573,5396384,4.66181,5651,12791579,882
5750000,1162662,5440990,4.6797699999999995,5713,13111298,882
5800000,1167675,5485415,4.6977199999999995,5773,13434261,883
5850000,1172776,5529973,4.71528,5800,13762808,896
5900000,1177848,5574571,4.73284,5855,14095447,908
5950000,1182888,5618993,4.75023,5896,14425896,889
6000000,1187861,5663326,4.76767,5947,14759753,895
6050000,1192742,5707539,4.78523,5993,15101757,892
6100000,1197660,5751839,4.80256,6055,15450531,893
6150000,1202596,5796236,4.81977,6093,15814426,890
6200000,1207459,5840476,4.837,6141,16174159,875
6250000,1212235,5884670,4.8544,6188,16533537,882
6300000,1216986,5928743,4.871659999999999,6250,16906645,875
6350000,1221786,5972870,4.8886400000000005,6290,17284572,870
6400000,1226626,6016996,4.90532,6335,17665614,880
6450000,1231369,6060955,4.92213,6384,18049993,870
6500000,1236166,6104847,4.93853,6431,18440936,893
6550000,1240966,6148760,4.95482,6481,18839127,895
6600000,1245530,6192581,4.97184,6532,19242724,863
6650000,1250183,6236317,4.98832,6580,19648531,887
6700000,1254807,6280075,5.00481,6638,20057943,874
6750000,1259380,6323776,5.02134,6689,20480670,880
6800000,1263929,6367472,5.03784,6741,20904824,876
6850000,1268512,6411131,5.05406,6798,21330589,862
6900000,1273086,6454726,5.07014,6835,21758190,890
6950000,1277709,6498116,5.08576,6889,22190045,861
7000000,1282291,6541503,5.10142,6937,22628572,876
7050000,1286836,6584951,5.11716,6978,23076405,878
7100000,1291417,6628420,5.13267,7023,23527938,874
7150000,1295964,6671757,5.1481,7078,23985203,881
7200000,1300431,6715102,5.16375,7119,24446439,883
7250000,1304837,6758301,5.1794199999999995,7164,24918787,878
7300000,1309281,6801475,5.19482,7218,25386989,865
7350000,1313564,6844503,5.21064,7266,25866148,865
7400000,1317882,6887524,5.22621,7306,26342984,848
7450000,1322213,6930600,5.24167,7355,26836329,859
7500000,1326507,6973618,5.25713,7392,27328791,845
7550000,1330858,7016590,5.27223,7441,27827928,863
7600000,1335130,7059504,5.2875,7492,28336767,851
7650000,1339397,7102289,5.3026,7541,28853521,849
7700000,1343558,7145052,5.31801,7581,29369342,857
7750000,1347782,7187865,5.33311,7621,29892231,858
7800000,1351899,7230485,5.34839,7659,30420861,860
7850000,1355968,7273129,5.36379,7710,30950482,850
7900000,1360111,7315833,5.37885,7769,31494674,853
7950000,1364286,7358269,5.39349,7821,32034938,864
8000000,1368330,7400804,5.40864,7870,32586179,853
8050000,1372298,7443283,5.42396,7934,33153122,858
8100000,1376341,7485710,5.43885,7986,33714976,845
8150000,1380453,7528107,5.45336,8030,34289180,844
8200000,1384563,7570376,5.4677,8072,34865511,857
8250000,1388558,7612599,5.48238,8120,35436899,840
8300000,1392474,7654840,5.4972900000000005,8157,36032162,833
8350000,1396436,7697006,5.51189,8200,36627366,845
8400000,1400495,7739135,5.526,8259,37223963,841
8450000,1404334,7781089,5.540769999999999,8300,37824285,828
8500000,1408218,7823097,5.55532,8338,38436127,821
8550000,1412187,7865129,5.56947,8374,39045479,847
8600000,1416122,7907108,5.58363,8422,39652442,840
8650000,1420051,7948956,5.597659999999999,8473,40268151,826
8700000,1423986,7990744,5.61153,8526,40897634,819
8750000,1427855,8032659,5.62568,8572,41534495,823
8800000,1431618,8074332,5.64,8620,42176931,833
8850000,1435380,8116008,5.65426,8670,42822064,850
8900000,1439284,8157735,5.66791,8717,43473400,825
8950000,1443008,8199319,5.6821,8759,44124811,828
9000000,1446825,8240910,5.69586,8808,44789475,845
9050000,1450642,8282634,5.709630000000001,8854,45455070,848
9100000,1454356,8324113,5.72357,8899,46133885,814
9150000,1458065,8365550,5.737430000000001,8957,46805652,820
9200000,1461671,8406767,5.75148,9012,47481999,823
9250000,1465337,8448191,5.76536,9058,48170136,841
9300000,1469158,8489418,5.77842,9107,48863862,837
9350000,1472835,8530653,5.792000000000001,9161,49560907,839
9400000,1476535,8571855,5.80539,9211,50272944,813
9450000,1480242,8613087,5.8187,9250,50991997,839
9500000,1483786,8654079,5.8324300000000004,9313,51704059,819
9550000,1487433,8695091,5.8457,9357,52409337,832
9600000,1491006,8736191,5.85926,9401,53146723,800
9650000,1494656,8777098,5.872319999999999,9459,53878857,844
9700000,1498213,8817933,5.88563,9496,54624037,811
9750000,1501783,8858732,5.89881,9548,55367175,831
9800000,1505298,8899545,5.91215,9597,56109897,818
9850000,1508830,8940281,5.92531,9642,56869009,823
9900000,1512410,8981004,5.93821,9680,57632511,822
9950000,1515916,9021627,5.95127,9726,58401128,826
10000000,1519475,9062207,5.96404,9784,59195262,805
10050000,1522995,9102906,5.97698,9826,59971925,813
10100000,1526558,9143646,5.98971,9861,60760452,837
10150000,1530022,9184074,6.00258,9898,61553872,795
10200000,1533521,9224618,6.01532,9954,62346742,813
10250000,1536900,9265048,6.0284,10013,63181358,821
10300000,1540339,9305333,6.0410900000000005,10065,63983537,833
10350000,1543745,9345760,6.05395,10114,64802768,829
10400000,1547342,9386012,6.0658900000000004,10160,65625581,816
10450000,1550755,9426306,6.078530000000001,10209,66445097,802
10500000,1554144,9466425,6.09109,10257,67282271,785
10550000,1557500,9506492,6.10369,10299,68114057,810
10600000,1560854,9546612,6.11627,10339,68959503,810
10650000,1564201,9586689,6.12881,10384,69829820,789
10700000,1567520,9626737,6.141380000000001,10432,70683592,811
10750000,1570803,9666659,6.15396,10488,71561242,786
10800000,1574017,9706626,6.16679,10537,72451278,794
10850000,1577277,9746481,6.17931,10588,73326754,783
10900000,1580610,9786391,6.19153,10638,74207977,806
10950000,1583847,9826115,6.20395,10696,75090987,814
11000000,1587081,9865871,6.21636,10745,75995311,822
11050000,1590432,9905680,6.2283,10802,76897207,792
11100000,1593685,9945362,6.240480000000001,10846,77809907,795
11150000,1596931,9984955,6.2525900000000005,10891,78711055,776
11200000,1600138,10024466,6.26475,10934,79610646,791
11250000,1603395,10063860,6.276590000000001,10979,80523316,768
11300000,1606663,10103247,6.28834,11013,81441261,782
11350000,1609809,10142769,6.3006,11065,82379297,778
11400000,1612964,10182182,6.31271,11111,83329156,794
11450000,1616163,10221628,6.32463,11153,84282224,787
11500000,1619244,10260836,6.33681,11191,85233637,794
11550000,1622381,10300102,6.3487599999999995,11234,86178119,792
11600000,1625524,10339234,6.36055,11273,87142761,791
11650000,1628645,10378286,6.37234,11315,88108793,777
11700000,1631775,10417292,6.38402,11353,89075887,758
11750000,1634872,10456302,6.39579,11395,90056007,782
11800000,1638001,10495316,6.40739,11446,91066397,793
11850000,1641021,10534256,6.41933,11499,92050976,815
11900000,1644068,10573235,6.43114,11555,93061167,786
11950000,1647123,10612084,6.4428,11594,94075730,765
12000000,1650206,10650870,6.454269999999999,11633,95073656,792
12050000,1653259,10689611,6.4657800000000005,11679,96077912,790
12100000,1656263,10728334,6.47743,11721,97110344,758
12150000,1659347,10767106,6.48876,11776,98126267,768
12200000,1662245,10805853,6.50076,11811,99172205,783
12250000,1665211,10844468,6.51237,11852,100204061,766
12300000,1668243,10883060,6.52367,11896,101234821,774
12350000,1671180,10921345,6.5351099999999995,11941,102286506,766
12400000,1674140,10959625,6.5464199999999995,11983,103353383,758
12450000,1677097,10997865,6.55768,12023,104409634,739
12500000,1680085,11036142,6.5688,12066,105461737,770
12550000,1683072,11074327,6.57983,12103,106530477,760
12600000,1686013,11112398,6.59093,12142,107596440,775
12650000,1688870,11150479,6.60233,12194,108692509,768
12700000,1691738,11188720,6.613739999999999,12242,109803915,771
12750000,1694626,11226853,6.624969999999999,12288,110898257,787
12800000,1697545,11264805,6.63594,12331,111991443,763
12850000,1700427,11302627,6.64693,12366,113068238,755
12900000,1703317,11340696,6.658010000000001,12402,114198042,773
12950000,1706145,11378543,6.66915,12449,115320013,756
13000000,1708891,11416385,6.68058,12488,116439962,752
13050000,1711720,11454308,6.6916899999999995,12535,117581717,770
13100000,1714509,11492125,6.70287,12570,118716105,752
13150000,1717238,11529715,6.7141,12619,119867256,732
13200000,1719988,11567555,6.72537,12662,121028695,780
13250000,1722792,11605083,6.736210000000001,12709,122176898,737
13300000,1725555,11642610,6.74717,12743,123322717,763
13350000,1728295,11679853,6.75802,12781,124472122,744
13400000,1731109,11717233,6.76863,12827,125636512,767
13450000,1733866,11754633,6.779439999999999,12883,126806410,754
13500000,1736574,11791967,6.790360000000001,12927,127970848,771
13550000,1739391,11829156,6.80075,12958,129146857,742
13600000,1742047,11866422,6.81177,13000,130325995,723
13650000,1744654,11903733,6.82298,13030,131516533,728
13700000,1747303,11940808,6.83385,13064,132711546,735
13750000,1749983,11978019,6.84465,13106,133905860,715
13800000,1752679,12015032,6.855239999999999,13150,135123586,735
13850000,1755261,12051930,6.86618,13198,136322843,767
13900000,1757954,12088877,6.87667,13237,137539228,744
13950000,1760642,12125816,6.887160000000001,13282,138760654,735
14000000,1763304,12162842,6.897760000000001,13332,140007679,748
14050000,1765942,12199712,6.90833,13378,141247714,739
14100000,1768584,12236484,6.9188,13411,142471881,736
14150000,1771213,12273299,6.92932,13462,143710998,748
14200000,1773823,12310258,6.939960000000001,13503,144978988,719
14250000,1776450,12346892,6.95032,13551,146214490,726
14300000,1779037,12383094,6.960560000000001,13591,147475297,745
14350000,1781596,12419723,6.97112,13636,148741369,744
14400000,1784190,12456304,6.981489999999999,13686,150003578,726
14450000,1786764,12492755,6.99183,13733,151292692,729
14500000,1789309,12529169,7.00224,13772,152589772,732
14550000,1791908,12565608,7.01242,13808,153878916,722
14600000,1794450,12601941,7.02273,13857,155195835,716
14650000,1796921,12638247,7.03328,13906,156512283,720
14700000,1799346,12674390,7.043889999999999,13944,157815891,709
14750000,1801807,12710730,7.05443,13999,159142398,733
14800000,1804368,12746892,7.06446,14047,160446722,738
14850000,1806873,12782975,7.07464,14098,161779268,710
14900000,1809407,12819136,7.08472,14141,163124720,710
14950000,1811867,12855192,7.095,14172,164447794,723
15000000,1814302,12890975,7.1052,14219,165783285,715
15050000,1816731,12926792,7.115410000000001,14263,167122550,706
15100000,1819174,12962587,7.12553,14320,168467831,718
15150000,1821682,12998268,7.1353100000000005,14354,169834859,717
15200000,1824160,13033956,7.14518,14392,171196658,729
15250000,1826539,13069695,7.15544,14445,172577671,710
15300000,1829036,13105395,7.165189999999999,14498,173939328,705
15350000,1831558,13141195,7.174869999999999,14548,175319708,700
15400000,1833990,13176800,7.184769999999999,14590,176701745,708
15450000,1836365,13212171,7.1947399999999995,14628,178097298,725
15500000,1838762,13247659,7.2046600000000005,14671,179492397,713
15550000,1841149,13283135,7.214589999999999,14709,180881045,705
15600000,1843589,13318541,7.22425,14747,182275395,684
15650000,1845994,13353819,7.23394,14796,183654099,726
15700000,1848316,13388986,7.24388,14843,185061005,719
15750000,1850653,13423898,7.2536,14892,186489914,704
15800000,1853074,13459219,7.26318,14932,187897527,701
15850000,1855428,13494638,7.273060000000001,14972,189331910,698
15900000,1857693,13529703,7.2830699999999995,15012,190742264,703
15950000,1860023,13564752,7.292789999999999,15055,192187694,710
16000000,1862404,13599663,7.3022100000000005,15090,193629759,703
16050000,1864677,13634796,7.31215,15129,195087207,677
16100000,1866945,13669485,7.32185,15166,196507127,684
16150000,1869196,13704507,7.33177,15219,197977892,722
16200000,1871519,13739396,7.341310000000001,15256,199440736,702
16250000,1873812,13774245,7.3509199999999995,15305,200902853,700
16300000,1876083,13808841,7.360460000000001,15343,202388799,707
16350000,1878347,13843408,7.37,15380,203851549,692
16400000,1880650,13878299,7.379519999999999,15432,205363054,699
16450000,1882871,13912853,7.38917,15472,206844986,699
16500000,1885176,13947353,7.398439999999999,15514,208316594,694
16550000,1887392,13981816,7.408010000000001,15551,209820635,684
16600000,1889520,14016480,7.418010000000001,15594,211350525,696
16650000,1891737,14051033,7.42758,15644,212857871,694
16700000,1893924,14085321,7.4371100000000006,15691,214359833,691
16750000,1896104,14119796,7.446739999999999,15746,215863415,682
16800000,1898299,14154035,7.456169999999999,15787,217382892,679
16850000,1900399,14188118,7.46586,15830,218910007,692
16900000,1902607,14222472,7.47525,15884,220457131,682
16950000,1904769,14256486,7.48463,15927,221973682,682
17000000,1906883,14290484,7.494160000000001,15971,223521314,680
17050000,1909057,14324631,7.50351,16008,225076483,664
17100000,1911199,14358712,7.51293,16045,226591181,660
17150000,1913345,14392595,7.52222,16083,228115069,693
17200000,1915410,14426383,7.53175,16124,229674827,686
17250000,1917517,14460191,7.5411,16164,231239320,650
17300000,1919606,14494059,7.55054,16211,232825657,697
17350000,1921700,14527746,7.5598399999999994,16250,234407588,669
17400000,1923841,14561509,7.568980000000001,16308,235985133,672
17450000,1925958,14595211,7.5781600000000005,16353,237559752,693
17500000,1928059,14628913,7.5873800000000005,16395,239143628,665
17550000,1930188,14662465,7.5963899999999995,16450,240717710,651
17600000,1932307,14696061,7.60545,16481,242321831,664
17650000,1934362,14729588,7.6147,16523,243914434,682
17700000,1936386,14763055,7.62402,16556,245509269,684
17750000,1938433,14796377,7.63316,16589,247117447,646
17800000,1940489,14829647,7.64222,16628,248696405,669
17850000,1942501,14862926,7.651439999999999,16671,250295004,661
17900000,1944539,14896074,7.66047,16722,251914163,672
17950000,1946597,14929300,7.66944,16770,253526408,663
18000000,1948563,14962208,7.67859,16814,255147014,651
18050000,1950500,14995290,7.68792,16849,256792798,642
18100000,1952477,15028300,7.697039999999999,16893,258411641,653
18150000,1954556,15061362,7.705769999999999,16935,260042219,656
18200000,1956520,15094471,7.7149600000000005,16984,261701815,683
18250000,1958546,15127273,7.723730000000001,17028,263361617,632
18300000,1960529,15160033,7.73262,17070,265007916,665
18350000,1962574,15193252,7.74149,17111,266664576,667
18400000,1964603,15225892,7.75011,17147,268296857,652
18450000,1966576,15258494,7.75891,17181,269956142,653
18500000,1968536,15291012,7.767710000000001,17227,271584774,651
18550000,1970528,15323659,7.77642,17262,273248828,647
18600000,1972514,15356321,7.78515,17305,274914635,664
18650000,1974485,15388950,7.79391,17343,276620802,637
18700000,1976468,15421674,7.802639999999999,17386,278333051,668
18750000,1978436,15454042,7.81124,17423,280042620,672
18800000,1980331,15486418,7.820119999999999,17469,281737299,630
18850000,1982245,15518585,7.82879,17515,283431006,639
18900000,1984131,15551073,7.83772,17563,285133881,659
18950000,1986014,15583455,7.8466,17604,286840215,642
19000000,1987882,15615714,7.85545,17635,288560536,643
19050000,1989761,15647800,7.864160000000001,17670,290254200,631
19100000,1991641,15680018,7.872910000000001,17713,291934656,670
19150000,1993528,15711764,7.88139,17741,293632480,610
19200000,1995406,15743839,7.890039999999999,17783,295348561,620
19250000,1997223,15775674,7.8988,17826,297029676,641
19300000,1999013,15807508,7.907660000000001,17858,298763061,626
19350000,2000825,15839278,7.91637,17893,300507885,625
19400000,2002688,15871145,7.924919999999999,17937,302214952,655
19450000,2004524,15903061,7.93358,17972,303924570,631
19500000,2006299,15934729,7.94235,18026,305672856,652
19550000,2008157,15966449,7.9508,18071,307419033,658
19600000,2009965,15997793,7.959239999999999,18112,309113005,621
19650000,2011723,16029486,7.968039999999999,18149,310868332,608
19700000,2013463,16060807,7.976710000000001,18202,312611300,630
19750000,2015246,16092476,7.98537,18252,314370072,630
19800000,2017016,16123929,7.99395,18284,316151341,631
19850000,2018820,16155362,8.00238,18324,317918849,598
19900000,2020582,16186837,8.01098,18365,319707424,622
19950000,2022384,16218100,8.0193,18410,321495087,620
20000000,2024130,16249429,8.02786,18438,323267122,611
20050000,2025861,16280665,8.03642,18479,325007386,617
20100000,2027674,16312051,8.04471,18519,326798301,622
20150000,2029436,16343089,8.05302,18560,328574787,616
20200000,2031166,16374092,8.06142,18609,330347168,594
20250000,2032882,16405187,8.06992,18643,332144115,628
20300000,2034722,16436433,8.07797,18700,333941136,620
20350000,2036388,16467414,8.08658,18744,335736445,604
20400000,2038082,16498251,8.09499,18776,337485142,635
20450000,2039747,16529065,8.103489999999999,18813,339289225,626
20500000,2041469,16559917,8.11177,18851,341091904,624
20550000,2043218,16590482,8.11978,18892,342887507,595
20600000,2044936,16621252,8.12801,18933,344712673,592
20650000,2046634,16651873,8.13622,18981,346501734,604
20700000,2048251,16682607,8.144810000000001,19017,348325846,606
20750000,2049949,16713091,8.15293,19069,350124875,599
20800000,2051591,16743556,8.16125,19117,351982037,607
20850000,2053293,16773988,8.169310000000001,19153,353809338,608
20900000,2054962,16804419,8.177480000000001,19190,355646475,607
20950000,2056605,16834787,8.18572,19226,357499915,607
21000000,2058181,16865232,8.194239999999999,19261,359386687,615
21050000,2059817,16895663,8.20251,19303,361251452,614
21100000,2061446,16925933,8.21071,19341,363102482,597
21150000,2063078,16956164,8.218869999999999,19381,364951784,593
21200000,2064669,16986208,8.227089999999999,19419,366785238,605
21250000,2066353,17016501,8.23504,19461,368660767,596
21300000,2067946,17046352,8.24313,19499,370500213,603
21350000,2069517,17076297,8.251339999999999,19552,372367949,600
21400000,2071145,17106052,8.25922,19584,374257435,603
21450000,2072705,17135917,8.26742,19623,376104951,616
21500000,2074296,17165769,8.27547,19677,377956189,593
21550000,2075914,17195609,8.283389999999999,19706,379826621,600
21600000,2077451,17225485,8.29164,19752,381713384,594
21650000,2078967,17255203,8.29989,19788,383573770,603
21700000,2080481,17284928,8.30814,19824,385453877,562
21750000,2082023,17314541,8.31621,19865,387307904,599
21800000,2083547,17344144,8.32434,19907,389202459,556
21850000,2085148,17373802,8.33217,19936,391087722,606
21900000,2086701,17403271,8.34009,19986,392952302,567
21950000,2088180,17432594,8.34822,20017,394824462,595
22000000,2089792,17461945,8.355830000000001,20052,396716864,552
22050000,2091351,17491463,8.363710000000001,20082,398631516,593
22100000,2092911,17520893,8.37154,20130,400542403,597
22150000,2094490,17550115,8.37918,20178,402404120,587
22200000,2095946,17579272,8.38727,20218,404324070,560
22250000,2097407,17608443,8.39534,20261,406232543,603
22300000,2098913,17637704,8.403260000000001,20299,408147530,581
22350000,2100375,17666789,8.41125,20341,410073697,597
22400000,2101804,17695845,8.419360000000001,20374,411999348,565
22450000,2103257,17724851,8.42733,20411,413913818,581
22500000,2104699,17753667,8.43525,20444,415788740,570
22550000,2106162,17782327,8.443,20473,417694086,586
22600000,2107633,17811149,8.45078,20514,419635461,565
22650000,2109091,17839958,8.4586,20553,421567536,568
22700000,2110509,17868815,8.46659,20585,423510445,563
22750000,2111981,17897595,8.47432,20630,425423960,609
22800000,2113418,17926121,8.48205,20669,427344224,577
22850000,2114813,17954673,8.48996,20701,429295235,571
22900000,2116262,17983397,8.49772,20737,431271408,573
22950000,2117714,18011830,8.50532,20786,433212962,572
23000000,2119157,18040264,8.512939999999999,20825,435152560,541
23050000,2120607,18068577,8.52047,20869,437113520,573
23100000,2121993,18096926,8.52827,20909,439041553,568
23150000,2123441,18125144,8.535739999999999,20953,440999887,574
23200000,2124846,18153369,8.54338,20983,442949889,577
23250000,2126197,18181588,8.551219999999999,21018,444909371,549
23300000,2127562,18209528,8.558869999999999,21066,446865281,560
23350000,2128908,18237601,8.56665,21095,448818329,533
23400000,2130261,18265539,8.57432,21128,450743386,538
23450000,2131647,18293798,8.582,21160,452698764,570
23500000,2132968,18321680,8.58976,21191,454662147,553
23550000,2134247,18349267,8.597539999999999,21228,456593252,528
23600000,2135553,18376936,8.60524,21274,458556826,544
23650000,2136883,18404881,8.612960000000001,21316,460555789,564
23700000,2138273,18432525,8.620289999999999,21358,462559043,537
23750000,2139604,18460262,8.627889999999999,21413,464544028,537
23800000,2140980,18488115,8.63535,21449,466546692,526
23850000,2142303,18515632,8.64286,21486,468548736,547
23900000,2143624,18543192,8.65039,21522,470557713,554
23950000,2144952,18570747,8.65788,21563,472569469,556
24000000,2146255,18598193,8.66542,21594,474562492,543
24050000,2147550,18625740,8.67302,21621,476564245,540
24100000,2148843,18653247,8.6806,21653,478516888,561
24150000,2150149,18680650,8.68807,21697,480490695,560
24200000,2151440,18708125,8.69563,21729,482530825,563
24250000,2152684,18735323,8.70324,21757,484481677,524
24300000,2153931,18762617,8.71087,21805,486469638,552
24350000,2155197,18789925,8.71843,21837,488454907,547
24400000,2156492,18817084,8.72578,21880,490408341,561
24450000,2157756,18844165,8.73322,21923,492395707,535
24500000,2158979,18871081,8.740739999999999,21959,494357568,555
24550000,2160222,18897990,8.74817,21990,496298340,542
24600000,2161497,18924852,8.75544,22026,498251657,542
24650000,2162810,18951821,8.76259,22070,500181601,538
24700000,2164007,18978849,8.77023,22109,502170218,549
24750000,2165270,19005778,8.777560000000001,22143,504189004,535
24800000,2166473,19032543,8.785039999999999,22174,506194037,523
24850000,2167659,19059309,8.792580000000001,22213,508189010,537
24900000,2168851,19085976,8.80004,22251,510210545,505
24950000,2170017,19112560,8.80756,22291,512204938,538
25000000,2171163,19138970,8.81508,22321,514184028,529
25050000,2172354,19165454,8.82244,22355,516190639,542
25100000,2173566,19192139,8.82979,22399,518203397,542
25150000,2174801,19218680,8.83698,22438,520230988,544
25200000,2175975,19244978,8.8443,22474,522204825,534
25250000,2177185,19271408,8.85153,22505,524212226,511
25300000,2178300,19297801,8.859110000000001,22530,526175258,527
25350000,2179538,19324269,8.86622,22571,528176307,524
25400000,2180635,19350520,8.8738,22606,530213033,529
25450000,2181840,19376818,8.88095,22650,532231822,527
25500000,2182999,19402752,8.888119999999999,22692,534205852,466
25550000,2184211,19429100,8.89525,22728,536296625,537
25600000,2185333,19455260,8.90265,22772,538308628,512
25650000,2186489,19481301,8.90986,22812,540308339,528
25700000,2187668,19507221,8.9169,22850,542284767,510
25750000,2188795,19533015,8.9241,22891,544323061,496
25800000,2189860,19558851,8.93155,22920,546307715,518
25850000,2190971,19584570,8.93876,22948,548360047,506
25900000,2192103,19610532,8.94599,22978,550393590,512
25950000,2193238,19636243,8.95308,23012,552435819,533
26000000,2194336,19661838,8.96027,23036,554447990,519
26050000,2195463,19687272,8.96725,23073,556441826,522
26100000,2196541,19712616,8.97439,23113,558394072,506
26150000,2197619,19738132,8.9816,23142,560403405,500
26200000,2198678,19763616,8.98886,23182,562402685,494
26250000,2199752,19788965,8.996,23217,564404808,496
26300000,2200828,19814326,9.00312,23256,566434224,526
26350000,2201921,19839513,9.01009,23297,568462147,531
26400000,2202985,19864762,9.0172,23333,570534648,485
26450000,2204092,19889945,9.0241,23373,572570461,505
26500000,2205143,19915018,9.03117,23402,574587032,504
26550000,2206189,19939926,9.03818,23435,576586305,506
26600000,2207207,19964839,9.0453,23473,578615142,486
26650000,2208188,19989792,9.05258,23518,580597825,508
26700000,2209262,20014713,9.059460000000001,23553,582643618,503
26750000,2210271,20039724,9.06664,23589,584683986,512
26800000,2211284,20064364,9.07363,23623,586740485,490
26850000,2212265,20089297,9.080869999999999,23652,588751129,507
26900000,2213283,20114165,9.08793,23683,590780964,479
26950000,2214264,20138930,9.095089999999999,23720,592794795,502
27000000,2215309,20163583,9.10193,23751,594778213,492
27050000,2216292,20188015,9.10891,23783,596843404,504
27100000,2217283,20212371,9.11583,23822,598837043,480
27150000,2218291,20236848,9.12272,23867,600831653,499
27200000,2219232,20261349,9.12989,23894,602843038,493
27250000,2220209,20285773,9.13688,23930,604852385,490
27300000,2221148,20310073,9.14395,23968,606882955,481
27350000,2222166,20334446,9.150730000000001,23998,608858624,478
27400000,2223043,20358646,9.15801,24031,610895069,492
27450000,2224023,20382863,9.164860000000001,24060,612859939,463
27500000,2224980,20406932,9.17174,24095,614844764,486
27550000,2225997,20431118,9.178410000000001,24141,616863216,495
27600000,2226921,20455210,9.18542,24175,618905124,479
27650000,2227816,20479170,9.19249,24213,620908819,465
27700000,2228744,20503366,9.19952,24255,622966091,490
27750000,2229661,20527426,9.20652,24293,624989784,513
27800000,2230646,20551162,9.2131,24319,626999593,479
27850000,2231594,20575204,9.21996,24345,629025138,475
27900000,2232485,20599170,9.22701,24389,631036211,472
27950000,2233405,20622930,9.23385,24425,633050274,485
28000000,2234344,20646731,9.24062,24463,635090596,484
28050000,2235229,20670682,9.24768,24493,637105612,490
28100000,2236120,20694292,9.25455,24527,639110373,479
28150000,2237000,20718011,9.261519999999999,24562,641072463,483
28200000,2237828,20741740,9.26869,24595,643158401,478
28250000,2238660,20765078,9.27567,24624,645188228,473
28300000,2239499,20788614,9.28271,24666,647252505,481
28350000,2240378,20812074,9.289539999999999,24708,649242165,477
28400000,2241227,20835483,9.29646,24752,651278117,435
28450000,2242116,20858967,9.30325,24783,653335928,457
28500000,2242971,20882154,9.310039999999999,24824,655334120,461
28550000,2243806,20905288,9.316889999999999,24866,657379834,447
28600000,2244677,20928534,9.32363,24903,659423184,443
28650000,2245571,20951487,9.33014,24941,661392905,457
28700000,2246447,20974615,9.336789999999999,24986,663394775,486
28750000,2247291,20997819,9.34361,25022,665386433,450
28800000,2248065,21020792,9.35062,25060,667403090,463
28850000,2248943,21043682,9.35714,25084,669346992,460
28900000,2249732,21066433,9.36397,25114,671339423,453
28950000,2250507,21089361,9.37094,25145,673322605,478
29000000,2251272,21112254,9.37792,25189,675355624,468
29050000,2252099,21135037,9.38459,25227,677339616,449
29100000,2252897,21157919,9.39143,25264,679396829,457
29150000,2253675,21180640,9.39827,25291,681391977,466
29200000,2254455,21203312,9.40507,25324,683419276,433
29250000,2255217,21225937,9.41193,25352,685452119,434
29300000,2256036,21248484,9.4185,25392,687466016,436
29350000,2256806,21270805,9.425180000000001,25431,689481755,435
29400000,2257574,21293247,9.43192,25468,691497428,425
29450000,2258386,21315550,9.4384,25498,693491853,418
29500000,2259143,21337715,9.44505,25536,695500096,437
29550000,2259867,21360060,9.45191,25579,697523656,447
29600000,2260662,21382438,9.45849,25608,699527099,463
29650000,2261429,21404382,9.46498,25646,701470550,421
29700000,2262144,21426398,9.47172,25688,703492242,447
29750000,2262888,21448525,9.47839,25727,705476033,454
29800000,2263613,21470676,9.48514,25762,707469686,469
29850000,2264352,21492709,9.491769999999999,25800,709476236,457
29900000,2265084,21514784,9.49845,25835,711515808,457
29950000,2265836,21536759,9.50499,25876,713530518,415
30000000,2266542,21558711,9.51172,25912,715610959,420
30050000,2267257,21580596,9.518369999999999,25937,717584076,456
30100000,2267981,21602371,9.52493,25978,719595297,436
30150000,2268677,21623934,9.53152,26011,721608815,452
30200000,2269402,21645541,9.537989999999999,26031,723608460,429
30250000,2270065,21667127,9.54472,26065,725621670,442
30300000,2270790,21688758,9.55119,26097,727627858,416
30350000,2271491,21710303,9.557730000000001,26131,729605479,441
30400000,2272181,21731873,9.56432,26162,731602130,443
30450000,2272885,21753438,9.57085,26196,733585740,412
30500000,2273567,21774762,9.57736,26238,735560436,392
30550000,2274255,21796139,9.583860000000001,26274,737526023,420
30600000,2274872,21817534,9.59066,26306,739511338,421
30650000,2275509,21838529,9.59721,26338,741415617,391
30700000,2276193,21859897,9.603710000000001,26382,743425848,427
30750000,2276835,21881074,9.6103,26422,745418561,413
30800000,2277529,21902201,9.61665,26448,747420656,429
30850000,2278194,21923378,9.62314,26487,749422994,441
30900000,2278831,21944629,9.629769999999999,26523,751387924,424
30950000,2279457,21965608,9.636330000000001,26550,753325298,406
31000000,2280062,21986511,9.64294,26582,755306151,419
31050000,2280634,22007389,9.64968,26622,757251535,425
31100000,2281229,22028257,9.656310000000001,26653,759207884,427
31150000,2281876,22049151,9.66273,26691,761168548,411
31200000,2282507,22070113,9.66924,26725,763130351,407
31250000,2283097,22090782,9.6758,26755,765098865,397
31300000,2283724,22111432,9.68218,26798,767081878,400
31350000,2284325,22132157,9.68871,26845,769079274,459
31400000,2284915,22152916,9.69529,26869,771053598,431
31450000,2285508,22173461,9.70176,26903,772992745,393
31500000,2286099,22193956,9.708219999999999,26935,774959002,410
31550000,2286665,22214225,9.71468,26967,776918070,388
31600000,2287279,22234464,9.72092,26999,778836718,428
31650000,2287836,22254785,9.72744,27027,780816606,412
31700000,2288398,22275249,9.733989999999999,27051,782773851,425
31750000,2288930,22295288,9.74048,27080,784687118,385
31800000,2289514,22315429,9.7468,27115,786591778,386
31850000,2290050,22335498,9.75328,27147,788562193,373
31900000,2290611,22355497,9.75962,27176,790503560,400
31950000,2291199,22375617,9.7659,27218,792445408,362
32000000,2291725,22395472,9.77232,27257,794311659,392
32050000,2292254,22415583,9.778839999999999,27283,796256973,408
32100000,2292745,22435461,9.78541,27315,798145968,388
32150000,2293255,22455458,9.791960000000001,27344,800061907,394
32200000,2293806,22475441,9.79832,27372,802045051,392
32250000,2294320,22495108,9.8047,27392,803943766,398
32300000,2294843,22514978,9.811119999999999,27419,805915851,401
32350000,2295353,22534558,9.81747,27450,807830009,416
32400000,2295822,22554039,9.82395,27487,809759651,421
32450000,2296328,22573739,9.83036,27516,811682143,381
32500000,2296869,22593292,9.83656,27541,813632745,388
32550000,2297360,22612688,9.8429,27567,815492669,367
32600000,2297869,22632000,9.84913,27588,817329331,394
32650000,2298336,22651520,9.85562,27618,819236067,392
32700000,2298831,22670821,9.861889999999999,27643,821103585,367
32750000,2299270,22690124,9.8684,27673,823014471,380
32800000,2299776,22709179,9.87452,27704,824881798,400
32850000,2300258,22728393,9.8808,27739,826750059,401
32900000,2300732,22747585,9.88711,27774,828654816,360
32950000,2301202,22766567,9.89334,27811,830490391,374
33000000,2301728,22785596,9.899339999999999,27838,832368654,391
33050000,2302157,22804448,9.90569,27869,834241008,363
33100000,2302602,22823497,9.91205,27912,836144675,377
