timestep,num_nodes,num_edges,average_degree,max_degree,num_triangles,new_edges
0,1775,1000,0.56338,2,0,1000
50000,43381,51000,1.17563,97,98,1000
100000,67509,101000,1.4961,297,194,1000
150000,85495,151000,1.7661900000000001,390,349,1000
200000,99650,201000,2.01706,544,590,1000
250000,111361,250999,2.25392,794,881,1000
300000,121271,300999,2.48204,856,1270,1000
350000,130181,350998,2.69623,1045,1793,1000
400000,137993,400997,2.90592,1321,2466,1000
450000,144897,450997,3.11254,1321,3357,1000
500000,151172,500997,3.31409,1518,4525,1000
550000,156757,550996,3.51497,1716,5795,1000
600000,162006,600996,3.70971,1885,7340,1000
650000,166786,650996,3.9031800000000003,2198,9151,1000
700000,171221,700995,4.0940900000000005,2198,12077,1000
750000,175286,750995,4.2844,2375,14387,1000
800000,179146,800995,4.47119,2488,17124,1000
850000,182757,850994,4.65642,2669,20257,1000
900000,186094,900994,4.84161,2669,23591,1000
950000,189164,950994,5.02735,2669,27563,1000
1000000,192168,1000994,5.20895,3118,31632,1000
1050000,195005,1050993,5.38957,3232,36523,1000
1100000,197703,1100992,5.568919999999999,3814,41527,1000
1150000,200232,1150992,5.74829,3814,47300,1000
1200000,202579,1200991,5.92851,3875,53515,1000
1250000,204887,1250989,6.10575,4052,59977,1000
1300000,207074,1300988,6.282719999999999,4062,67018,1000
1350000,209123,1350986,6.46025,4255,74607,1000
1400000,211125,1400986,6.63581,4385,82751,1000
1450000,213005,1450983,6.81197,4385,91177,1000
1500000,214794,1500983,6.988010000000001,4715,100592,1000
1550000,216541,1550983,7.162539999999999,5410,110619,1000
1600000,218184,1600979,7.33775,5560,121572,1000
1650000,219883,1650975,7.50842,5725,133030,1000
1700000,221388,1700973,7.6832199999999995,5725,145110,1000
1750000,222920,1750973,7.854710000000001,5725,157738,1000
1800000,224386,1800972,8.02622,5855,170944,1000
1850000,225767,1850972,8.19859,6419,185250,1000
1900000,227080,1900971,8.371369999999999,6419,200464,1000
1950000,228329,1950969,8.54455,6625,217426,1000
2000000,229574,2000969,8.71601,6625,234270,1000
2050000,230777,2050968,8.88723,7117,252166,1000
2100000,231948,2100964,9.057910000000001,7117,271104,1000
2150000,233096,2150962,9.227789999999999,7393,291059,1000
2200000,234167,2200960,9.3991,7393,311743,1000
2250000,235237,2250958,9.56889,7393,332841,1000
2300000,236266,2300957,9.73884,8082,363289,1000
2350000,237198,2350956,9.91137,8082,386610,1000
2400000,238181,2400952,10.0804,8082,410263,1000
2450000,239042,2450949,10.2532,8082,435616,1000
2500000,239917,2500945,10.4242,8114,462128,1000
2550000,240776,2550943,10.5947,8251,489657,1000
2600000,241648,2600942,10.7633,9195,518944,1000
2650000,242462,2650942,10.9334,9195,547942,1000
2700000,243254,2700941,11.1034,9220,579407,1000
2750000,244022,2750941,11.2733,9697,612527,1000
2800000,244789,2800940,11.4423,9697,646922,1000
2850000,245519,2850939,11.6119,9697,682356,1000
2900000,246234,2900935,11.7812,9697,718921,999
2950000,246889,2950932,11.9525,9697,756265,1000
3000000,247560,3000928,12.122,9697,795281,1000
3050000,248181,3050927,12.2932,9746,835567,1000
3100000,248897,3100920,12.4586,9746,875809,997
3150000,249533,3150920,12.6273,11114,918673,1000
3200000,250077,3200919,12.7997,11114,961508,1000
3250000,250674,3250913,12.9687,11114,1005220,1000
3300000,251215,3300912,13.1398,11436,1051660,1000
3350000,251755,3350909,13.3102,11436,1101531,1000
3400000,252313,3400906,13.4789,11969,1149422,1000
3450000,252827,3450904,13.6493,11969,1200023,1000
3500000,253347,3500903,13.8186,11969,1252728,1000
3550000,253822,3550899,13.9897,11969,1304797,1000
3600000,254298,3600897,14.1601,11969,1361828,1000
3650000,254783,3650897,14.3294,11969,1416914,1000
3700000,255247,3700892,14.4993,11969,1475218,999
3750000,255720,3750889,14.668,11969,1537652,1000
3800000,256185,3800886,14.8365,11969,1597894,1000
3850000,256607,3850882,15.0069,12394,1665676,1000
3900000,257035,3900877,15.1764,12394,1730870,1000
3950000,257455,3950875,15.3459,12394,1799317,1000
4000000,257844,4000870,15.5166,13711,1866959,1000
4050000,258242,4050865,15.6863,14057,1937345,1000
4100000,258609,4100864,15.8574,14057,2008414,1000
4150000,258944,4150861,16.03,14315,2079084,1000
4200000,259337,4200857,16.1984,14315,2156285,1000
4250000,259701,4250853,16.3683,14315,2235324,1000
4300000,260043,4300853,16.539,14315,2314621,1000
4350000,260360,4350848,16.7109,14315,2395157,1000
4400000,260726,4400844,16.8792,14315,2476648,1000
4450000,261016,4450839,17.052,14315,2557820,1000
4500000,261354,4500835,17.2212,14357,2645019,1000
4550000,261643,4550832,17.3933,14357,2739209,1000
4600000,261935,4600828,17.5648,14357,2828351,1000
4650000,262246,4650825,17.7346,14967,2920795,1000
4700000,262545,4700821,17.9048,14967,3016794,1000
4750000,262811,4750817,18.0769,14967,3112475,999
4800000,263077,4800816,18.2487,14967,3212479,1000
4850000,263336,4850812,18.4206,15049,3315130,1000
4900000,263595,4900807,18.5922,15291,3417695,1000
4950000,263841,4950801,18.7643,17232,3526975,1000
5000000,264093,5000797,18.9357,17232,3629207,1000
5050000,264358,5050791,19.1059,17232,3739021,999
5100000,264608,5100787,19.2768,17232,3850349,1000
5150000,264877,5150783,19.4459,17232,3965932,1000
5200000,265108,5200777,19.6176,17232,4078284,1000
5250000,265312,5250772,19.7909,18284,4193763,1000
5300000,265538,5300768,19.9624,18284,4311662,1000
5350000,265734,5350767,20.1358,18608,4425170,1000
5400000,265951,5400762,20.3074,18608,4552853,1000
5450000,266160,5450754,20.4792,18608,4683019,1000
5500000,266373,5500753,20.6506,19230,4817029,1000
5550000,266567,5550747,20.8231,19230,4947436,1000
5600000,266806,5600743,20.9918,19230,5082707,1000
5650000,266997,5650738,21.1641,19230,5238681,1000
5700000,267185,5700736,21.3363,19230,5383947,1000
5750000,267367,5750733,21.5088,19230,5525583,999
5800000,267556,5800730,21.6804,19230,5684241,999
5850000,267768,5850725,21.85,19230,5829683,1000
5900000,267938,5900723,22.0227,19230,5980214,1000
5950000,268101,5950713,22.1958,19230,6134068,999
6000000,268260,6000708,22.369,19230,6287080,1000
6050000,268425,6050703,22.5415,19230,6453753,1000
6100000,268582,6100697,22.7145,21325,6627791,999
6150000,268756,6150695,22.8858,21325,6790813,1000
6200000,268931,6200692,23.0568,21659,6955262,999
6250000,269093,6250686,23.2287,21659,7121381,1000
6300000,269259,6300679,23.4001,21659,7294022,1000
6350000,269408,6350673,23.5727,21659,7472170,1000
6400000,269544,6400664,23.7463,21659,7649182,999
6450000,269676,6450658,23.92,21659,7827935,1000
6500000,269836,6500650,24.0911,21659,8014925,1000
6550000,269967,6550645,24.2646,21659,8197190,1000
6600000,270106,6600641,24.4372,21659,8380482,1000
6650000,270255,6650641,24.6088,23137,8566410,1000
6700000,270403,6700633,24.7802,23137,8749477,1000
6750000,270549,6750627,24.9516,23742,8951004,1000
6800000,270676,6800621,25.1246,23742,9146910,1000
6850000,270822,6850617,25.2956,23742,9343536,1000
6900000,270954,6900612,25.4678,23742,9545071,1000
6950000,271070,6950604,25.6414,23742,9752177,1000
7000000,271187,7000600,25.8147,23742,9969803,999
7050000,271291,7050595,25.989,23742,10186482,1000
7100000,271426,7100590,26.1603,23742,10413235,1000
7150000,271540,7150582,26.3334,23742,10624868,999
7200000,271666,7200577,26.5053,23742,10837277,1000
7250000,271796,7250574,26.6765,23742,11076110,1000
7300000,271900,7300566,26.8502,23742,11305007,1000
7350000,272022,7350561,27.0219,23742,11535988,1000
7400000,272133,7400557,27.1946,23742,11764678,1000
7450000,272233,7450553,27.3683,23764,12017390,1000
7500000,272340,7500548,27.5411,23764,12254098,1000
7550000,272451,7550544,27.7134,26318,12495262,1000
7600000,272541,7600537,27.8877,26318,12742069,1000
7650000,272630,7650531,28.061999999999998,26318,12990517,1000
7700000,272720,7700528,28.236,26318,13247782,999
7750000,272803,7750518,28.4107,26318,13498590,1000
7800000,272902,7800509,28.5836,26318,13746825,1000
7850000,273011,7850502,28.7553,26318,14008505,1000
7900000,273096,7900497,28.9294,26318,14264543,1000
7950000,273195,7950492,29.1019,26318,14526084,1000
8000000,273281,8000491,29.2757,26318,14808071,1000
8050000,273379,8050483,29.4481,26318,15094873,999
8100000,273464,8100474,29.6217,26318,15366525,999
8150000,273564,8150464,29.7936,28407,15653437,1000
8200000,273662,8200452,29.9656,28407,15933771,1000
8250000,273740,8250444,30.1397,28407,16228773,998
8300000,273819,8300438,30.3136,28407,16514068,1000
8350000,273915,8350433,30.4855,28407,16806669,1000
8400000,273999,8400432,30.6586,28407,17113455,1000
8450000,274091,8450425,30.8307,29916,17417411,1000
8500000,274184,8500418,31.0026,29916,17726474,1000
8550000,274281,8550415,31.1739,29916,18038398,1000
8600000,274353,8600409,31.348000000000003,29916,18358186,1000
8650000,274428,8650399,31.5216,30225,18678906,999
8700000,274501,8700390,31.6953,30225,18999156,1000
8750000,274571,8750382,31.8693,30748,19322690,1000
8800000,274641,8800373,32.0432,30797,19649333,998
8850000,274713,8850369,32.2168,30797,19997016,1000
8900000,274796,8900361,32.389,30797,20320597,1000
8950000,274863,8950359,32.563,30797,20646873,1000
9000000,274945,9000345,32.7351,30797,20999543,999
9050000,275013,9050336,32.9088,30797,21340810,1000
9100000,275075,9100332,33.0831,30797,21692734,1000
9150000,275141,9150325,33.2569,31964,22050437,1000
9200000,275204,9200316,33.4309,32217,22404544,1000
9250000,275285,9250311,33.6027,32217,22764260,1000
9300000,275344,9300307,33.777,32217,23133118,1000
9350000,275406,9350300,33.951,33026,23492796,1000
9400000,275459,9400295,34.1259,33221,23876927,1000
9450000,275521,9450292,34.2997,33221,24268285,1000
9500000,275583,9500285,34.4734,33221,24660615,1000
9550000,275652,9550279,34.6461,33221,25032336,1000
9600000,275715,9600265,34.8195,33221,25418444,1000
9650000,275779,9650256,34.9927,33665,25820235,1000
9700000,275836,9700252,35.1667,34025,26216517,1000
9750000,275890,9750244,35.3411,34158,26620188,1000
9800000,275938,9800235,35.5161,34158,27038739,1000
9850000,275994,9850226,35.69,34158,27449468,1000
9900000,276053,9900218,35.8635,34158,27863454,1000
9950000,276105,9950208,36.0378,34158,28272908,1000
10000000,276150,10000198,36.2129,34158,28698828,999
10050000,276193,10050193,36.3883,35440,29139686,1000
10100000,276247,10100186,36.5622,35682,29577966,1000
10150000,276302,10150177,36.7358,35682,30016416,999
10200000,276355,10200171,36.9097,35682,30459812,1000
10250000,276410,10250162,37.0832,35682,30903349,1000
10300000,276468,10300153,37.2562,35682,31379770,1000
10350000,276516,10350145,37.4305,35682,31845652,999
10400000,276564,10400140,37.6048,35682,32299474,1000
10450000,276622,10450136,37.7777,35682,32757383,1000
10500000,276669,10500130,37.952,35682,33230998,1000
10550000,276720,10550121,38.1256,35682,33715271,1000
10600000,276773,10600114,38.2989,35682,34164977,1000
10650000,276823,10650107,38.4726,35682,34670561,1000
10700000,276879,10700098,38.6454,35682,35168029,1000
10750000,276928,10750085,38.8191,35682,35664112,998
10800000,276989,10800070,38.991,35682,36168970,1000
10850000,277041,10850063,39.1641,35682,36691543,1000
10900000,277082,10900053,39.3387,35682,37182747,1000
10950000,277129,10950047,39.5125,35682,37685593,1000
11000000,277172,11000040,39.6867,35682,38186756,1000
11050000,277210,11050031,39.8616,35682,38690463,1000
11100000,277242,11100015,40.0373,38978,39224241,1000
11150000,277293,11150006,40.2102,38978,39758984,1000
11200000,277338,11199993,40.3839,38978,40287970,1000
11250000,277381,11249991,40.5579,38978,40815063,1000
11300000,277429,11299988,40.7311,38978,41345696,1000
11350000,277470,11349985,40.9053,39840,41896813,1000
11400000,277517,11399973,41.0785,39840,42465853,998
11450000,277556,11449962,41.2528,39840,42991858,1000
11500000,277601,11499951,41.4262,39840,43548799,1000
11550000,277642,11549941,41.6001,39840,44128836,999
11600000,277683,11599934,41.773999999999994,40933,44695857,1000
11650000,277725,11649929,41.9477,40933,45269458,1000
11700000,277759,11699920,42.1226,40933,45854421,1000
11750000,277794,11749915,42.2972,40933,46416902,1000
11800000,277828,11799901,42.472,40933,47028315,1000
11850000,277874,11849896,42.6449,40933,47600390,1000
11900000,277925,11899891,42.8169,40933,48184764,1000
11950000,277966,11949883,42.9904,40933,48766972,999
12000000,278012,11999873,43.1631,40933,49380052,999
12050000,278039,12049863,43.3388,40933,49983185,998
12100000,278070,12099855,43.5137,40933,50596155,1000
12150000,278108,12149847,43.6875,42760,51226260,1000
12200000,278144,12199844,43.8616,42864,51841278,1000
12250000,278173,12249837,44.0368,42864,52494565,1000
12300000,278209,12299827,44.2107,43177,53121935,1000
12350000,278234,12349824,44.3865,43177,53762699,1000
12400000,278261,12399814,44.5618,43177,54399971,1000
12450000,278297,12449805,44.7357,43177,55042599,999
12500000,278331,12499794,44.9098,43177,55705163,1000
12550000,278364,12549785,45.0841,44190,56392947,1000
12600000,278402,12599768,45.2575,44190,57067363,999
12650000,278446,12649755,45.4298,44190,57753160,999
12700000,278481,12699745,45.6036,44190,58434850,999
12750000,278512,12749739,45.7781,45065,59127879,1000
12800000,278541,12799727,45.9528,45065,59834795,1000
12850000,278574,12849721,46.1268,45065,60514079,1000
12900000,278606,12899709,46.3009,45065,61245188,1000
12950000,278640,12949698,46.4747,45065,61977418,1000
13000000,278672,12999687,46.6487,45065,62703560,1000
13050000,278695,13049678,46.8242,45065,63416300,1000
13100000,278739,13099666,46.9962,46223,64140475,999
13150000,278769,13149656,47.1704,46223,64874828,1000
13200000,278802,13199647,47.3442,46223,65639800,1000
13250000,278841,13249633,47.5168,46498,66379536,1000
13300000,278870,13299620,47.6911,46612,67121245,1000
13350000,278899,13349608,47.8654,46612,67845541,999
13400000,278924,13399597,48.0403,46612,68614234,1000
13450000,278949,13449587,48.2152,46612,69371227,999
13500000,278980,13499584,48.3891,46612,70139579,1000
13550000,279001,13549576,48.5646,47887,70898031,999
13600000,279030,13599566,48.7387,47887,71682573,1000
13650000,279069,13649558,48.9111,47887,72489136,1000
13700000,279094,13699548,49.0858,47887,73274097,1000
13750000,279131,13749543,49.2584,47887,74061695,1000
13800000,279164,13799531,49.4316,47887,74882467,1000
13850000,279196,13849516,49.605,47887,75687714,1000
13900000,279222,13899501,49.7794,47887,76532878,1000
13950000,279257,13949489,49.9522,47887,77363277,999
14000000,279290,13999476,50.1252,47887,78187082,1000
14050000,279312,14049466,50.3003,47887,79027935,998
14100000,279340,14099456,50.4742,49516,79846884,1000
14150000,279367,14149440,50.6482,49516,80694324,1000
14200000,279397,14199422,50.8217,49516,81520739,999
14250000,279425,14249409,50.9955,50400,82380907,1000
14300000,279455,14299398,51.1689,50400,83265879,1000
14350000,279478,14349387,51.3435,50400,84130058,1000
14400000,279505,14399376,51.5174,50400,84982493,1000
14450000,279533,14449370,51.6911,50400,85912805,1000
14500000,279562,14499360,51.8646,50400,86836577,1000
14550000,279582,14549352,52.0397,50943,87759266,1000
14600000,279601,14599346,52.2149,50943,88704889,1000
14650000,279632,14649326,52.3879,50943,89642689,999
14700000,279658,14699317,52.5618,50943,90591165,1000
14750000,279684,14749304,52.7356,50943,91497655,1000
14800000,279707,14799293,52.91,50943,92399250,999
14850000,279728,14849288,53.0847,50943,93329880,1000
14900000,279744,14899274,53.2604,50943,94278143,1000
14950000,279769,14949263,53.4343,50943,95223527,1000
15000000,279798,14999244,53.6074,50943,96147308,1000
15050000,279822,15049237,53.7815,52787,97104850,1000
15100000,279849,15099225,53.9549,52787,98024867,1000
15150000,279875,15149218,54.1285,52787,99001794,1000
15200000,279896,15199209,54.3031,52787,99923851,1000
15250000,279918,15249193,54.4774,52787,100910552,999
15300000,279938,15299185,54.652,52787,101913747,1000
15350000,279965,15349173,54.8253,52787,102872350,999
15400000,279994,15399165,54.9982,52787,103877677,1000
15450000,280013,15449150,55.173,52787,104858968,1000
15500000,280025,15499136,55.3491,52787,105852269,1000
15550000,280049,15549126,55.5229,54499,106900795,1000
15600000,280072,15599119,55.6968,54499,107949456,1000
15650000,280101,15649098,55.8695,54499,108968483,999
15700000,280131,15699088,56.042,54499,109960530,1000
15750000,280151,15749069,56.2164,54499,111020245,999
15800000,280179,15799062,56.3892,54499,112060760,1000
15850000,280196,15849048,56.5641,54499,113116174,999
15900000,280216,15899037,56.7385,54499,114225837,1000
15950000,280238,15949019,56.9124,54499,115279189,1000
16000000,280260,15999007,57.0863,54499,116341349,999
16050000,280282,16048993,57.2602,54499,117430329,1000
16100000,280312,16098990,57.4324,54499,118518604,1000
16150000,280332,16148980,57.6066,54499,119590796,1000
16200000,280359,16198971,57.7794,54499,120741729,1000
16250000,280380,16248958,57.9533,54499,121834105,1000
16300000,280409,16298946,58.1256,54499,122978202,1000
16350000,280426,16348933,58.3003,54499,124085643,1000
16400000,280444,16398924,58.4749,54499,125256128,1000
16450000,280463,16448913,58.6491,54499,126348227,1000
16500000,280491,16498893,58.8215,54499,127492289,1000
16550000,280517,16548878,58.9942,54499,128592870,999
16600000,280541,16598865,59.1673,54499,129739941,1000
16650000,280561,16648849,59.3413,54499,130883353,1000
16700000,280581,16698833,59.5152,54499,132040367,1000
16750000,280603,16748827,59.6887,54499,133182998,999
16800000,280617,16798811,59.8638,58903,134360877,1000
16850000,280628,16848801,60.0396,58903,135560173,999
16900000,280648,16898782,60.2134,58903,136755406,1000
16950000,280660,16948772,60.388999999999996,58903,137983487,1000
17000000,280674,16998755,60.5641,59586,139182142,999
17050000,280692,17048746,60.7383,59586,140388263,1000
17100000,280704,17098733,60.9137,59586,141626533,1000
17150000,280723,17148724,61.0877,59586,142902571,1000
17200000,280739,17198712,61.2623,60278,144164191,1000
17250000,280756,17248701,61.4366,60278,145409054,1000
17300000,280776,17298687,61.6103,60775,146663930,1000
17350000,280791,17348675,61.785,60775,147937275,1000
17400000,280809,17398658,61.958999999999996,60952,149240126,1000
17450000,280834,17448643,62.1315,60952,150495030,999
17500000,280853,17498629,62.3053,60952,151857801,1000
17550000,280871,17548616,62.4793,60952,153177943,1000
17600000,280890,17598600,62.653,60952,154498590,999
17650000,280901,17648587,62.8285,60952,155814764,1000
17700000,280918,17698574,63.0026,60952,157097384,1000
17750000,280933,17748565,63.1772,60952,158422848,1000
17800000,280958,17798552,63.3495,60952,159786137,1000
17850000,280972,17848541,63.5243,60952,161117043,999
17900000,280991,17898525,63.6979,63252,162423423,1000
17950000,281002,17948515,63.8733,63252,163769075,1000
18000000,281012,17998495,64.0488,63600,165147474,1000
18050000,281042,18048475,64.2198,63600,166535197,1000
18100000,281052,18098467,64.3954,63600,167924905,1000
18150000,281064,18148451,64.5705,63600,169280902,1000
18200000,281083,18198442,64.744,63600,170620720,1000
18250000,281098,18248428,64.9184,63600,172046012,1000
18300000,281116,18298404,65.092,63600,173492614,1000
18350000,281135,18348392,65.2654,63600,174831897,999
18400000,281149,18398383,65.44,64880,176212314,1000
18450000,281172,18448368,65.6124,64880,177694799,1000
18500000,281194,18498348,65.785,64880,179121040,1000
18550000,281208,18548328,65.9595,64880,180487135,1000
18600000,281214,18598311,66.1358,64880,181963531,1000
18650000,281223,18648296,66.3114,64880,183433979,1000
18700000,281246,18698280,66.4837,65671,184904731,1000
18750000,281259,18748263,66.6584,65671,186377632,1000
18800000,281274,18798251,66.8325,65671,187849461,1000
18850000,281291,18848234,67.0062,65671,189308607,1000
18900000,281299,18898220,67.182,65671,190765592,1000
18950000,281314,18948209,67.3561,65671,192243540,999
19000000,281330,18998198,67.5299,65671,193800113,999
19050000,281347,19048183,67.7035,65671,195385217,1000
19100000,281365,19098169,67.8768,65671,196927092,1000
19150000,281382,19148155,68.0504,65671,198466544,1000
19200000,281398,19198140,68.2242,65671,200018962,999
19250000,281411,19248125,68.3986,65671,201660617,1000
19300000,281428,19298103,68.5721,65671,203236407,999
19350000,281437,19348089,68.7475,65671,204744893,999
19400000,281457,19398085,68.9202,65671,206321188,1000
19450000,281470,19448073,69.0947,68400,207988109,1000
19500000,281483,19498060,69.26899999999999,68566,209585360,1000
19550000,281497,19548049,69.4432,68566,211197651,1000
19600000,281508,19598039,69.6181,68566,212863814,999
19650000,281524,19648017,69.7916,68566,214551668,997
19700000,281537,19698006,69.96600000000001,68566,216229123,1000
19750000,281552,19747991,70.1398,68566,217928900,1000
19800000,281572,19797982,70.3123,69995,219605960,1000
19850000,281582,19847965,70.4873,69995,221223315,1000
19900000,281595,19897949,70.6616,69995,222908272,1000
19950000,281604,19947939,70.8368,69995,224593076,999
20000000,281620,19997920,71.0103,69995,226300382,1000
20050000,281633,20047908,71.1845,69995,227971864,1000
20100000,281645,20097893,71.359,69995,229673961,1000
20150000,281659,20147877,71.5329,69995,231367625,1000
20200000,281672,20197867,71.707,69995,233170271,1000
20250000,281682,20247851,71.8819,71535,234903182,1000
20300000,281695,20297840,72.0561,71535,236599537,1000
20350000,281703,20347827,72.2315,71535,238309390,1000
20400000,281712,20397813,72.4066,71535,240085606,1000
20450000,281725,20447797,72.5807,71535,241840520,1000
20500000,281736,20497786,72.7553,71535,243625463,1000
20550000,281753,20547766,72.9283,71535,245375599,1000
20600000,281766,20597746,73.1023,72350,247139086,1000
20650000,281776,20647732,73.2771,72428,248915108,1000
20700000,281788,20697717,73.4514,72428,250691177,999
20750000,281801,20747703,73.6254,72428,252503215,1000
20800000,281813,20797686,73.7996,72428,254287067,1000
20850000,281825,20847668,73.9738,72428,256122636,1000
20900000,281835,20897654,74.1485,72428,257900714,1000
20950000,281847,20947633,74.3227,72428,259755964,1000
21000000,281863,20997618,74.4958,72428,261578350,1000
21050000,281876,21047604,74.6697,72428,263508066,1000
21100000,281885,21097587,74.8447,72428,265402883,1000
21150000,281897,21147573,75.0188,74149,267263516,999
21200000,281910,21197563,75.1927,74149,269134564,1000
21250000,281927,21247548,75.3654,74149,271001445,1000
21300000,281934,21297528,75.5408,74149,272874260,1000
21350000,281945,21347508,75.7152,74149,274759718,1000
21400000,281957,21397493,75.8892,74149,276702170,1000
21450000,281964,21447472,76.0646,74149,278654417,1000
21500000,281981,21497458,76.2373,74149,280534974,1000
21550000,281991,21547443,76.4118,74149,282520774,1000
21600000,282005,21597426,76.5853,74149,284446957,1000
21650000,282017,21647413,76.7592,74149,286404240,1000
21700000,282031,21697396,76.9327,74149,288424905,1000
21750000,282044,21747380,77.1063,74149,290358766,1000
21800000,282060,21797363,77.2792,74149,292328382,1000
21850000,282070,21847355,77.4537,74149,294429222,1000
21900000,282079,21897339,77.6284,74149,296437122,1000
21950000,282088,21947326,77.8031,74149,298408370,1000
22000000,282102,21997313,77.9765,74149,300430615,1000
22050000,282113,22047301,78.1506,74149,302437216,1000
22100000,282128,22097283,78.3236,74149,304446380,1000
22150000,282135,22147271,78.4988,74149,306441254,1000
22200000,282149,22197258,78.6721,74149,308470746,1000
22250000,282161,22247236,78.8459,74149,310558881,1000
22300000,282173,22297212,79.0197,74158,312702681,999
22350000,282181,22347197,79.1945,74158,314768588,999
22400000,282190,22397183,79.3692,74158,316907338,1000
22450000,282202,22447168,79.5429,74158,318969312,1000
22500000,282216,22497155,79.7161,74158,321169718,1000
22550000,282226,22547138,79.8904,74158,323240665,1000
22600000,282238,22597115,80.064,74158,325496046,999
22650000,282252,22647100,80.2372,74158,327660993,1000
22700000,282262,22697081,80.4114,79545,329768498,999
22750000,282274,22747053,80.585,79545,331952382,1000
22800000,282288,22797036,80.7581,79545,334095036,999
22850000,282296,22847022,80.9329,79545,336280038,1000
22900000,282310,22897004,81.1059,79545,338453319,1000
22950000,282322,22946988,81.2795,80380,340623655,1000
23000000,282332,22996966,81.4536,80477,342873442,1000
23050000,282351,23046946,81.6252,80477,345074430,1000
23100000,282368,23096925,81.7972,80477,347263279,1000
23150000,282375,23146902,81.9722,80477,349583609,1000
23200000,282387,23196888,82.1457,80477,351848768,1000
23250000,282397,23246862,82.3198,80477,354143947,999
23300000,282411,23296851,82.4927,80477,356301731,1000
23350000,282425,23346828,82.6656,80477,358662803,1000
23400000,282434,23396806,82.8399,81855,360984538,999
23450000,282446,23446791,83.0134,81855,363252963,1000
23500000,282462,23496779,83.1856,82177,365685687,1000
23550000,282475,23546765,83.3588,82177,367989094,1000
23600000,282485,23596743,83.5327,82177,370330779,998
23650000,282495,23646725,83.7067,82177,372679179,999
23700000,282506,23696703,83.8804,82177,375103007,999
23750000,282515,23746684,84.0546,82177,377419293,1000
23800000,282522,23796667,84.2294,82177,379690494,1000
23850000,282530,23846648,84.404,84175,382137238,1000
23900000,282540,23896621,84.5778,84175,384546267,1000
23950000,282553,23946598,84.7508,84175,387009168,1000
24000000,282559,23996580,84.9259,84175,389425307,999
24050000,282569,24046554,85.0998,84175,391774420,1000
24100000,282579,24096536,85.2736,84175,394169938,1000
24150000,282586,24146519,85.4484,84175,396584074,1000
24200000,282595,24196499,85.6225,84175,399085583,999
24250000,282604,24246482,85.7967,84175,401617446,1000
24300000,282614,24296472,85.9705,84999,404057067,1000
24350000,282622,24346445,86.1449,84999,406496409,998
24400000,282633,24396415,86.3184,84999,408999183,1000
24450000,282642,24446394,86.4924,84999,411461883,999
24500000,282659,24496376,86.6641,84999,414079205,1000
24550000,282667,24546355,86.8384,84999,416653705,1000
24600000,282673,24596338,87.0134,84999,419192803,999
24650000,282681,24646323,87.1878,84999,421704972,999
24700000,282691,24696303,87.3615,84999,424195259,1000
24750000,282699,24746280,87.5358,84999,426729510,1000
24800000,282710,24796261,87.7092,84999,429378613,999
24850000,282715,24846244,87.8844,84999,431906754,1000
24900000,282721,24896228,88.0594,84999,434543668,1000
24950000,282728,24946208,88.2339,84999,437060473,999
25000000,282738,24996188,88.4076,84999,439636733,1000
25050000,282752,25046165,88.58,84999,442293115,999
25100000,282757,25096148,88.7552,84999,444917956,1000
25150000,282768,25146116,88.9284,84999,447579589,999
25200000,282777,25196099,89.1024,84999,450216476,1000
25250000,282786,25246079,89.2763,84999,452859692,1000
25300000,282798,25296055,89.4492,88551,455486324,1000
25350000,282808,25346027,89.6227,88551,458161915,1000
25400000,282822,25396001,89.795,88551,460970121,999
25450000,282831,25445976,89.9688,88551,463614454,998
25500000,282843,25495957,90.1417,88551,466418180,999
25550000,282851,25545940,90.3159,88551,469136514,999
25600000,282861,25595929,90.4894,88551,471981468,1000
25650000,282869,25645917,90.6636,88551,474686204,999
25700000,282882,25695898,90.8361,88551,477409673,999
25750000,282889,25745876,91.0105,88551,480143771,999
25800000,282894,25795854,91.1856,88551,482871256,1000
25850000,282904,25845831,91.359,88551,485643134,999
25900000,282917,25895812,91.5315,88551,488344990,1000
25950000,282929,25945792,91.7043,88551,491105331,1000
26000000,282938,25995768,91.87799999999999,90807,493873627,999
26050000,282950,26045750,92.0507,91092,496742925,999
26100000,282962,26095735,92.2235,91092,499678411,1000
26150000,282970,26145720,92.3975,91092,502482084,1000
26200000,282981,26195703,92.5705,91092,505495865,1000
26250000,282992,26245679,92.7435,91092,508328175,998
26300000,282998,26295663,92.9182,91092,511206794,1000
26350000,283006,26345652,93.0922,91092,513973466,1000
26400000,283015,26395638,93.2659,91092,516794945,999
26450000,283026,26445604,93.4388,91092,519601177,1000
26500000,283032,26495580,93.6134,91092,522510746,998
26550000,283045,26545562,93.7857,91092,525509497,1000
26600000,283054,26595546,93.9593,92989,528369496,1000
26650000,283059,26645524,94.1342,92989,531309237,999
26700000,283072,26695509,94.3064,92989,534288292,1000
26750000,283078,26745484,94.48100000000001,92989,537284031,999
26800000,283086,26795465,94.6549,92989,540314269,999
26850000,283094,26845446,94.8287,92989,543276502,1000
26900000,283103,26895430,95.0023,92989,546269100,1000
26950000,283115,26945406,95.1748,92989,549294675,1000
27000000,283124,26995387,95.3483,92989,552380062,1000
27050000,283134,27045365,95.5214,92989,555395832,1000
27100000,283150,27095343,95.6925,92989,558415687,1000
27150000,283156,27145320,95.867,92989,561436951,999
27200000,283162,27195303,96.0415,92989,564639114,1000
27250000,283171,27245283,96.2149,92989,567695406,1000
27300000,283177,27295267,96.3894,92989,570763356,1000
27350000,283179,27345257,96.5653,92989,573882868,1000
27400000,283187,27395236,96.73899999999999,92989,576872168,1000
27450000,283194,27445215,96.9131,92989,579901511,999
27500000,283199,27495199,97.0879,92989,583217849,1000
27550000,283203,27545179,97.26299999999999,92989,586259417,1000
27600000,283205,27595165,97.4388,92989,589382057,1000
27650000,283210,27645146,97.6136,96723,592715692,1000
27700000,283220,27695121,97.7866,96723,595921695,1000
27750000,283227,27745096,97.9606,97905,599300360,999
