timestep,num_nodes,num_edges,average_degree,max_degree,num_triangles,new_edges
0,1769,1000,0.565291,2,0,1000
50000,43180,51000,1.1811,124,2,1000
100000,67345,101000,1.49974,262,23,1000
150000,85078,151000,1.7748400000000002,496,114,1000
200000,99191,200999,2.02638,622,353,1000
250000,111035,250999,2.26054,797,584,1000
300000,121048,300999,2.4866099999999998,941,937,1000
350000,129715,350999,2.70592,1151,1537,1000
400000,137417,400999,2.91812,1151,2140,1000
450000,144423,450998,3.12276,1388,2978,999
500000,150704,500997,3.32438,1496,3977,1000
550000,156507,550995,3.5205800000000003,1783,5854,999
600000,161655,600995,3.7177599999999997,1912,7354,1000
650000,166389,650995,3.91249,2014,9077,1000
700000,170782,700995,4.10462,2358,11085,1000
750000,174903,750995,4.29378,2358,13495,1000
800000,178704,800992,4.48223,2596,16131,1000
850000,182347,850992,4.66688,2596,19109,1000
900000,185761,900991,4.85027,2842,22414,1000
950000,188932,950991,5.03351,2897,26239,1000
1000000,191869,1000990,5.21705,3014,30412,1000
1050000,194761,1050990,5.39631,3317,35038,1000
1100000,197369,1100990,5.57833,3520,40245,1000
1150000,199933,1150989,5.756869999999999,3688,45658,1000
1200000,202309,1200989,5.9364099999999995,3766,51455,1000
1250000,204600,1250988,6.11431,3888,57876,1000
1300000,206839,1300988,6.28986,4073,65009,1000
1350000,208998,1350986,6.46411,4351,72752,1000
1400000,211038,1400984,6.638539999999999,4900,80900,1000
1450000,212898,1450984,6.8154,4900,89498,1000
1500000,214671,1500984,6.99202,4900,99128,1000
1550000,216456,1550984,7.16535,4900,109335,1000
1600000,218172,1600980,7.33816,5112,125915,1000
1650000,219800,1650980,7.51128,5200,137588,1000
1700000,221377,1700977,7.6836199999999995,5290,149758,1000
1750000,222883,1750976,7.8560300000000005,5335,162688,1000
1800000,224321,1800974,8.02856,5614,176966,1000
1850000,225697,1850973,8.201139999999999,5614,191214,1000
1900000,227075,1900972,8.37156,6570,206150,1000
1950000,228367,1950971,8.54314,6570,222770,1000
2000000,229616,2000971,8.71442,6570,243667,1000
2050000,230878,2050969,8.88335,6570,262797,1000
2100000,232043,2100968,9.054219999999999,6606,282061,1000
2150000,233104,2150966,9.2275,6606,302951,1000
2200000,234230,2200964,9.39659,7662,323555,1000
2250000,235322,2250959,9.565439999999999,7880,345681,1000
2300000,236331,2300959,9.73617,7880,369033,1000
2350000,237257,2350955,9.9089,7880,392661,999
2400000,238242,2400953,10.0778,7880,418900,1000
2450000,239221,2450951,10.2456,8455,445093,1000
2500000,240133,2500951,10.4149,8455,470889,1000
2550000,241026,2550949,10.5837,8455,498464,1000
2600000,241876,2600949,10.7532,8455,528094,1000
2650000,242745,2650949,10.9207,8455,559241,1000
2700000,243543,2700943,11.0902,8643,591908,1000
2750000,244326,2750940,11.2593,9476,624676,1000
2800000,245066,2800939,11.4293,9476,659189,1000
2850000,245798,2850938,11.5987,9476,694970,1000
2900000,246510,2900935,11.767999999999999,10110,730759,1000
2950000,247239,2950934,11.9356,10110,768461,1000
3000000,247906,3000929,12.1051,10110,807263,1000
3050000,248571,3050925,12.2739,10110,847848,1000
3100000,249201,3100923,12.4435,10110,889903,1000
3150000,249812,3150921,12.6132,10110,932294,1000
3200000,250392,3200916,12.7836,10132,975382,1000
3250000,250985,3250913,12.9526,10263,1020627,1000
3300000,251523,3300912,13.1237,10349,1069388,1000
3350000,252099,3350910,13.292,10606,1116884,1000
3400000,252641,3400909,13.4614,10724,1164520,1000
3450000,253143,3450906,13.6322,10920,1215718,1000
3500000,253622,3500902,13.8036,10920,1275707,1000
3550000,254122,3550899,13.9732,12359,1330127,1000
3600000,254569,3600898,14.1451,12359,1384843,1000
3650000,255043,3650895,14.3148,12359,1443278,1000
3700000,255488,3700891,14.4856,12658,1501096,1000
3750000,255953,3750890,14.6546,12658,1564250,1000
3800000,256395,3800888,14.8243,13045,1627664,1000
3850000,256837,3850886,14.9935,13334,1690717,1000
3900000,257248,3900884,15.1639,13334,1756365,1000
3950000,257639,3950877,15.3349,13334,1823629,1000
4000000,258027,4000875,15.5056,13334,1893779,1000
4050000,258392,4050873,15.6772,13334,1962777,1000
4100000,258784,4100871,15.8467,13334,2033713,1000
4150000,259131,4150871,16.0184,14315,2109096,1000
4200000,259496,4200869,16.1886,14315,2186449,1000
4250000,259864,4250863,16.358,14315,2261960,1000
4300000,260186,4300862,16.53,14315,2342743,1000
4350000,260519,4350861,16.7007,15039,2428123,1000
4400000,260866,4400856,16.8702,15525,2510604,1000
4450000,261201,4450853,17.04,15525,2597011,1000
4500000,261496,4500850,17.2119,15525,2686945,1000
4550000,261777,4550846,17.3844,15525,2771662,1000
4600000,262072,4600839,17.5556,15798,2861140,1000
4650000,262368,4650835,17.7264,15798,2953617,999
4700000,262662,4700828,17.8969,16581,3047805,1000
4750000,262960,4750824,18.0667,16581,3147124,1000
4800000,263235,4800820,18.2378,16581,3244841,1000
4850000,263485,4850816,18.4102,16581,3345286,1000
4900000,263735,4900811,18.5823,16581,3448697,1000
4950000,263986,4950809,18.7541,16581,3557335,1000
5000000,264252,5000804,18.9244,16581,3664673,999
5050000,264498,5050800,19.0958,16581,3772185,1000
5100000,264755,5100797,19.2661,16581,3879839,1000
5150000,265002,5150792,19.4368,16581,3992610,1000
5200000,265238,5200790,19.608,16581,4112102,1000
5250000,265477,5250786,19.7787,18463,4233318,1000
5300000,265679,5300779,19.9518,18463,4352393,1000
5350000,265882,5350775,20.1246,18463,4469557,1000
5400000,266096,5400771,20.2963,18463,4598908,1000
5450000,266303,5450766,20.4683,18463,4726542,1000
5500000,266508,5500760,20.6401,19415,4861111,1000
5550000,266715,5550755,20.8116,19415,4993128,1000
5600000,266954,5600753,20.9802,19462,5126838,1000
5650000,267168,5650750,21.1505,19462,5266252,1000
5700000,267362,5700749,21.3222,19462,5407617,1000
5750000,267535,5750747,21.4953,19462,5547521,1000
5800000,267719,5800744,21.6673,20234,5690451,1000
5850000,267895,5850738,21.8397,20234,5836752,1000
5900000,268046,5900728,22.0139,20465,5992850,1000
5950000,268202,5950726,22.1875,20465,6138671,1000
6000000,268359,6000719,22.3608,20465,6295631,1000
6050000,268543,6050715,22.5316,21017,6460716,1000
6100000,268712,6100709,22.7035,21017,6621775,1000
6150000,268879,6150708,22.8754,21017,6782848,1000
6200000,269031,6200701,23.0483,21622,6945572,1000
6250000,269222,6250698,23.2176,21622,7121297,1000
6300000,269360,6300697,23.3914,22185,7294113,1000
6350000,269529,6350693,23.5622,22185,7462528,1000
6400000,269675,6400690,23.7348,22539,7635312,1000
6450000,269831,6450677,23.9064,22539,7817167,1000
6500000,269977,6500672,24.0786,22539,7999915,999
6550000,270114,6550666,24.2515,22539,8189891,999
6600000,270277,6600660,24.4218,22539,8389254,1000
6650000,270409,6650656,24.5948,22539,8575310,1000
6700000,270538,6700653,24.7679,22539,8761897,1000
6750000,270672,6750645,24.9403,22539,8957326,1000
6800000,270794,6800641,25.1137,22539,9157824,1000
6850000,270932,6850632,25.2854,22539,9360674,999
6900000,271049,6900628,25.459,22539,9561526,1000
6950000,271167,6950623,25.6323,24239,9767432,1000
7000000,271290,7000619,25.8049,24239,9983261,1000
7050000,271423,7050617,25.9765,24239,10194599,1000
7100000,271520,7100611,26.1513,24721,10399748,1000
7150000,271636,7150609,26.3242,24933,10610961,1000
7200000,271738,7200602,26.4983,24933,10841938,1000
7250000,271870,7250595,26.6693,24933,11069397,1000
7300000,271995,7300587,26.8409,24933,11294037,1000
7350000,272099,7350584,27.0144,24933,11517733,1000
7400000,272202,7400579,27.1878,24933,11753793,1000
7450000,272312,7450571,27.3604,26051,11985063,1000
7500000,272396,7500569,27.5355,26051,12226006,1000
7550000,272504,7550566,27.7081,26051,12476945,1000
7600000,272624,7600563,27.8793,26051,12721005,1000
7650000,272724,7650562,28.0524,26051,12965527,1000
7700000,272826,7700557,28.2252,26051,13222014,1000
7750000,272931,7750550,28.3975,26051,13487155,1000
7800000,273041,7800546,28.5691,26051,13749892,1000
7850000,273128,7850538,28.7431,26051,14021723,1000
7900000,273236,7900531,28.9147,26051,14295276,1000
7950000,273314,7950527,29.0894,26051,14561897,1000
8000000,273400,8000522,29.2631,27874,14838034,1000
8050000,273493,8050515,29.4359,27874,15116455,1000
8100000,273584,8100509,29.6089,27874,15385410,1000
8150000,273670,8150503,29.7822,27874,15672779,1000
8200000,273744,8200497,29.9568,27874,15953007,1000
8250000,273831,8250492,30.1299,27874,16244857,1000
8300000,273918,8300490,30.3028,27874,16546315,1000
8350000,274008,8350485,30.4753,27874,16842110,1000
8400000,274100,8400474,30.6475,27874,17145167,1000
8450000,274182,8450471,30.8207,29449,17451418,1000
8500000,274269,8500466,30.9932,29449,17770328,1000
8550000,274344,8550460,31.1669,29449,18098012,1000
8600000,274435,8600454,31.3388,30292,18407458,999
8650000,274508,8650448,31.5126,30292,18739540,1000
8700000,274567,8700439,31.6879,30292,19069797,1000
8750000,274642,8750437,31.8612,30292,19392949,1000
8800000,274716,8800431,32.0347,30292,19729933,1000
8850000,274787,8850429,32.2083,30292,20060912,1000
8900000,274860,8900422,32.3817,30292,20378929,999
8950000,274919,8950411,32.5565,30292,20726576,1000
9000000,274995,9000404,32.7293,30292,21072857,1000
9050000,275080,9050399,32.900999999999996,30292,21411686,1000
9100000,275150,9100392,33.0743,30292,21769623,1000
9150000,275215,9150387,33.2481,30292,22144890,999
9200000,275272,9200379,33.4229,30292,22509212,1000
9250000,275327,9250372,33.5978,30292,22871697,1000
9300000,275390,9300364,33.7716,30292,23249977,1000
9350000,275456,9350359,33.945,30292,23615075,999
9400000,275523,9400358,34.1182,30292,23990505,1000
9450000,275579,9450356,34.2927,30292,24378961,1000
9500000,275635,9500350,34.4671,33071,24778592,1000
9550000,275691,9550346,34.6415,33071,25177875,999
9600000,275761,9600339,34.814,33767,25567953,1000
9650000,275826,9650336,34.986999999999995,33767,25967706,1000
9700000,275886,9700331,35.1606,33767,26350388,1000
9750000,275938,9750320,35.3352,33767,26756838,1000
9800000,275995,9800312,35.509,33767,27181075,1000
9850000,276047,9850307,35.6834,33767,27596499,1000
9900000,276094,9900301,35.8584,33767,28000763,1000
9950000,276148,9950295,36.0325,33767,28438169,1000
10000000,276196,10000282,36.2072,33767,28857407,1000
10050000,276250,10050275,36.3811,33767,29297647,1000
10100000,276297,10100271,36.5558,33767,29753204,1000
10150000,276352,10150259,36.7295,33767,30181746,1000
10200000,276400,10200251,36.9039,33767,30634855,1000
10250000,276454,10250245,37.0776,33767,31085327,1000
10300000,276497,10300240,37.2526,33767,31537580,1000
10350000,276546,10350230,37.4268,33767,31982518,1000
10400000,276595,10400220,37.6009,33767,32443588,999
10450000,276655,10450217,37.7735,33767,32902950,1000
10500000,276702,10500207,37.9477,37023,33399826,1000
10550000,276746,10550199,38.1223,37023,33869902,999
10600000,276795,10600191,38.2962,37355,34338110,1000
10650000,276839,10650187,38.4707,37355,34831907,1000
10700000,276880,10700182,38.6456,37355,35304120,1000
10750000,276933,10750178,38.8187,37373,35800293,1000
10800000,276981,10800170,38.9925,37373,36292478,1000
10850000,277024,10850158,39.1669,37373,36795216,1000
10900000,277066,10900148,39.3413,38383,37299086,1000
10950000,277101,10950142,39.5168,38383,37809482,1000
11000000,277149,11000131,39.6903,38383,38328349,1000
11050000,277200,11050121,39.8634,38383,38848048,1000
11100000,277252,11100117,40.0362,38383,39375651,1000
11150000,277307,11150111,40.2085,38383,39913170,999
11200000,277359,11200097,40.3812,38383,40461676,1000
11250000,277405,11250084,40.5547,39677,41023090,1000
11300000,277437,11300077,40.7302,39677,41602005,1000
11350000,277474,11350065,40.905,39677,42164411,1000
11400000,277513,11400059,41.0794,39677,42724848,1000
11450000,277554,11450050,41.2534,39677,43300686,1000
11500000,277593,11500039,41.4277,39677,43842466,1000
11550000,277638,11550028,41.601000000000006,40157,44399870,1000
11600000,277675,11600009,41.7755,40157,44958270,999
11650000,277713,11650002,41.9498,40476,45525573,1000
11700000,277754,11699995,42.1236,40476,46125807,1000
11750000,277798,11749989,42.2969,40863,46719647,1000
11800000,277841,11799977,42.4703,40863,47332335,1000
11850000,277876,11849967,42.6448,41887,47921800,1000
11900000,277911,11899958,42.8193,41887,48532627,999
11950000,277948,11949948,42.9935,41887,49146024,1000
12000000,277972,11999933,43.1696,41887,49792759,1000
12050000,278006,12049927,43.3441,41887,50407419,1000
12100000,278040,12099920,43.5186,41887,51038044,1000
12150000,278077,12149907,43.6926,41887,51644408,1000
12200000,278116,12199893,43.8662,41887,52251693,1000
12250000,278153,12249883,44.0401,41887,52897874,1000
12300000,278184,12299873,44.2149,42818,53560611,1000
12350000,278216,12349856,44.3895,42818,54198455,1000
12400000,278235,12399844,44.5661,42818,54859579,999
12450000,278265,12449834,44.7409,42818,55525999,1000
12500000,278301,12499827,44.9148,42818,56190451,999
12550000,278334,12549817,45.0891,42818,56823721,1000
12600000,278364,12599810,45.2638,42818,57529116,999
12650000,278398,12649797,45.4378,42818,58242223,999
12700000,278426,12699791,45.6128,42818,58909648,999
12750000,278469,12749787,45.7853,42818,59609975,1000
12800000,278510,12799774,45.958,42818,60305690,1000
12850000,278550,12849764,46.1309,42818,61009462,1000
12900000,278580,12899753,46.3054,42818,61701205,999
12950000,278614,12949745,46.4792,42818,62428133,1000
13000000,278646,12999734,46.6532,42818,63146168,1000
13050000,278672,13049727,46.8283,42818,63861455,1000
13100000,278711,13099716,47.0011,42818,64590356,1000
13150000,278748,13149709,47.1742,42818,65388223,1000
13200000,278786,13199696,47.3471,42818,66127848,1000
13250000,278817,13249687,47.5211,42818,66872082,1000
13300000,278833,13299668,47.6976,42818,67605818,1000
13350000,278868,13349658,47.8709,42818,68367499,1000
13400000,278894,13399647,48.0457,42818,69110663,1000
13450000,278923,13449630,48.2199,42818,69869462,1000
13500000,278956,13499611,48.3933,42818,70647758,1000
13550000,278990,13549598,48.5666,47100,71450590,1000
13600000,279018,13599593,48.7409,47100,72277643,1000
13650000,279048,13649585,48.9148,47100,73076633,999
13700000,279076,13699579,49.0891,47100,73841688,1000
13750000,279104,13749566,49.2632,47100,74645463,1000
13800000,279131,13799557,49.4376,47100,75448156,1000
13850000,279149,13849541,49.6134,47100,76229988,1000
13900000,279173,13899525,49.7882,47100,77060847,1000
13950000,279212,13949510,49.9603,48598,77858653,998
14000000,279240,13999496,50.1343,48598,78682719,1000
14050000,279262,14049487,50.3093,48598,79518738,1000
14100000,279282,14099477,50.4847,48598,80374879,1000
14150000,279314,14149468,50.6579,48598,81211959,1000
14200000,279340,14199456,50.8322,50223,82107696,1000
14250000,279366,14249447,51.0064,50223,82959080,1000
14300000,279388,14299438,51.1813,50223,83854946,1000
14350000,279417,14349427,51.3549,50223,84690881,1000
14400000,279440,14399417,51.5295,50223,85557649,999
14450000,279467,14449408,51.7034,50928,86439294,1000
14500000,279488,14499393,51.8784,50928,87319788,1000
14550000,279512,14549380,52.0528,50928,88240328,1000
14600000,279535,14599362,52.2273,50928,89144893,1000
14650000,279567,14649353,52.4002,51198,90041459,1000
14700000,279593,14699340,52.5741,51198,90994557,1000
14750000,279621,14749329,52.7476,51555,91906419,1000
14800000,279651,14799313,52.9207,51555,92848666,1000
14850000,279678,14849304,53.0943,51885,93825614,1000
14900000,279706,14899292,53.2677,51885,94770832,1000
14950000,279732,14949284,53.4415,51885,95715406,1000
15000000,279751,14999267,53.6165,51885,96636381,999
15050000,279781,15049258,53.7894,51885,97584248,999
15100000,279807,15099243,53.9631,51885,98545179,998
15150000,279834,15149227,54.1365,51885,99504547,1000
15200000,279861,15199211,54.3099,51885,100472507,999
15250000,279887,15249197,54.4834,51885,101423001,1000
15300000,279908,15299181,54.6579,51885,102398195,999
15350000,279931,15349174,54.832,51885,103401769,1000
15400000,279962,15399160,55.0045,51885,104456518,1000
15450000,279990,15449146,55.1775,51885,105483627,1000
15500000,280017,15499136,55.3507,51885,106467791,1000
15550000,280038,15549125,55.5251,51885,107490292,999
15600000,280056,15599109,55.7,51885,108503404,1000
15650000,280083,15649089,55.873000000000005,51885,109545600,999
15700000,280114,15699079,56.0453,51885,110547767,1000
15750000,280129,15749068,56.2208,51885,111635493,999
15800000,280148,15799055,56.3954,55113,112728448,1000
15850000,280174,15849046,56.5686,55324,113766755,1000
15900000,280202,15899037,56.7413,55324,114869120,1000
15950000,280231,15949022,56.9138,55324,115938891,999
16000000,280256,15999006,57.0871,55324,117011927,1000
16050000,280278,16048990,57.261,55324,118079968,1000
16100000,280302,16098972,57.4344,55324,119178573,1000
16150000,280324,16148960,57.6082,55324,120311086,1000
16200000,280345,16198947,57.7822,55324,121451632,1000
16250000,280368,16248937,57.9557,55324,122564417,1000
16300000,280382,16298926,58.1311,57837,123725549,1000
16350000,280400,16348909,58.3057,57837,124802506,999
16400000,280415,16398901,58.4808,57837,125881736,1000
16450000,280437,16448887,58.6545,57837,127003273,1000
16500000,280460,16498875,58.8279,57837,128153268,1000
16550000,280474,16548862,59.0032,57837,129289048,999
16600000,280491,16598855,59.1779,58840,130448218,1000
16650000,280509,16648843,59.3523,58840,131560973,1000
16700000,280529,16698837,59.5262,58840,132752735,1000
16750000,280541,16748823,59.7019,58840,133930423,1000
16800000,280566,16798803,59.8747,58840,135182480,1000
16850000,280585,16848787,60.0488,58840,136428484,1000
16900000,280600,16898772,60.2237,58840,137628170,1000
16950000,280621,16948760,60.3973,58840,138845731,1000
17000000,280641,16998754,60.5712,58840,140045295,1000
17050000,280659,17048746,60.7454,58840,141292700,1000
17100000,280672,17098731,60.9207,58840,142521845,1000
17150000,280691,17148722,61.0947,58840,143763023,1000
17200000,280707,17198704,61.2692,58840,144968955,999
17250000,280723,17248693,61.4438,58840,146200007,1000
17300000,280737,17298681,61.6188,58840,147481315,1000
17350000,280757,17348671,61.7925,60667,148805455,1000
17400000,280772,17398658,61.9672,60667,150037264,1000
17450000,280790,17448644,62.1413,60667,151304082,1000
17500000,280808,17498628,62.3153,61158,152642822,999
17550000,280828,17548613,62.4888,61948,153984078,1000
17600000,280842,17598602,62.6637,61948,155279516,1000
17650000,280856,17648595,62.8386,61948,156633627,1000
17700000,280869,17698585,63.0137,61948,157946227,1000
17750000,280883,17748572,63.1885,61948,159257555,1000
17800000,280907,17798558,63.361000000000004,61948,160595191,1000
17850000,280925,17848546,63.5349,61948,161971253,1000
17900000,280944,17898532,63.7085,61948,163288505,999
17950000,280963,17948523,63.8822,61948,164626917,1000
18000000,280977,17998510,64.0569,61948,165987798,1000
18050000,280988,18048498,64.2323,63113,167386589,1000
18100000,281004,18098485,64.4065,63113,168851294,1000
18150000,281021,18148473,64.5805,63113,170264629,1000
18200000,281033,18198459,64.7556,63113,171713702,1000
18250000,281054,18248445,64.9286,63113,173132301,1000
18300000,281076,18298421,65.1013,63113,174567794,1000
18350000,281092,18348402,65.2754,64139,176015296,999
18400000,281103,18398391,65.4507,64139,177491930,1000
18450000,281116,18448374,65.6255,64139,178885427,1000
18500000,281134,18498362,65.7991,64139,180256760,1000
18550000,281150,18548347,65.9731,64139,181754800,1000
18600000,281163,18598325,66.1478,64953,183193781,999
18650000,281180,18648309,66.3216,64953,184666141,999
18700000,281200,18698295,66.4946,64953,186178807,1000
18750000,281217,18748287,66.6684,64953,187578275,1000
18800000,281232,18798275,66.8426,64953,189087921,1000
18850000,281254,18848258,67.0151,64953,190635352,999
18900000,281267,18898245,67.1897,64953,192137656,998
18950000,281279,18948230,67.3645,64953,193635338,1000
19000000,281295,18998214,67.5384,66356,195137099,1000
19050000,281308,19048197,67.71300000000001,66356,196701381,1000
19100000,281321,19098183,67.8875,66356,198235640,1000
19150000,281333,19148174,68.0623,66356,199754113,1000
19200000,281348,19198162,68.2364,66356,201340769,999
19250000,281368,19248149,68.4092,67873,202914213,999
19300000,281382,19298133,68.5834,68107,204537783,1000
19350000,281399,19348121,68.7569,68107,206111465,1000
19400000,281413,19398107,68.9311,68107,207663823,999
19450000,281433,19448087,69.1038,68107,209306927,999
19500000,281444,19498076,69.2787,68107,210918770,999
19550000,281460,19548059,69.4524,68107,212480056,1000
19600000,281470,19598039,69.6275,68107,214118139,999
19650000,281484,19648025,69.8016,68107,215692984,1000
19700000,281503,19698010,69.9744,68107,217315555,999
19750000,281517,19747994,70.1485,68107,218928902,1000
19800000,281531,19797979,70.3226,68107,220558959,1000
19850000,281542,19847964,70.4973,70015,222236052,998
19900000,281554,19897950,70.6719,70015,223936984,1000
19950000,281568,19947931,70.8459,70015,225604313,999
20000000,281579,19997915,71.0206,70015,227273631,1000
20050000,281594,20047902,71.1944,70015,228891859,1000
20100000,281611,20097895,71.3676,70189,230656266,999
20150000,281625,20147874,71.5415,70189,232364751,1000
20200000,281634,20197864,71.7167,70189,234126700,1000
20250000,281649,20247846,71.8904,70189,235832915,1000
20300000,281667,20297835,72.0632,70189,237631814,1000
20350000,281681,20347824,72.2371,70189,239346499,1000
20400000,281696,20397811,72.4107,70189,241092655,1000
20450000,281717,20447792,72.5827,70189,242777013,1000
20500000,281731,20497772,72.7565,71585,244489458,1000
20550000,281750,20547756,72.929,71585,246271301,1000
20600000,281768,20597741,73.1018,71585,248081295,1000
20650000,281782,20647728,73.2755,71585,249881179,1000
20700000,281803,20697708,73.4474,71585,251642453,1000
20750000,281813,20747691,73.6222,71585,253401424,1000
20800000,281829,20797675,73.7954,71585,255165914,1000
20850000,281841,20847650,73.9695,71585,257000556,998
20900000,281854,20897633,74.1435,71585,258919344,1000
20950000,281866,20947623,74.3177,71585,260717447,1000
21000000,281880,20997603,74.4913,71585,262576241,999
21050000,281892,21047590,74.6654,71585,264428075,998
21100000,281906,21097575,74.839,71585,266284830,1000
21150000,281920,21147549,75.0126,71585,268170542,998
21200000,281929,21197535,75.1875,71585,270021147,999
21250000,281943,21247517,75.361,71585,271853054,1000
21300000,281952,21297496,75.5359,71585,273690735,999
21350000,281969,21347479,75.7086,71585,275496578,999
21400000,281987,21397464,75.881,71585,277489901,999
21450000,282002,21447446,76.0542,71585,279460148,999
21500000,282010,21497430,76.2293,71585,281339741,1000
21550000,282015,21547413,76.4052,71585,283276536,998
21600000,282027,21597391,76.5792,75361,285220313,1000
21650000,282034,21647367,76.7545,75361,287167551,1000
21700000,282043,21697354,76.9292,75361,289171383,1000
21750000,282054,21747335,77.1034,75361,291213627,1000
21800000,282061,21797323,77.2788,75361,293180500,999
21850000,282070,21847306,77.4535,75361,295111701,999
21900000,282084,21897298,77.6269,75361,297039527,1000
21950000,282099,21947281,77.7999,75361,299013820,1000
22000000,282112,21997262,77.9735,76741,301083077,999
22050000,282123,22047245,78.1476,76741,303118005,1000
22100000,282136,22097225,78.3212,76741,305162226,1000
22150000,282139,22147208,78.4975,76741,307196219,999
22200000,282148,22197198,78.6722,76741,309294097,999
22250000,282159,22247177,78.8462,76741,311396994,998
22300000,282170,22297162,79.0203,76741,313550803,1000
22350000,282177,22347147,79.1955,76741,315585518,999
22400000,282188,22397128,79.3695,76741,317747071,999
22450000,282204,22447110,79.5421,76741,319842362,1000
22500000,282217,22497088,79.7156,76741,321874786,1000
22550000,282229,22547070,79.8893,76741,324064220,1000
22600000,282241,22597056,80.063,76741,326195836,1000
22650000,282248,22647038,80.2381,76741,328366137,1000
22700000,282261,22697015,80.4114,76741,330563454,1000
22750000,282271,22746998,80.5857,76741,332686339,1000
22800000,282282,22796977,80.7596,76741,334878681,999
22850000,282295,22846958,80.9329,76741,337069848,1000
22900000,282304,22896941,81.1074,76741,339292045,1000
22950000,282316,22946920,81.281,76741,341506546,1000
23000000,282330,22996904,81.454,76741,343708009,999
23050000,282338,23046885,81.6287,76741,345927608,1000
23100000,282348,23096864,81.8028,76741,348142190,1000
23150000,282358,23146837,81.9769,76741,350428332,1000
23200000,282368,23196826,82.15100000000001,76741,352679008,1000
23250000,282376,23246810,82.3257,76741,354935254,999
23300000,282389,23296785,82.4989,76741,357215811,1000
23350000,282403,23346767,82.6718,76741,359488143,1000
23400000,282415,23396748,82.8453,81657,361779299,1000
23450000,282429,23446735,83.0182,81657,364156991,1000
23500000,282439,23496716,83.1922,81657,366515816,1000
23550000,282444,23546702,83.3677,81657,368748366,1000
23600000,282454,23596682,83.5417,82399,371074936,999
23650000,282461,23646671,83.7166,82399,373360193,999
23700000,282467,23696648,83.8917,82399,375669362,1000
23750000,282472,23746638,84.0672,82399,378011417,999
23800000,282485,23796622,84.2403,83149,380399236,1000
23850000,282499,23846600,84.413,83241,382881171,1000
23900000,282506,23896587,84.5879,83241,385220884,999
23950000,282519,23946563,84.7609,83241,387538611,1000
24000000,282535,23996552,84.93299999999999,83241,389947577,1000
24050000,282543,24046530,85.1075,83241,392463633,999
24100000,282554,24096515,85.2811,83241,394878748,1000
24150000,282561,24146498,85.4559,83241,397332680,1000
24200000,282568,24196484,85.6307,84405,399755115,1000
24250000,282578,24246463,85.8045,84405,402202694,1000
24300000,282584,24296442,85.9795,84405,404651613,999
24350000,282593,24346424,86.1537,84979,407268875,1000
24400000,282608,24396403,86.3259,84979,409708174,999
24450000,282618,24446389,86.4998,84979,412277323,999
24500000,282624,24496366,86.6748,84979,414756757,999
24550000,282630,24546346,86.8498,84979,417307414,999
24600000,282646,24596322,87.0217,85837,419743702,1000
24650000,282659,24646306,87.1945,85979,422168709,1000
24700000,282669,24696297,87.3683,85979,424594339,999
24750000,282679,24746275,87.542,85979,427247619,1000
24800000,282691,24796261,87.7151,85979,429840309,1000
24850000,282700,24846235,87.8891,85979,432357699,1000
24900000,282711,24896223,88.0624,85979,434868069,1000
24950000,282719,24946196,88.2367,85979,437463046,1000
25000000,282727,24996170,88.411,85979,440160274,999
25050000,282735,25046153,88.5853,87409,442810209,1000
25100000,282745,25096136,88.7589,87409,445473194,1000
25150000,282763,25146118,88.93,87409,448103198,1000
25200000,282773,25196100,89.1036,87409,450825408,1000
25250000,282783,25246084,89.2772,87409,453359749,1000
25300000,282794,25296067,89.4505,87409,456000247,999
25350000,282799,25346042,89.6256,87409,458666025,1000
25400000,282806,25396017,89.8001,87409,461334802,999
25450000,282814,25445999,89.9743,87409,464057303,1000
25500000,282821,25495991,90.1489,87409,466648142,1000
25550000,282827,25545965,90.3236,89296,469306730,1000
25600000,282835,25595937,90.4978,89296,472114458,999
25650000,282845,25645924,90.6713,89296,474816885,999
25700000,282859,25695907,90.8435,89296,477535669,1000
25750000,282871,25745888,91.0164,89296,480330784,1000
25800000,282877,25795863,91.1911,89296,483048262,1000
25850000,282884,25845848,91.3655,89296,485905728,1000
25900000,282895,25895828,91.5387,89296,488676927,1000
25950000,282903,25945812,91.7127,89296,491448558,999
26000000,282907,25995795,91.8881,89296,494178448,1000
26050000,282913,26045785,92.0629,89296,497034258,1000
26100000,282925,26095766,92.2356,89296,499888349,1000
26150000,282936,26145744,92.4087,89296,502837510,1000
26200000,282944,26195726,92.5827,89296,505640228,1000
26250000,282952,26245706,92.7567,89296,508555028,1000
26300000,282959,26295682,92.9311,89296,511528255,999
26350000,282970,26345671,93.1041,89296,514502340,1000
26400000,282975,26395657,93.2791,89296,517403349,1000
26450000,282985,26445637,93.4524,89296,520343003,999
26500000,282993,26495618,93.6264,89296,523190479,1000
26550000,283003,26545593,93.7997,93657,526195151,999
26600000,283011,26595579,93.9737,93657,529061512,1000
26650000,283019,26645556,94.1476,93657,532061032,1000
26700000,283033,26695535,94.3195,93657,535056149,999
26750000,283043,26745515,94.4928,93657,538168591,1000
26800000,283057,26795496,94.6647,93657,541071053,998
26850000,283068,26845471,94.8375,93657,543993971,1000
26900000,283081,26895452,95.0097,93657,546991495,1000
26950000,283091,26945436,95.1829,94062,550069648,1000
27000000,283104,26995415,95.3551,94062,553136477,999
27050000,283116,27045397,95.5276,94062,556123138,1000
27100000,283124,27095372,95.7014,94062,559040423,999
27150000,283133,27145351,95.8749,94834,562211620,999
27200000,283144,27195335,96.0477,95069,565161347,999
27250000,283150,27245310,96.2222,95069,568130569,999
27300000,283157,27295284,96.3963,95069,571154310,999
27350000,283167,27345261,96.5694,95502,574219475,999
27400000,283175,27395241,96.7431,95502,577275813,1000
27450000,283185,27445218,96.9162,95502,580278400,1000
27500000,283194,27495194,97.0896,95502,583315076,1000
27550000,283202,27545172,97.2633,95502,586579957,1000
27600000,283208,27595155,97.4378,96410,589725589,1000
27650000,283215,27645137,97.6118,96652,592896024,1000
27700000,283219,27695119,97.7869,96652,596036523,1000
27750000,283228,27745097,97.9603,96652,599303749,999
