timestep,num_nodes,num_edges,average_degree,max_degree,num_triangles,new_edges
0,1767,1000,0.5659310000000001,2,0,1000
50000,43078,51000,1.1839,153,2,1000
100000,67099,101000,1.50524,313,300,1000
150000,85029,151000,1.7758599999999998,395,549,1000
200000,99301,201000,2.02415,664,859,1000
250000,110911,251000,2.26308,832,1229,1000
300000,120888,301000,2.48991,975,1723,1000
350000,129573,351000,2.7089,1140,2347,1000
400000,137247,401000,2.9217400000000002,1140,3108,1000
450000,144272,451000,3.12604,1538,4001,1000
500000,150580,501000,3.32714,1538,5274,1000
550000,156238,550999,3.5266599999999997,1667,6621,1000
600000,161373,600999,3.7242800000000003,1818,8333,1000
650000,166158,650999,3.91795,2031,10259,1000
700000,170620,700999,4.1085400000000005,2297,12468,1000
750000,174634,750999,4.30042,2416,15018,1000
800000,178549,800999,4.48616,2416,17661,1000
850000,182110,850998,4.67299,2588,20719,1000
900000,185511,900998,4.85684,3214,24215,1000
950000,188766,950997,5.03797,3214,27904,1000
1000000,191843,1000997,5.21779,3214,32195,1000
1050000,194615,1050996,5.40039,3214,37242,1000
1100000,197313,1100995,5.579940000000001,3566,42684,1000
1150000,199930,1150995,5.75699,3566,48178,1000
1200000,202294,1200995,5.93688,4101,53950,1000
1250000,204621,1250994,6.11371,4101,60842,1000
1300000,206793,1300994,6.29129,4101,67884,1000
1350000,208814,1350994,6.4698400000000005,4363,75801,1000
1400000,210823,1400994,6.64536,4882,84421,1000
1450000,212732,1450994,6.820760000000001,4882,93046,1000
1500000,214602,1500992,6.9943100000000005,4882,102598,1000
1550000,216396,1550991,7.16737,4997,112694,1000
1600000,218155,1600991,7.33878,5158,123401,1000
1650000,219885,1650991,7.508430000000001,5371,136077,1000
1700000,221422,1700991,7.682119999999999,5502,147839,1000
1750000,222940,1750988,7.854080000000001,5576,160748,1000
1800000,224432,1800987,8.02464,6270,173771,1000
1850000,225865,1850982,8.19508,6369,188135,1000
1900000,227245,1900980,8.36533,6369,203716,1000
1950000,228596,1950979,8.53462,6369,219415,1000
2000000,229882,2000976,8.704360000000001,6369,236837,1000
2050000,231057,2050971,8.87647,6645,253991,1000
2100000,232192,2100970,9.04842,7346,273155,1000
2150000,233307,2150967,9.21947,7471,293386,1000
2200000,234427,2200966,9.388710000000001,7471,318029,1000
2250000,235545,2250963,9.5564,7471,343995,1000
2300000,236558,2300963,9.72685,7471,366203,1000
2350000,237559,2350962,9.89633,7571,389562,1000
2400000,238469,2400961,10.0682,7763,414228,1000
2450000,239317,2450960,10.2415,7778,440512,1000
2500000,240243,2500960,10.4101,8720,467244,1000
2550000,241062,2550959,10.5822,8720,496152,1000
2600000,241939,2600957,10.7505,8720,525583,1000
2650000,242796,2650954,10.9184,8720,555568,1000
2700000,243607,2700953,11.0873,8727,587919,1000
2750000,244377,2750952,11.257,8752,620488,1000
2800000,245101,2800950,11.4277,8895,653255,1000
2850000,245834,2850950,11.5971,9858,691711,1000
2900000,246579,2900948,11.7648,9858,728272,1000
2950000,247315,2950947,11.9319,10293,766270,1000
3000000,247946,3000944,12.1032,10534,804149,1000
3050000,248536,3050944,12.2757,10601,844900,1000
3100000,249199,3100942,12.4436,10601,892491,1000
3150000,249840,3150938,12.6118,10638,935908,1000
3200000,250460,3200935,12.7802,10638,979912,1000
3250000,251007,3250931,12.9516,11405,1025082,1000
3300000,251558,3300931,13.1219,11405,1073803,1000
3350000,252075,3350927,13.2934,11405,1124923,1000
3400000,252607,3400922,13.4633,12054,1173593,1000
3450000,253152,3450919,13.6318,12054,1230562,1000
3500000,253644,3500913,13.8025,12054,1284735,1000
3550000,254142,3550911,13.9722,12054,1340384,1000
3600000,254636,3600908,14.1414,12054,1397672,1000
3650000,255110,3650904,14.3111,12054,1453026,1000
3700000,255615,3700899,14.4784,12054,1515132,1000
3750000,256068,3750893,14.648,12054,1574552,1000
3800000,256517,3800889,14.8173,12113,1641165,1000
3850000,256903,3850882,14.9896,12194,1704160,1000
3900000,257297,3900881,15.161,12194,1766692,1000
3950000,257687,3950878,15.3321,12194,1833539,999
4000000,258041,4000872,15.5048,13873,1901412,1000
4050000,258429,4050871,15.675,13873,1972976,1000
4100000,258772,4100868,15.8474,13873,2045149,1000
4150000,259171,4150866,16.0159,13873,2120095,1000
4200000,259512,4200862,16.1875,13873,2199717,1000
4250000,259845,4250858,16.3592,13873,2277963,1000
4300000,260200,4300855,16.529,13873,2360736,999
4350000,260525,4350853,16.7003,13873,2442438,1000
4400000,260838,4400851,16.872,14068,2529540,1000
4450000,261155,4450851,17.0429,14115,2617847,1000
4500000,261439,4500848,17.2157,14350,2704585,1000
4550000,261754,4550844,17.386,14501,2793214,1000
4600000,262031,4600839,17.5584,14720,2888082,1000
4650000,262310,4650833,17.7303,14720,2980734,1000
4700000,262606,4700828,17.9007,15005,3075276,1000
4750000,262861,4750825,18.0735,15005,3176128,1000
4800000,263176,4800821,18.2419,15382,3274456,1000
4850000,263455,4850816,18.4123,15382,3376336,1000
4900000,263704,4900813,18.5845,15586,3477202,1000
4950000,263921,4950807,18.7587,16649,3586252,1000
5000000,264176,5000806,18.9298,16649,3696294,1000
5050000,264421,5050805,19.1014,16649,3803905,1000
5100000,264681,5100803,19.2715,16649,3917093,1000
5150000,264924,5150801,19.4426,16649,4032259,1000
5200000,265153,5200799,19.6143,16649,4142909,1000
5250000,265417,5250795,19.7832,16662,4263159,1000
5300000,265643,5300792,19.9546,16662,4387931,1000
5350000,265856,5350788,20.1266,16662,4512580,1000
5400000,266072,5400782,20.2982,17277,4643109,1000
5450000,266267,5450777,20.4711,17277,4775264,999
5500000,266474,5500773,20.6428,17552,4905531,1000
5550000,266667,5550769,20.8154,17552,5036070,1000
5600000,266900,5600764,20.9845,19484,5175983,1000
5650000,267096,5650762,21.1563,19718,5307914,1000
5700000,267309,5700760,21.3265,19718,5446116,999
5750000,267475,5750755,21.5002,19718,5588604,1000
5800000,267655,5800752,21.6725,20248,5740347,1000
5850000,267848,5850743,21.8435,20248,5887502,1000
5900000,268023,5900738,22.0158,20574,6035632,1000
5950000,268173,5950735,22.1899,20574,6185996,1000
6000000,268366,6000732,22.3603,20574,6342716,1000
6050000,268542,6050725,22.5318,20574,6498623,1000
6100000,268707,6100721,22.704,20574,6662088,1000
6150000,268878,6150714,22.8755,21814,6828371,1000
6200000,269032,6200709,23.0482,21814,6987600,1000
6250000,269168,6250703,23.2223,21814,7165559,999
6300000,269325,6300700,23.3944,22338,7336617,1000
6350000,269476,6350697,23.5668,22338,7511928,1000
6400000,269622,6400691,23.7395,22338,7689462,1000
6450000,269765,6450691,23.9123,22338,7864167,1000
6500000,269900,6500688,24.0855,22338,8041356,1000
6550000,270046,6550684,24.2577,22987,8231358,1000
6600000,270182,6600681,24.4305,22987,8426845,1000
6650000,270299,6650671,24.6049,22987,8613005,1000
6700000,270438,6700664,24.7771,23768,8803660,1000
6750000,270575,6750660,24.9493,23768,9004818,1000
6800000,270700,6800657,25.1225,23768,9195801,1000
6850000,270833,6850652,25.2947,23768,9390982,1000
6900000,270953,6900645,25.4681,23768,9594256,1000
6950000,271072,6950638,25.6413,23768,9805021,1000
7000000,271201,7000630,25.8134,23768,10004568,999
7050000,271343,7050625,25.9842,23768,10222841,1000
7100000,271473,7100618,26.1559,23768,10442881,1000
7150000,271568,7150611,26.3308,23768,10660233,1000
7200000,271677,7200605,26.5043,23768,10880591,1000
7250000,271795,7250600,26.6767,23768,11107060,999
7300000,271914,7300594,26.8489,23768,11336809,1000
7350000,272037,7350587,27.0205,23768,11563764,1000
7400000,272151,7400585,27.1929,26260,11814945,1000
7450000,272242,7450583,27.3675,26260,12067274,1000
7500000,272343,7500576,27.5409,26260,12311048,1000
7550000,272442,7550575,27.7144,26260,12545878,1000
7600000,272543,7600572,27.8876,26260,12792820,1000
7650000,272646,7650564,28.0604,26260,13035589,1000
7700000,272737,7700560,28.2344,26260,13290504,1000
7750000,272826,7750551,28.4084,26260,13555091,1000
7800000,272902,7800546,28.5837,27231,13811866,1000
7850000,273001,7850540,28.7565,27231,14077445,1000
7900000,273093,7900533,28.9298,27231,14345343,1000
7950000,273182,7950528,29.1034,27794,14616931,1000
8000000,273260,8000524,29.2781,27794,14900226,1000
8050000,273351,8050516,29.4512,27794,15173112,1000
8100000,273444,8100512,29.624000000000002,27794,15471332,1000
8150000,273520,8150508,29.7986,27794,15761267,1000
8200000,273601,8200499,29.9725,27794,16054597,1000
8250000,273673,8250494,30.1473,27794,16345284,1000
8300000,273749,8300489,30.3215,27794,16634297,1000
8350000,273836,8350486,30.4945,29525,16937647,1000
8400000,273922,8400480,30.6674,29525,17244723,1000
8450000,274016,8450475,30.8393,29525,17554667,1000
8500000,274105,8500468,31.0117,30044,17875841,1000
8550000,274193,8550463,31.1841,30044,18188346,1000
8600000,274276,8600457,31.3569,30044,18492612,999
8650000,274342,8650452,31.5316,30044,18811189,1000
8700000,274420,8700445,31.7049,30044,19144694,1000
8750000,274499,8750443,31.8779,30044,19474095,1000
8800000,274585,8800434,32.0499,31029,19814944,999
8850000,274660,8850430,32.2232,31029,20154313,1000
8900000,274734,8900420,32.3965,31029,20496626,999
8950000,274810,8950414,32.5695,31029,20840931,1000
9000000,274883,9000405,32.7427,31029,21190024,1000
9050000,274951,9050394,32.9164,31029,21538707,1000
9100000,275024,9100389,33.0894,31029,21898179,1000
9150000,275092,9150380,33.263000000000005,32065,22254803,1000
9200000,275168,9200369,33.4355,32065,22614137,1000
9250000,275233,9250366,33.6092,32065,22987391,1000
9300000,275299,9300363,33.7828,32065,23359338,1000
9350000,275358,9350356,33.9571,32065,23725051,1000
9400000,275420,9400351,34.131,32065,24099056,1000
9450000,275474,9450345,34.3058,32065,24500468,1000
9500000,275549,9500335,34.4778,32065,24884354,1000
9550000,275606,9550329,34.6521,32065,25274325,1000
9600000,275675,9600319,34.8248,32065,25664960,1000
9650000,275740,9650310,34.9979,32065,26066553,1000
9700000,275803,9700304,35.1711,32065,26483710,1000
9750000,275853,9750294,35.346,34240,26868895,1000
9800000,275905,9800290,35.5205,34240,27279921,999
9850000,275963,9850285,35.6942,34240,27693785,1000
9900000,276014,9900280,35.8688,34240,28098592,1000
9950000,276066,9950276,36.0431,34240,28523085,1000
10000000,276114,10000273,36.2179,34240,28955002,1000
10050000,276154,10050269,36.3937,35137,29384752,999
10100000,276203,10100262,36.5683,35388,29823076,999
10150000,276264,10150256,36.7411,35388,30273784,1000
10200000,276316,10200252,36.9152,35388,30711436,1000
10250000,276367,10250249,37.0893,35967,31157888,1000
10300000,276432,10300240,37.2614,35967,31603016,999
10350000,276490,10350228,37.4344,35967,32062216,1000
10400000,276540,10400219,37.6084,36411,32514485,1000
10450000,276583,10450215,37.7833,36411,32986275,1000
10500000,276633,10500202,37.9572,36411,33463422,1000
10550000,276686,10550195,38.1306,36411,33925745,998
10600000,276737,10600186,38.3042,36411,34400516,1000
10650000,276786,10650178,38.478,36411,34887219,1000
10700000,276832,10700164,38.6522,36411,35394318,999
10750000,276881,10750156,38.8259,36411,35904871,1000
10800000,276935,10800141,38.9988,36411,36414800,1000
10850000,276981,10850130,39.1728,36411,36927527,1000
10900000,277032,10900122,39.3461,36411,37418307,1000
10950000,277075,10950116,39.5204,36411,37939043,1000
11000000,277124,11000106,39.6938,36411,38441314,1000
11050000,277183,11050099,39.8657,36411,38966991,1000
11100000,277228,11100093,40.0396,36411,39496750,1000
11150000,277261,11150085,40.2151,36411,40025303,1000
11200000,277310,11200078,40.3883,39156,40588435,1000
11250000,277356,11250067,40.5618,39156,41137526,1000
11300000,277400,11300062,40.7356,39156,41690955,1000
11350000,277441,11350056,40.9098,39156,42250716,1000
11400000,277491,11400050,41.0826,39156,42798787,1000
11450000,277538,11450045,41.2558,39156,43355204,1000
11500000,277593,11500036,41.4277,39156,43909165,999
11550000,277639,11550031,41.6009,39156,44464175,999
11600000,277681,11600024,41.7746,40510,45039100,1000
11650000,277728,11650013,41.9476,40510,45608896,1000
11700000,277770,11700001,42.1212,40856,46189979,999
11750000,277804,11749988,42.29600000000001,40856,46770157,999
11800000,277835,11799982,42.4712,40856,47367299,1000
11850000,277877,11849970,42.6447,40856,47945087,1000
11900000,277907,11899960,42.8199,40856,48555743,1000
11950000,277944,11949945,42.9941,42244,49158827,999
12000000,277986,11999941,43.1674,42244,49781195,1000
12050000,278035,12049931,43.3396,42244,50391229,1000
12100000,278077,12099921,43.5128,42244,51007691,1000
12150000,278117,12149912,43.6863,42244,51629241,998
12200000,278155,12199898,43.8601,42244,52267132,1000
12250000,278192,12249890,44.0339,42244,52919849,1000
12300000,278238,12299881,44.2063,42997,53592624,1000
12350000,278276,12349873,44.3799,42997,54223310,999
12400000,278316,12399866,44.5532,42997,54872830,1000
12450000,278346,12449861,44.728,42997,55515845,999
12500000,278386,12499857,44.9012,43711,56166998,1000
12550000,278414,12549849,45.0762,43711,56809024,999
12600000,278440,12599845,45.2516,43711,57487145,1000
12650000,278476,12649833,45.4252,43711,58142667,1000
12700000,278497,12699820,45.6013,43711,58802866,1000
12750000,278530,12749809,45.7754,44511,59471288,999
12800000,278570,12799804,45.9482,44511,60168598,1000
12850000,278610,12849788,46.1211,44511,60857167,1000
12900000,278643,12899782,46.295,44511,61550863,1000
12950000,278675,12949776,46.4691,44511,62240141,1000
13000000,278708,12999764,46.643,44511,62958246,1000
13050000,278753,13049757,46.8148,44511,63657298,1000
13100000,278781,13099743,46.9894,44511,64419956,1000
13150000,278808,13149732,47.1641,44511,65131146,999
13200000,278841,13199722,47.3378,44511,65871016,1000
13250000,278870,13249715,47.5122,44511,66602455,1000
13300000,278908,13299709,47.6849,44511,67357441,1000
13350000,278941,13349703,47.8585,44511,68097492,1000
13400000,278973,13399694,48.0322,44511,68877565,999
13450000,279000,13449686,48.2068,44511,69650752,1000
13500000,279031,13499677,48.3806,44511,70432716,1000
13550000,279066,13549664,48.5536,47752,71204143,1000
13600000,279103,13599654,48.7263,47752,71985793,1000
13650000,279125,13649648,48.9016,47752,72758445,999
13700000,279148,13699640,49.0766,47752,73552836,999
13750000,279177,13749626,49.2506,47752,74353104,1000
13800000,279209,13799614,49.424,48145,75137397,1000
13850000,279240,13849607,49.5975,48145,75945492,999
13900000,279270,13899600,49.7712,48145,76778027,1000
13950000,279282,13949588,49.948,48145,77613264,1000
14000000,279306,13999573,50.1227,48145,78454840,1000
14050000,279333,14049557,50.2968,48145,79275896,1000
14100000,279357,14099543,50.4714,49815,80112114,1000
14150000,279382,14149539,50.6459,49815,80940607,999
14200000,279410,14199534,50.8197,49815,81779168,1000
14250000,279434,14249520,50.9942,49815,82662489,999
14300000,279470,14299506,51.1665,49860,83555702,1000
14350000,279494,14349496,51.341,50034,84396229,1000
14400000,279519,14399484,51.5152,50034,85270817,999
14450000,279542,14449478,51.6898,50034,86165437,1000
14500000,279569,14499462,51.8636,50034,87028925,1000
14550000,279593,14549448,52.038000000000004,50784,87897830,1000
14600000,279620,14599431,52.2117,50784,88797304,1000
14650000,279657,14649424,52.3835,51225,89721857,999
14700000,279682,14699408,52.5576,51225,90635819,1000
14750000,279720,14749396,52.7291,51225,91546838,1000
14800000,279737,14799387,52.9046,51687,92498146,999
14850000,279750,14849377,53.0809,51687,93449093,1000
14900000,279773,14899363,53.2552,51687,94406298,1000
14950000,279791,14949352,53.4304,51687,95337924,1000
15000000,279821,14999340,53.6033,51687,96282810,1000
15050000,279842,15049333,53.778,51687,97270593,1000
15100000,279864,15099320,53.9523,51687,98238802,1000
15150000,279888,15149310,54.1263,51687,99188221,1000
15200000,279909,15199296,54.3008,51687,100208877,1000
15250000,279925,15249281,54.4763,53239,101218605,1000
15300000,279943,15299267,54.6514,53239,102211871,1000
15350000,279971,15349260,54.8245,53239,103199423,1000
15400000,279989,15399253,54.9995,53694,104224036,1000
15450000,280008,15449242,55.1743,53694,105215552,1000
15500000,280031,15499229,55.3483,54028,106219134,1000
15550000,280054,15549216,55.5222,54028,107235988,1000
15600000,280084,15599205,55.6947,54028,108288426,1000
15650000,280106,15649200,55.8688,54028,109301724,1000
15700000,280129,15699193,56.0427,54028,110327146,1000
15750000,280155,15749184,56.216,54028,111417429,1000
15800000,280167,15799169,56.391999999999996,55124,112550614,1000
15850000,280186,15849159,56.5666,55124,113606467,1000
15900000,280208,15899145,56.7405,55124,114690475,999
15950000,280223,15949127,56.9158,55124,115823436,1000
16000000,280242,15999116,57.0904,55124,116977249,999
16050000,280270,16049110,57.263000000000005,55124,118031308,1000
16100000,280295,16099095,57.4363,55124,119132071,1000
16150000,280313,16149085,57.6109,56412,120215826,1000
16200000,280339,16199078,57.7839,56412,121330482,1000
16250000,280356,16249060,57.9587,57450,122455361,999
16300000,280370,16299048,58.1341,57450,123558558,1000
16350000,280389,16349043,58.3084,57450,124694703,1000
16400000,280407,16399029,58.483000000000004,57450,125832496,1000
16450000,280424,16449019,58.6577,57450,126935899,1000
16500000,280446,16499001,58.8313,57450,128082869,1000
16550000,280472,16548990,59.0041,57450,129275040,1000
16600000,280492,16598972,59.1781,57450,130397895,1000
16650000,280506,16648959,59.3533,57450,131581759,1000
16700000,280527,16698942,59.527,57450,132725114,1000
16750000,280546,16748930,59.7012,57450,133875736,999
16800000,280567,16798916,59.8749,57450,135075883,999
16850000,280584,16848901,60.0494,57450,136245394,999
16900000,280601,16898889,60.2239,57450,137414886,1000
16950000,280621,16948878,60.3978,57450,138614658,999
17000000,280639,16998867,60.571999999999996,57450,139845125,1000
17050000,280656,17048850,60.7464,57450,141041216,1000
17100000,280671,17098837,60.9213,57450,142254926,999
17150000,280685,17148824,61.0963,57450,143490606,999
17200000,280697,17198811,61.2718,57450,144699348,1000
17250000,280719,17248795,61.4451,57450,145955487,1000
17300000,280731,17298784,61.6205,57450,147223389,999
17350000,280758,17348770,61.7926,57450,148465473,999
17400000,280775,17398759,61.9669,57450,149735930,999
17450000,280796,17448743,62.1403,57450,150993042,1000
17500000,280817,17498731,62.3136,57450,152310801,999
17550000,280836,17548717,62.4874,57450,153596835,1000
17600000,280851,17598698,62.662,57450,154867671,1000
17650000,280872,17648685,62.8353,61683,156174427,998
17700000,280884,17698673,63.0106,61683,157500647,1000
17750000,280904,17748658,63.1841,61683,158855818,1000
17800000,280925,17798650,63.3573,61683,160183112,1000
17850000,280943,17848639,63.5312,61683,161509892,998
17900000,280955,17898624,63.7064,61683,162861252,1000
17950000,280979,17948612,63.8788,61683,164258590,1000
18000000,280998,17998593,64.0524,61683,165596715,999
18050000,281018,18048579,64.2257,61683,166929852,1000
18100000,281039,18098560,64.3987,61683,168323454,1000
18150000,281049,18148544,64.5743,63540,169717458,1000
18200000,281064,18198536,64.7487,63540,171079844,1000
18250000,281079,18248521,64.9231,63540,172469327,1000
18300000,281089,18298507,65.0986,64680,173874797,1000
18350000,281106,18348493,65.2725,64680,175313292,1000
18400000,281122,18398473,65.4466,64680,176776588,1000
18450000,281143,18448457,65.6195,64680,178198447,999
18500000,281161,18498447,65.7931,64680,179572956,1000
18550000,281174,18548433,65.9678,64680,180970751,999
18600000,281190,18598421,66.1418,65124,182404418,1000
18650000,281210,18648410,66.3149,65124,183832571,1000
18700000,281225,18698397,66.4891,65124,185288254,1000
18750000,281244,18748376,66.6623,65124,186763507,1000
18800000,281257,18798363,66.837,65124,188223269,1000
18850000,281272,18848346,67.0111,65915,189724075,999
18900000,281285,18898327,67.1857,65915,191196459,1000
18950000,281300,18948304,67.3598,65915,192712126,1000
19000000,281320,18998292,67.5327,66411,194226551,999
19050000,281331,19048281,67.7077,66411,195757249,1000
19100000,281347,19098272,67.8816,66411,197296087,1000
19150000,281366,19148259,68.0546,66411,198863813,1000
19200000,281381,19198239,68.2286,66411,200401354,1000
19250000,281393,19248222,68.4033,66411,201922867,999
19300000,281403,19298201,68.5785,66411,203545782,1000
19350000,281416,19348187,68.753,66411,205065303,1000
19400000,281432,19398172,68.9267,66411,206622482,1000
19450000,281443,19448155,69.1016,66411,208214812,1000
19500000,281453,19498139,69.2767,66411,209769885,1000
19550000,281469,19548120,69.4503,66411,211328390,999
19600000,281483,19598106,69.6245,66411,212967216,1000
19650000,281503,19648084,69.7971,66411,214608191,1000
19700000,281517,19698071,69.9712,66411,216214288,1000
19750000,281527,19748056,70.1462,66411,217813422,1000
19800000,281537,19798042,70.3213,66411,219434852,1000
19850000,281549,19848024,70.4958,66411,221036730,1000
19900000,281563,19898009,70.6698,66411,222731818,1000
19950000,281580,19947994,70.8431,66411,224428481,1000
20000000,281591,19997985,71.0178,66411,226096785,1000
20050000,281600,20047977,71.1931,66411,227702283,999
20100000,281616,20097967,71.3666,66411,229410261,1000
20150000,281628,20147956,71.541,66411,231193787,1000
20200000,281642,20197942,71.715,66411,232891807,1000
20250000,281650,20247923,71.8904,66411,234627734,1000
20300000,281668,20297904,72.0632,66411,236381649,1000
20350000,281685,20347891,72.2363,66411,238045173,999
20400000,281697,20397875,72.4107,71339,239810373,1000
20450000,281710,20447858,72.5848,71635,241541115,999
20500000,281718,20497840,72.7601,71635,243291522,1000
20550000,281734,20547826,72.9334,71635,245003297,1000
20600000,281744,20597816,73.1083,71635,246786903,1000
20650000,281758,20647797,73.282,72167,248553009,999
20700000,281766,20697780,73.4573,72167,250357997,1000
20750000,281779,20747760,73.6313,72167,252162987,999
20800000,281793,20797742,73.805,72167,253955197,1000
20850000,281806,20847727,73.979,72167,255846634,999
20900000,281820,20897712,74.1527,72167,257644414,1000
20950000,281838,20947691,74.3253,73353,259487281,1000
21000000,281857,20997678,74.4976,73353,261341176,1000
21050000,281867,21047658,74.6723,73353,263160551,999
21100000,281877,21097643,74.847,73821,265154451,1000
21150000,281889,21147635,75.0211,73821,267049206,1000
21200000,281898,21197622,75.1961,73821,268858264,1000
21250000,281907,21247601,75.37100000000001,73821,270695570,1000
21300000,281913,21297587,75.5467,73821,272672446,1000
21350000,281929,21347576,75.7197,73821,274551687,1000
21400000,281942,21397556,75.8935,73821,276502006,998
21450000,281954,21447545,76.0675,73821,278415375,1000
21500000,281969,21497532,76.2408,73821,280362008,1000
21550000,281982,21547515,76.4145,73821,282304646,1000
21600000,281989,21597503,76.5899,73821,284289454,1000
21650000,282001,21647492,76.7639,73821,286274943,1000
21700000,282009,21697471,76.9389,73821,288316040,1000
21750000,282018,21747458,77.1137,73821,290262127,1000
21800000,282032,21797439,77.2871,73821,292232026,1000
21850000,282039,21847419,77.4624,73821,294167663,1000
21900000,282050,21897398,77.6366,73821,296201082,999
21950000,282063,21947376,77.8102,73821,298181771,1000
22000000,282069,21997356,77.9857,76799,300208596,999
22050000,282083,22047339,78.15899999999999,76799,302282607,1000
22100000,282095,22097314,78.3329,76799,304315064,998
22150000,282102,22147307,78.5082,76799,306380065,1000
22200000,282108,22197290,78.6837,76799,308511356,999
22250000,282115,22247273,78.8589,76799,310571934,998
22300000,282126,22297259,79.033,76799,312602692,1000
22350000,282139,22347240,79.2065,78162,314701458,1000
22400000,282146,22397223,79.3817,78162,316786982,1000
22450000,282156,22447203,79.556,78162,318871655,999
22500000,282166,22497190,79.7303,78162,320913074,1000
22550000,282175,22547168,79.9049,79536,323063256,1000
22600000,282185,22597151,80.0792,79536,325291764,1000
22650000,282194,22647140,80.2538,79536,327399255,1000
22700000,282205,22697122,80.4278,79536,329519296,1000
22750000,282219,22747102,80.6009,79536,331654441,1000
22800000,282228,22797083,80.7754,79536,333906910,1000
22850000,282238,22847065,80.9496,79536,336104481,1000
22900000,282250,22897047,81.1233,79536,338333502,999
22950000,282264,22947022,81.2963,79536,340583044,999
23000000,282272,22996999,81.4711,80580,342777738,1000
23050000,282276,23046972,81.6469,80580,344993707,999
23100000,282288,23096961,81.8206,80580,347157997,1000
23150000,282291,23146943,81.9967,80580,349306055,999
23200000,282312,23196929,82.1677,80580,351601930,1000
23250000,282325,23246916,82.34100000000001,80580,353917299,1000
23300000,282337,23296906,82.5145,80580,356142732,1000
23350000,282351,23346876,82.6874,80580,358380558,999
23400000,282362,23396848,82.8612,80580,360639408,1000
23450000,282373,23446820,83.0349,80580,362918545,998
23500000,282393,23496804,83.206,80580,365246012,999
23550000,282404,23546780,83.3798,80580,367583584,999
23600000,282418,23596762,83.5526,82723,370001943,999
23650000,282427,23646741,83.7269,82723,372286906,999
23700000,282438,23696720,83.9006,82723,374572236,998
23750000,282446,23746702,84.0752,82723,376989512,1000
23800000,282457,23796695,84.2489,82723,379316828,1000
23850000,282469,23846673,84.4223,82723,381795242,999
23900000,282482,23896653,84.5953,83692,384145147,1000
23950000,282492,23946631,84.7692,83692,386645306,999
24000000,282505,23996607,84.9422,83692,389086940,1000
24050000,282516,24046593,85.1159,83692,391450566,1000
24100000,282526,24096569,85.2897,84851,393931136,999
24150000,282538,24146554,85.463,84851,396368170,1000
24200000,282549,24196535,85.6366,85204,398816840,1000
24250000,282558,24246518,85.8108,85204,401231344,999
24300000,282572,24296500,85.9834,85204,403697302,1000
24350000,282589,24346488,86.1551,85204,406214701,1000
24400000,282600,24396464,86.3286,85204,408624691,999
24450000,282608,24446439,86.50299999999999,86103,411226647,1000
24500000,282615,24496431,86.6777,86103,413715823,1000
24550000,282631,24546419,86.8497,86103,416205217,999
24600000,282639,24596401,87.0241,86103,418664217,1000
24650000,282649,24646387,87.1979,86103,421236097,999
24700000,282658,24696375,87.3719,86103,423925488,1000
24750000,282670,24746360,87.5451,87184,426581441,1000
24800000,282684,24796339,87.7175,87184,429215144,1000
24850000,282695,24846322,87.8909,87184,431833529,1000
24900000,282706,24896300,88.0643,87184,434324731,999
24950000,282713,24946281,88.2389,87311,436899784,999
25000000,282722,24996261,88.4129,87311,439490617,999
25050000,282737,25046243,88.5849,87311,442095639,1000
25100000,282756,25096218,88.7557,87311,444778354,999
25150000,282768,25146194,88.9287,87311,447401770,1000
25200000,282780,25196163,89.1016,87311,450063598,999
25250000,282789,25246156,89.2756,88441,452711141,1000
25300000,282797,25296137,89.4498,88441,455366368,1000
25350000,282809,25346121,89.6228,88441,458090638,1000
25400000,282820,25396099,89.796,88441,460924862,998
25450000,282829,25446083,89.9699,89179,463654912,999
25500000,282836,25496057,90.1443,89179,466318245,1000
25550000,282846,25546034,90.3178,89179,469045995,1000
25600000,282848,25596014,90.4939,89179,471711291,1000
25650000,282857,25645991,90.6677,89179,474510354,999
25700000,282868,25695979,90.8409,89955,477226486,1000
25750000,282878,25745958,91.0144,89955,479920835,1000
25800000,282883,25795938,91.1894,89955,482758566,998
25850000,282892,25845911,91.3632,89955,485482246,1000
25900000,282902,25895894,91.5366,89955,488238133,1000
25950000,282911,25945870,91.7104,89955,491059143,1000
26000000,282922,25995856,91.8835,89955,493754452,1000
26050000,282928,26045833,92.0582,89955,496590853,1000
26100000,282938,26095807,92.2315,89955,499421361,1000
26150000,282949,26145792,92.4046,89955,502197631,999
26200000,282959,26195771,92.57799999999999,92353,505047317,1000
26250000,282968,26245755,92.7517,92353,507919240,1000
26300000,282973,26295734,92.9267,92353,510742964,998
26350000,282986,26345712,93.09899999999999,92353,513556345,1000
26400000,282995,26395685,93.2726,92353,516442051,1000
26450000,283004,26445666,93.4463,92353,519363823,1000
26500000,283012,26495649,93.6202,92353,522412307,999
26550000,283020,26545629,93.7942,92818,525342939,999
26600000,283031,26595613,93.9671,92818,528349009,1000
26650000,283039,26645598,94.1411,92818,531413232,1000
26700000,283045,26695579,94.3157,92818,534470910,1000
26750000,283056,26745562,94.4886,92818,537389510,998
26800000,283061,26795535,94.6635,94388,540392129,1000
26850000,283071,26845510,94.8367,94388,543469246,999
26900000,283080,26895486,95.0102,94388,546513197,1000
26950000,283087,26945455,95.1844,94388,549469993,999
27000000,283096,26995438,95.3579,94388,552435878,1000
27050000,283105,27045420,95.5314,94388,555466393,1000
27100000,283113,27095397,95.7052,94388,558516851,1000
27150000,283123,27145377,95.8784,94388,561645927,1000
27200000,283133,27195356,96.0515,94388,564681399,999
27250000,283148,27245330,96.2229,94388,567639754,1000
27300000,283155,27295306,96.397,94388,570681906,1000
27350000,283159,27345285,96.5722,94388,573737731,999
27400000,283167,27395268,96.74600000000001,94388,576852584,999
27450000,283176,27445244,96.9194,94388,579932086,1000
27500000,283185,27495223,97.0928,94388,583039125,999
27550000,283196,27545203,97.2655,94388,586319235,999
27600000,283201,27595180,97.4403,94388,589556962,999
27650000,283210,27645150,97.6136,94388,592862465,999
27700000,283217,27695127,97.7877,94388,596030426,999
27750000,283227,27745098,97.9606,94388,599262688,1000
