timestep,num_nodes,num_edges,average_degree,max_degree,num_triangles,new_edges
0,1767,1000,0.5659310000000001,2,0,1000
50000,43194,51000,1.18072,122,2,1000
100000,67292,101000,1.50092,215,37,1000
150000,85030,151000,1.77584,352,106,1000
200000,99183,200999,2.02655,500,236,1000
250000,110892,250999,2.26345,698,455,1000
300000,120971,300999,2.4881900000000003,875,753,1000
350000,129651,350999,2.7072599999999998,1096,1196,1000
400000,137340,400998,2.91975,1143,1807,1000
450000,144253,450998,3.12644,1435,2553,1000
500000,150592,500998,3.32686,1481,3484,1000
550000,156239,550998,3.52664,1720,4650,1000
600000,161341,600998,3.7250199999999998,1892,5995,1000
650000,166147,650998,3.9182,2281,7663,1000
700000,170649,700998,4.10784,2281,9534,1000
750000,174778,750997,4.29686,2281,11774,1000
800000,178736,800997,4.48145,2407,14282,1000
850000,182288,850996,4.66841,2663,17117,1000
900000,185685,900995,4.85228,2666,20173,1000
950000,188849,950993,5.03573,2927,23631,1000
1000000,191915,1000993,5.21581,3100,27481,1000
1050000,194723,1050990,5.39736,3328,32158,999
1100000,197418,1100990,5.57695,3380,36809,1000
1150000,199992,1150990,5.75518,3557,42154,1000
1200000,202419,1200990,5.93319,4180,47849,1000
1250000,204757,1250988,6.10962,4327,54183,1000
1300000,206880,1300987,6.28861,4327,61596,999
1350000,208959,1350987,6.465319999999999,4327,69299,1000
1400000,210927,1400986,6.64204,4421,77519,1000
1450000,212819,1450986,6.8179300000000005,4592,86325,1000
1500000,214657,1500984,6.9924800000000005,4602,95238,1000
1550000,216364,1550983,7.1684,4862,105072,1000
1600000,217971,1600983,7.344939999999999,4862,115693,1000
1650000,219618,1650980,7.517510000000001,5231,126427,1000
1700000,221126,1700976,7.69234,5231,138336,1000
1750000,222617,1750975,7.865410000000001,5622,151583,1000
1800000,224093,1800975,8.03673,5708,164698,1000
1850000,225536,1850975,8.207,5927,179253,1000
1900000,226915,1900975,8.37748,6497,194042,1000
1950000,228180,1950975,8.55016,6497,209196,1000
2000000,229481,2000974,8.719560000000001,6497,225639,1000
2050000,230679,2050974,8.89103,7077,243881,1000
2100000,231831,2100972,9.06252,7077,263920,1000
2150000,232950,2150971,9.23362,7077,283003,1000
2200000,234014,2200971,9.4053,7077,303754,1000
2250000,235064,2250969,9.57598,7166,324983,1000
2300000,236092,2300968,9.74607,7346,347081,1000
2350000,237061,2350967,9.91714,7542,370577,1000
2400000,238015,2400965,10.0875,7767,395805,1000
2450000,238975,2450964,10.2562,8495,420505,1000
2500000,239879,2500959,10.4259,8495,446561,1000
2550000,240765,2550956,10.5952,8495,472549,1000
2600000,241631,2600955,10.7642,8518,509416,1000
2650000,242393,2650954,10.9366,8518,538184,1000
2700000,243181,2700951,11.1068,8518,567935,1000
2750000,243945,2750945,11.2769,9476,599804,999
2800000,244703,2800943,11.4463,9476,632113,1000
2850000,245391,2850940,11.6179,9476,666018,1000
2900000,246106,2900938,11.7874,9476,704275,1000
2950000,246781,2950938,11.9577,9520,740132,1000
3000000,247420,3000938,12.1289,9520,778183,1000
3050000,248050,3050938,12.2997,9834,816302,1000
3100000,248704,3100934,12.4684,9834,857976,1000
3150000,249306,3150933,12.6388,10136,900017,1000
3200000,249862,3200930,12.8108,11318,942679,1000
3250000,250462,3250926,12.9797,11318,985809,1000
3300000,250988,3300925,13.1517,11318,1032525,1000
3350000,251550,3350924,13.3211,11693,1080135,1000
3400000,252064,3400920,13.4923,11693,1129241,999
3450000,252624,3450919,13.6603,12109,1178827,1000
3500000,253104,3500918,13.8319,12109,1230659,1000
3550000,253595,3550913,14.0023,12109,1285915,1000
3600000,254107,3600909,14.1708,12109,1342046,1000
3650000,254559,3650906,14.3421,12109,1397368,1000
3700000,255026,3700903,14.5119,12109,1457366,999
3750000,255471,3750900,14.6823,12109,1515871,1000
3800000,255908,3800899,14.8526,12109,1576081,1000
3850000,256326,3850897,15.0234,12339,1636852,1000
3900000,256720,3900894,15.1951,12864,1706689,1000
3950000,257140,3950891,15.3647,12864,1773711,1000
4000000,257532,4000886,15.5355,12864,1840954,1000
4050000,257892,4050886,15.7077,12864,1908833,1000
4100000,258264,4100883,15.8786,12864,1978263,1000
4150000,258646,4150882,16.0485,14557,2056821,1000
4200000,259031,4200875,16.2177,14859,2127388,1000
4250000,259356,4250871,16.3901,14859,2223496,1000
4300000,259717,4300866,16.5598,14859,2301405,1000
4350000,260071,4350864,16.7295,15388,2385871,1000
4400000,260410,4400861,16.8997,15388,2473307,1000
4450000,260740,4450860,17.0701,15388,2558377,1000
4500000,261054,4500857,17.2411,15388,2640630,1000
4550000,261378,4550855,17.410999999999998,15388,2729868,1000
4600000,261668,4600851,17.5828,16244,2820108,1000
4650000,261960,4650847,17.754,16244,2918931,1000
4700000,262267,4700847,17.9239,16244,3011757,1000
4750000,262532,4750843,18.0962,16767,3109232,1000
4800000,262812,4800840,18.2672,16848,3204378,1000
4850000,263079,4850840,18.4387,16848,3304368,1000
4900000,263341,4900839,18.6102,16848,3404075,1000
4950000,263606,4950835,18.7812,16848,3511054,1000
5000000,263860,5000830,18.9526,16848,3617049,999
5050000,264119,5050827,19.1233,16848,3720735,1000
5100000,264384,5100822,19.2932,16848,3834650,999
5150000,264613,5150817,19.4655,16848,3948964,1000
5200000,264854,5200810,19.6365,16848,4065542,1000
5250000,265079,5250807,19.8085,16848,4180235,1000
5300000,265305,5300804,19.98,16848,4297742,1000
5350000,265518,5350797,20.1523,17016,4422219,1000
5400000,265721,5400794,20.3251,17191,4554024,1000
5450000,265947,5450791,20.4958,17347,4680233,1000
5500000,266150,5500788,20.668000000000003,17347,4808487,1000
5550000,266336,5550784,20.8413,17543,4942215,999
5600000,266549,5600781,21.0122,17809,5076768,1000
5650000,266732,5650775,21.1852,17809,5215496,1000
5700000,266936,5700769,21.3563,17809,5351934,1000
5750000,267141,5750766,21.5271,20353,5493726,1000
5800000,267356,5800761,21.6968,20353,5642394,999
5850000,267541,5850756,21.8686,20353,5786905,1000
5900000,267716,5900753,22.0411,20353,5935928,1000
5950000,267926,5950749,22.2104,20353,6092976,1000
6000000,268100,6000747,22.3825,20353,6247929,1000
6050000,268272,6050743,22.5545,20353,6403875,1000
6100000,268484,6100741,22.7229,20353,6564744,1000
6150000,268662,6150733,22.8939,20353,6722389,1000
6200000,268823,6200729,23.0662,20353,6882516,1000
6250000,268998,6250723,23.2371,20353,7044812,1000
6300000,269153,6300721,23.4094,20353,7205152,1000
6350000,269317,6350713,23.5808,22528,7375484,1000
6400000,269462,6400710,23.7537,22528,7548261,1000
6450000,269594,6450704,23.9275,22528,7727336,1000
6500000,269740,6500697,24.0999,22528,7902090,1000
6550000,269889,6550691,24.2718,22528,8088136,1000
6600000,270004,6600687,24.4466,22528,8278228,999
6650000,270142,6650680,24.6192,22528,8470640,1000
6700000,270269,6700675,24.7926,22528,8661285,1000
6750000,270401,6750666,24.9654,22528,8858364,1000
6800000,270553,6800660,25.1361,22528,9058408,1000
6850000,270696,6850658,25.3076,22528,9262244,1000
6900000,270828,6900653,25.4798,22528,9465534,1000
6950000,270954,6950646,25.6525,22528,9671712,1000
7000000,271083,7000638,25.8247,22528,9887802,1000
7050000,271218,7050633,25.9962,22528,10101821,1000
7100000,271332,7100623,26.1695,22583,10315394,1000
7150000,271447,7150622,26.3426,22583,10528668,1000
7200000,271565,7200618,26.5153,22845,10753957,1000
7250000,271692,7250614,26.6869,22845,10971651,1000
7300000,271801,7300611,26.8601,25517,11195841,1000
7350000,271927,7350604,27.0315,25611,11424840,1000
7400000,272025,7400603,27.2056,25611,11655701,1000
7450000,272118,7450596,27.38,25611,11884076,1000
7500000,272219,7500588,27.5535,25611,12120658,1000
7550000,272333,7550585,27.7256,25611,12358796,1000
7600000,272431,7600580,27.8991,25611,12608674,1000
7650000,272539,7650572,28.0715,25611,12874506,999
7700000,272622,7700563,28.2463,25611,13125685,1000
7750000,272718,7750559,28.4197,25611,13387970,1000
7800000,272807,7800555,28.5937,27079,13647782,1000
7850000,272920,7850552,28.765,27079,13916483,1000
7900000,273017,7900550,28.9379,27079,14189328,1000
7950000,273114,7950544,29.1107,27079,14448571,1000
8000000,273199,8000537,29.2846,27079,14720033,1000
8050000,273284,8050534,29.4585,27079,14999501,1000
8100000,273369,8100532,29.6322,27079,15280748,1000
8150000,273459,8150523,29.8053,28798,15585026,1000
8200000,273548,8200517,29.9783,28798,15873795,1000
8250000,273633,8250516,30.1518,28798,16174986,1000
8300000,273724,8300512,30.3244,28798,16464501,1000
8350000,273817,8350503,30.4967,28798,16767130,1000
8400000,273917,8400493,30.668000000000003,29794,17070081,999
8450000,274002,8450488,30.840999999999998,29794,17366587,1000
8500000,274098,8500487,31.0126,29794,17693946,1000
8550000,274188,8550481,31.1847,29794,18006498,1000
8600000,274248,8600476,31.3602,29794,18321711,1000
8650000,274343,8650472,31.5316,29794,18633088,1000
8700000,274400,8700467,31.7072,30743,18951270,1000
8750000,274475,8750455,31.8807,30743,19285315,999
8800000,274554,8800447,32.0536,30743,19614141,1000
8850000,274618,8850441,32.2282,30743,19948492,1000
8900000,274673,8900436,32.4038,30743,20286882,999
8950000,274743,8950431,32.5775,30743,20622049,999
9000000,274827,9000426,32.7494,30743,20964773,1000
9050000,274899,9050420,32.9227,30743,21324559,1000
9100000,274968,9100417,33.0963,30743,21680055,1000
9150000,275040,9150409,33.2694,30743,22039503,1000
9200000,275108,9200401,33.4429,30743,22413040,1000
9250000,275177,9250396,33.6162,30743,22780802,1000
9300000,275244,9300390,33.7896,30743,23144542,999
9350000,275306,9350385,33.9636,30743,23511431,1000
9400000,275383,9400377,34.1356,33340,23880455,1000
9450000,275446,9450372,34.3093,33340,24255862,1000
9500000,275502,9500364,34.4838,33340,24636419,1000
9550000,275569,9550353,34.6568,33340,25022834,999
9600000,275640,9600344,34.8293,33340,25419183,1000
9650000,275690,9650334,35.0043,33849,25837882,1000
9700000,275739,9700326,35.1794,33849,26222110,1000
9750000,275799,9750318,35.353,33849,26635205,1000
9800000,275858,9800309,35.5266,33849,27064966,1000
9850000,275922,9850297,35.6996,33849,27474357,999
9900000,275978,9900287,35.8735,33849,27878590,1000
9950000,276049,9950284,36.0454,33849,28298563,1000
10000000,276098,10000279,36.22,33849,28709086,1000
10050000,276158,10050273,36.3932,33849,29136144,1000
10100000,276222,10100266,36.5658,33849,29569621,1000
10150000,276266,10150258,36.7409,35487,30028154,999
10200000,276321,10200243,36.9145,35557,30464149,1000
10250000,276372,10250236,37.0885,35557,30906801,1000
10300000,276427,10300226,37.262,36411,31351757,999
10350000,276482,10350216,37.4354,36411,31818670,1000
10400000,276537,10400206,37.6087,36411,32263727,1000
10450000,276593,10450200,37.7819,36411,32733266,1000
10500000,276649,10500195,37.9549,36411,33203535,1000
10550000,276694,10550183,38.1294,36411,33684838,1000
10600000,276743,10600174,38.3033,36411,34142103,1000
10650000,276786,10650168,38.478,36411,34635574,1000
10700000,276825,10700163,38.6532,36411,35110402,1000
10750000,276871,10750153,38.8273,36411,35606197,1000
10800000,276917,10800147,39.0014,36411,36091375,1000
10850000,276961,10850137,39.1757,36411,36594671,1000
10900000,277007,10900134,39.3497,36411,37091127,1000
10950000,277039,10950126,39.5256,38290,37606765,1000
11000000,277083,11000119,39.6997,38544,38129055,1000
11050000,277132,11050109,39.8731,38544,38660333,1000
11100000,277183,11100101,40.0461,38544,39196507,1000
11150000,277231,11150094,40.2195,38544,39700811,1000
11200000,277279,11200083,40.3928,38544,40244472,1000
11250000,277318,11250070,40.5674,38544,40772244,1000
11300000,277357,11300061,40.7419,38544,41297983,999
11350000,277406,11350057,40.915,38544,41848426,1000
11400000,277454,11400049,41.0881,38544,42390298,1000
11450000,277497,11450034,41.2618,40596,42940374,999
11500000,277545,11500029,41.4348,40596,43501369,1000
11550000,277589,11550017,41.6083,40596,44090381,1000
11600000,277621,11600009,41.7836,40616,44674348,1000
11650000,277660,11649997,41.9578,40616,45272009,999
11700000,277702,11699985,42.1314,40616,45839979,1000
11750000,277746,11749974,42.3047,40616,46427397,1000
11800000,277780,11799961,42.4795,40616,47018186,1000
11850000,277826,11849950,42.6524,40616,47609298,999
11900000,277861,11899940,42.827,40616,48204556,1000
11950000,277898,11949929,43.0011,40616,48822435,1000
12000000,277939,11999918,43.1746,40616,49449416,1000
12050000,277983,12049905,43.3476,40616,50048997,1000
12100000,278018,12099892,43.522,42254,50660567,999
12150000,278051,12149880,43.6966,42254,51264538,1000
12200000,278104,12199870,43.868,42254,51905059,1000
12250000,278142,12249864,44.0418,42254,52527554,998
12300000,278184,12299856,44.2148,42254,53225064,1000
12350000,278222,12349850,44.3885,42254,53866296,999
12400000,278254,12399841,44.563,43418,54523731,1000
12450000,278297,12449833,44.7358,43654,55183145,1000
12500000,278330,12499827,44.9101,43654,55838926,1000
12550000,278362,12549816,45.0845,43654,56491491,1000
12600000,278404,12599809,45.2573,44066,57172116,1000
12650000,278442,12649800,45.4306,44066,57841040,1000
12700000,278480,12699789,45.604,44066,58515576,998
12750000,278511,12749781,45.7784,44066,59208353,1000
12800000,278549,12799774,45.9516,44066,59883850,1000
12850000,278574,12849768,46.1269,45464,60583499,1000
12900000,278609,12899754,46.3006,45665,61262944,1000
12950000,278643,12949740,46.4743,45665,61952178,1000
13000000,278674,12999728,46.6485,45665,62654023,999
13050000,278703,13049722,46.823,45665,63361817,1000
13100000,278727,13099709,46.9983,45665,64099100,1000
13150000,278754,13149700,47.1731,45665,64841664,1000
13200000,278791,13199691,47.3462,46057,65638209,1000
13250000,278825,13249687,47.5197,46868,66361044,1000
13300000,278859,13299679,47.6932,46868,67119152,999
13350000,278884,13349670,47.8682,46868,67893121,1000
13400000,278919,13399655,48.0414,46868,68654669,1000
13450000,278947,13449651,48.2158,46868,69406779,1000
13500000,278967,13499642,48.3915,46868,70164369,1000
13550000,279001,13549629,48.5648,46868,70917658,998
13600000,279038,13599618,48.7375,46868,71667984,999
13650000,279072,13649609,48.9107,46868,72424286,999
13700000,279100,13699588,49.0849,46868,73241093,1000
13750000,279122,13749574,49.2601,46868,74027547,1000
13800000,279147,13799569,49.4348,46868,74830246,1000
13850000,279179,13849564,49.6082,46868,75632605,999
13900000,279211,13899557,49.7816,46868,76444719,1000
13950000,279245,13949553,49.9545,49331,77262750,1000
14000000,279268,13999540,50.1294,49331,78096826,1000
14050000,279295,14049529,50.3035,49331,78920790,999
14100000,279327,14099513,50.4767,49331,79755454,1000
14150000,279354,14149500,50.6508,49331,80589253,1000
14200000,279381,14199493,50.8248,49331,81407512,1000
14250000,279406,14249484,50.9992,49331,82292363,1000
14300000,279429,14299473,51.1739,49331,83128042,1000
14350000,279465,14349464,51.3462,50726,83983746,1000
14400000,279493,14399452,51.5199,50726,84882360,1000
14450000,279515,14449441,51.6947,50726,85769300,1000
14500000,279545,14499429,51.868,50726,86723066,1000
14550000,279572,14549416,52.0417,50726,87609130,1000
14600000,279602,14599406,52.215,51051,88468104,1000
14650000,279622,14649399,52.39,51051,89376050,999
14700000,279652,14699389,52.5631,51051,90302681,1000
14750000,279679,14749381,52.7368,51488,91195145,1000
14800000,279706,14799363,52.9104,51488,92108423,1000
14850000,279733,14849353,53.083999999999996,52407,93039509,1000
14900000,279757,14899342,53.2582,52407,93953837,1000
14950000,279783,14949333,53.4319,52407,94899979,999
15000000,279805,14999325,53.6064,52407,95891592,1000
15050000,279831,15049314,53.78,52407,96861536,1000
15100000,279853,15099304,53.9544,52407,97850268,1000
15150000,279880,15149289,54.1278,52991,98835519,999
15200000,279905,15199271,54.3015,53091,99835214,1000
15250000,279934,15249257,54.4745,53091,100824298,999
15300000,279955,15299245,54.6489,53091,101788071,1000
15350000,279982,15349238,54.8222,53091,102764928,1000
15400000,280005,15399230,54.9963,53091,103788801,1000
15450000,280028,15449222,55.1703,53091,104807895,1000
15500000,280053,15499211,55.3438,53091,105801637,1000
15550000,280069,15549200,55.5192,54389,106804698,999
15600000,280094,15599190,55.6927,54389,107857347,1000
15650000,280118,15649180,55.8664,54389,108922923,1000
15700000,280132,15699168,56.042,55515,109948049,1000
15750000,280152,15749151,56.2165,55515,111000173,998
15800000,280174,15799140,56.3905,55515,112058110,1000
15850000,280193,15849124,56.565,55515,113111295,1000
15900000,280214,15899115,56.7392,55581,114195005,1000
15950000,280238,15949106,56.9127,55581,115267849,1000
16000000,280253,15999090,57.088,55581,116319357,1000
16050000,280284,16049074,57.26,55581,117389943,1000
16100000,280306,16099061,57.4339,55581,118468978,1000
16150000,280321,16149055,57.6092,56520,119558331,1000
16200000,280343,16199037,57.7829,56520,120644409,999
16250000,280365,16249022,57.9567,56816,121779760,1000
16300000,280387,16299004,58.1304,56816,122906573,1000
16350000,280414,16348989,58.303000000000004,56816,124018809,1000
16400000,280433,16398966,58.4773,57342,125149801,999
16450000,280452,16448952,58.6516,57342,126296436,999
16500000,280477,16498940,58.8246,58325,127486159,1000
16550000,280495,16548935,58.998999999999995,58325,128642015,1000
16600000,280515,16598920,59.173,58325,129817272,1000
16650000,280532,16648905,59.3476,58325,130994085,999
16700000,280558,16698889,59.5203,58325,132128634,999
16750000,280576,16748878,59.6946,58325,133328291,1000
16800000,280594,16798872,59.869,58819,134523131,1000
16850000,280607,16848860,60.0443,58819,135761559,1000
16900000,280622,16898842,60.2192,59057,136984887,999
16950000,280646,16948833,60.3922,59233,138179131,1000
17000000,280662,16998814,60.5669,59233,139431493,1000
17050000,280680,17048798,60.7411,59233,140658292,1000
17100000,280700,17098790,60.9148,59825,141890170,1000
17150000,280721,17148782,61.0883,59825,143131764,1000
17200000,280748,17198771,61.2605,59825,144409080,999
17250000,280758,17248759,61.4364,60401,145710108,999
17300000,280779,17298748,61.6098,60401,146950365,1000
17350000,280794,17348729,61.7845,60401,148215848,1000
17400000,280807,17398723,61.9597,60401,149462103,1000
17450000,280817,17448712,62.1355,60401,150752688,999
17500000,280837,17498697,62.3091,60401,152020688,999
17550000,280856,17548683,62.4828,60401,153329643,1000
17600000,280876,17598669,62.6564,60401,154643765,999
17650000,280890,17648661,62.8312,60401,155942072,1000
17700000,280907,17698646,63.0054,60401,157263138,1000
17750000,280928,17748634,63.1786,60401,158602919,1000
17800000,280948,17798619,63.352,60401,159891268,1000
17850000,280971,17848610,63.5247,60401,161201875,1000
17900000,280987,17898603,63.699,62532,162575416,1000
17950000,281011,17948596,63.8715,62532,163938220,999
18000000,281019,17998583,64.0476,62532,165273761,1000
18050000,281033,18048573,64.2223,62532,166622620,999
18100000,281044,18098564,64.3976,62532,167951182,999
18150000,281059,18148549,64.572,62532,169310735,999
18200000,281075,18198536,64.7462,62532,170680737,1000
18250000,281092,18248522,64.9201,62532,172083139,999
18300000,281110,18298507,65.0938,62532,173473191,1000
18350000,281128,18348490,65.2674,62532,174865516,999
18400000,281148,18398477,65.4405,62532,176285485,1000
18450000,281171,18448468,65.613,62532,177723102,1000
18500000,281190,18498453,65.7863,62532,179137428,1000
18550000,281210,18548434,65.9594,62532,180572887,1000
18600000,281226,18598419,66.1334,62532,182016519,1000
18650000,281238,18648410,66.3083,62532,183509012,1000
18700000,281250,18698393,66.4832,62532,184984427,1000
18750000,281266,18748381,66.6571,62532,186485015,1000
18800000,281281,18798371,66.8313,62532,188018565,1000
18850000,281301,18848359,67.0042,62532,189532753,1000
18900000,281318,18898346,67.1779,62532,191092504,1000
18950000,281341,18948332,67.3501,62532,192629582,1000
19000000,281354,18998316,67.5246,67033,194191741,999
19050000,281369,19048294,67.6986,67033,195811622,1000
19100000,281384,19098276,67.8726,67033,197374691,1000
19150000,281405,19148259,68.0452,67033,198948384,999
19200000,281419,19198244,68.2194,67289,200545846,998
19250000,281428,19248228,68.3949,67289,202087773,1000
19300000,281453,19298211,68.5664,67289,203738856,1000
19350000,281462,19348198,68.7418,67289,205345264,1000
19400000,281471,19398186,68.9172,67289,206893464,999
19450000,281485,19448176,69.0913,67289,208465197,999
19500000,281506,19498161,69.2637,67289,210036861,999
19550000,281524,19548148,69.4369,67289,211574257,1000
19600000,281537,19598138,69.6112,67289,213197615,1000
19650000,281550,19648116,69.7855,67289,214824307,1000
19700000,281565,19698102,69.9593,67289,216432399,1000
19750000,281584,19748095,70.1322,67289,218110843,1000
19800000,281591,19798079,70.3079,67289,219787721,1000
19850000,281604,19848063,70.4822,67289,221437791,1000
19900000,281617,19898044,70.6564,67289,223065800,998
19950000,281638,19948020,70.8286,67289,224699762,999
20000000,281648,19998006,71.0035,67289,226421702,1000
20050000,281656,20047990,71.179,70757,228097935,1000
20100000,281669,20097973,71.3532,70757,229795102,1000
20150000,281681,20147957,71.5276,70757,231552080,1000
20200000,281693,20197939,71.702,70757,233242037,999
20250000,281710,20247923,71.8751,70757,234950134,1000
20300000,281722,20297903,72.0494,71187,236704111,1000
20350000,281732,20347879,72.2242,71349,238453715,1000
20400000,281741,20397861,72.3993,71349,240245326,999
20450000,281753,20447846,72.5737,71349,241977867,1000
20500000,281762,20497827,72.7487,71349,243827820,1000
20550000,281776,20547811,72.9225,71349,245633798,1000
20600000,281789,20597802,73.0965,71349,247402180,999
20650000,281806,20647789,73.2695,71349,249227477,1000
20700000,281814,20697778,73.4448,71349,251020493,1000
20750000,281821,20747760,73.6203,71349,252796460,1000
20800000,281832,20797746,73.7948,71349,254702956,1000
20850000,281842,20847726,73.9696,71349,256533880,1000
20900000,281851,20897708,74.1445,71349,258354081,997
20950000,281862,20947690,74.319,71349,260116497,1000
21000000,281873,20997680,74.4934,71349,261954440,1000
21050000,281880,21047661,74.6689,71349,263925223,1000
21100000,281890,21097638,74.8435,71349,265810355,999
21150000,281901,21147628,75.0179,74104,267750535,999
21200000,281916,21197606,75.1912,74104,269598486,1000
21250000,281929,21247594,75.3651,74104,271484312,1000
21300000,281940,21297580,75.5394,74104,273322588,1000
21350000,281950,21347554,75.714,74104,275227897,1000
21400000,281966,21397534,75.8869,74104,277193466,1000
21450000,281985,21447516,76.0591,74104,279083715,1000
21500000,281992,21497497,76.2344,75836,281112769,999
21550000,282004,21547474,76.4084,75836,283092504,1000
21600000,282016,21597464,76.5824,75836,285018482,1000
21650000,282023,21647449,76.7577,75836,286999518,1000
21700000,282031,21697436,76.9328,75836,289079217,1000
21750000,282038,21747426,77.1081,75836,291109574,1000
21800000,282053,21797414,77.2813,75836,293165426,999
21850000,282062,21847395,77.456,75836,295141836,1000
21900000,282068,21897380,77.6316,75836,297099910,1000
21950000,282082,21947362,77.8049,75836,299128834,1000
22000000,282094,21997342,77.9788,75836,301125817,999
22050000,282114,22047328,78.1504,75836,303118455,1000
22100000,282128,22097318,78.3237,75836,305153979,1000
22150000,282139,22147303,78.4978,75836,307188346,1000
22200000,282151,22197280,78.6716,77804,309313433,1000
22250000,282164,22247262,78.8451,77804,311470122,1000
22300000,282174,22297250,79.0195,78136,313452003,1000
22350000,282187,22347234,79.193,78136,315537131,999
22400000,282199,22397216,79.3667,78136,317591010,1000
22450000,282202,22447190,79.543,78136,319660769,1000
22500000,282217,22497171,79.7159,78136,321743169,1000
22550000,282230,22547156,79.8893,78136,323898499,1000
22600000,282245,22597146,80.0622,78136,325998119,1000
22650000,282254,22647125,80.2367,78136,328143826,1000
22700000,282263,22697105,80.4112,78136,330253017,1000
22750000,282276,22747084,80.5845,78136,332461560,999
22800000,282287,22797066,80.7585,78136,334676428,1000
22850000,282299,22847049,80.9321,78136,336823986,1000
22900000,282307,22897029,81.1068,78136,339024978,999
22950000,282326,22947016,81.2784,78136,341152339,1000
23000000,282338,22996998,81.452,78136,343394015,1000
23050000,282353,23046989,81.6247,78136,345581391,999
23100000,282365,23096968,81.7983,78136,347914611,999
23150000,282373,23146949,81.973,78136,350205676,1000
23200000,282385,23196916,82.1464,78136,352427614,1000
23250000,282390,23246894,82.3219,81439,354675625,998
23300000,282401,23296880,82.4957,81439,356946198,1000
23350000,282407,23346866,82.671,81439,359177759,1000
23400000,282419,23396846,82.8444,81439,361511394,999
23450000,282426,23446830,83.0194,82094,363807098,999
23500000,282435,23496809,83.1937,82094,366152179,1000
23550000,282445,23546791,83.3677,82094,368382852,1000
23600000,282464,23596771,83.539,82094,370651936,999
23650000,282475,23646756,83.7127,82094,372880436,1000
23700000,282484,23696736,83.887,82094,375307920,999
23750000,282491,23746710,84.0618,82094,377590716,1000
23800000,282504,23796697,84.2349,82094,379990030,1000
23850000,282515,23846679,84.4085,82094,382297005,999
23900000,282522,23896651,84.5833,82094,384700793,1000
23950000,282532,23946634,84.7572,82094,387086832,1000
24000000,282542,23996607,84.9311,82094,389480352,999
24050000,282552,24046577,85.105,82094,391935710,999
24100000,282558,24096551,85.28,82094,394359288,999
24150000,282568,24146533,85.4539,82094,396751478,1000
24200000,282574,24196515,85.62899999999999,82094,399163454,999
24250000,282582,24246499,85.8034,85617,401587988,999
24300000,282590,24296483,85.9779,85617,404003301,1000
24350000,282600,24346458,86.1517,85617,406515977,1000
24400000,282614,24396444,86.3243,85617,409004799,1000
24450000,282622,24446430,86.4987,85617,411439422,1000
24500000,282631,24496405,86.6727,85617,413956636,1000
24550000,282643,24546392,86.8459,85617,416512153,999
24600000,282657,24596375,87.0185,85617,419093265,999
24650000,282671,24646357,87.191,85617,421727874,999
24700000,282683,24696338,87.3641,85617,424359458,998
24750000,282700,24746325,87.5356,85617,426870574,999
24800000,282709,24796303,87.7096,85617,429447546,1000
24850000,282719,24846287,87.8833,85617,432045839,1000
24900000,282732,24896274,88.0561,85617,434675229,1000
24950000,282737,24946260,88.2313,85617,437273386,1000
25000000,282743,24996242,88.4062,85617,439954032,999
25050000,282751,25046216,88.5805,85617,442708769,1000
25100000,282763,25096198,88.7535,85617,445320719,1000
25150000,282768,25146183,88.9287,85617,447861383,1000
25200000,282774,25196164,89.1035,85617,450534956,1000
25250000,282785,25246151,89.2768,85617,453275427,1000
25300000,282793,25296134,89.4511,85617,455965622,999
25350000,282802,25346112,89.6249,85617,458778403,1000
25400000,282808,25396078,89.7997,88958,461514346,1000
25450000,282819,25446056,89.9729,88958,464230538,999
25500000,282828,25496036,90.1468,88958,466983205,999
25550000,282837,25546018,90.3206,88958,469677821,1000
25600000,282846,25595998,90.4945,88958,472300586,998
25650000,282855,25645974,90.6683,88958,475135726,1000
25700000,282865,25695955,90.8418,88958,477796937,1000
25750000,282872,25745937,91.0162,88958,480611886,1000
25800000,282885,25795916,91.1887,88958,483389082,999
25850000,282892,25845891,91.3631,88958,486098428,999
25900000,282906,25895873,91.5353,88958,488773688,1000
25950000,282915,25945850,91.709,88958,491586350,1000
26000000,282927,25995832,91.8818,88958,494458883,999
26050000,282935,26045815,92.0558,88958,497272594,1000
26100000,282945,26095789,92.2292,88958,500163444,1000
26150000,282951,26145768,92.4039,88958,503013512,1000
26200000,282963,26195741,92.5766,88958,505878852,1000
26250000,282976,26245717,92.7489,88958,508708126,1000
26300000,282984,26295691,92.9229,88958,511607415,999
26350000,282991,26345678,93.0972,88958,514405770,1000
26400000,283004,26395657,93.2696,88958,517329230,1000
26450000,283011,26445641,93.4439,88958,520170533,1000
26500000,283022,26495607,93.6168,88958,523196281,1000
26550000,283031,26545594,93.7904,88958,526052071,1000
26600000,283038,26595571,93.9647,88958,528979391,1000
26650000,283046,26645560,94.1386,88958,531946002,1000
26700000,283056,26695530,94.3118,88958,534988311,999
26750000,283065,26745514,94.4854,88958,537915433,1000
26800000,283074,26795491,94.65899999999999,88958,540843994,999
26850000,283081,26845475,94.8332,88958,543897015,1000
26900000,283085,26895453,95.0084,88958,546959657,999
26950000,283092,26945434,95.1826,88958,549917169,999
27000000,283105,26995414,95.3548,88958,552895418,1000
27050000,283110,27045395,95.5296,95493,555875676,1000
27100000,283123,27095364,95.7017,95493,558843409,999
27150000,283134,27145347,95.8746,95493,561801125,1000
27200000,283142,27195321,96.0483,95493,564914939,1000
27250000,283152,27245301,96.2215,95493,568073528,1000
27300000,283160,27295281,96.3953,95493,571095212,1000
27350000,283165,27345258,96.57,96521,574139593,1000
27400000,283171,27395239,96.7445,96521,577284264,1000
27450000,283181,27445221,96.9176,96521,580419831,999
27500000,283187,27495205,97.09200000000001,96521,583561972,1000
27550000,283195,27545183,97.2658,96521,586711259,998
27600000,283199,27595160,97.4409,96565,589865242,999
27650000,283209,27645142,97.6139,96565,592993429,1000
27700000,283219,27695120,97.7869,96565,596096646,999
27750000,283228,27745096,97.9603,96565,599295535,1000
