timestep,num_nodes,num_edges,average_degree,max_degree,num_triangles,new_edges
0,1772,1000,0.564334,3,0,1000
50000,43278,51000,1.1784299999999999,124,3,1000
100000,67405,101000,1.49841,197,20,1000
150000,85427,151000,1.7675900000000002,439,93,1000
200000,99514,201000,2.01982,576,226,1000
250000,111326,251000,2.25464,768,472,1000
300000,121542,301000,2.4765099999999998,962,835,1000
350000,130199,351000,2.69587,1110,1307,1000
400000,138005,401000,2.9056900000000003,1110,2567,1000
450000,144881,451000,3.1129,1335,3495,1000
500000,151135,501000,3.31492,1538,4554,1000
550000,156740,551000,3.5153800000000004,1660,5933,1000
600000,161855,600999,3.71319,1885,7514,1000
650000,166634,650998,3.90675,1934,9328,1000
700000,171042,700998,4.0984,2170,11507,1000
750000,175103,750997,4.28889,2330,13838,1000
800000,178892,800996,4.47754,2743,16496,999
850000,182442,850996,4.66447,2743,19494,1000
900000,185741,900994,4.85081,2853,22767,1000
950000,188938,950994,5.03337,2945,27782,1000
1000000,191944,1000993,5.2150300000000005,3153,32018,1000
1050000,194835,1050991,5.39426,3231,36683,1000
1100000,197435,1100991,5.57647,3276,41898,1000
1150000,199878,1150990,5.7584599999999995,3648,47534,1000
1200000,202310,1200988,5.93637,3827,53524,1000
1250000,204629,1250987,6.11344,4417,59757,1000
1300000,206849,1300987,6.28955,4417,67081,1000
1350000,208913,1350986,6.46674,4417,74907,1000
1400000,210905,1400986,6.64273,4773,86207,1000
1450000,212811,1450986,6.8181899999999995,4773,95136,1000
1500000,214590,1500983,6.99465,4773,105195,1000
1550000,216306,1550982,7.170310000000001,4773,114990,1000
1600000,217994,1600980,7.34415,4924,125645,1000
1650000,219571,1650979,7.51911,5176,137786,1000
1700000,221165,1700977,7.690989999999999,5368,150083,1000
1750000,222729,1750976,7.861460000000001,5579,163088,1000
1800000,224238,1800973,8.03152,5579,176669,1000
1850000,225618,1850973,8.20401,6549,191308,1000
1900000,226964,1900970,8.37565,6549,206593,1000
1950000,228196,1950968,8.54953,6549,222793,1000
2000000,229476,2000966,8.71972,6549,241087,1000
2050000,230620,2050963,8.89326,6549,260110,1000
2100000,231787,2100962,9.06419,7296,278996,1000
2150000,232881,2150960,9.236310000000001,7407,299118,1000
2200000,233978,2200960,9.4067,7407,320373,1000
2250000,235026,2250959,9.57749,7407,343646,1000
2300000,236001,2300959,9.74978,7407,366731,1000
2350000,236987,2350956,9.92019,7407,390199,1000
2400000,237924,2400955,10.0913,8343,415316,1000
2450000,238837,2450954,10.262,8343,440457,1000
2500000,239705,2500954,10.4335,8343,467229,1000
2550000,240613,2550951,10.6019,8343,495325,1000
2600000,241462,2600946,10.7717,8343,524321,1000
2650000,242318,2650944,10.9399,8360,553492,1000
2700000,243152,2700943,11.107999999999999,8559,584871,1000
2750000,243893,2750942,11.2793,8637,617580,1000
2800000,244635,2800940,11.4495,9826,651377,1000
2850000,245359,2850938,11.6195,10105,686880,1000
2900000,246049,2900937,11.7901,10105,722311,1000
2950000,246728,2950936,11.9603,10105,758373,1000
3000000,247422,3000935,12.1288,10105,796300,1000
3050000,248073,3050933,12.2985,10105,836642,1000
3100000,248746,3100931,12.4663,10105,877834,1000
3150000,249352,3150928,12.6365,10105,920578,1000
3200000,249960,3200927,12.8058,10105,964269,1000
3250000,250540,3250925,12.9757,10309,1009074,1000
3300000,251112,3300921,13.1452,10309,1056675,1000
3350000,251687,3350920,13.3138,11723,1104199,1000
3400000,252211,3400918,13.4844,11723,1154011,1000
3450000,252748,3450916,13.6536,11723,1204250,1000
3500000,253265,3500914,13.8231,11723,1257159,1000
3550000,253766,3550908,13.9928,11723,1310983,1000
3600000,254255,3600906,14.1626,11723,1370220,1000
3650000,254715,3650903,14.3333,11723,1427006,1000
3700000,255163,3700898,14.5041,11723,1484881,1000
3750000,255593,3750897,14.6753,11723,1545925,1000
3800000,256024,3800893,14.8458,12096,1606665,1000
3850000,256459,3850887,15.0156,13476,1675384,999
3900000,256859,3900882,15.1869,13476,1739055,1000
3950000,257228,3950881,15.3595,13476,1803989,1000
4000000,257632,4000881,15.5294,13476,1869012,1000
4050000,258033,4050878,15.6991,13476,1942802,1000
4100000,258425,4100874,15.8687,13476,2014877,1000
4150000,258801,4150867,16.0388,13476,2084836,1000
4200000,259134,4200862,16.2112,13476,2173004,1000
4250000,259505,4250859,16.3806,13550,2250458,1000
4300000,259876,4300857,16.5497,13550,2327138,1000
4350000,260217,4350853,16.7201,13550,2409444,1000
4400000,260540,4400850,16.8913,15413,2500558,999
4450000,260876,4450846,17.0612,15413,2586733,1000
4500000,261171,4500844,17.2333,15646,2672631,1000
4550000,261468,4550842,17.405,15646,2759255,1000
4600000,261788,4600838,17.5747,15646,2846982,1000
4650000,262052,4650833,17.7477,15646,2938484,1000
4700000,262354,4700828,17.9179,16357,3034281,1000
4750000,262628,4750823,18.0896,16357,3126700,1000
4800000,262918,4800819,18.2598,16357,3225391,1000
4850000,263199,4850819,18.4302,16357,3326371,1000
4900000,263451,4900817,18.6024,16357,3431027,1000
4950000,263723,4950813,18.7728,16357,3537328,1000
5000000,263974,5000807,18.9443,16357,3640863,1000
5050000,264211,5050806,19.1166,16357,3749851,1000
5100000,264457,5100802,19.2878,17707,3858437,1000
5150000,264695,5150795,19.4594,17707,3976191,1000
5200000,264927,5200790,19.631,17707,4091629,1000
5250000,265172,5250787,19.8014,18575,4209090,1000
5300000,265383,5300783,19.9741,18575,4332562,1000
5350000,265593,5350781,20.1465,18639,4453418,1000
5400000,265832,5400775,20.3165,18639,4580014,1000
5450000,266054,5450772,20.4875,18639,4708375,1000
5500000,266254,5500767,20.6598,18639,4842341,1000
5550000,266484,5550765,20.8296,18639,4978766,1000
5600000,266678,5600759,21.002,18639,5111133,999
5650000,266879,5650758,21.1735,18639,5252507,1000
5700000,267071,5700754,21.3455,19801,5394480,1000
5750000,267244,5750749,21.5187,20011,5536980,1000
5800000,267423,5800744,21.6913,20011,5681100,1000
5850000,267592,5850743,21.8644,20011,5825968,1000
5900000,267783,5900738,22.0355,20011,5979758,1000
5950000,267981,5950733,22.2058,20011,6134838,1000
6000000,268160,6000730,22.3774,20011,6283639,1000
6050000,268327,6050729,22.5498,20011,6439047,1000
6100000,268512,6100728,22.7205,20011,6593878,1000
6150000,268678,6150721,22.8925,20011,6759224,1000
6200000,268862,6200720,23.0628,20011,6924426,1000
6250000,269008,6250715,23.2362,20011,7091601,1000
6300000,269186,6300707,23.4065,20011,7263457,1000
6350000,269350,6350703,23.5779,20051,7440399,1000
6400000,269493,6400700,23.7509,20051,7625609,1000
6450000,269628,6450697,23.9244,20370,7802406,1000
6500000,269769,6500694,24.0973,20561,8003976,999
6550000,269926,6550692,24.2685,20774,8187692,1000
6600000,270055,6600687,24.441999999999997,23291,8373966,1000
6650000,270194,6650682,24.6145,23291,8561432,1000
6700000,270332,6700677,24.7868,23291,8748095,1000
6750000,270474,6750674,24.9587,23511,8947360,1000
6800000,270614,6800669,25.1305,23511,9146302,1000
6850000,270765,6850664,25.3011,23511,9343561,1000
6900000,270884,6900657,25.4746,23511,9549544,1000
6950000,270999,6950652,25.6483,23511,9768123,1000
7000000,271137,7000645,25.8196,24452,9983741,1000
7050000,271238,7050635,25.9943,24676,10194089,1000
7100000,271360,7100625,26.1668,24676,10413906,1000
7150000,271464,7150616,26.3409,24676,10631914,1000
7200000,271577,7200613,26.5141,24676,10852484,1000
7250000,271713,7250609,26.6848,24676,11072306,1000
7300000,271819,7300598,26.8583,25396,11301548,1000
7350000,271931,7350594,27.0311,25396,11526931,1000
7400000,272039,7400591,27.2042,25396,11763088,1000
7450000,272149,7450587,27.3769,25396,11995197,1000
7500000,272263,7500580,27.549,25396,12245247,1000
7550000,272358,7550578,27.723000000000003,25396,12495453,1000
7600000,272482,7600574,27.8939,25396,12744465,1000
7650000,272587,7650567,28.0665,25396,12999553,1000
7700000,272681,7700560,28.2402,25396,13243641,1000
7750000,272783,7750556,28.4129,25396,13507175,1000
7800000,272881,7800553,28.5859,25396,13759025,1000
7850000,272981,7850545,28.7586,25396,14017509,1000
7900000,273076,7900537,28.9316,25396,14288945,1000
7950000,273149,7950531,29.1069,25396,14561722,1000
8000000,273241,8000526,29.2801,25532,14834751,1000
8050000,273336,8050521,29.4528,25657,15108203,1000
8100000,273434,8100519,29.6251,25657,15383818,1000
8150000,273528,8150508,29.7977,25657,15658247,1000
8200000,273614,8200502,29.9711,28561,15951567,1000
8250000,273694,8250493,30.145,28561,16251265,1000
8300000,273786,8300486,30.3174,29328,16575029,1000
8350000,273874,8350482,30.4902,29328,16895075,1000
8400000,273960,8400476,30.6631,29328,17193995,1000
8450000,274056,8450471,30.8348,29328,17506075,1000
8500000,274150,8500464,31.0066,29328,17810027,1000
8550000,274235,8550459,31.1793,29674,18126916,1000
8600000,274331,8600452,31.3506,29854,18434098,1000
8650000,274409,8650442,31.5239,30111,18767665,1000
8700000,274493,8700432,31.6964,30111,19080656,1000
8750000,274577,8750424,31.8687,30111,19399610,1000
8800000,274660,8800417,32.0411,30111,19729847,1000
8850000,274733,8850410,32.2146,30111,20064995,999
8900000,274816,8900404,32.3868,31602,20425370,1000
8950000,274888,8950392,32.5601,31602,20779609,1000
9000000,274956,9000388,32.7339,31602,21130154,999
9050000,275032,9050377,32.9066,31602,21484905,999
9100000,275090,9100372,33.0814,31657,21841097,1000
9150000,275152,9150370,33.2557,31657,22195665,1000
9200000,275213,9200363,33.43,31657,22550461,1000
9250000,275270,9250358,33.6047,32227,22914731,1000
9300000,275343,9300351,33.7773,32227,23285052,1000
9350000,275405,9350337,33.9512,32227,23658128,1000
9400000,275467,9400324,34.125,32826,24028826,1000
9450000,275530,9450319,34.2987,32826,24416372,1000
9500000,275599,9500310,34.4715,32826,24831954,1000
9550000,275663,9550306,34.6449,32826,25217844,1000
9600000,275722,9600301,34.8188,32826,25613019,1000
9650000,275781,9650297,34.9926,32826,26026056,1000
9700000,275832,9700292,35.1674,32826,26420935,1000
9750000,275883,9750288,35.3421,32826,26812950,1000
9800000,275924,9800283,35.5181,32826,27235835,1000
9850000,276001,9850278,35.6893,32826,27648353,1000
9900000,276056,9900266,35.8633,32826,28064381,1000
9950000,276112,9950260,36.037,32826,28474065,1000
10000000,276158,10000251,36.2121,32826,28902568,1000
10050000,276210,10050245,36.3862,32826,29336018,1000
10100000,276266,10100240,36.5598,32826,29770550,1000
10150000,276312,10150232,36.7347,32826,30192883,1000
10200000,276355,10200224,36.9099,32826,30626697,1000
10250000,276414,10250216,37.0828,32826,31073549,1000
10300000,276456,10300212,37.2581,32826,31507439,1000
10350000,276501,10350203,37.4328,32974,31956348,1000
10400000,276542,10400196,37.608000000000004,33176,32411354,999
10450000,276595,10450188,37.7816,36315,32893768,1000
10500000,276638,10500179,37.9564,36315,33382483,999
10550000,276695,10550170,38.1292,36801,33854621,1000
10600000,276756,10600163,38.3015,36801,34338007,1000
10650000,276809,10650154,38.4747,36801,34812192,999
10700000,276850,10700146,38.6496,37328,35312351,1000
10750000,276894,10750142,38.824,37328,35803564,1000
10800000,276960,10800137,38.9953,37328,36312349,999
10850000,277013,10850129,39.1683,38330,36815703,999
10900000,277059,10900122,39.3422,38330,37313813,1000
10950000,277104,10950114,39.5163,38330,37813331,1000
11000000,277159,11000106,39.6888,38341,38311118,999
11050000,277201,11050097,39.8631,38341,38860724,999
11100000,277242,11100088,40.0375,38341,39404736,1000
11150000,277281,11150079,40.2122,38341,39928505,1000
11200000,277338,11200072,40.3842,38341,40473279,1000
11250000,277384,11250063,40.5577,39790,41016610,1000
11300000,277423,11300058,40.7322,39790,41571841,1000
11350000,277460,11350052,40.907,39790,42124782,1000
11400000,277501,11400041,41.0811,39790,42692184,1000
11450000,277540,11450027,41.2554,39790,43252588,1000
11500000,277578,11500020,41.4299,39790,43828316,1000
11550000,277627,11550008,41.6026,39790,44402184,1000
11600000,277662,11600001,41.7774,39790,44996048,1000
11650000,277701,11649994,41.9516,39790,45571903,1000
11700000,277758,11699986,42.1229,39790,46149133,999
11750000,277804,11749980,42.2959,39790,46733919,1000
11800000,277843,11799974,42.4699,39790,47326675,1000
11850000,277885,11849965,42.6434,41364,47946581,1000
11900000,277923,11899955,42.8175,41364,48611003,1000
11950000,277959,11949937,42.9917,41364,49233746,1000
12000000,278004,11999931,43.1646,41878,49842895,1000
12050000,278045,12049924,43.338,42092,50446228,999
12100000,278085,12099911,43.5116,42191,51081789,1000
12150000,278133,12149896,43.6838,42191,51702501,999
12200000,278164,12199882,43.8586,42191,52327498,999
12250000,278202,12249873,44.0323,42191,52989769,1000
12300000,278233,12299861,44.2071,42191,53639363,1000
12350000,278268,12349845,44.3811,42191,54293541,1000
12400000,278306,12399834,44.5547,42191,54940358,1000
12450000,278337,12449825,44.7293,42191,55598216,1000
12500000,278374,12499811,44.9029,42191,56239740,1000
12550000,278398,12549803,45.0786,42191,56943108,999
12600000,278440,12599797,45.2514,43867,57653479,1000
12650000,278479,12649788,45.4246,43867,58345521,1000
12700000,278503,12699776,45.6001,43867,59062911,1000
12750000,278540,12749773,45.7736,43867,59750458,1000
12800000,278575,12799758,45.9473,43867,60439295,1000
12850000,278600,12849747,46.1226,43867,61144718,1000
12900000,278628,12899737,46.2973,45054,61850058,999
12950000,278656,12949732,46.4721,45054,62545093,1000
13000000,278693,12999723,46.6453,45054,63267840,1000
13050000,278721,13049717,46.82,45437,63990629,1000
13100000,278754,13099708,46.9938,45437,64702287,1000
13150000,278782,13149693,47.1684,46570,65414864,1000
13200000,278815,13199683,47.3421,46570,66141384,1000
13250000,278842,13249673,47.5168,46570,66901534,1000
13300000,278866,13299662,47.6919,46570,67696142,1000
13350000,278895,13349650,47.8662,46570,68472513,1000
13400000,278923,13399637,48.0406,46570,69213315,1000
13450000,278954,13449622,48.2145,46570,69969420,1000
13500000,278989,13499609,48.3876,46570,70713635,999
13550000,279012,13549604,48.5628,46570,71496578,1000
13600000,279047,13599599,48.7359,47389,72271232,1000
13650000,279085,13649586,48.9083,47699,73019538,1000
13700000,279125,13699573,49.0804,47699,73831305,1000
13750000,279149,13749565,49.2553,47699,74639112,1000
13800000,279173,13799557,49.4301,47699,75430995,1000
13850000,279201,13849546,49.6042,47699,76254065,1000
13900000,279227,13899531,49.7786,47699,77068867,1000
13950000,279259,13949521,49.9519,47699,77869035,1000
14000000,279295,13999508,50.1244,47699,78690020,1000
14050000,279319,14049500,50.2991,47699,79543945,1000
14100000,279357,14099486,50.4712,47699,80370856,999
14150000,279382,14149476,50.6456,49982,81228529,1000
14200000,279404,14199463,50.8205,49982,82077962,1000
14250000,279427,14249453,50.9953,49982,82930332,1000
14300000,279444,14299447,51.1711,49982,83781612,1000
14350000,279472,14349433,51.3448,49982,84663916,1000
14400000,279504,14399421,51.5178,49982,85537013,1000
14450000,279529,14449406,51.692,49982,86441507,1000
14500000,279545,14499398,51.8678,50559,87322315,1000
14550000,279581,14549380,52.0399,50559,88239210,999
14600000,279602,14599372,52.2148,50559,89190621,999
14650000,279625,14649357,52.3893,50559,90088429,1000
14700000,279649,14699347,52.5636,50559,90998451,1000
14750000,279677,14749332,52.736999999999995,50559,91938586,1000
14800000,279703,14799317,52.9108,50559,92847220,1000
14850000,279726,14849312,53.0852,50559,93789018,999
14900000,279756,14899300,53.2582,50559,94698519,1000
14950000,279772,14949288,53.4338,50559,95653584,1000
15000000,279799,14999275,53.6073,52946,96608096,1000
15050000,279824,15049263,53.7812,52946,97571735,1000
15100000,279849,15099252,53.955,52946,98538627,1000
15150000,279880,15149236,54.1276,52946,99534843,1000
15200000,279909,15199224,54.3006,52946,100506863,999
15250000,279926,15249213,54.4759,52946,101502433,1000
15300000,279950,15299198,54.6498,52946,102465331,1000
15350000,279965,15349185,54.8254,52946,103469042,999
15400000,279990,15399176,54.998999999999995,52946,104452570,1000
15450000,280015,15449166,55.1726,54001,105481270,998
15500000,280032,15499155,55.3478,54001,106516938,999
15550000,280055,15549146,55.5218,54001,107564815,1000
15600000,280077,15599132,55.6959,54001,108649643,999
15650000,280101,15649117,55.8696,54001,109702124,1000
15700000,280120,15699099,56.0442,54001,110743643,1000
15750000,280146,15749087,56.2174,54001,111783559,1000
15800000,280172,15799072,56.3906,54001,112865523,1000
15850000,280186,15849059,56.5662,54001,113912672,999
15900000,280208,15899043,56.7401,54001,115015378,1000
15950000,280219,15949036,56.9163,54001,116065238,1000
16000000,280241,15999018,57.0902,54001,117163943,998
16050000,280259,16049006,57.2649,54001,118243942,1000
16100000,280277,16098999,57.4396,54001,119333421,1000
16150000,280296,16148993,57.6141,56353,120449017,1000
16200000,280317,16198976,57.7881,56639,121592098,1000
16250000,280332,16248967,57.9633,56639,122701762,1000
16300000,280356,16298946,58.1366,56639,123791972,1000
16350000,280370,16348932,58.312,57898,124944927,1000
16400000,280384,16398925,58.4874,57898,126113358,1000
16450000,280401,16448914,58.6621,57898,127248902,999
16500000,280427,16498904,58.8349,57898,128402855,1000
16550000,280443,16548890,59.0098,57898,129585168,1000
16600000,280462,16598879,59.1841,57898,130776831,1000
16650000,280484,16648862,59.3576,57898,131974356,999
16700000,280504,16698853,59.5316,57898,133178129,1000
16750000,280525,16748840,59.7053,57898,134366383,1000
16800000,280545,16798828,59.8793,57898,135564520,1000
16850000,280561,16848820,60.053999999999995,57898,136774545,1000
16900000,280583,16898812,60.2275,57898,137944042,1000
16950000,280596,16948794,60.4028,57898,139148917,999
17000000,280617,16998780,60.5764,57898,140306586,1000
17050000,280631,17048763,60.7515,57898,141515376,1000
17100000,280659,17098753,60.9236,57898,142746968,1000
17150000,280676,17148745,61.098,57898,143997550,1000
17200000,280686,17198734,61.2739,60017,145209094,999
17250000,280705,17248720,61.4479,60017,146475164,1000
17300000,280726,17298708,61.6213,60404,147729659,999
17350000,280745,17348693,61.7952,60593,148985154,1000
17400000,280761,17398681,61.9697,60593,150245764,1000
17450000,280780,17448667,62.1436,60593,151549001,1000
17500000,280795,17498652,62.3182,60593,152873651,999
17550000,280815,17548636,62.4918,60593,154147287,1000
17600000,280827,17598630,62.6672,60593,155424230,999
17650000,280845,17648620,62.8411,60593,156746883,999
17700000,280865,17698607,63.0146,60593,158048241,1000
17750000,280882,17748595,63.1888,60593,159374594,999
17800000,280896,17798579,63.3636,60593,160689060,1000
17850000,280905,17848560,63.5395,60593,162038940,1000
17900000,280917,17898545,63.7147,60593,163377979,1000
17950000,280938,17948535,63.8879,60593,164774941,1000
18000000,280957,17998523,64.0615,60593,166189126,999
18050000,280975,18048513,64.2353,60593,167613760,1000
18100000,280994,18098500,64.4088,60593,168925917,999
18150000,281011,18148486,64.5828,64072,170324090,1000
18200000,281024,18198474,64.7577,64072,171721082,1000
18250000,281039,18248463,64.9321,64072,173156099,1000
18300000,281048,18298452,65.1079,64072,174591558,1000
18350000,281069,18348439,65.2809,64072,175984903,1000
18400000,281083,18398421,65.4555,64072,177411260,1000
18450000,281100,18448401,65.6293,64072,178838156,1000
18500000,281113,18498384,65.8041,64072,180266437,1000
18550000,281125,18548368,65.9791,64072,181762679,1000
18600000,281142,18598351,66.1529,64072,183224347,1000
18650000,281158,18648333,66.3269,64072,184731215,1000
18700000,281178,18698319,66.4999,64072,186211604,1000
18750000,281198,18748305,66.673,64072,187746087,999
18800000,281225,18798292,66.8443,64072,189218102,1000
18850000,281242,18848275,67.018,64072,190746907,1000
18900000,281258,18898258,67.1919,64072,192263801,1000
18950000,281271,18948242,67.3665,64072,193768460,1000
19000000,281286,18998236,67.5406,64072,195241948,1000
19050000,281303,19048221,67.7142,64072,196767448,999
19100000,281315,19098211,67.8891,64072,198309416,1000
19150000,281330,19148197,68.0631,64072,199808477,1000
19200000,281346,19198169,68.2369,64072,201347783,1000
19250000,281361,19248149,68.4109,64072,202916548,1000
19300000,281377,19298132,68.5846,64072,204502831,999
19350000,281394,19348110,68.7581,64072,206104925,999
19400000,281411,19398095,68.9315,64372,207726376,1000
19450000,281427,19448086,69.1053,64372,209334378,1000
19500000,281441,19498072,69.2794,64372,210950390,1000
19550000,281462,19548051,69.4518,64372,212536668,1000
19600000,281472,19598041,69.627,64372,214172751,1000
19650000,281481,19648025,69.8023,64372,215760465,1000
19700000,281495,19698008,69.9764,64372,217367555,1000
19750000,281510,19747994,70.1502,64372,218949964,1000
19800000,281534,19797978,70.3218,64372,220639690,1000
19850000,281547,19847960,70.4961,64372,222248088,1000
19900000,281561,19897942,70.6701,70317,223950013,1000
19950000,281573,19947928,70.8446,70317,225675234,1000
20000000,281584,19997909,71.0193,70317,227352407,1000
20050000,281599,20047896,71.1931,70317,229039657,1000
20100000,281613,20097886,71.367,70317,230745861,999
20150000,281631,20147870,71.54,70317,232469508,1000
20200000,281640,20197858,71.7152,70317,234207446,1000
20250000,281654,20247837,71.889,70317,235944511,999
20300000,281666,20297821,72.0634,70317,237754000,1000
20350000,281680,20347804,72.2373,71830,239516588,1000
20400000,281696,20397791,72.4107,71830,241264008,1000
20450000,281711,20447772,72.5842,71830,243043355,998
20500000,281732,20497765,72.7563,71830,244771817,1000
20550000,281744,20547756,72.9306,71830,246536215,1000
20600000,281757,20597745,73.1046,71830,248237917,1000
20650000,281768,20647727,73.2792,71830,249957395,1000
20700000,281774,20697701,73.455,71830,251788164,999
20750000,281786,20747686,73.6292,71830,253588440,1000
20800000,281802,20797672,73.8024,72666,255443528,1000
20850000,281808,20847663,73.9783,72666,257237092,1000
20900000,281819,20897652,74.1527,72666,259072421,1000
20950000,281833,20947643,74.3264,72666,260896601,1000
21000000,281848,20997627,74.4998,72666,262748232,1000
21050000,281861,21047603,74.6737,74298,264604437,999
21100000,281870,21097588,74.8486,74298,266490822,1000
21150000,281878,21147576,75.0239,74298,268407162,1000
21200000,281896,21197554,75.1964,74298,270209663,997
21250000,281907,21247545,75.3708,74298,272130257,1000
21300000,281915,21297527,75.5459,74298,274039998,1000
21350000,281927,21347511,75.72,74298,275973293,1000
21400000,281937,21397495,75.8946,74298,277879990,999
21450000,281947,21447484,76.0692,74298,279781687,1000
21500000,281961,21497467,76.2427,74298,281688746,1000
21550000,281974,21547451,76.4164,75245,283598345,1000
21600000,281989,21597437,76.5896,75245,285489529,1000
21650000,282003,21647417,76.7631,75245,287412143,1000
21700000,282014,21697405,76.9373,75757,289352763,1000
21750000,282026,21747388,77.1113,76089,291399618,999
21800000,282045,21797372,77.2833,76089,293394414,997
21850000,282061,21847357,77.4561,76089,295441396,999
21900000,282072,21897338,77.6303,76089,297319348,999
21950000,282085,21947316,77.8039,76809,299372027,1000
22000000,282100,21997293,77.9769,76809,301441052,999
22050000,282111,22047277,78.1511,77118,303468433,999
22100000,282125,22097265,78.3244,77118,305625483,1000
22150000,282132,22147240,78.4996,77118,307748521,1000
22200000,282143,22197230,78.6737,77118,309751970,1000
22250000,282155,22247220,78.8475,77118,311845073,1000
22300000,282168,22297204,79.021,77118,313939375,1000
22350000,282185,22347183,79.1934,78768,316034219,1000
22400000,282195,22397167,79.3677,78768,318148235,1000
22450000,282207,22447148,79.5414,78768,320296152,1000
22500000,282219,22497130,79.7152,79274,322403639,1000
22550000,282226,22547121,79.8903,79274,324489976,1000
22600000,282237,22597096,80.0643,79274,326534647,1000
22650000,282241,22647080,80.2402,79274,328695207,1000
22700000,282251,22697064,80.4145,79274,330841794,1000
22750000,282257,22747050,80.5899,79274,332991183,1000
22800000,282263,22797034,80.7652,80401,335198608,1000
22850000,282279,22847018,80.9377,80401,337375079,999
22900000,282293,22897002,81.1108,80401,339543876,1000
22950000,282302,22946982,81.2852,80401,341749154,1000
23000000,282313,22996972,81.4591,80401,343941838,1000
23050000,282326,23046954,81.6324,80401,346242311,1000
23100000,282333,23096933,81.8074,80401,348436274,999
23150000,282336,23146915,81.9836,81705,350654916,999
23200000,282344,23196897,82.1583,81705,352820168,1000
23250000,282352,23246877,82.333,81705,355034493,1000
23300000,282361,23296858,82.5074,81705,357324863,1000
23350000,282373,23346841,82.6809,81705,359651403,1000
23400000,282384,23396827,82.8546,81705,361971855,999
23450000,282399,23446804,83.0272,81705,364343519,1000
23500000,282407,23496788,83.2019,82168,366613699,1000
23550000,282420,23546769,83.375,82168,369004171,1000
23600000,282432,23596750,83.5484,82168,371284914,1000
23650000,282443,23646731,83.7221,82168,373609297,1000
23700000,282460,23696713,83.89399999999999,82168,375981842,1000
23750000,282470,23746693,84.068,82168,378276979,1000
23800000,282480,23796671,84.242,83204,380686405,1000
23850000,282492,23846654,84.4153,83204,382991579,1000
23900000,282505,23896638,84.5884,83204,385355795,999
23950000,282517,23946629,84.7617,83204,387683279,1000
24000000,282523,23996611,84.9368,83204,390124146,1000
24050000,282537,24046598,85.1096,83204,392564293,1000
24100000,282544,24096576,85.2843,84913,394979485,1000
24150000,282556,24146552,85.4576,84913,397500824,1000
24200000,282564,24196529,85.632,84913,399908753,999
24250000,282572,24246515,85.8065,84913,402304506,999
24300000,282579,24296503,85.9813,84913,404723654,1000
24350000,282593,24346484,86.1539,84913,407293941,1000
24400000,282600,24396467,86.3286,84913,409673693,1000
24450000,282608,24446448,86.50299999999999,85561,412160454,1000
24500000,282622,24496433,86.6756,85561,414632723,1000
24550000,282633,24546414,86.8491,85561,417130166,1000
24600000,282644,24596396,87.0225,85561,419686563,1000
24650000,282655,24646379,87.196,85561,422200865,1000
24700000,282659,24696360,87.3716,85561,424690378,1000
24750000,282667,24746348,87.5459,85561,427265192,1000
24800000,282671,24796334,87.7215,85561,429852100,999
24850000,282682,24846319,87.8949,85561,432354801,1000
24900000,282693,24896298,88.0683,85561,434948254,1000
24950000,282709,24946275,88.2401,85561,437604646,1000
25000000,282716,24996260,88.4147,87425,440158077,999
25050000,282725,25046237,88.5887,87425,442773672,1000
25100000,282743,25096227,88.7599,87425,445375919,1000
25150000,282753,25146208,88.9335,87425,447929847,999
25200000,282758,25196182,89.1086,87425,450641873,1000
25250000,282767,25246157,89.2825,87425,453221314,999
25300000,282774,25296139,89.4571,87425,455968698,1000
25350000,282790,25346117,89.6288,87425,458644858,999
25400000,282805,25396092,89.8007,87425,461368221,999
25450000,282810,25446076,89.9759,87425,464040456,999
25500000,282822,25496058,90.1488,87425,466805501,998
25550000,282828,25546038,90.3236,87425,469565964,999
25600000,282842,25596017,90.4958,87425,472316334,998
25650000,282850,25645995,90.6699,87425,474995234,998
25700000,282858,25695968,90.8441,87425,477741675,1000
25750000,282866,25745957,91.0182,87425,480541686,1000
25800000,282877,25795941,91.1914,87425,483226174,1000
25850000,282889,25845922,91.3642,87425,486031159,999
25900000,282904,25895904,91.536,87425,488854452,1000
25950000,282912,25945881,91.7101,87425,491630430,1000
26000000,282918,25995866,91.8848,87425,494379732,999
26050000,282921,26045847,92.0605,87425,497332380,1000
26100000,282926,26095827,92.2355,87425,500218061,999
26150000,282933,26145805,92.4099,87425,503015518,999
26200000,282945,26195781,92.5826,87425,505804323,999
26250000,282954,26245762,92.7563,91744,508750157,1000
26300000,282966,26295732,92.9289,91744,511536967,998
26350000,282973,26345709,93.1033,91744,514436977,999
26400000,282984,26395690,93.2763,91744,517352673,1000
26450000,282993,26445663,93.4499,91744,520253805,1000
26500000,283001,26495644,93.6239,91744,523250388,1000
26550000,283009,26545612,93.7978,91744,526198088,1000
26600000,283019,26595591,93.971,91744,529105226,999
26650000,283025,26645575,94.1457,91744,532081041,999
26700000,283038,26695550,94.3179,91744,535081914,998
26750000,283045,26745526,94.4921,91744,537995896,1000
26800000,283058,26795502,94.6644,91744,540991183,1000
26850000,283069,26845480,94.8372,93807,544021564,1000
26900000,283078,26895454,95.0108,93807,546983847,1000
26950000,283089,26945437,95.1836,94203,550084797,999
27000000,283098,26995411,95.3571,94203,553036214,1000
27050000,283111,27045399,95.5293,94203,555993992,1000
27100000,283118,27095374,95.7035,94203,558983641,999
27150000,283136,27145350,95.8739,94203,562091300,1000
27200000,283144,27195332,96.0477,94203,565143405,999
27250000,283151,27245317,96.2219,95321,568137793,1000
27300000,283160,27295299,96.3953,95523,571103287,1000
27350000,283164,27345271,96.5704,95523,574218869,1000
27400000,283176,27395254,96.7429,95523,577339675,1000
27450000,283185,27445234,96.9163,95523,580487581,999
27500000,283194,27495205,97.0896,95523,583502674,1000
27550000,283197,27545187,97.2651,96272,586620921,1000
27600000,283203,27595170,97.4395,96272,589821629,1000
27650000,283211,27645152,97.6133,96272,592969204,1000
27700000,283220,27695118,97.7866,96272,596216611,998
27750000,283227,27745098,97.9606,96272,599318546,1000
