timestep,num_nodes,num_edges,average_degree,max_degree,num_triangles,new_edges
0,1783,1000,0.560852,3,0,1000
50000,43331,51000,1.17699,136,6,1000
100000,67455,101000,1.49729,242,37,1000
150000,85171,151000,1.7729,402,106,1000
200000,99296,201000,2.02425,574,222,1000
250000,110967,251000,2.26193,574,455,1000
300000,120963,300998,2.48835,863,792,1000
350000,129634,350998,2.70761,1067,1268,1000
400000,137423,400997,2.91798,1215,1873,999
450000,144463,450997,3.12189,1384,2622,1000
500000,150564,500996,3.32746,1534,3591,1000
550000,156278,550996,3.5257400000000003,1838,4833,1000
600000,161509,600995,3.7211199999999995,1838,6204,1000
650000,166294,650994,3.9147199999999995,1959,7876,1000
700000,170732,700993,4.10581,2165,10542,1000
750000,174942,750993,4.29281,2637,12836,1000
800000,178811,800993,4.47955,2637,15415,1000
850000,182437,850992,4.66458,2637,18353,1000
900000,185894,900992,4.84681,2744,21756,1000
950000,189013,950990,5.03135,2982,25409,1000
1000000,191981,1000990,5.21401,2982,30049,1000
1050000,194838,1050990,5.39417,3231,34689,1000
1100000,197504,1100989,5.57451,3248,39703,1000
1150000,200122,1150989,5.7514400000000006,4000,45344,1000
1200000,202542,1200989,5.9295800000000005,4246,51440,1000
1250000,204807,1250987,6.10813,4246,58734,1000
1300000,207026,1300987,6.28417,4246,65913,1000
1350000,209136,1350987,6.45985,4246,73825,1000
1400000,211112,1400985,6.63622,4280,82085,1000
1450000,213018,1450981,6.811539999999999,4375,90508,1000
1500000,214893,1500981,6.984780000000001,5342,100020,1000
1550000,216636,1550980,7.1593800000000005,5342,109991,1000
1600000,218366,1600980,7.331639999999999,5342,120479,1000
1650000,220047,1650978,7.502839999999999,5342,131585,1000
1700000,221605,1700978,7.67572,6001,143846,1000
1750000,223118,1750978,7.84777,6001,159457,1000
1800000,224583,1800976,8.0192,6346,173315,1000
1850000,225900,1850975,8.19378,6346,189365,1000
1900000,227270,1900975,8.36439,6346,204261,1000
1950000,228515,1950975,8.53762,6346,219665,1000
2000000,229755,2000975,8.70917,6346,237259,1000
2050000,230974,2050973,8.879669999999999,6346,255996,1000
2100000,232182,2100971,9.048810000000001,6594,274959,1000
2150000,233315,2150970,9.21917,6616,293959,1000
2200000,234416,2200969,9.38916,6895,314358,1000
2250000,235485,2250969,9.558860000000001,7012,336298,1000
2300000,236481,2300966,9.73002,8007,359228,1000
2350000,237491,2350966,9.89918,8007,385493,1000
2400000,238437,2400963,10.0696,8007,409666,1000
2450000,239389,2450958,10.2384,8007,437181,1000
2500000,240271,2500958,10.4089,8007,464777,1000
2550000,241161,2550956,10.5778,8993,492793,1000
2600000,241957,2600954,10.7497,8993,522906,1000
2650000,242802,2650952,10.9182,8993,554605,1000
2700000,243595,2700948,11.0879,8993,585869,1000
2750000,244303,2750947,11.2604,8993,618611,1000
2800000,245064,2800944,11.4294,8993,652314,1000
2850000,245785,2850941,11.5993,9992,687991,999
2900000,246444,2900940,11.7712,9992,725445,1000
2950000,247094,2950938,11.9426,9992,761631,1000
3000000,247770,3000937,12.1118,9992,800193,1000
3050000,248414,3050931,12.2816,10614,839321,1000
3100000,249002,3100931,12.4534,10859,881682,1000
3150000,249578,3150929,12.625,10859,924592,1000
3200000,250187,3200926,12.7941,10859,966941,1000
3250000,250770,3250923,12.9638,10859,1011429,1000
3300000,251344,3300922,13.1331,10859,1057799,1000
3350000,251910,3350918,13.302,11777,1104909,1000
3400000,252466,3400918,13.4708,11777,1153850,1000
3450000,252970,3450916,13.6416,11777,1205877,1000
3500000,253441,3500915,13.8135,11777,1259071,1000
3550000,253939,3550911,13.9833,11777,1312157,1000
3600000,254403,3600908,14.1543,11777,1367785,1000
3650000,254885,3650907,14.3237,12821,1424630,1000
3700000,255316,3700904,14.4954,12949,1482695,1000
3750000,255728,3750903,14.6675,12949,1542719,1000
3800000,256127,3800901,14.8399,13385,1605414,1000
3850000,256560,3850899,15.0097,13385,1667539,1000
3900000,256998,3900898,15.1787,13385,1733361,1000
3950000,257397,3950897,15.3494,13385,1800490,1000
4000000,257751,4000894,15.5223,13968,1871050,1000
4050000,258120,4050890,15.6938,13968,1944498,1000
4100000,258510,4100888,15.8636,13968,2018337,999
4150000,258887,4150884,16.0336,13968,2094537,1000
4200000,259245,4200878,16.2043,13968,2169045,1000
4250000,259582,4250877,16.3759,14865,2247254,1000
4300000,259933,4300873,16.5461,14865,2325931,1000
4350000,260271,4350871,16.7167,14865,2409833,1000
4400000,260596,4400864,16.8877,14865,2489740,1000
4450000,260918,4450860,17.0585,15563,2573442,1000
4500000,261235,4500854,17.2291,15563,2659356,1000
4550000,261538,4550852,17.4003,15563,2747310,1000
4600000,261826,4600849,17.5722,15563,2836069,1000
4650000,262130,4650845,17.7425,16306,2929925,1000
4700000,262405,4700843,17.9145,16306,3024559,1000
4750000,262704,4750839,18.0844,16679,3121723,1000
4800000,262967,4800833,18.2564,16679,3222676,1000
4850000,263251,4850830,18.4266,16679,3321918,1000
4900000,263522,4900825,18.5974,17215,3426383,1000
4950000,263834,4950822,18.7649,17215,3532749,1000
5000000,264108,5000818,18.9347,17215,3636288,1000
5050000,264340,5050814,19.1073,17215,3748004,1000
5100000,264578,5100811,19.279,17215,3856431,1000
5150000,264803,5150806,19.4515,17900,3970426,1000
5200000,265050,5200801,19.622,18128,4090863,1000
5250000,265278,5250794,19.7936,18128,4206247,1000
5300000,265507,5300793,19.9648,18128,4321857,1000
5350000,265726,5350789,20.1365,18640,4447623,1000
5400000,265911,5400784,20.3105,18640,4573387,1000
5450000,266117,5450780,20.4826,18640,4697475,1000
5500000,266333,5500777,20.6538,18640,4824313,1000
5550000,266518,5550771,20.826999999999998,19406,4958420,999
5600000,266738,5600771,20.9973,19406,5088447,1000
5650000,266924,5650762,21.1699,19406,5220218,1000
5700000,267125,5700757,21.3412,19406,5360691,1000
5750000,267335,5750754,21.5114,19406,5500096,1000
5800000,267537,5800749,21.682,19406,5645442,1000
5850000,267737,5850744,21.8526,19406,5794280,1000
5900000,267881,5900741,22.0275,20490,5949102,1000
5950000,268060,5950734,22.1993,20490,6095704,1000
6000000,268237,6000727,22.371,20490,6243611,1000
6050000,268412,6050723,22.5427,21057,6398156,1000
6100000,268575,6100717,22.7151,21057,6554870,1000
6150000,268729,6150714,22.8882,21057,6715969,1000
6200000,268904,6200711,23.0592,21057,6883488,1000
6250000,269071,6250709,23.2307,21057,7057338,1000
6300000,269224,6300708,23.4032,21057,7231754,1000
6350000,269385,6350705,23.5748,21057,7402107,1000
6400000,269519,6400697,23.7486,21057,7575011,1000
6450000,269668,6450693,23.9209,21057,7751086,1000
6500000,269816,6500686,24.093000000000004,21057,7930217,999
6550000,269968,6550682,24.2647,22890,8118519,1000
6600000,270118,6600679,24.4363,22890,8308657,1000
6650000,270248,6650671,24.6095,22890,8493245,1000
6700000,270377,6700665,24.7827,22890,8683617,1000
6750000,270499,6750663,24.9563,23758,8882148,1000
6800000,270620,6800661,25.1299,23758,9106923,1000
6850000,270749,6850654,25.3026,23758,9308077,1000
6900000,270880,6900648,25.4749,23758,9510803,1000
6950000,271009,6950646,25.6473,24262,9717063,1000
7000000,271125,7000640,25.8207,24262,9927166,1000
7050000,271213,7050633,25.9967,24262,10132748,1000
7100000,271325,7100629,26.1702,24262,10349751,1000
7150000,271443,7150624,26.343000000000004,24262,10573938,1000
7200000,271557,7200618,26.516,24262,10791534,1000
7250000,271666,7250612,26.6894,24262,11018206,999
7300000,271791,7300606,26.8611,24262,11244642,1000
7350000,271899,7350596,27.0343,24262,11484212,1000
7400000,272006,7400591,27.2075,24262,11729647,1000
7450000,272109,7450585,27.3809,24262,11960417,1000
7500000,272219,7500576,27.5535,26201,12203288,1000
7550000,272308,7550573,27.7281,26201,12444988,1000
7600000,272412,7600569,27.901,26201,12683232,1000
7650000,272519,7650563,28.0735,26201,12931407,1000
7700000,272613,7700562,28.2472,26201,13182784,1000
7750000,272706,7750558,28.4209,26201,13437168,1000
7800000,272809,7800555,28.5935,26201,13695658,1000
7850000,272914,7850549,28.7657,26201,13962681,1000
7900000,273011,7900544,28.9386,26201,14228428,999
7950000,273098,7950538,29.1124,26201,14491172,999
8000000,273187,8000534,29.2859,26201,14761441,1000
8050000,273283,8050527,29.4586,26201,15036258,1000
8100000,273375,8100520,29.6315,26201,15320042,1000
8150000,273459,8150513,29.8052,26201,15598798,1000
8200000,273545,8200511,29.9787,26201,15893438,1000
8250000,273644,8250506,30.1505,26201,16186509,1000
8300000,273710,8300498,30.3259,26201,16480460,1000
8350000,273798,8350494,30.4987,26593,16788781,1000
8400000,273881,8400483,30.671999999999997,26781,17096682,1000
8450000,273975,8450474,30.844,26964,17403963,1000
8500000,274044,8500472,31.0186,26964,17731190,999
8550000,274138,8550466,31.1904,29983,18037039,1000
8600000,274205,8600454,31.3651,29983,18356978,1000
8650000,274292,8650445,31.5374,29983,18672569,1000
8700000,274379,8700440,31.7096,29983,19001947,1000
8750000,274460,8750437,31.8824,29983,19319189,1000
8800000,274537,8800432,32.0555,29983,19655842,999
8850000,274597,8850423,32.2306,29983,19989952,1000
8900000,274670,8900413,32.404,29983,20309648,1000
8950000,274740,8950408,32.5777,29983,20631616,1000
9000000,274821,9000396,32.75,29983,20978366,999
9050000,274877,9050392,32.9252,31992,21331837,1000
9100000,274943,9100389,33.0992,31992,21677967,999
9150000,275018,9150386,33.272,31992,22037865,999
9200000,275080,9200381,33.4462,31992,22387840,1000
9250000,275144,9250375,33.6201,31992,22744304,999
9300000,275203,9300368,33.7946,31992,23110441,1000
9350000,275269,9350358,33.9681,31992,23476529,1000
9400000,275348,9400349,34.1399,31992,23865942,1000
9450000,275404,9450341,34.3145,31992,24238804,1000
9500000,275475,9500333,34.4871,33407,24621685,1000
9550000,275545,9550327,34.6598,33407,25011397,1000
9600000,275602,9600318,34.834,33407,25400275,1000
9650000,275658,9650311,35.0083,33407,25780334,1000
9700000,275715,9700307,35.1824,33407,26171066,1000
9750000,275783,9750303,35.355,34299,26587378,1000
9800000,275832,9800298,35.53,34299,26997896,1000
9850000,275898,9850292,35.7027,34299,27407547,1000
9900000,275948,9900284,35.8774,34299,27837198,1000
9950000,276008,9950277,36.0507,34299,28245583,1000
10000000,276072,10000272,36.2234,34299,28682554,1000
10050000,276135,10050263,36.3962,35466,29109325,1000
10100000,276185,10100256,36.5706,35466,29522294,999
10150000,276248,10150248,36.7432,35755,29945233,1000
10200000,276300,10200243,36.9173,35755,30392019,999
10250000,276349,10250238,37.0916,35755,30841052,1000
10300000,276395,10300235,37.2664,35755,31281253,1000
10350000,276439,10350229,37.4413,35755,31729905,1000
10400000,276497,10400221,37.6142,35755,32191099,1000
10450000,276537,10450213,37.7896,36343,32658839,1000
10500000,276580,10500206,37.9644,36343,33126076,1000
10550000,276628,10550197,38.1386,36808,33604407,1000
10600000,276677,10600187,38.3125,36999,34086226,1000
10650000,276720,10650179,38.4872,36999,34557305,1000
10700000,276762,10700171,38.662,36999,35059400,1000
10750000,276810,10750165,38.8359,36999,35553111,999
10800000,276848,10800161,39.0112,36999,36057624,999
10850000,276898,10850153,39.1847,37954,36569162,1000
10900000,276939,10900138,39.3593,37954,37063400,1000
10950000,276985,10950130,39.5333,37954,37561646,1000
11000000,277038,11000120,39.7062,37954,38087471,1000
11050000,277096,11050110,39.8783,37954,38603884,1000
11100000,277127,11100104,40.0542,37954,39130887,1000
11150000,277174,11150091,40.2278,37954,39658381,1000
11200000,277210,11200079,40.4029,37954,40192626,1000
11250000,277263,11250072,40.5755,37954,40733267,1000
11300000,277303,11300062,40.7499,37954,41285168,1000
11350000,277345,11350053,40.924,37954,41836805,1000
11400000,277388,11400038,41.0978,37954,42381074,1000
11450000,277432,11450034,41.2715,38163,42943764,1000
11500000,277467,11500025,41.4465,38163,43533917,1000
11550000,277511,11550014,41.62,38163,44103177,999
11600000,277545,11600008,41.7951,38163,44673471,999
11650000,277588,11649996,41.9687,40604,45258342,1000
11700000,277631,11699981,42.1422,40604,45850707,999
11750000,277667,11749968,42.3168,40604,46427666,1000
11800000,277716,11799957,42.4893,41512,47055982,1000
11850000,277759,11849949,42.6627,41512,47667947,1000
11900000,277801,11899941,42.8362,41512,48284361,999
11950000,277830,11949938,43.0117,41512,48911562,1000
12000000,277872,11999933,43.1851,41512,49539424,1000
12050000,277905,12049925,43.3599,41512,50147682,1000
12100000,277942,12099912,43.5339,41512,50762445,1000
12150000,277988,12149908,43.7066,41512,51393917,1000
12200000,278024,12199903,43.8808,41512,52032985,1000
12250000,278060,12249897,44.0549,41512,52661321,1000
12300000,278091,12299884,44.2297,41512,53276490,1000
12350000,278127,12349872,44.4037,43226,53915664,999
12400000,278156,12399864,44.5788,43226,54566897,1000
12450000,278190,12449849,44.753,43226,55221939,1000
12500000,278225,12499835,44.9271,43226,55888023,1000
12550000,278260,12549830,45.1011,43226,56562705,1000
12600000,278286,12599824,45.2765,43226,57244942,999
12650000,278317,12649816,45.4511,43226,57924157,1000
12700000,278347,12699809,45.6258,43226,58625418,1000
12750000,278377,12749799,45.8005,43226,59304324,1000
12800000,278407,12799790,45.9751,44752,59986051,1000
12850000,278444,12849778,46.1485,44752,60718132,1000
12900000,278479,12899771,46.3222,44752,61422649,1000
12950000,278506,12949756,46.4972,45526,62131752,1000
13000000,278545,12999746,46.6702,45526,62826853,999
13050000,278577,13049738,46.8443,45526,63539779,999
13100000,278614,13099727,47.0175,45526,64271641,999
13150000,278653,13149715,47.1903,45526,65003731,999
13200000,278688,13199703,47.3637,46127,65748092,999
13250000,278715,13249686,47.5385,46127,66465640,1000
13300000,278748,13299671,47.7122,46127,67217170,1000
13350000,278771,13349666,47.8876,46127,67927197,1000
13400000,278795,13399655,48.0628,46127,68683816,1000
13450000,278837,13449645,48.2348,46127,69482949,1000
13500000,278869,13499634,48.4085,46127,70266958,1000
13550000,278895,13549628,48.5833,46127,71036389,1000
13600000,278924,13599618,48.7574,46127,71815304,1000
13650000,278957,13649604,48.9309,46127,72573157,1000
13700000,278990,13699594,49.1042,46127,73406319,1000
13750000,279011,13749584,49.2797,46127,74206693,999
13800000,279052,13799578,49.4516,46127,75029813,1000
13850000,279081,13849570,49.6256,46127,75824525,1000
13900000,279117,13899556,49.7983,46127,76657292,1000
13950000,279148,13949548,49.9719,48811,77475671,1000
14000000,279174,13999535,50.1463,48811,78293475,1000
14050000,279201,14049533,50.3205,48811,79114902,1000
14100000,279231,14099523,50.4941,48811,80017438,1000
14150000,279262,14149517,50.6675,48811,80883440,999
14200000,279300,14199505,50.8396,49706,81762120,1000
14250000,279325,14249494,51.013999999999996,49706,82631404,1000
14300000,279346,14299484,51.1891,49706,83481999,1000
14350000,279375,14349471,51.3628,49706,84360777,1000
14400000,279403,14399458,51.5365,49706,85199490,1000
14450000,279427,14449447,51.711000000000006,50955,86116660,999
14500000,279452,14499431,51.8852,50955,87018154,999
14550000,279472,14549423,52.0604,50955,87897448,1000
14600000,279497,14599414,52.2346,50955,88800748,1000
14650000,279525,14649399,52.4082,50955,89681566,1000
14700000,279551,14699387,52.5821,50955,90638736,1000
14750000,279569,14749378,52.7576,50955,91568415,1000
14800000,279592,14799367,52.931999999999995,50955,92519308,1000
14850000,279620,14849351,53.1055,50955,93479198,1000
14900000,279652,14899331,53.2781,50955,94392050,1000
14950000,279678,14949327,53.4519,50955,95317187,1000
15000000,279704,14999317,53.6257,50955,96264240,1000
15050000,279738,15049307,53.7979,50955,97205218,1000
15100000,279763,15099295,53.9717,50955,98171545,1000
15150000,279782,15149286,54.1467,50955,99152903,1000
15200000,279809,15199279,54.3202,50955,100145833,1000
15250000,279840,15249271,54.4928,50955,101144071,1000
15300000,279864,15299259,54.6668,50955,102098914,1000
15350000,279889,15349251,54.8405,53655,103102669,1000
15400000,279911,15399238,55.0148,53655,104151076,1000
15450000,279933,15449227,55.18899999999999,53655,105147329,1000
15500000,279950,15499213,55.3642,53655,106173364,1000
15550000,279982,15549199,55.5364,53655,107195223,1000
15600000,280006,15599178,55.7102,53655,108199236,999
15650000,280040,15649172,55.8819,53655,109260895,1000
15700000,280065,15699155,56.0554,53655,110296562,999
15750000,280084,15749143,56.2301,53655,111307470,999
15800000,280110,15799132,56.4033,53655,112330245,1000
15850000,280131,15849119,56.5775,53655,113392009,1000
15900000,280150,15899113,56.7521,53655,114443878,1000
15950000,280176,15949101,56.9253,53655,115503190,1000
16000000,280199,15999092,57.099,53655,116577286,1000
16050000,280219,16049077,57.2733,56021,117669746,1000
16100000,280240,16099063,57.4474,56021,118804596,1000
16150000,280261,16149052,57.6215,56021,119884713,1000
16200000,280279,16199040,57.7961,56021,120993584,1000
16250000,280299,16249031,57.9703,56733,122070412,1000
16300000,280326,16299020,58.1431,56733,123196466,1000
16350000,280351,16349004,58.3162,56733,124341733,1000
16400000,280377,16398995,58.4891,56733,125511244,1000
16450000,280398,16448984,58.663000000000004,56733,126611507,1000
16500000,280416,16498973,58.8375,56733,127706638,998
16550000,280434,16548959,59.012,57865,128869272,1000
16600000,280456,16598944,59.1856,57865,129978909,1000
16650000,280477,16648928,59.3593,57865,131153808,1000
16700000,280490,16698909,59.5348,57865,132333316,1000
16750000,280519,16748898,59.7068,57865,133495573,1000
16800000,280539,16798887,59.8808,57865,134702964,1000
16850000,280568,16848871,60.0527,57865,135897819,1000
16900000,280587,16898859,60.2268,57865,137087624,999
16950000,280606,16948844,60.4009,57865,138264665,999
17000000,280626,16998831,60.5747,57865,139482222,1000
17050000,280641,17048816,60.7496,57865,140651323,1000
17100000,280659,17098804,60.9238,57865,141868262,999
17150000,280681,17148794,61.0971,57865,143073255,1000
17200000,280709,17198780,61.2691,57865,144366651,1000
17250000,280721,17248770,61.4445,57865,145603540,1000
17300000,280739,17298760,61.6187,57865,146877566,1000
17350000,280759,17348743,61.7923,57865,148147650,1000
17400000,280778,17398730,61.9661,57865,149461109,1000
17450000,280802,17448719,62.1389,57865,150713225,1000
17500000,280817,17498711,62.3136,57865,151997417,999
17550000,280833,17548696,62.488,57865,153262482,1000
17600000,280858,17598686,62.6604,57865,154587565,1000
17650000,280880,17648676,62.8335,57865,155898102,1000
17700000,280894,17698661,63.0083,57865,157253506,1000
17750000,280912,17748648,63.1822,57865,158551169,1000
17800000,280930,17798635,63.3561,57865,159886043,999
17850000,280948,17848627,63.53,62749,161234611,1000
17900000,280969,17898611,63.7032,62749,162559602,999
17950000,280983,17948597,63.8779,62749,163934479,1000
18000000,280997,17998575,64.0526,62749,165359126,1000
18050000,281008,18048562,64.2279,62749,166721641,1000
18100000,281030,18098548,64.4008,62749,168091025,1000
18150000,281043,18148538,64.5757,63357,169515819,1000
18200000,281056,18198529,64.7505,63357,170838105,1000
18250000,281075,18248518,64.92399999999999,63357,172245355,1000
18300000,281095,18298507,65.0972,63357,173649480,999
18350000,281108,18348495,65.27199999999999,64026,175027431,1000
18400000,281126,18398488,65.4457,64026,176425564,1000
18450000,281137,18448473,65.6209,64026,177909336,1000
18500000,281167,18498460,65.7917,64026,179347879,1000
18550000,281185,18548442,65.9653,64026,180828643,1000
18600000,281199,18598425,66.1397,64026,182283554,1000
18650000,281214,18648417,66.314,64026,183778897,1000
18700000,281227,18698399,66.4886,65283,185238239,1000
18750000,281244,18748380,66.6623,65283,186777070,1000
18800000,281265,18798366,66.8351,65283,188278427,1000
18850000,281278,18848352,67.0097,65283,189757037,1000
18900000,281294,18898334,67.1836,65283,191250338,1000
18950000,281305,18948321,67.3586,65283,192794011,1000
19000000,281313,18998310,67.5344,65283,194284185,1000
19050000,281333,19048289,67.7073,66576,195822621,1000
19100000,281352,19098272,67.8803,66576,197325232,1000
19150000,281370,19148256,68.0537,66576,198859805,1000
19200000,281392,19198240,68.226,67611,200342095,999
19250000,281405,19248230,68.4005,67611,201927799,1000
19300000,281419,19298221,68.5747,67611,203496230,1000
19350000,281436,19348210,68.7482,67611,205073771,1000
19400000,281447,19398197,68.9231,68304,206687133,999
19450000,281461,19448182,69.0973,68304,208286119,1000
19500000,281480,19498166,69.2702,68304,209882107,999
19550000,281501,19548149,69.4426,68304,211462312,999
19600000,281514,19598134,69.6169,68304,213017276,999
19650000,281528,19648118,69.791,68304,214621704,1000
19700000,281537,19698103,69.9663,68304,216280826,1000
19750000,281558,19748085,70.1386,68304,217929236,999
19800000,281570,19798069,70.3131,68304,219527207,1000
19850000,281582,19848047,70.4876,68304,221139524,1000
19900000,281590,19898035,70.6631,68304,222798147,1000
19950000,281604,19948015,70.8371,68304,224425254,998
20000000,281623,19998000,71.0098,68304,226251154,1000
20050000,281632,20047985,71.185,68304,227957516,1000
20100000,281648,20097969,71.3585,70224,229683831,1000
20150000,281666,20147951,71.5314,70224,231330856,1000
20200000,281675,20197937,71.7065,70224,233002938,999
20250000,281686,20247916,71.8812,70224,234731942,1000
20300000,281703,20297903,72.0543,70224,236443269,999
20350000,281717,20347886,72.2281,70224,238184562,1000
20400000,281729,20397866,72.4024,70224,239903889,999
20450000,281742,20447845,72.5765,71555,241671589,999
20500000,281761,20497826,72.749,71608,243407602,1000
20550000,281771,20547804,72.9238,71608,245125886,1000
20600000,281789,20597787,73.0965,71608,246918660,999
20650000,281799,20647770,73.2713,71608,248741371,1000
20700000,281813,20697752,73.445,71608,250506491,999
20750000,281827,20747734,73.6187,71608,252387934,1000
20800000,281842,20797717,73.7921,71608,254169293,1000
20850000,281855,20847707,73.9661,71608,255924179,999
20900000,281870,20897691,74.1395,73114,257767791,999
20950000,281886,20947669,74.3126,73114,259641936,999
21000000,281904,20997648,74.4851,73114,261432175,1000
21050000,281913,21047635,74.66,73114,263318099,1000
21100000,281925,21097618,74.8342,73114,265250335,1000
21150000,281934,21147596,75.009,73114,267180932,999
21200000,281950,21197584,75.1821,74582,269091634,1000
21250000,281967,21247566,75.3548,74582,270944097,1000
21300000,281981,21297553,75.5283,74582,272851616,1000
21350000,281999,21347529,75.7007,74582,274774693,999
21400000,282016,21397519,75.8734,74582,276679767,1000
21450000,282031,21447507,76.0466,74582,278558484,998
21500000,282044,21497483,76.2203,74582,280522495,1000
21550000,282051,21547472,76.3957,74582,282424661,1000
21600000,282061,21597456,76.5702,74582,284367784,999
21650000,282072,21647433,76.7444,74582,286309143,998
21700000,282081,21697419,76.9191,76276,288307653,1000
21750000,282098,21747401,77.0917,76276,290202758,1000
21800000,282113,21797377,77.2647,76276,292196859,1000
21850000,282130,21847358,77.4372,76276,294243705,1000
21900000,282138,21897340,77.6122,76276,296283590,1000
21950000,282153,21947328,77.7852,76276,298270662,1000
22000000,282164,21997309,77.9593,76276,300280517,1000
22050000,282173,22047292,78.134,76276,302269187,1000
22100000,282182,22097272,78.3086,76276,304317839,1000
22150000,282203,22147260,78.4799,76276,306295426,1000
22200000,282216,22197245,78.6534,76276,308354665,1000
22250000,282223,22247235,78.8286,76276,310402209,999
22300000,282234,22297216,79.0026,76276,312430830,1000
22350000,282242,22347205,79.1775,78633,314665277,1000
22400000,282258,22397190,79.3501,78633,316847005,1000
22450000,282274,22447163,79.5226,78633,318951574,1000
22500000,282284,22497140,79.6968,78633,321052803,1000
22550000,282293,22547119,79.8713,78633,323180068,999
22600000,282307,22597099,80.0444,78633,325260269,999
22650000,282317,22647079,80.2186,78633,327365022,1000
22700000,282328,22697064,80.3925,78633,329591720,1000
22750000,282338,22747048,80.5667,78633,331746364,1000
22800000,282353,22797030,80.7395,78633,333919103,999
22850000,282360,22847008,80.9145,78633,336181611,1000
22900000,282369,22896987,81.0889,80059,338357695,1000
22950000,282381,22946960,81.2624,80059,340633775,1000
23000000,282395,22996945,81.4354,80391,342933091,999
23050000,282403,23046923,81.6101,80391,345140532,1000
23100000,282411,23096909,81.7847,80709,347423835,1000
23150000,282422,23146889,81.9585,81361,349616236,1000
23200000,282431,23196875,82.1329,81361,351920366,1000
23250000,282438,23246848,82.3078,81361,354115710,1000
23300000,282447,23296833,82.4821,81361,356346867,1000
23350000,282457,23346821,82.6562,81361,358638796,1000
23400000,282473,23396800,82.8284,81361,360905030,1000
23450000,282485,23446787,83.0019,81361,363186608,1000
23500000,282499,23496772,83.1747,81361,365576011,1000
23550000,282512,23546750,83.3478,81361,367934471,1000
23600000,282518,23596730,83.5229,81361,370353834,1000
23650000,282532,23646711,83.6957,81361,372729360,998
23700000,282536,23696693,83.8714,81361,375038688,998
23750000,282546,23746670,84.0453,83015,377405999,1000
23800000,282555,23796656,84.2196,83015,379709339,1000
23850000,282567,23846639,84.3929,83281,382163042,999
23900000,282576,23896624,84.5671,83281,384621487,1000
23950000,282586,23946600,84.7409,83281,387051966,998
24000000,282588,23996585,84.9172,83281,389400342,1000
24050000,282597,24046566,85.0914,83281,391709181,1000
24100000,282604,24096549,85.2661,83281,394191048,999
24150000,282614,24146531,85.44,83281,396636158,1000
24200000,282624,24196513,85.6138,83281,399025987,1000
24250000,282631,24246490,85.7885,83281,401487126,999
24300000,282640,24296473,85.9626,83281,403961959,1000
24350000,282652,24346452,86.1358,83281,406426732,1000
24400000,282667,24396439,86.3081,83281,408962073,999
24450000,282674,24446419,86.4827,83281,411341083,1000
24500000,282685,24496397,86.6562,83281,413825132,999
24550000,282697,24546383,86.8293,85765,416365902,1000
24600000,282705,24596361,87.0036,86687,418837806,1000
24650000,282716,24646344,87.177,86687,421469273,1000
24700000,282725,24696324,87.351,86687,423997677,999
24750000,282736,24746305,87.5244,86687,426549075,1000
24800000,282749,24796286,87.6972,86687,429180452,1000
24850000,282759,24846274,87.8709,86687,431765271,1000
24900000,282768,24896250,88.0448,86687,434361438,1000
24950000,282775,24946230,88.2194,86687,437025217,1000
25000000,282784,24996217,88.3933,86687,439717487,999
25050000,282788,25046202,88.5688,86687,442319323,1000
25100000,282794,25096183,88.7437,86687,444952980,1000
25150000,282807,25146163,88.9163,86687,447649373,999
25200000,282815,25196145,89.0906,86687,450285967,999
25250000,282830,25246124,89.2625,86687,452955546,999
25300000,282838,25296104,89.4367,86687,455526648,1000
25350000,282846,25346090,89.6109,86687,458200834,998
25400000,282855,25396070,89.7848,86687,460955646,1000
25450000,282866,25446054,89.958,86687,463649189,1000
25500000,282871,25496036,90.1331,86687,466296888,1000
25550000,282879,25546006,90.3072,86687,469042826,999
25600000,282889,25595981,90.4807,89327,471665398,999
25650000,282898,25645957,90.6544,89327,474384848,1000
25700000,282908,25695938,90.8279,89327,477091411,1000
25750000,282913,25745912,91.0029,89327,479843113,1000
25800000,282925,25795892,91.1757,89327,482687898,1000
25850000,282930,25845871,91.3508,89327,485482207,1000
25900000,282938,25895846,91.5248,89327,488340166,999
25950000,282949,25945824,91.6979,89327,491127319,1000
26000000,282961,25995803,91.8706,89327,493913238,999
26050000,282971,26045790,92.044,89327,496747325,1000
26100000,282979,26095777,92.2181,89327,499592412,1000
26150000,282989,26145760,92.3914,91330,502510534,1000
26200000,282994,26195743,92.5664,91330,505423928,1000
26250000,283005,26245729,92.7395,91330,508291023,1000
26300000,283014,26295707,92.9131,91330,511106619,1000
26350000,283022,26345695,93.0871,91330,514008745,1000
26400000,283031,26395675,93.2607,91330,516876281,999
26450000,283038,26445650,93.435,91330,519775700,1000
26500000,283049,26495635,93.6079,91330,522614810,1000
26550000,283057,26545616,93.7819,91330,525590600,1000
26600000,283070,26595589,93.9541,91330,528558912,1000
26650000,283076,26645575,94.1287,91330,531513934,1000
26700000,283085,26695555,94.3023,91330,534423760,1000
26750000,283092,26745522,94.4764,91330,537462657,1000
26800000,283098,26795500,94.65100000000001,93564,540425133,999
26850000,283106,26845479,94.8248,93564,543412325,999
26900000,283113,26895462,94.999,93564,546420742,1000
26950000,283124,26945452,95.1719,93564,549303018,1000
27000000,283132,26995430,95.3457,93564,552346488,1000
27050000,283136,27045413,95.5209,93564,555411595,1000
27100000,283143,27095397,95.6951,95520,558490506,999
27150000,283148,27145371,95.8699,95520,561482478,1000
27200000,283154,27195343,96.0444,95520,564510564,1000
27250000,283164,27245323,96.2175,95520,567587287,999
27300000,283168,27295294,96.3926,95520,570755861,999
27350000,283174,27345269,96.56700000000001,95520,573885080,1000
27400000,283184,27395255,96.7401,95520,577188585,1000
27450000,283194,27445237,96.9132,95520,580349631,999
27500000,283202,27495216,97.0869,97084,583582035,1000
27550000,283206,27545197,97.2621,97084,586644569,999
27600000,283211,27595165,97.4368,97084,589857625,1000
27650000,283216,27645140,97.6115,97084,593077749,1000
27700000,283223,27695116,97.7855,97084,596156686,1000
27750000,283228,27745099,97.9603,97084,599320254,1000
