timestep,num_nodes,num_edges,average_degree,max_degree,num_triangles,new_edges
0,1769,1000,0.565291,3,0,1000
50000,43240,51000,1.17946,125,5,1000
100000,67333,100999,1.49999,300,37,1000
150000,85178,150999,1.77275,466,113,1000
200000,99329,200999,2.02357,579,237,1000
250000,111069,250999,2.25985,760,461,1000
300000,121071,300999,2.4861400000000002,1005,775,1000
350000,129898,350999,2.70211,1005,1507,1000
400000,137516,400999,2.91602,1284,2213,1000
450000,144716,450998,3.11643,1395,3035,1000
500000,150994,500998,3.318,1589,4087,1000
550000,156714,550997,3.51594,1708,5324,1000
600000,161854,600996,3.7132,1854,6726,1000
650000,166549,650996,3.9087400000000003,1901,8394,1000
700000,171077,700994,4.09754,2174,10273,1000
750000,175142,750994,4.28791,2328,12477,1000
800000,178923,800993,4.47675,2502,15250,1000
850000,182439,850993,4.66453,2649,18226,1000
900000,185777,900992,4.84986,2793,22577,1000
950000,189013,950987,5.0313300000000005,2977,27424,999
1000000,192086,1000987,5.21114,2993,31672,1000
1050000,194926,1050987,5.391719999999999,3278,36383,1000
1100000,197542,1100986,5.57343,3342,43361,1000
1150000,200171,1150985,5.75001,3509,49001,1000
1200000,202658,1200985,5.92617,3637,55309,1000
1250000,204916,1250984,6.1048599999999995,3942,62231,1000
1300000,207134,1300983,6.280880000000001,4057,69359,1000
1350000,209292,1350982,6.45501,4268,78630,1000
1400000,211361,1400980,6.62838,4405,87756,1000
1450000,213292,1450980,6.802789999999999,4543,97560,1000
1500000,215121,1500979,6.97737,4650,107444,1000
1550000,216870,1550978,7.15165,4868,117867,1000
1600000,218551,1600977,7.325419999999999,4868,128718,1000
1650000,220206,1650974,7.49741,5158,140493,1000
1700000,221798,1700973,7.66902,5330,152927,1000
1750000,223284,1750971,7.8419,5436,165950,1000
1800000,224754,1800971,8.01308,6198,179311,1000
1850000,226129,1850971,8.18546,6198,194228,1000
1900000,227433,1900971,8.35838,6198,209385,1000
1950000,228721,1950968,8.5299,6198,225673,1000
2000000,230038,2000966,8.69842,6226,242719,1000
2050000,231234,2050964,8.86965,6262,261409,1000
2100000,232388,2100963,9.04076,6572,280048,1000
2150000,233522,2150962,9.21096,6676,299703,1000
2200000,234607,2200960,9.38148,6921,320565,1000
2250000,235674,2250960,9.551160000000001,6938,341531,1000
2300000,236623,2300959,9.724160000000001,7155,364687,1000
2350000,237652,2350958,9.892439999999999,7398,388309,1000
2400000,238623,2400956,10.0617,7438,411917,1000
2450000,239531,2450954,10.2323,7672,438029,1000
2500000,240382,2500952,10.4041,8614,463421,999
2550000,241204,2550948,10.5759,8614,491571,1000
2600000,241996,2600948,10.7479,8614,520298,1000
2650000,242835,2650947,10.9167,9192,551424,1000
2700000,243641,2700947,11.0858,9192,581530,1000
2750000,244417,2750944,11.2551,9192,614632,999
2800000,245111,2800940,11.4272,9192,647450,1000
2850000,245807,2850938,11.5983,9192,682795,1000
2900000,246489,2900937,11.769,9192,717918,1000
2950000,247156,2950936,11.9396,10291,754512,1000
3000000,247825,3000935,12.1091,10400,793595,1000
3050000,248407,3050933,12.282,10400,834449,1000
3100000,248987,3100931,12.4542,10759,876612,1000
3150000,249663,3150930,12.6207,10759,918645,1000
3200000,250239,3200928,12.7915,10759,962335,1000
3250000,250819,3250925,12.9612,10759,1009651,1000
3300000,251405,3300921,13.1299,10759,1055243,1000
3350000,251956,3350919,13.2996,10759,1102203,1000
3400000,252499,3400917,13.469000000000001,10759,1160587,1000
3450000,253037,3450915,13.638,10865,1214180,1000
3500000,253525,3500915,13.809000000000001,10902,1266597,1000
3550000,254011,3550911,13.9794,11162,1321084,1000
3600000,254450,3600909,14.1517,12386,1374240,1000
3650000,254904,3650907,14.3227,12386,1428448,1000
3700000,255369,3700904,14.4924,12386,1486965,1000
3750000,255832,3750902,14.6616,12386,1546618,1000
3800000,256264,3800899,14.832,12386,1608773,1000
3850000,256686,3850895,15.0024,13512,1672713,999
3900000,257096,3900892,15.1729,13512,1739199,1000
3950000,257462,3950889,15.3455,13512,1813966,1000
4000000,257842,4000886,15.5168,13512,1885316,1000
4050000,258227,4050885,15.6873,13512,1954922,999
4100000,258592,4100881,15.8585,13512,2026054,1000
4150000,258896,4150879,16.033,13512,2101165,1000
4200000,259279,4200869,16.2021,14523,2177957,1000
4250000,259629,4250865,16.3728,14523,2256230,1000
4300000,259967,4300862,16.5439,14523,2334339,1000
4350000,260310,4350860,16.7141,14523,2415712,1000
4400000,260636,4400857,16.8851,14523,2497202,1000
4450000,260952,4450851,17.0562,14523,2587422,1000
4500000,261251,4500847,17.2281,14523,2675324,1000
4550000,261561,4550843,17.3988,14523,2762939,1000
4600000,261866,4600839,17.5694,14523,2855135,1000
4650000,262178,4650837,17.7392,14779,2947791,1000
4700000,262433,4700834,17.9125,14858,3039414,1000
4750000,262708,4750829,18.0841,14858,3135511,1000
4800000,262982,4800826,18.2553,16893,3239663,999
4850000,263262,4850823,18.4258,16893,3344042,1000
4900000,263530,4900819,18.5968,16893,3445167,1000
4950000,263769,4950815,18.7695,16893,3551947,1000
5000000,264046,5000812,18.9392,16893,3659560,1000
5050000,264296,5050807,19.1104,16893,3769236,1000
5100000,264541,5100800,19.2817,16893,3875868,1000
5150000,264773,5150798,19.4536,17751,3989652,1000
5200000,265010,5200797,19.6249,17751,4101822,1000
5250000,265229,5250796,19.7972,17751,4214782,1000
5300000,265461,5300792,19.9683,17751,4335913,1000
5350000,265671,5350792,20.1407,17751,4456477,1000
5400000,265887,5400786,20.3123,17751,4590365,1000
5450000,266112,5450781,20.483,17751,4721298,1000
5500000,266311,5500779,20.6555,17751,4850130,1000
5550000,266507,5550776,20.8279,19183,4980988,1000
5600000,266701,5600772,21.0002,19183,5114421,1000
5650000,266887,5650770,21.1729,19928,5252087,1000
5700000,267064,5700766,21.3461,20007,5396720,1000
5750000,267261,5750764,21.5174,20007,5542737,1000
5800000,267444,5800758,21.6896,20007,5680941,1000
5850000,267621,5850755,21.8621,20007,5823086,1000
5900000,267812,5900749,22.0332,20007,5970079,1000
5950000,267974,5950744,22.2064,20007,6125580,1000
6000000,268157,6000739,22.3777,20007,6273466,1000
6050000,268311,6050732,22.5512,20899,6431439,1000
6100000,268474,6100726,22.7237,20899,6595603,1000
6150000,268633,6150722,22.8964,20899,6760878,1000
6200000,268801,6200718,23.0681,20899,6926162,1000
6250000,268971,6250714,23.2394,20899,7098761,1000
6300000,269120,6300709,23.4123,20899,7270219,1000
6350000,269271,6350706,23.5848,21930,7445640,1000
6400000,269404,6400701,23.7587,21930,7616034,1000
6450000,269558,6450696,23.9306,21930,7793799,1000
6500000,269725,6500695,24.1012,21930,7975703,1000
6550000,269876,6550689,24.273000000000003,21930,8154095,1000
6600000,269998,6600681,24.4471,21930,8340707,1000
6650000,270121,6650676,24.6211,21930,8533495,1000
6700000,270277,6700673,24.7919,21930,8730310,1000
6750000,270399,6750666,24.9656,21930,8922718,1000
6800000,270529,6800661,25.1384,21930,9113318,1000
6850000,270660,6850659,25.3109,21930,9314954,1000
6900000,270778,6900655,25.4845,21930,9522157,1000
6950000,270886,6950648,25.6589,24551,9737097,999
7000000,271010,7000646,25.8317,24551,9937716,1000
7050000,271144,7050641,26.0033,24551,10141994,1000
7100000,271284,7100636,26.1742,24551,10352268,1000
7150000,271423,7150633,26.345,24551,10561934,1000
7200000,271526,7200628,26.5191,24551,10780946,1000
7250000,271634,7250620,26.6926,24551,10998629,1000
7300000,271747,7300614,26.8655,24551,11220147,1000
7350000,271841,7350610,27.0401,24551,11449714,1000
7400000,271944,7400603,27.2137,24551,11678498,999
7450000,272036,7450598,27.3883,25737,11942699,1000
7500000,272154,7500591,27.5601,25737,12181051,1000
7550000,272263,7550584,27.7327,25737,12423836,1000
7600000,272379,7600576,27.9044,25737,12661956,1000
7650000,272478,7650571,28.0778,25737,12905403,1000
7700000,272572,7700567,28.2515,27241,13156190,1000
7750000,272678,7750560,28.4239,27241,13418560,1000
7800000,272779,7800551,28.5966,27241,13677065,1000
7850000,272858,7850543,28.7715,27241,13936137,1000
7900000,272939,7900540,28.9462,27241,14206221,1000
7950000,273035,7950531,29.1191,27241,14471128,1000
8000000,273127,8000526,29.2923,27241,14741713,1000
8050000,273229,8050516,29.4644,28400,15023893,998
8100000,273317,8100513,29.6378,28400,15304813,1000
8150000,273413,8150506,29.8102,28400,15582830,1000
8200000,273499,8200503,29.9837,28400,15865188,1000
8250000,273579,8250497,30.1576,28400,16169691,1000
8300000,273652,8300489,30.3323,28635,16467665,1000
8350000,273724,8350483,30.5069,28635,16773297,1000
8400000,273803,8400474,30.6807,28635,17080975,1000
8450000,273892,8450471,30.8533,28635,17387419,1000
8500000,273964,8500467,31.0277,28635,17690756,1000
8550000,274059,8550462,31.1993,28635,17998783,1000
8600000,274144,8600456,31.372,28635,18309403,1000
8650000,274225,8650450,31.5451,28635,18616345,1000
8700000,274309,8700443,31.7177,28635,18952122,1000
8750000,274385,8750435,31.8911,30196,19267275,1000
8800000,274449,8800427,32.0658,30196,19589208,1000
8850000,274534,8850421,32.238,30196,19922098,999
8900000,274610,8900417,32.4111,30196,20251116,1000
8950000,274674,8950407,32.5856,30196,20580046,1000
9000000,274749,9000400,32.7586,30196,20925142,1000
9050000,274852,9050388,32.9282,30196,21285899,1000
9100000,274921,9100381,33.1018,30196,21637703,999
9150000,274990,9150374,33.2753,32309,21999410,1000
9200000,275070,9200370,33.4474,32309,22369931,1000
9250000,275143,9250366,33.6202,32309,22724077,1000
9300000,275196,9300358,33.7954,32309,23092077,1000
9350000,275248,9350353,33.9706,32309,23469319,1000
9400000,275316,9400344,34.1438,32309,23867183,1000
9450000,275375,9450341,34.3181,32309,24240578,1000
9500000,275456,9500333,34.4895,32309,24628496,1000
9550000,275521,9550327,34.6628,32309,25028483,1000
9600000,275594,9600320,34.835,32309,25423783,1000
9650000,275656,9650308,35.0085,32309,25807934,999
9700000,275728,9700302,35.1807,32309,26203590,999
9750000,275779,9750289,35.3554,32309,26616653,1000
9800000,275839,9800284,35.529,32309,27047784,999
9850000,275889,9850278,35.7038,32309,27448380,1000
9900000,275947,9900272,35.8774,32309,27879753,999
9950000,276005,9950266,36.051,35270,28318490,1000
10000000,276072,10000259,36.2234,35270,28745787,1000
10050000,276125,10050251,36.3975,35270,29177575,999
10100000,276173,10100244,36.5722,35270,29617508,1000
10150000,276222,10150238,36.7467,35270,30055634,1000
10200000,276281,10200234,36.9198,35270,30493972,999
10250000,276346,10250225,37.092,35584,30924071,1000
10300000,276392,10300221,37.2667,36499,31379572,1000
10350000,276443,10350211,37.4407,36499,31851298,1000
10400000,276483,10400205,37.6161,36736,32338526,1000
10450000,276517,10450196,37.7922,36736,32793340,1000
10500000,276570,10500189,37.9658,36736,33271959,1000
10550000,276623,10550179,38.1392,36736,33730610,1000
10600000,276678,10600172,38.3123,36736,34205855,1000
10650000,276740,10650160,38.4844,36736,34709202,1000
10700000,276781,10700149,38.6593,36736,35206577,1000
10750000,276822,10750143,38.8341,36736,35702568,1000
10800000,276873,10800135,39.0075,36736,36193005,1000
10850000,276908,10850128,39.1832,36736,36697385,1000
10900000,276961,10900121,39.3562,36736,37199993,1000
10950000,277009,10950113,39.5298,37974,37698994,999
11000000,277064,11000101,39.7024,37974,38206128,1000
11050000,277099,11050095,39.8778,37974,38706855,1000
11100000,277142,11100086,40.052,37974,39231285,1000
11150000,277192,11150077,40.2251,38543,39767717,1000
11200000,277239,11200070,40.3986,38543,40292132,1000
11250000,277278,11250066,40.5732,38543,40836884,1000
11300000,277323,11300060,40.7469,38543,41398730,1000
11350000,277363,11350049,40.9213,38543,41933178,1000
11400000,277399,11400040,41.0962,39431,42530554,1000
11450000,277451,11450030,41.2687,39558,43081069,1000
11500000,277489,11500027,41.4432,39558,43636767,1000
11550000,277535,11550016,41.6164,39558,44219204,999
11600000,277571,11600006,41.7911,39558,44788154,1000
11650000,277619,11649993,41.964,39558,45371410,1000
11700000,277659,11699989,42.138000000000005,39558,45942378,1000
11750000,277700,11749982,42.3118,39558,46548685,1000
11800000,277741,11799973,42.4855,39558,47134106,999
11850000,277778,11849965,42.6598,39558,47728823,999
11900000,277815,11899956,42.8341,41318,48310306,1000
11950000,277850,11949950,43.0086,41318,48888644,999
12000000,277898,11999941,43.1811,41318,49497900,1000
12050000,277931,12049935,43.3559,41318,50131022,1000
12100000,277985,12099927,43.5273,41318,50749570,1000
12150000,278015,12149914,43.7024,42209,51392050,1000
12200000,278041,12199906,43.8781,42209,52025970,1000
12250000,278068,12249890,44.0536,42209,52667865,1000
12300000,278109,12299880,44.2268,42209,53291062,1000
12350000,278130,12349873,44.4032,42209,53936432,1000
12400000,278162,12399857,44.5778,43098,54597153,999
12450000,278197,12449847,44.7519,43098,55240136,1000
12500000,278234,12499835,44.9256,43098,55913726,1000
12550000,278265,12549830,45.1003,43631,56587866,1000
12600000,278303,12599823,45.2738,43631,57281678,1000
12650000,278333,12649809,45.4485,43631,57942070,1000
12700000,278367,12699799,45.6225,44142,58596860,1000
12750000,278396,12749791,45.7973,44236,59296413,999
12800000,278434,12799784,45.9706,44236,59982010,1000
12850000,278464,12849774,46.1452,44236,60667773,1000
12900000,278500,12899759,46.3187,44236,61355027,1000
12950000,278529,12949750,46.4934,44236,62066088,998
13000000,278566,12999740,46.6666,44236,62798703,1000
13050000,278610,13049730,46.8387,44236,63541081,1000
13100000,278652,13099723,47.011,44236,64249907,1000
13150000,278695,13149713,47.1832,44236,64979731,1000
13200000,278729,13199707,47.3568,46604,65720092,1000
13250000,278767,13249697,47.5296,46604,66458218,1000
13300000,278800,13299686,47.7033,46604,67247908,1000
13350000,278827,13349668,47.878,46604,68011569,1000
13400000,278871,13399659,48.0497,46604,68764347,999
13450000,278904,13449652,48.2232,47420,69534568,1000
13500000,278936,13499639,48.3969,47420,70313602,1000
13550000,278960,13549628,48.5719,47420,71091343,1000
13600000,278998,13599618,48.7445,47420,71929489,1000
13650000,279028,13649611,48.9184,47548,72693861,1000
13700000,279057,13699604,49.0925,47548,73474646,1000
13750000,279082,13749592,49.2672,47548,74271964,1000
13800000,279112,13799581,49.441,47548,75081174,1000
13850000,279130,13849572,49.6169,48219,75894670,1000
13900000,279152,13899554,49.7921,48481,76714205,1000
13950000,279183,13949547,49.9656,48611,77519923,1000
14000000,279208,13999539,50.1402,48611,78374081,1000
14050000,279234,14049529,50.3145,48611,79192723,1000
14100000,279265,14099521,50.488,48611,80023079,1000
14150000,279292,14149504,50.662,48611,80859733,1000
14200000,279326,14199493,50.8348,48611,81749182,1000
14250000,279353,14249483,51.0089,48611,82613189,999
14300000,279380,14299474,51.1829,48611,83475654,1000
14350000,279405,14349459,51.3572,48611,84363845,999
14400000,279432,14399443,51.5311,48611,85246969,998
14450000,279457,14449432,51.7054,48611,86130136,1000
14500000,279476,14499421,51.8807,48611,87077554,1000
14550000,279500,14549410,52.0551,51480,88022722,1000
14600000,279522,14599398,52.2299,51480,88903443,1000
14650000,279545,14649385,52.4044,51480,89835136,998
14700000,279576,14699379,52.5774,51480,90735755,1000
14750000,279593,14749368,52.753,51480,91696955,1000
14800000,279623,14799353,52.9261,51480,92633939,1000
14850000,279642,14849341,53.1013,51480,93593965,1000
14900000,279664,14899330,53.2758,51480,94505320,1000
14950000,279695,14949317,53.4486,51480,95458260,1000
15000000,279718,14999289,53.6229,51480,96428989,1000
15050000,279746,15049279,53.7962,51480,97401705,1000
15100000,279777,15099271,53.968999999999994,51480,98348868,1000
15150000,279797,15149259,54.1438,51480,99330951,1000
15200000,279813,15199246,54.3193,51480,100250109,999
15250000,279837,15249232,54.4933,51480,101249251,1000
15300000,279863,15299223,54.6668,51480,102224194,1000
15350000,279882,15349213,54.8417,51480,103214596,1000
15400000,279901,15399202,55.0166,51480,104205466,1000
15450000,279917,15449190,55.192,51480,105223375,1000
15500000,279938,15499182,55.3665,51480,106238465,1000
15550000,279957,15549170,55.5413,51480,107301922,998
15600000,279974,15599158,55.7165,51480,108326209,1000
15650000,279986,15649146,55.8926,51480,109376130,1000
15700000,280020,15699133,56.0643,55628,110428541,1000
15750000,280048,15749119,56.2372,55628,111451183,1000
15800000,280067,15799108,56.4119,55628,112527262,1000
15850000,280093,15849094,56.5851,55628,113575564,1000
15900000,280109,15899082,56.7603,55628,114630834,1000
15950000,280138,15949070,56.9329,55628,115698030,999
16000000,280150,15999062,57.1089,55628,116832892,1000
16050000,280171,16049049,57.283,55628,117907051,999
16100000,280192,16099036,57.4572,55628,119003164,1000
16150000,280215,16149022,57.6308,55628,120109652,998
16200000,280233,16199007,57.8055,55628,121224677,1000
16250000,280248,16248999,57.9808,55628,122329008,1000
16300000,280275,16298988,58.1536,55628,123440250,1000
16350000,280303,16348979,58.3261,55628,124559067,1000
16400000,280326,16398967,58.4996,55628,125638442,1000
16450000,280345,16448956,58.674,55628,126810788,1000
16500000,280364,16498945,58.8483,55628,127933484,1000
16550000,280385,16548933,59.0222,55628,129101452,999
16600000,280406,16598919,59.196000000000005,55628,130226670,1000
16650000,280418,16648903,59.3717,55628,131405266,999
16700000,280446,16698887,59.544,55628,132588216,1000
16750000,280467,16748878,59.7178,55628,133765889,1000
16800000,280481,16798867,59.8931,55628,134961312,1000
16850000,280494,16848854,60.0685,55628,136183557,1000
16900000,280520,16898836,60.2411,55628,137400770,1000
16950000,280539,16948821,60.4152,55628,138622667,1000
17000000,280558,16998807,60.5893,55628,139824825,1000
17050000,280578,17048796,60.7631,55628,141063522,1000
17100000,280590,17098789,60.9387,55628,142264807,1000
17150000,280607,17148771,61.1131,55628,143523925,1000
17200000,280624,17198757,61.2875,55628,144789109,1000
17250000,280640,17248742,61.4622,55628,146058347,1000
17300000,280652,17298726,61.6376,55628,147353991,1000
17350000,280673,17348708,61.8111,55628,148661434,999
17400000,280695,17398692,61.9843,60628,149970210,1000
17450000,280709,17448682,62.1593,60628,151248018,1000
17500000,280725,17498670,62.3338,61874,152543278,1000
17550000,280751,17548653,62.5061,61874,153834951,1000
17600000,280775,17598638,62.6788,61874,155152059,1000
17650000,280795,17648624,62.8523,61874,156444769,1000
17700000,280817,17698606,63.0254,61874,157782508,1000
17750000,280834,17748588,63.1996,61874,159119255,1000
17800000,280850,17798580,63.373999999999995,61874,160405690,1000
17850000,280869,17848563,63.5476,61874,161751581,1000
17900000,280886,17898551,63.7218,61874,163099850,1000
17950000,280894,17948542,63.8979,61874,164496172,1000
18000000,280910,17998531,64.0722,61874,165848646,1000
18050000,280929,18048513,64.2458,61874,167220713,1000
18100000,280944,18098500,64.4203,64062,168616064,1000
18150000,280960,18148482,64.5945,64062,170005432,1000
18200000,280980,18198473,64.7679,64062,171341865,1000
18250000,280992,18248459,64.943,64062,172771544,1000
18300000,281007,18298442,65.1174,64062,174200467,1000
18350000,281019,18348431,65.2925,64062,175614945,1000
18400000,281038,18398410,65.4659,64062,177050869,1000
18450000,281058,18448393,65.6391,64294,178448742,1000
18500000,281069,18498379,65.8144,64294,179879080,1000
18550000,281083,18548363,65.9889,64709,181335900,1000
18600000,281099,18598342,66.163,64709,182814792,1000
18650000,281119,18648330,66.3361,64709,184308035,1000
18700000,281138,18698316,66.5094,65162,185799976,999
18750000,281158,18748303,66.6824,65344,187275857,1000
18800000,281170,18798290,66.8574,65502,188784041,1000
18850000,281181,18848278,67.0325,65502,190248661,1000
18900000,281192,18898261,67.2077,65502,191811872,1000
18950000,281202,18948243,67.383,67036,193316469,999
19000000,281212,18998227,67.5584,67036,194878648,999
19050000,281224,19048209,67.7332,67036,196384281,999
19100000,281240,19098195,67.9071,67036,197855811,999
19150000,281268,19148185,68.0781,67036,199420286,1000
19200000,281280,19198174,68.2529,67036,200942199,1000
19250000,281293,19248163,68.4275,67036,202539229,1000
19300000,281308,19298149,68.6015,67036,204060892,1000
19350000,281329,19348133,68.774,67036,205637564,1000
19400000,281343,19398114,68.9483,67036,207198344,1000
19450000,281354,19448104,69.1233,67036,208792873,1000
19500000,281377,19498090,69.2953,68026,210337265,1000
19550000,281389,19548078,69.4699,68026,211930494,999
19600000,281407,19598061,69.6431,68026,213508268,1000
19650000,281428,19648043,69.8155,68026,215174913,1000
19700000,281449,19698027,69.9879,68026,216813060,1000
19750000,281463,19748007,70.16199999999999,68026,218372335,1000
19800000,281480,19797995,70.3354,68026,219957491,1000
19850000,281493,19847984,70.5097,68026,221606028,1000
19900000,281507,19897968,70.6837,68026,223278705,1000
19950000,281522,19947957,70.8575,68026,224980527,1000
20000000,281539,19997938,71.0308,68026,226709350,1000
20050000,281553,20047924,71.2048,68026,228380858,999
20100000,281565,20097910,71.3793,70077,230082655,1000
20150000,281584,20147895,71.55199999999999,70077,231838623,1000
20200000,281607,20197870,71.7236,70077,233539425,1000
20250000,281619,20247849,71.898,70077,235236164,1000
20300000,281630,20297832,72.0727,70077,236979741,1000
20350000,281642,20347811,72.2471,70077,238775431,1000
20400000,281656,20397784,72.4209,70077,240471831,1000
20450000,281672,20447775,72.5943,70077,242191045,1000
20500000,281684,20497762,72.7686,71472,243958819,1000
20550000,281698,20547741,72.9424,71674,245704205,999
20600000,281711,20597724,73.1165,71877,247453921,1000
20650000,281726,20647706,73.29,71877,249241145,1000
20700000,281738,20697694,73.4643,71877,251072195,1000
20750000,281746,20747668,73.6396,72404,252856017,1000
20800000,281762,20797652,73.8128,73651,254712923,999
20850000,281772,20847634,73.9876,73651,256503838,999
20900000,281788,20897622,74.1608,73651,258416119,999
20950000,281802,20947606,74.3345,73651,260245642,999
21000000,281813,20997582,74.5089,73651,262032427,1000
21050000,281823,21047568,74.6836,73651,263906818,1000
21100000,281837,21097550,74.8573,73651,265799488,1000
21150000,281846,21147537,75.0322,73651,267691905,1000
21200000,281857,21197520,75.2066,73651,269607132,1000
21250000,281873,21247503,75.3797,73651,271469705,1000
21300000,281884,21297484,75.5541,74378,273385464,1000
21350000,281900,21347471,75.7271,74378,275267785,1000
21400000,281910,21397459,75.9017,74378,277167808,1000
21450000,281925,21447440,76.075,74378,279110229,1000
21500000,281935,21497421,76.2496,74378,281067004,1000
21550000,281945,21547397,76.4241,74378,282982404,999
21600000,281959,21597384,76.5976,74378,284941198,1000
21650000,281972,21647364,76.7713,74378,286904831,1000
21700000,281987,21697341,76.9445,74378,288967175,999
21750000,282001,21747325,77.1179,74378,290966478,1000
21800000,282011,21797307,77.2924,74378,292942702,1000
21850000,282029,21847296,77.4647,74378,294940841,1000
21900000,282040,21897284,77.6389,74378,296977239,1000
21950000,282050,21947265,77.8134,74378,299042610,999
22000000,282067,21997241,77.9859,74378,300967324,1000
22050000,282077,22047225,78.1603,74378,303094239,1000
22100000,282086,22097205,78.335,74378,305160944,999
22150000,282099,22147182,78.5085,74378,307231541,998
22200000,282108,22197168,78.6832,74378,309310926,999
22250000,282118,22247153,78.8576,74378,311385063,999
22300000,282126,22297141,79.0326,74378,313502071,1000
22350000,282139,22347129,79.2061,74378,315578807,1000
22400000,282151,22397111,79.3799,74378,317663565,1000
22450000,282163,22447091,79.5536,74378,319835547,999
22500000,282172,22497081,79.7283,74378,321917610,1000
22550000,282182,22547070,79.9026,74378,323975424,1000
22600000,282193,22597050,80.0766,78844,326120084,1000
22650000,282197,22647032,80.2526,78844,328287273,999
22700000,282209,22697013,80.4263,78844,330471089,999
22750000,282217,22746998,80.6011,78844,332680923,1000
22800000,282231,22796984,80.7742,78844,334820822,999
22850000,282242,22846968,80.9482,78844,337051535,999
22900000,282255,22896945,81.1215,78844,339287640,1000
22950000,282269,22946928,81.2945,78844,341487299,1000
23000000,282276,22996909,81.4696,78844,343658749,1000
23050000,282292,23046889,81.642,78844,345838338,1000
23100000,282309,23096870,81.8141,78844,348050095,1000
23150000,282319,23146852,81.9883,78844,350305832,1000
23200000,282325,23196830,82.1636,78844,352474816,1000
23250000,282332,23246809,82.3386,78844,354731868,1000
23300000,282340,23296792,82.5133,82334,356999838,1000
23350000,282353,23346776,82.6865,82334,359310098,999
23400000,282359,23396757,82.8617,82334,361534792,1000
23450000,282372,23446741,83.0349,82334,363793234,999
23500000,282380,23496723,83.2096,82334,366166807,1000
23550000,282395,23546699,83.3821,82334,368419440,1000
23600000,282404,23596681,83.5565,82334,370642571,1000
23650000,282421,23646669,83.7284,82334,373013738,1000
23700000,282428,23696655,83.9033,82334,375344335,1000
23750000,282437,23746633,84.0776,83022,377793126,999
23800000,282451,23796621,84.2504,83022,380229455,1000
23850000,282462,23846606,84.4241,83022,382585011,1000
23900000,282472,23896588,84.5981,83022,385030640,1000
23950000,282482,23946563,84.772,83022,387332969,1000
24000000,282500,23996544,84.9435,83022,389716435,1000
24050000,282510,24046528,85.1174,83022,392036617,1000
24100000,282524,24096509,85.2901,83022,394495613,1000
24150000,282533,24146487,85.4643,83022,396963894,1000
24200000,282543,24196469,85.6382,84439,399421937,998
24250000,282550,24246450,85.81299999999999,84439,401814265,999
24300000,282561,24296422,85.9865,84439,404215464,1000
24350000,282570,24346409,86.1606,84439,406759062,1000
24400000,282580,24396387,86.3344,84439,409200328,1000
24450000,282589,24446365,86.5086,84439,411721756,1000
24500000,282596,24496344,86.6833,84439,414244214,1000
24550000,282610,24546326,86.8558,86843,416746817,1000
24600000,282618,24596311,87.0302,86843,419246238,1000
24650000,282633,24646292,87.2025,86843,421701209,1000
24700000,282644,24696273,87.3759,86843,424229251,1000
24750000,282656,24746260,87.54899999999999,86843,426765008,999
24800000,282669,24796241,87.7218,86843,429336438,1000
24850000,282677,24846223,87.8962,86843,431936831,1000
24900000,282685,24896204,88.0705,86843,434476415,1000
24950000,282694,24946188,88.2445,86843,437064922,1000
25000000,282704,24996170,88.4182,86843,439671441,1000
25050000,282710,25046149,88.5931,86843,442285047,999
25100000,282721,25096127,88.7664,86843,444883603,999
25150000,282734,25146099,88.9391,86843,447492057,1000
25200000,282742,25196079,89.1133,88056,450131805,1000
25250000,282747,25246059,89.2885,88056,452825504,1000
25300000,282753,25296033,89.4634,88056,455419705,1000
25350000,282762,25346011,89.6373,88056,458133613,1000
25400000,282773,25395993,89.8105,88056,460882689,1000
25450000,282781,25445970,89.9847,89965,463572254,999
25500000,282795,25495954,90.15700000000001,89965,466368026,1000
25550000,282803,25545936,90.3312,89965,469129234,1000
25600000,282810,25595915,90.5057,89965,471858800,1000
25650000,282817,25645895,90.6802,89965,474552758,1000
25700000,282830,25695877,90.8527,89965,477303780,1000
25750000,282833,25745850,91.0285,89965,480045759,999
25800000,282843,25795831,91.2019,89965,482906237,1000
25850000,282850,25845815,91.3764,89965,485668712,999
25900000,282855,25895797,91.5515,89965,488492986,999
25950000,282865,25945778,91.725,90649,491358597,1000
26000000,282881,25995767,91.8965,90649,494155939,1000
26050000,282897,26045749,92.068,90649,496978026,999
26100000,282903,26095734,92.2427,90649,499785844,1000
26150000,282911,26145716,92.4168,90649,502606840,999
26200000,282919,26195694,92.5908,90649,505514684,1000
26250000,282929,26245673,92.7642,91641,508416120,1000
26300000,282935,26295658,92.9389,91960,511254811,999
26350000,282951,26345634,93.1102,91960,514187016,1000
26400000,282962,26395608,93.2832,91960,517179778,999
26450000,282973,26445584,93.4562,91960,520088744,1000
26500000,282989,26495561,93.6275,91960,522959863,1000
26550000,283003,26545545,93.7995,91960,525891459,1000
26600000,283016,26595522,93.9718,91960,528778389,999
26650000,283021,26645506,94.1467,91960,531827159,1000
26700000,283029,26695487,94.3207,91960,534684946,1000
26750000,283040,26745466,94.4936,91960,537596790,999
26800000,283046,26795443,94.6682,91960,540561119,999
26850000,283057,26845434,94.8411,91960,543482428,1000
26900000,283068,26895418,95.014,94016,546531838,1000
26950000,283079,26945398,95.1868,94016,549478294,999
27000000,283089,26995374,95.36,94364,552643615,999
27050000,283096,27045346,95.5342,94364,555692956,999
27100000,283100,27095329,95.7094,94364,558824275,999
27150000,283111,27145315,95.8822,94364,561823842,1000
27200000,283122,27195299,96.0551,94364,564857634,1000
27250000,283124,27245283,96.2309,94364,567928469,1000
27300000,283139,27295267,96.4024,96411,570957611,1000
27350000,283152,27345247,96.5744,96411,574014749,1000
27400000,283163,27395226,96.7472,96411,577217401,1000
27450000,283177,27445205,96.9189,96411,580269207,1000
27500000,283186,27495190,97.0923,96411,583463423,1000
27550000,283196,27545172,97.2654,96411,586587172,1000
27600000,283204,27595149,97.4391,96411,589635241,999
27650000,283209,27645137,97.6139,96690,592828620,998
27700000,283216,27695120,97.788,96690,596022459,1000
27750000,283227,27745098,97.9606,96690,599303983,1000
