timestep,num_nodes,num_edges,average_degree,max_degree,num_triangles,new_edges
0,1771,1000,0.564653,3,0,1000
50000,43392,51000,1.17533,106,6,1000
100000,67493,101000,1.49645,244,35,1000
150000,85310,151000,1.7700200000000001,432,143,1000
200000,99469,201000,2.02073,564,276,1000
250000,111152,251000,2.2581700000000002,742,505,1000
300000,121079,301000,2.48598,897,876,1000
350000,129784,351000,2.7044900000000003,975,1411,1000
400000,137425,401000,2.91796,1213,2038,1000
450000,144215,451000,3.12728,1396,2796,1000
500000,150622,500999,3.3262,1538,3765,1000
550000,156358,550999,3.5239599999999998,1688,4991,1000
600000,161610,600999,3.7188199999999996,1873,6360,1000
650000,166289,650999,3.9148699999999996,2079,8020,1000
700000,170699,700998,4.10663,2137,9967,1000
750000,174901,750998,4.29385,2392,12177,1000
800000,178780,800998,4.48036,2464,14796,1000
850000,182403,850998,4.6654800000000005,2629,17745,1000
900000,185731,900997,4.85109,2629,20966,1000
950000,188910,950997,5.03413,3075,24604,1000
1000000,191943,1000996,5.21507,3075,28583,1000
1050000,194799,1050996,5.3952800000000005,3301,32984,1000
1100000,197492,1100995,5.57488,3526,38212,1000
1150000,200107,1150995,5.7519,3653,43574,1000
1200000,202497,1200992,5.93091,4192,49393,1000
1250000,204798,1250992,6.10842,4282,55978,1000
1300000,207043,1300991,6.28368,4282,62864,1000
1350000,209193,1350989,6.4581,4696,70447,1000
1400000,211181,1400989,6.6340699999999995,4696,79029,1000
1450000,212998,1450988,6.81221,4696,87896,1000
1500000,214790,1500986,6.988160000000001,4696,97651,1000
1550000,216592,1550985,7.1608600000000004,4853,107643,1000
1600000,218279,1600983,7.334569999999999,5401,123692,1000
1650000,219863,1650981,7.5091399999999995,5401,135414,1000
1700000,221405,1700979,7.68266,5401,147336,1000
1750000,222946,1750976,7.85381,6020,161409,1000
1800000,224450,1800975,8.02395,6020,176298,1000
1850000,225785,1850974,8.19795,6020,196470,1000
1900000,227119,1900973,8.36994,6053,213220,1000
1950000,228428,1950970,8.54085,6202,229885,1000
2000000,229681,2000969,8.71195,6267,248701,1000
2050000,230882,2050968,8.883189999999999,6535,266632,1000
2100000,232044,2100967,9.05418,6535,286325,1000
2150000,233201,2150963,9.22364,6741,305731,1000
2200000,234276,2200962,9.394739999999999,6998,326461,1000
2250000,235304,2250961,9.566180000000001,7101,348510,1000
2300000,236279,2300960,9.73832,7335,370883,1000
2350000,237296,2350959,9.90728,7495,394752,999
2400000,238254,2400956,10.0773,7653,420526,1000
2450000,239171,2450955,10.2477,7777,446840,1000
2500000,240064,2500955,10.4179,7777,473498,1000
2550000,240933,2550952,10.5878,8033,501049,1000
2600000,241755,2600947,10.7586,8853,531636,999
2650000,242551,2650944,10.9294,9059,561199,1000
2700000,243317,2700943,11.1005,9059,592247,1000
2750000,244118,2750939,11.2689,9059,627226,1000
2800000,244830,2800937,11.4403,9059,660822,1000
2850000,245629,2850935,11.6067,9059,696148,1000
2900000,246334,2900935,11.7764,9991,731863,1000
2950000,247008,2950934,11.9467,9991,768578,1000
3000000,247689,3000932,12.1157,9991,807421,1000
3050000,248345,3050931,12.2851,10646,848359,1000
3100000,248942,3100926,12.4564,10646,891079,1000
3150000,249566,3150925,12.6256,10646,931888,1000
3200000,250220,3200923,12.7924,10646,975228,999
3250000,250800,3250921,12.9622,10646,1024573,1000
3300000,251396,3300919,13.1304,10646,1073186,1000
3350000,251944,3350917,13.3002,10646,1121222,1000
3400000,252475,3400916,13.4703,10817,1171365,1000
3450000,253005,3450916,13.6397,11973,1222533,1000
3500000,253526,3500913,13.8089,11973,1274321,1000
3550000,254028,3550911,13.9784,11973,1329468,1000
3600000,254528,3600907,14.1474,11973,1385604,1000
3650000,255004,3650903,14.317,11973,1443502,1000
3700000,255431,3700900,14.4888,11973,1499519,1000
3750000,255858,3750898,14.6601,11973,1560593,1000
3800000,256283,3800898,14.8309,12122,1622866,1000
3850000,256697,3850892,15.0017,12271,1688403,1000
3900000,257113,3900890,15.1719,12271,1753786,1000
3950000,257511,3950888,15.3426,12453,1818634,1000
4000000,257902,4000887,15.5132,12590,1889723,1000
4050000,258267,4050884,15.6849,14018,1959565,1000
4100000,258664,4100882,15.8541,14320,2035104,1000
4150000,259028,4150880,16.0248,14320,2110083,1000
4200000,259359,4200880,16.1972,14320,2184897,1000
4250000,259695,4250878,16.3687,14320,2262834,1000
4300000,260052,4300869,16.5385,14953,2341381,1000
4350000,260410,4350861,16.7077,14953,2421827,1000
4400000,260736,4400860,16.8786,14953,2503118,999
4450000,261043,4450857,17.0503,14953,2584475,1000
4500000,261375,4500852,17.2199,14953,2669006,1000
4550000,261625,4550849,17.3945,14953,2757820,1000
4600000,261904,4600845,17.5669,14953,2848170,1000
4650000,262219,4650843,17.7365,14953,2938355,1000
4700000,262514,4700839,17.907,14953,3035684,1000
4750000,262803,4750837,18.0776,16482,3131381,1000
4800000,263071,4800833,18.2492,16482,3229621,999
4850000,263336,4850829,18.4207,16881,3331524,1000
4900000,263591,4900828,18.5925,16881,3434850,1000
4950000,263846,4950825,18.7641,16881,3538247,1000
5000000,264106,5000816,18.9349,17532,3647332,1000
5050000,264357,5050811,19.105999999999998,17532,3755933,999
5100000,264601,5100808,19.2774,17909,3864886,1000
5150000,264857,5150808,19.4475,17909,3976434,1000
5200000,265126,5200802,19.6163,17909,4091011,1000
5250000,265351,5250798,19.7881,17909,4207758,1000
5300000,265556,5300790,19.9611,17909,4331083,1000
5350000,265768,5350789,20.1333,17909,4449146,1000
5400000,265989,5400784,20.3045,17909,4573603,1000
5450000,266184,5450779,20.4775,17909,4695987,999
5500000,266413,5500776,20.6476,19066,4827527,1000
5550000,266609,5550773,20.8199,19066,4951582,1000
5600000,266824,5600767,20.9905,19066,5086194,1000
5650000,267006,5650763,21.1634,19066,5220179,1000
5700000,267203,5700759,21.3349,19066,5352364,1000
5750000,267373,5750754,21.5084,19066,5493520,1000
5800000,267564,5800754,21.6799,20157,5637488,1000
5850000,267758,5850750,21.8509,20157,5785648,1000
5900000,267929,5900746,22.0235,20157,5940008,1000
5950000,268122,5950741,22.1942,20157,6094114,1000
6000000,268307,6000738,22.3652,20157,6247163,1000
6050000,268474,6050733,22.5375,20157,6398188,1000
6100000,268617,6100731,22.7116,20157,6560480,1000
6150000,268786,6150725,22.8834,20157,6719299,1000
6200000,268959,6200718,23.0545,20157,6875538,1000
6250000,269105,6250715,23.2278,20157,7036687,1000
6300000,269271,6300707,23.3991,20157,7204430,1000
6350000,269417,6350701,23.572,20157,7378878,1000
6400000,269570,6400691,23.7441,20157,7555655,1000
6450000,269730,6450688,23.9154,20520,7737257,1000
6500000,269883,6500678,24.087,20520,7913560,1000
6550000,270019,6550670,24.26,22714,8099235,1000
6600000,270166,6600659,24.4319,22714,8290019,1000
6650000,270304,6650652,24.6043,23158,8474292,1000
6700000,270442,6700648,24.7767,23158,8663156,1000
6750000,270593,6750644,24.9476,23442,8857760,1000
6800000,270746,6800641,25.1182,23599,9055856,1000
6850000,270882,6850633,25.2901,23599,9255029,1000
6900000,271001,6900630,25.4635,23599,9456765,1000
6950000,271112,6950625,25.6375,23599,9656261,1000
7000000,271237,7000620,25.81,23599,9869658,999
7050000,271364,7050616,25.9821,23599,10083463,1000
7100000,271501,7100612,26.1532,23599,10297426,1000
7150000,271613,7150607,26.3265,24715,10521879,1000
7200000,271715,7200603,26.5006,24715,10739928,1000
7250000,271852,7250598,26.6711,25578,10966492,1000
7300000,271966,7300595,26.8438,25578,11207288,1000
7350000,272088,7350591,27.0155,25578,11441818,1000
7400000,272201,7400587,27.1879,25578,11678650,1000
7450000,272311,7450576,27.3605,25578,11916356,1000
7500000,272407,7500576,27.5344,25578,12153006,1000
7550000,272516,7550571,27.7069,25578,12398455,1000
7600000,272624,7600568,27.8793,25578,12651544,1000
7650000,272723,7650563,28.0525,26603,12896456,1000
7700000,272827,7700555,28.225,26603,13154635,1000
7750000,272922,7750545,28.3984,26603,13418942,999
7800000,273014,7800531,28.5719,26603,13668233,1000
7850000,273094,7850523,28.7466,27206,13937875,1000
7900000,273184,7900517,28.9201,27206,14207027,1000
7950000,273267,7950509,29.0943,27206,14487007,1000
8000000,273353,8000501,29.268,27206,14760485,1000
8050000,273442,8050488,29.4413,28380,15030919,1000
8100000,273538,8100478,29.6137,28380,15302880,999
8150000,273624,8150477,29.7871,28380,15575861,1000
8200000,273730,8200472,29.9583,28380,15853679,1000
8250000,273818,8250468,30.1312,28380,16143789,1000
8300000,273899,8300461,30.3048,28380,16442773,999
8350000,273968,8350456,30.4797,28380,16736917,1000
8400000,274052,8400447,30.6527,28380,17021130,1000
8450000,274113,8450439,30.8283,28380,17321274,999
8500000,274188,8500433,31.0022,28380,17613965,1000
8550000,274278,8550430,31.1743,29562,17914108,1000
8600000,274348,8600426,31.3486,29562,18217458,1000
8650000,274423,8650419,31.5222,29562,18540830,1000
8700000,274514,8700413,31.6939,29562,18865350,1000
8750000,274597,8750408,31.8664,29562,19192544,1000
8800000,274673,8800405,32.0396,30452,19533370,1000
8850000,274733,8850395,32.2145,30452,19856667,999
8900000,274805,8900388,32.388000000000005,30452,20194211,1000
8950000,274875,8950380,32.5616,30452,20534183,1000
9000000,274932,9000373,32.7367,30452,20871126,1000
9050000,275006,9050365,32.9097,30452,21218830,1000
9100000,275084,9100359,33.0821,32066,21563609,1000
9150000,275152,9150353,33.2556,32066,21913689,1000
9200000,275220,9200343,33.429,32066,22283386,1000
9250000,275275,9250334,33.604,32066,22647424,1000
9300000,275333,9300325,33.7785,32362,23012020,1000
9350000,275393,9350320,33.9526,32362,23391220,1000
9400000,275440,9400316,34.1284,32362,23784936,1000
9450000,275510,9450312,34.3012,32362,24169976,999
9500000,275560,9500301,34.4763,33091,24551425,1000
9550000,275625,9550287,34.6496,33705,24946487,1000
9600000,275674,9600277,34.8247,33705,25343666,999
9650000,275743,9650273,34.9973,33705,25753683,1000
9700000,275811,9700264,35.17,33705,26167077,999
9750000,275871,9750254,35.3435,33705,26559404,1000
9800000,275926,9800246,35.5177,33705,26984588,1000
9850000,275992,9850242,35.6903,33705,27392292,1000
9900000,276051,9900234,35.8638,33705,27804999,1000
9950000,276101,9950223,36.0383,33705,28247008,1000
10000000,276163,10000219,36.2113,33705,28681495,1000
10050000,276219,10050210,36.3849,33705,29091064,999
10100000,276270,10100201,36.5592,33705,29548248,1000
10150000,276339,10150198,36.731,33705,29978169,1000
10200000,276399,10200192,36.9039,33705,30430825,999
10250000,276449,10250180,37.078,35682,30872202,999
10300000,276499,10300169,37.2521,35682,31324144,999
10350000,276553,10350157,37.4256,35682,31773669,999
10400000,276604,10400148,37.5994,35682,32253741,1000
10450000,276653,10450139,37.7735,35682,32717125,1000
10500000,276709,10500129,37.9465,35682,33173747,1000
10550000,276756,10550117,38.1206,35682,33653403,1000
10600000,276809,10600102,38.2939,35682,34151065,999
10650000,276867,10650096,38.4665,37038,34632706,1000
10700000,276920,10700089,38.6396,37038,35129295,1000
10750000,276965,10750076,38.8138,37038,35612404,998
10800000,277015,10800067,38.9873,37038,36131037,1000
10850000,277068,10850058,39.1603,37038,36649598,1000
10900000,277119,10900045,39.3334,37038,37188019,1000
10950000,277161,10950039,39.5079,37038,37682783,1000
11000000,277206,11000032,39.6818,37038,38184963,1000
11050000,277244,11050024,39.8567,37038,38703039,1000
11100000,277287,11100016,40.0308,37038,39245111,1000
11150000,277350,11150009,40.2019,37038,39772911,1000
11200000,277377,11200006,40.3783,38960,40308736,1000
11250000,277414,11249994,40.5531,38960,40826929,1000
11300000,277457,11299987,40.727,38960,41354376,1000
11350000,277497,11349980,40.9013,38960,41900889,1000
11400000,277532,11399974,41.0763,38960,42452563,1000
11450000,277582,11449967,41.248999999999995,38960,42994275,1000
11500000,277619,11499960,41.4235,38960,43562999,1000
11550000,277660,11549954,41.5975,40150,44130908,1000
11600000,277716,11599943,41.7691,40150,44721511,1000
11650000,277751,11649935,41.9438,40150,45292974,1000
11700000,277802,11699928,42.1161,40150,45874344,1000
11750000,277849,11749918,42.2889,40150,46455822,1000
11800000,277888,11799912,42.4628,40150,47055824,1000
11850000,277931,11849900,42.6361,41057,47641483,999
11900000,277959,11899893,42.8117,41057,48246970,1000
11950000,277992,11949881,42.9864,41057,48852380,1000
12000000,278036,11999875,43.1594,41057,49443422,1000
12050000,278063,12049864,43.335,41057,50071655,1000
12100000,278096,12099850,43.5096,41057,50708377,1000
12150000,278144,12149842,43.6818,42047,51348330,1000
12200000,278176,12199831,43.8565,42191,51972649,1000
12250000,278207,12249822,44.0313,42191,52593687,1000
12300000,278240,12299815,44.2058,42626,53263138,1000
12350000,278275,12349809,44.3799,42626,53915033,1000
12400000,278317,12399799,44.5528,43836,54566799,1000
12450000,278347,12449791,44.7276,43836,55212988,999
12500000,278386,12499782,44.9009,43836,55890012,1000
12550000,278427,12549776,45.0738,43836,56594112,1000
12600000,278457,12599761,45.2485,43836,57254759,999
12650000,278500,12649748,45.42100000000001,43941,57929025,1000
12700000,278531,12699745,45.5954,43941,58619308,1000
12750000,278564,12749730,45.7695,43941,59291031,999
12800000,278595,12799721,45.9438,43941,59978655,1000
12850000,278613,12849709,46.1203,43941,60699637,1000
12900000,278640,12899700,46.2952,43941,61414012,1000
12950000,278671,12949692,46.4695,43941,62107332,1000
13000000,278694,12999682,46.645,43941,62806196,1000
13050000,278711,13049678,46.8215,43941,63511150,1000
13100000,278751,13099663,46.9941,43941,64270286,999
13150000,278785,13149659,47.1677,43941,64987894,1000
13200000,278818,13199648,47.3414,43941,65748571,1000
13250000,278848,13249636,47.5156,43941,66510036,1000
13300000,278874,13299630,47.6905,43941,67278345,1000
13350000,278899,13349614,47.8654,43941,68035033,1000
13400000,278924,13399602,48.0403,43941,68777865,1000
13450000,278953,13449592,48.2145,43941,69583785,999
13500000,278991,13499586,48.3872,43941,70338496,1000
13550000,279027,13549570,48.5601,43941,71140842,1000
13600000,279055,13599558,48.7343,43941,71929775,1000
13650000,279090,13649548,48.9073,43941,72696113,999
13700000,279126,13699536,49.0801,43941,73461959,1000
13750000,279149,13749524,49.2551,43941,74268515,999
13800000,279178,13799515,49.4291,43941,75034420,1000
13850000,279205,13849503,49.6033,44006,75859533,1000
13900000,279230,13899496,49.7779,44006,76681689,1000
13950000,279253,13949490,49.9529,44275,77511338,1000
14000000,279290,13999482,50.1253,44406,78331946,999
14050000,279323,14049472,50.2983,44567,79167808,1000
14100000,279347,14099459,50.4729,44793,79972859,1000
14150000,279372,14149447,50.6473,44969,80803812,1000
14200000,279400,14199436,50.8212,45141,81646537,1000
14250000,279426,14249422,50.9953,45141,82501954,1000
14300000,279444,14299414,51.1709,45414,83380036,1000
14350000,279473,14349398,51.3445,45580,84238377,1000
14400000,279490,14399392,51.5202,45580,85105754,1000
14450000,279520,14449383,51.6936,45580,85987498,1000
14500000,279546,14499374,51.8676,45989,86887804,1000
14550000,279574,14549365,52.0412,45989,87788390,1000
14600000,279596,14599353,52.2159,46393,88698112,1000
14650000,279618,14649347,52.3906,46393,89580813,1000
14700000,279650,14699338,52.5633,46666,90522862,999
14750000,279665,14749327,52.7393,46881,91453227,998
14800000,279688,14799317,52.9137,47032,92360435,1000
14850000,279707,14849312,53.0888,47254,93262235,1000
14900000,279736,14899304,53.262,47254,94223982,1000
14950000,279753,14949295,53.4375,51849,95211486,1000
15000000,279778,14999282,53.6114,51849,96142923,1000
15050000,279805,15049274,53.7849,51849,97103503,1000
15100000,279826,15099268,53.9595,51849,98067518,1000
15150000,279853,15149253,54.1329,51849,99039900,998
15200000,279880,15199237,54.3063,51849,100035955,1000
15250000,279905,15249223,54.48,51849,100982441,1000
15300000,279925,15299213,54.6547,51849,101971178,1000
15350000,279942,15349199,54.8299,53268,102965140,1000
15400000,279960,15399187,55.005,54260,103953622,1000
15450000,279977,15449181,55.1802,54260,105036030,1000
15500000,280000,15499173,55.3542,54260,106050765,1000
15550000,280016,15549157,55.5295,54260,107117791,1000
15600000,280033,15599150,55.7047,54260,108150768,1000
15650000,280053,15649143,55.8792,54407,109189755,1000
15700000,280076,15699131,56.0531,54407,110210542,1000
15750000,280105,15749115,56.2258,54407,111299618,1000
15800000,280132,15799098,56.3988,54974,112362471,1000
15850000,280155,15849088,56.5726,54974,113440912,1000
15900000,280170,15899078,56.748000000000005,54974,114481830,1000
15950000,280190,15949067,56.9223,54974,115564942,999
16000000,280214,15999062,57.0959,54974,116661299,1000
16050000,280234,16049046,57.2702,54974,117745684,998
16100000,280251,16099033,57.4451,54974,118873075,1000
16150000,280274,16149020,57.6187,54974,119986558,1000
16200000,280293,16199008,57.7931,54974,121102731,1000
16250000,280314,16248999,57.9671,54974,122199695,1000
16300000,280340,16298984,58.1401,54974,123308180,1000
16350000,280362,16348971,58.3138,54974,124421217,999
16400000,280379,16398957,58.4885,54974,125547929,1000
16450000,280394,16448946,58.6637,54974,126704783,1000
16500000,280416,16498930,58.8373,54974,127843775,1000
16550000,280437,16548914,59.0112,54974,128976341,999
16600000,280453,16598897,59.18600000000001,54974,130151262,1000
16650000,280466,16648879,59.3615,54974,131312693,1000
16700000,280490,16698868,59.5346,54974,132484637,1000
16750000,280502,16748860,59.7103,54974,133691868,999
16800000,280527,16798850,59.8832,54974,134843966,1000
16850000,280549,16848828,60.0566,54974,136046653,1000
16900000,280564,16898811,60.2316,58755,137240387,999
16950000,280588,16948797,60.4046,58755,138403743,999
17000000,280609,16998786,60.5782,58755,139615485,999
17050000,280630,17048773,60.7518,58755,140837336,999
17100000,280649,17098761,60.9258,58755,142038599,1000
17150000,280666,17148744,61.1002,59674,143253747,1000
17200000,280688,17198735,61.2735,59674,144506969,1000
17250000,280699,17248721,61.4492,60009,145792865,1000
17300000,280712,17298705,61.6244,60009,147073768,1000
17350000,280731,17348696,61.7983,60342,148303371,1000
17400000,280746,17398683,61.973,60342,149548982,1000
17450000,280767,17448668,62.1464,60342,150859748,1000
17500000,280775,17498654,62.3227,60342,152172891,1000
17550000,280792,17548644,62.497,60342,153503132,1000
17600000,280810,17598624,62.6709,60342,154799103,1000
17650000,280827,17648613,62.8451,62254,156155024,1000
17700000,280843,17698602,63.0196,62254,157469364,1000
17750000,280858,17748586,63.1942,62254,158835095,1000
17800000,280881,17798568,63.3669,62254,160191269,1000
17850000,280904,17848553,63.5397,62254,161530573,1000
17900000,280923,17898533,63.7133,62254,162887837,1000
17950000,280938,17948527,63.8879,62254,164266914,999
18000000,280950,17998513,64.063,62254,165651365,999
18050000,280971,18048502,64.2362,62254,167076839,1000
18100000,280989,18098494,64.41,63033,168455171,1000
18150000,281009,18148480,64.5833,63033,169868949,1000
18200000,281027,18198473,64.757,63033,171224125,1000
18250000,281046,18248458,64.9305,63033,172560574,1000
18300000,281057,18298445,65.1058,63033,174026349,1000
18350000,281079,18348437,65.2786,63033,175447479,1000
18400000,281096,18398420,65.4524,63033,176840462,998
18450000,281107,18448404,65.6277,63033,178216850,1000
18500000,281128,18498388,65.8006,63033,179647764,1000
18550000,281137,18548371,65.9763,63033,181125424,1000
18600000,281157,18598357,66.1494,63033,182662242,1000
18650000,281174,18648343,66.3231,63033,184102733,1000
18700000,281190,18698323,66.4971,63033,185575829,1000
18750000,281205,18748309,66.6713,63033,187067581,1000
18800000,281219,18798297,66.8458,63033,188559877,998
18850000,281241,18848281,67.0183,63033,190062197,999
18900000,281252,18898265,67.1934,63033,191502725,1000
18950000,281269,18948254,67.367,63033,193012060,999
19000000,281287,18998236,67.5404,63033,194591422,1000
19050000,281303,19048221,67.7142,63033,196097402,1000
19100000,281320,19098211,67.8879,63033,197683707,999
19150000,281345,19148196,68.0595,63033,199248264,1000
19200000,281359,19198185,68.2338,63033,200832558,1000
19250000,281377,19248170,68.407,67935,202332447,1000
19300000,281398,19298152,68.5796,67935,203915675,1000
19350000,281414,19348134,68.7533,67935,205546906,1000
19400000,281431,19398122,68.9267,67935,207146718,1000
19450000,281448,19448110,69.1002,67935,208727897,1000
19500000,281457,19498096,69.2756,68744,210274468,1000
19550000,281474,19548081,69.449,68744,211924763,1000
19600000,281490,19598063,69.6226,69197,213529178,999
19650000,281506,19648050,69.7962,69197,215102744,999
19700000,281521,19698033,69.97,69460,216714252,998
19750000,281532,19748022,70.1449,69654,218424157,1000
19800000,281541,19798008,70.3202,69654,220077652,1000
19850000,281558,19847993,70.4934,69654,221819410,1000
19900000,281565,19897979,70.6692,69654,223521294,998
19950000,281570,19947966,70.8455,69654,225133475,1000
20000000,281581,19997957,71.0203,69654,226738001,1000
20050000,281592,20047944,71.195,69891,228416575,1000
20100000,281600,20097930,71.3705,69891,230142047,1000
20150000,281614,20147911,71.5444,69891,231825755,1000
20200000,281632,20197896,71.7173,69891,233515802,1000
20250000,281642,20247871,71.8922,69891,235257257,1000
20300000,281660,20297856,72.0651,70739,236980517,1000
20350000,281676,20347844,72.2385,70739,238666389,1000
20400000,281687,20397830,72.4131,70739,240480088,1000
20450000,281701,20447812,72.5869,70739,242260738,1000
20500000,281717,20497798,72.7602,70739,244064354,1000
20550000,281729,20547786,72.9346,70739,245774657,1000
20600000,281745,20597772,73.1079,70739,247535287,1000
20650000,281762,20647753,73.2808,70739,249309381,1000
20700000,281770,20697731,73.4561,70739,251128486,999
20750000,281782,20747717,73.6304,70739,252948788,1000
20800000,281794,20797702,73.8046,73310,254758161,1000
20850000,281800,20847690,73.9804,73310,256617100,1000
20900000,281813,20897680,74.1544,73310,258460866,1000
20950000,281833,20947667,74.3265,73310,260360242,1000
21000000,281844,20997650,74.501,73310,262194005,999
21050000,281853,21047627,74.6759,74246,264035538,999
21100000,281863,21097605,74.8506,74246,265896158,1000
21150000,281874,21147582,75.0249,74246,267786122,999
21200000,281893,21197566,75.1972,74246,269679086,1000
21250000,281902,21247552,75.3721,74246,271590550,1000
21300000,281921,21297537,75.5443,74246,273427143,1000
21350000,281931,21347525,75.719,74246,275294264,1000
21400000,281938,21397513,75.8944,74246,277224886,1000
21450000,281953,21447504,76.0677,74783,279106510,999
21500000,281961,21497491,76.2428,74783,281000064,999
21550000,281972,21547469,76.4171,74783,282942779,1000
21600000,281982,21597447,76.5916,74783,284894630,1000
21650000,281991,21647433,76.7664,74783,286947742,1000
21700000,282004,21697420,76.9401,74783,288908880,1000
21750000,282017,21747410,77.1138,75677,290875709,1000
21800000,282030,21797397,77.2875,75677,292897892,1000
21850000,282038,21847383,77.4626,75677,294959376,1000
21900000,282051,21897363,77.6362,75677,296942307,1000
21950000,282060,21947343,77.8109,75677,299056203,1000
22000000,282066,21997329,77.9865,75677,301089234,1000
22050000,282081,22047312,78.1595,75677,303041763,999
22100000,282093,22097293,78.3334,75677,305139515,1000
22150000,282103,22147270,78.5077,75677,307209506,1000
22200000,282123,22197262,78.6794,75677,309261491,1000
22250000,282133,22247250,78.8538,75677,311327321,1000
22300000,282144,22297230,79.0278,75677,313367394,1000
22350000,282155,22347212,79.2019,77921,315460256,1000
22400000,282167,22397192,79.3757,77921,317537574,999
22450000,282175,22447172,79.5505,77921,319609080,1000
22500000,282186,22497157,79.7246,77921,321749890,999
22550000,282191,22547141,79.9003,77921,323862285,1000
22600000,282204,22597120,80.0737,77921,325970357,998
22650000,282219,22647104,80.2466,79818,328092299,1000
22700000,282224,22697081,80.4222,79818,330314623,999
22750000,282234,22747056,80.5964,79818,332462299,1000
22800000,282248,22797038,80.7695,79818,334681350,999
22850000,282253,22847017,80.9452,79818,336842975,998
22900000,282260,22897001,81.1202,79818,339043041,999
22950000,282273,22946984,81.2936,79818,341294670,1000
23000000,282279,22996961,81.4689,79818,343499263,1000
23050000,282297,23046951,81.6408,79818,345709452,1000
23100000,282309,23096933,81.8144,80597,347923217,1000
23150000,282317,23146920,81.9891,80597,350185483,1000
23200000,282330,23196908,82.1624,80597,352427936,1000
23250000,282341,23246885,82.3362,80597,354641150,999
23300000,282355,23296869,82.5091,80597,356834693,1000
23350000,282364,23346854,82.6835,80597,359078814,1000
23400000,282374,23396833,82.8576,80597,361416200,999
23450000,282388,23446817,83.0305,80597,363674310,1000
23500000,282400,23496804,83.204,80597,366060708,1000
23550000,282409,23546789,83.3783,80597,368391345,999
23600000,282415,23596775,83.5535,80597,370749200,999
23650000,282424,23646756,83.7279,80597,373078838,1000
23700000,282435,23696739,83.9016,80597,375344794,999
23750000,282445,23746722,84.0756,80597,377679015,1000
23800000,282462,23796701,84.2474,80597,379980782,1000
23850000,282477,23846688,84.4199,84115,382398212,1000
23900000,282489,23896670,84.5933,84115,384759875,998
23950000,282501,23946647,84.7666,84115,387222492,999
24000000,282512,23996634,84.9402,84115,389630767,1000
24050000,282522,24046612,85.1141,84115,392067724,1000
24100000,282531,24096589,85.2883,84115,394552319,1000
24150000,282536,24146572,85.4637,84115,396982336,1000
24200000,282553,24196548,85.6354,84115,399444449,999
24250000,282562,24246529,85.8096,84115,401976377,999
24300000,282571,24296509,85.9837,84115,404474666,1000
24350000,282583,24346489,86.1569,84115,406952353,1000
24400000,282594,24396472,86.3305,84115,409388598,1000
24450000,282608,24446454,86.5031,84115,411865101,1000
24500000,282614,24496438,86.6781,84115,414346713,1000
24550000,282620,24546419,86.8531,84115,416909014,1000
24600000,282628,24596390,87.0274,84115,419539042,1000
24650000,282641,24646367,87.2003,84115,422230546,999
24700000,282651,24696347,87.374,86206,424723987,1000
24750000,282664,24746321,87.5468,86206,427229732,999
24800000,282681,24796305,87.7183,86206,429818280,1000
24850000,282688,24846280,87.8929,87690,432478371,1000
24900000,282692,24896259,88.0685,87690,434981983,999
24950000,282701,24946239,88.2425,87690,437608505,998
25000000,282709,24996218,88.4168,87690,440141752,1000
25050000,282719,25046197,88.5904,87690,442651405,1000
25100000,282734,25096185,88.7625,87690,445227365,1000
25150000,282743,25146170,88.9365,87690,447815933,998
25200000,282751,25196161,89.1108,87690,450522559,1000
25250000,282767,25246140,89.2825,88165,453212167,999
25300000,282773,25296115,89.4573,88165,455838182,999
25350000,282781,25346096,89.6315,88165,458538448,1000
25400000,282792,25396078,89.8048,89598,461166776,1000
25450000,282803,25446053,89.978,89598,463841204,999
25500000,282814,25496032,90.1512,89598,466514563,1000
25550000,282827,25546012,90.3238,89598,469169315,999
25600000,282835,25595992,90.49799999999999,89598,471927393,999
25650000,282849,25645975,90.6702,89598,474587769,1000
25700000,282859,25695956,90.8437,89598,477378501,996
25750000,282870,25745933,91.0168,89598,480047239,1000
25800000,282881,25795924,91.19,89598,482781985,999
25850000,282893,25845910,91.3628,91306,485575212,1000
25900000,282900,25895888,91.5372,91306,488397769,1000
25950000,282911,25945873,91.7104,91306,491227878,1000
26000000,282918,25995846,91.8847,91306,494217386,1000
26050000,282931,26045830,92.0572,91306,497104898,1000
26100000,282943,26095818,92.2299,91306,499935409,1000
26150000,282950,26145799,92.4043,91306,502792869,1000
26200000,282960,26195781,92.5777,91306,505515045,1000
26250000,282966,26245763,92.7524,91306,508389720,999
26300000,282981,26295749,92.9241,91306,511269337,1000
26350000,282988,26345732,93.0984,91306,514163237,1000
26400000,282995,26395701,93.2727,91306,517198025,1000
26450000,283010,26445685,93.4443,91306,520061106,1000
26500000,283019,26495659,93.618,93546,522876721,999
26550000,283027,26545643,93.7919,93546,525728335,1000
26600000,283035,26595622,93.9658,93546,528659827,999
26650000,283048,26645594,94.1381,93546,531540374,999
26700000,283053,26695567,94.31299999999999,93546,534488534,1000
26750000,283062,26745541,94.4865,93546,537336082,999
26800000,283076,26795530,94.6584,93546,540304431,1000
26850000,283081,26845501,94.8333,93546,543350705,999
26900000,283090,26895482,95.0068,93546,546383011,999
26950000,283098,26945459,95.1807,93546,549397731,1000
27000000,283108,26995429,95.3538,94443,552427336,998
27050000,283114,27045404,95.5283,94443,555441843,1000
27100000,283125,27095379,95.7011,94443,558538000,1000
27150000,283132,27145353,95.8753,94443,561663035,999
27200000,283138,27195328,96.0497,95079,564725888,1000
27250000,283145,27245304,96.2239,95079,567819780,1000
27300000,283156,27295279,96.3966,95079,570906998,999
27350000,283166,27345263,96.5697,95079,574106500,1000
27400000,283176,27395237,96.7428,95079,577205438,999
27450000,283184,27445220,96.9166,95079,580395884,1000
27500000,283188,27495202,97.0917,95079,583459235,1000
27550000,283197,27545185,97.2651,95079,586580382,1000
27600000,283205,27595171,97.4389,95079,589657884,1000
27650000,283212,27645146,97.6129,95079,592921695,999
27700000,283218,27695124,97.7873,95079,596126591,999
27750000,283228,27745097,97.9603,95079,599326583,1000
