timestep,num_nodes,num_edges,average_degree,max_degree,num_triangles,new_edges
0,1748,1000,0.572082,2,0,1000
50000,43225,51000,1.17987,169,3,1000
100000,67248,101000,1.5019,321,25,1000
150000,85064,151000,1.7751299999999999,439,94,1000
200000,99229,201000,2.02562,445,248,1000
250000,111127,251000,2.25868,827,480,1000
300000,121211,301000,2.48327,946,846,1000
350000,129904,351000,2.702,1065,1310,1000
400000,137609,401000,2.91405,1203,1967,1000
450000,144522,451000,3.12063,1613,2719,1000
500000,150749,500998,3.3233900000000003,1613,3722,1000
550000,156396,550998,3.5231,1631,5156,1000
600000,161652,600998,3.71785,1773,7033,1000
650000,166427,650998,3.91161,2002,8807,1000
700000,171015,700997,4.0990400000000005,2041,10793,1000
750000,175133,750997,4.28815,2523,13108,1000
800000,179012,800997,4.47454,2523,15709,1000
850000,182623,850997,4.65986,2682,18684,1000
900000,186005,900997,4.84394,3155,22225,1000
950000,189218,950996,5.025930000000001,3155,25898,1000
1000000,192291,1000996,5.20563,3155,30108,1000
1050000,195153,1050995,5.38549,3327,35672,1000
1100000,197895,1100995,5.56353,3432,41031,1000
1150000,200491,1150995,5.740880000000001,3604,46653,1000
1200000,202909,1200992,5.91887,3604,52920,1000
1250000,205273,1250989,6.09427,3790,59439,1000
1300000,207409,1300986,6.2725599999999995,4059,66698,1000
1350000,209528,1350986,6.44776,4346,74435,1000
1400000,211560,1400985,6.622160000000001,4410,82648,1000
1450000,213443,1450984,6.7979899999999995,4604,91725,1000
1500000,215255,1500982,6.973039999999999,4634,101410,1000
1550000,216949,1550982,7.14906,4842,111951,1000
1600000,218665,1600980,7.321610000000001,5673,122868,1000
1650000,220241,1650979,7.496239999999999,5673,134393,1000
1700000,221766,1700976,7.670139999999999,5818,146354,1000
1750000,223270,1750974,7.842410000000001,5818,159100,1000
1800000,224709,1800973,8.01469,5818,173716,1000
1850000,226086,1850970,8.18702,5818,188233,1000
1900000,227443,1900970,8.35801,6024,202664,1000
1950000,228720,1950969,8.52994,6956,218443,1000
2000000,230003,2000968,8.69975,6956,235848,1000
2050000,231174,2050966,8.871960000000001,6956,253620,1000
2100000,232344,2100966,9.04248,6956,272495,1000
2150000,233448,2150964,9.21389,6956,292250,1000
2200000,234532,2200961,9.38448,6956,313299,1000
2250000,235607,2250960,9.55388,6956,334451,1000
2300000,236562,2300960,9.72667,7272,358965,1000
2350000,237522,2350955,9.897839999999999,8213,381823,1000
2400000,238475,2400955,10.068,8213,406550,1000
2450000,239447,2450954,10.2359,8213,431741,1000
2500000,240317,2500952,10.4069,8849,459205,1000
2550000,241218,2550948,10.5753,8849,489676,1000
2600000,242113,2600947,10.7427,8849,518470,1000
2650000,242943,2650947,10.9118,8849,547828,1000
2700000,243742,2700943,11.0812,8849,578651,1000
2750000,244498,2750941,11.2514,8849,611627,1000
2800000,245267,2800938,11.42,8849,645283,1000
2850000,245973,2850936,11.5904,9951,679061,1000
2900000,246685,2900936,11.7597,9951,714167,1000
2950000,247357,2950934,11.9299,9951,752126,1000
3000000,247984,3000928,12.1013,9951,788776,1000
3050000,248659,3050924,12.2695,9951,826680,1000
3100000,249290,3100923,12.439,9951,869302,1000
3150000,249903,3150920,12.6086,9951,915322,1000
3200000,250471,3200917,12.7796,9951,962307,1000
3250000,251047,3250913,12.9494,10335,1009231,1000
3300000,251588,3300910,13.1203,10335,1053774,1000
3350000,252130,3350908,13.2904,10587,1101220,1000
3400000,252659,3400907,13.4605,10761,1150027,1000
3450000,253154,3450904,13.6316,11355,1200627,1000
3500000,253638,3500903,13.8028,11355,1251250,1000
3550000,254119,3550902,13.9734,11649,1305060,1000
3600000,254594,3600899,14.1437,11649,1360781,1000
3650000,255061,3650896,14.3138,11649,1416511,1000
3700000,255473,3700893,14.4864,11753,1474647,1000
3750000,255932,3750890,14.6558,11753,1532534,1000
3800000,256330,3800889,14.8281,11753,1596446,1000
3850000,256736,3850884,14.9994,12252,1660762,1000
3900000,257143,3900881,15.1701,12378,1726880,1000
3950000,257543,3950876,15.3406,13708,1793352,999
4000000,257969,4000874,15.5091,13708,1858967,1000
4050000,258359,4050868,15.6792,13708,1928340,1000
4100000,258744,4100862,15.8491,13708,2001246,1000
4150000,259105,4150860,16.02,13708,2073241,1000
4200000,259450,4200856,16.1914,14673,2146843,1000
4250000,259816,4250850,16.361,14673,2223569,1000
4300000,260156,4300845,16.5318,15068,2317902,1000
4350000,260474,4350840,16.7035,15068,2396616,1000
4400000,260803,4400837,16.8742,15068,2474884,1000
4450000,261129,4450833,17.0446,15068,2563901,1000
4500000,261440,4500830,17.2155,15068,2649695,1000
4550000,261747,4550827,17.3864,15068,2740659,1000
4600000,262044,4600825,17.5575,15068,2830863,1000
4650000,262333,4650824,17.7287,15068,2921732,1000
4700000,262612,4700820,17.9002,15068,3018269,1000
4750000,262921,4750817,18.0694,15068,3111592,1000
4800000,263196,4800814,18.2405,15192,3208956,1000
4850000,263469,4850811,18.4113,15332,3310397,1000
4900000,263745,4900800,18.5816,15332,3411995,999
4950000,263986,4950792,18.754,15332,3516862,1000
5000000,264221,5000790,18.9265,15346,3625760,1000
5050000,264489,5050784,19.0964,15346,3742552,1000
5100000,264715,5100780,19.2689,16114,3853121,1000
5150000,264929,5150775,19.4421,16281,3966879,1000
5200000,265153,5200773,19.6142,16459,4083774,1000
5250000,265369,5250767,19.7867,16613,4198758,1000
5300000,265620,5300760,19.9562,16729,4315906,1000
5350000,265869,5350756,20.1255,16845,4438581,1000
5400000,266108,5400753,20.2953,17078,4563577,1000
5450000,266310,5450749,20.4677,17078,4690501,1000
5500000,266507,5500746,20.6402,17313,4820960,1000
5550000,266702,5550744,20.8125,17565,4958056,1000
5600000,266881,5600742,20.9859,17565,5093871,1000
5650000,267070,5650738,21.1583,17766,5236337,1000
5700000,267271,5700734,21.3294,17987,5373701,1000
5750000,267440,5750729,21.5029,20141,5528052,1000
5800000,267622,5800724,21.6751,20141,5671227,1000
5850000,267795,5850719,21.8478,20426,5815335,1000
5900000,267967,5900712,22.0203,20426,5967647,1000
5950000,268142,5950708,22.1924,20726,6135783,1000
6000000,268331,6000703,22.3631,20726,6288390,1000
6050000,268516,6050698,22.5338,20726,6443069,1000
6100000,268674,6100696,22.7067,20726,6614398,1000
6150000,268845,6150689,22.8782,20726,6784506,1000
6200000,269017,6200685,23.0494,21639,6946503,1000
6250000,269189,6250677,23.2204,21639,7115188,999
6300000,269343,6300670,23.3927,21639,7283983,1000
6350000,269486,6350663,23.5658,21639,7454587,1000
6400000,269628,6400658,23.7388,21639,7630940,1000
6450000,269761,6450654,23.9125,21639,7808127,1000
6500000,269895,6500650,24.0858,21639,7986984,1000
6550000,270053,6550648,24.2569,21639,8167320,1000
6600000,270177,6600640,24.4308,21639,8358474,1000
6650000,270290,6650638,24.6056,23193,8548860,1000
6700000,270424,6700633,24.7782,23193,8739018,1000
6750000,270578,6750630,24.9489,23193,8929423,1000
6800000,270723,6800624,25.1202,23193,9135884,1000
6850000,270829,6850620,25.295,23193,9334980,1000
6900000,270935,6900615,25.4696,23193,9535024,1000
6950000,271051,6950612,25.6432,23193,9737530,1000
7000000,271151,7000605,25.8181,24514,9952592,1000
7050000,271249,7050599,25.9931,24719,10165560,1000
7100000,271380,7100595,26.1648,24719,10376993,999
7150000,271501,7150591,26.3373,24719,10586230,1000
7200000,271615,7200586,26.5103,24719,10800497,1000
7250000,271740,7250580,26.682,24719,11027008,1000
7300000,271855,7300571,26.8547,24719,11254139,1000
7350000,271962,7350563,27.0279,24719,11478436,1000
7400000,272062,7400557,27.2017,24719,11712689,1000
7450000,272175,7450549,27.3741,24719,11942271,1000
7500000,272265,7500543,27.5487,24719,12188726,1000
7550000,272372,7550539,27.7214,24719,12429668,1000
7600000,272478,7600536,27.8941,24719,12663468,1000
7650000,272585,7650534,28.0666,24719,12908402,1000
7700000,272683,7700525,28.2398,24719,13158814,1000
7750000,272775,7750523,28.4136,24719,13421837,999
7800000,272872,7800519,28.5867,24719,13681771,1000
7850000,272976,7850517,28.759,24719,13942212,1000
7900000,273070,7900510,28.9322,27700,14206788,1000
7950000,273164,7950503,29.1052,27700,14475119,1000
8000000,273250,8000500,29.279,27700,14754364,1000
8050000,273351,8050493,29.4511,28205,15037648,999
8100000,273433,8100489,29.6251,28205,15314673,1000
8150000,273522,8150484,29.7983,28607,15603515,1000
8200000,273605,8200481,29.971999999999998,28955,15892335,1000
8250000,273688,8250473,30.1455,28955,16180940,1000
8300000,273783,8300470,30.3177,28955,16470327,1000
8350000,273870,8350464,30.4906,28955,16762946,1000
8400000,273940,8400459,30.6653,28955,17068455,1000
8450000,274014,8450449,30.8395,28955,17366646,1000
8500000,274100,8500444,31.0122,28955,17681289,1000
8550000,274182,8550438,31.1853,30073,18004977,1000
8600000,274259,8600434,31.3588,30185,18317448,1000
8650000,274339,8650430,31.5319,30185,18631211,1000
8700000,274427,8700423,31.704,30185,18948363,1000
8750000,274498,8750419,31.8779,30727,19279544,999
8800000,274569,8800416,32.0517,30727,19603670,1000
8850000,274650,8850412,32.2243,30727,19937829,1000
8900000,274715,8900403,32.3987,31161,20272651,1000
8950000,274780,8950400,32.573,31161,20626100,1000
9000000,274847,9000392,32.7469,31161,20957175,1000
9050000,274920,9050382,32.9201,31161,21304905,1000
9100000,274997,9100378,33.0926,31161,21674366,1000
9150000,275059,9150369,33.2669,31161,22036974,1000
9200000,275131,9200362,33.4399,32490,22406782,1000
9250000,275202,9250356,33.613,32490,22767012,1000
9300000,275262,9300344,33.7872,32490,23149789,999
9350000,275340,9350335,33.9592,32490,23529974,1000
9400000,275416,9400330,34.1314,32490,23906193,1000
9450000,275469,9450322,34.3063,32490,24290893,1000
9500000,275528,9500317,34.4804,32490,24681874,1000
9550000,275592,9550311,34.6538,32490,25062427,1000
9600000,275667,9600304,34.8257,32490,25457915,1000
9650000,275730,9650301,34.9991,32490,25856747,1000
9700000,275781,9700295,35.1739,32490,26246283,1000
9750000,275831,9750289,35.3488,32490,26650384,1000
9800000,275887,9800286,35.5228,32490,27054455,1000
9850000,275934,9850273,35.6979,32490,27483704,1000
9900000,275995,9900261,35.8712,32490,27880239,1000
9950000,276058,9950252,36.0441,32490,28292752,1000
10000000,276114,10000244,36.2178,32490,28703134,1000
10050000,276177,10050224,36.3905,35242,29140900,1000
10100000,276252,10100218,36.5616,35242,29566034,1000
10150000,276297,10150209,36.7366,35242,30007933,1000
10200000,276373,10200201,36.9074,35242,30462165,1000
10250000,276427,10250197,37.080999999999996,35242,30920812,999
10300000,276467,10300187,37.2565,35242,31362308,1000
10350000,276525,10350183,37.4295,35242,31825518,1000
10400000,276587,10400178,37.6018,35242,32291507,1000
10450000,276639,10450169,37.7755,35242,32746167,1000
10500000,276692,10500162,37.9489,35242,33211395,1000
10550000,276738,10550154,38.1233,35242,33683278,1000
10600000,276780,10600140,38.2981,35242,34161835,999
10650000,276827,10650136,38.4722,35242,34647662,999
10700000,276878,10700120,38.6456,37386,35134980,1000
10750000,276919,10750110,38.8204,37386,35631664,1000
10800000,276958,10800100,38.9954,37386,36121056,1000
10850000,277012,10850088,39.1683,37386,36625583,999
10900000,277049,10900082,39.3435,37386,37131734,1000
10950000,277105,10950075,39.516,37386,37648214,1000
11000000,277152,11000069,39.6897,37386,38180206,1000
11050000,277194,11050060,39.864000000000004,37386,38684126,1000
11100000,277243,11100051,40.0373,38788,39202195,1000
11150000,277292,11150041,40.2105,38788,39739711,1000
11200000,277337,11200035,40.3842,38788,40279087,1000
11250000,277376,11250029,40.5588,38788,40802542,1000
11300000,277413,11300020,40.7336,38788,41341812,1000
11350000,277468,11350012,40.9057,38788,41878135,1000
11400000,277510,11400001,41.0796,38788,42422284,1000
11450000,277546,11449995,41.2544,38788,43014320,1000
11500000,277592,11499987,41.4277,38788,43564843,1000
11550000,277630,11549975,41.602,38788,44128314,999
11600000,277671,11599968,41.7759,38788,44690948,1000
11650000,277717,11649962,41.949,38788,45266943,1000
11700000,277768,11699950,42.1213,38788,45838738,1000
11750000,277800,11749941,42.2964,38788,46399697,1000
11800000,277839,11799931,42.4704,38788,46992093,1000
11850000,277884,11849927,42.6434,38788,47606432,1000
11900000,277920,11899921,42.8178,38788,48216761,1000
11950000,277959,11949910,42.9916,38788,48819629,1000
12000000,277996,11999896,43.1657,38788,49430782,1000
12050000,278042,12049881,43.3383,38788,50040012,999
12100000,278078,12099877,43.5125,38788,50662776,1000
12150000,278113,12149867,43.6868,38788,51290695,1000
12200000,278146,12199861,43.8614,38788,51917789,1000
12250000,278189,12249853,44.0343,38788,52564111,1000
12300000,278214,12299841,44.21,38788,53201828,1000
12350000,278257,12349830,44.3828,43642,53833397,1000
12400000,278301,12399821,44.5554,43642,54469315,1000
12450000,278332,12449809,44.7301,43642,55116122,999
12500000,278365,12499794,44.9043,43642,55786424,999
12550000,278404,12549784,45.0776,43642,56460734,1000
12600000,278435,12599775,45.2521,43642,57154624,1000
12650000,278463,12649763,45.4271,43642,57812646,1000
12700000,278503,12699749,45.6,43642,58488060,1000
12750000,278527,12749743,45.7756,44468,59178383,1000
12800000,278551,12799732,45.9511,44468,59885681,1000
12850000,278579,12849723,46.126000000000005,44468,60607865,1000
12900000,278619,12899708,46.2987,45534,61315812,1000
12950000,278655,12949694,46.4721,45534,62024050,1000
13000000,278693,12999687,46.6452,45534,62745634,999
13050000,278724,13049679,46.8194,45534,63474623,1000
13100000,278760,13099664,46.9926,45534,64203816,1000
13150000,278804,13149655,47.1645,45534,64940902,1000
13200000,278834,13199648,47.3387,46556,65672289,999
13250000,278870,13249640,47.5119,46556,66395418,1000
13300000,278913,13299630,47.6838,46556,67142382,1000
13350000,278948,13349623,47.857,46556,67908825,1000
13400000,278973,13399605,48.0319,46556,68683451,1000
13450000,279019,13449598,48.2032,46556,69428137,999
13500000,279042,13499587,48.3783,47090,70170309,1000
13550000,279071,13549577,48.5524,47315,70984795,1000
13600000,279101,13599571,48.7263,47315,71796045,1000
13650000,279135,13649563,48.8995,47315,72571105,1000
13700000,279160,13699554,49.0742,47315,73366406,1000
13750000,279193,13749548,49.2475,47315,74162180,1000
13800000,279220,13799532,49.4217,47315,74943243,1000
13850000,279251,13849522,49.5952,48406,75752899,999
13900000,279282,13899512,49.7687,48619,76548012,1000
13950000,279299,13949503,49.9447,48619,77392838,1000
14000000,279320,13999492,50.1199,48619,78263798,999
14050000,279340,14049483,50.2953,48619,79111296,1000
14100000,279371,14099479,50.4687,48619,79949844,1000
14150000,279400,14149465,50.6423,48619,80841445,1000
14200000,279426,14199460,50.8165,48619,81699832,1000
14250000,279455,14249453,50.9902,50379,82553670,1000
14300000,279484,14299448,51.1637,50379,83419637,1000
14350000,279508,14349436,51.3382,50379,84317548,1000
14400000,279534,14399422,51.5122,50379,85167704,1000
14450000,279555,14449409,51.6872,50630,86063918,999
14500000,279590,14499397,51.8595,50630,86940066,1000
14550000,279618,14549386,52.0331,50630,87803955,1000
14600000,279639,14599370,52.2079,51205,88726247,999
14650000,279663,14649358,52.3822,51205,89638858,1000
14700000,279687,14699347,52.5564,51398,90548296,1000
14750000,279710,14749331,52.7308,51722,91445332,1000
14800000,279736,14799317,52.9046,51722,92399609,1000
14850000,279752,14849305,53.0802,51722,93373702,1000
14900000,279776,14899289,53.2543,51722,94305668,1000
14950000,279802,14949282,53.4281,51722,95284193,999
15000000,279824,14999271,53.6025,51722,96276699,999
15050000,279847,15049263,53.7768,51722,97235472,1000
15100000,279868,15099251,53.9513,51722,98200764,1000
15150000,279900,15149235,54.1237,51722,99168202,999
15200000,279925,15199221,54.2975,51722,100133910,1000
15250000,279947,15249217,54.4718,51722,101124115,1000
15300000,279967,15299212,54.6465,51722,102134707,1000
15350000,279991,15349199,54.8203,51722,103115546,999
15400000,280009,15399186,54.9953,51722,104115651,999
15450000,280037,15449168,55.1683,54186,105079191,1000
15500000,280057,15499154,55.3429,54186,106092141,1000
15550000,280076,15549145,55.5176,54823,107162629,1000
15600000,280091,15599127,55.6931,54823,108198400,999
15650000,280107,15649108,55.8683,54823,109198425,1000
15700000,280126,15699093,56.043,54823,110323483,1000
15750000,280156,15749081,56.2154,54823,111389886,1000
15800000,280179,15799067,56.3892,54823,112445205,1000
15850000,280196,15849059,56.5642,54823,113465572,1000
15900000,280219,15899049,56.7379,54823,114516588,1000
15950000,280241,15949041,56.9119,55805,115602243,1000
16000000,280264,15999024,57.0855,55805,116694061,1000
16050000,280281,16049016,57.2604,55805,117729855,1000
16100000,280296,16099002,57.4357,56398,118818293,1000
16150000,280315,16148988,57.6101,56398,119896426,999
16200000,280342,16198974,57.7829,56629,120984780,1000
16250000,280362,16248963,57.9571,56629,122110426,999
16300000,280384,16298951,58.1308,57080,123226092,1000
16350000,280399,16348945,58.306000000000004,57080,124388152,1000
16400000,280418,16398927,58.4803,57080,125537380,1000
16450000,280440,16448916,58.653999999999996,57080,126723598,1000
16500000,280461,16498905,58.8278,57080,127872365,1000
16550000,280481,16548896,59.0018,57080,129024787,999
16600000,280498,16598880,59.1765,57080,130152643,999
16650000,280514,16648868,59.3513,57080,131345590,1000
16700000,280539,16698861,59.5242,57080,132533158,1000
16750000,280560,16748850,59.6979,57080,133727609,1000
16800000,280583,16798841,59.8712,57080,134945630,1000
16850000,280599,16848830,60.0459,59044,136156479,1000
16900000,280612,16898817,60.2213,59044,137317362,999
16950000,280628,16948806,60.396,59044,138571809,1000
17000000,280653,16998796,60.5687,59044,139793225,1000
17050000,280669,17048780,60.7434,59044,141016935,1000
17100000,280684,17098762,60.9182,59044,142252670,1000
17150000,280708,17148745,61.091,59044,143464050,1000
17200000,280724,17198739,61.2657,60331,144689439,1000
17250000,280736,17248722,61.4411,60331,145910042,998
17300000,280754,17298712,61.6152,60331,147207966,1000
17350000,280772,17348704,61.7893,60331,148448724,1000
17400000,280789,17398691,61.9636,60331,149730415,1000
17450000,280813,17448680,62.1363,60331,150973976,1000
17500000,280834,17498664,62.3096,60331,152265791,1000
17550000,280860,17548653,62.4819,60331,153587876,1000
17600000,280882,17598639,62.6549,60331,154890436,999
17650000,280899,17648624,62.8291,60331,156167224,1000
17700000,280916,17698607,63.0032,60331,157528081,1000
17750000,280937,17748598,63.1764,60331,158838003,1000
17800000,280958,17798582,63.3496,60331,160158494,1000
17850000,280979,17848571,63.5228,62566,161488942,1000
17900000,281001,17898556,63.6957,62566,162872079,998
17950000,281015,17948543,63.8704,62566,164218305,1000
18000000,281030,17998529,64.0449,62566,165525367,1000
18050000,281048,18048515,64.2186,62566,166936028,1000
18100000,281065,18098495,64.3926,62566,168326606,999
18150000,281077,18148484,64.5677,62566,169673483,1000
18200000,281089,18198469,64.7427,62566,171030120,999
18250000,281108,18248446,64.9161,62566,172418729,1000
18300000,281127,18298429,65.0895,62566,173792172,1000
18350000,281145,18348417,65.2632,62566,175177625,1000
18400000,281160,18398402,65.4375,62566,176563699,999
18450000,281175,18448396,65.6118,62566,177969443,1000
18500000,281187,18498376,65.7867,62566,179440558,999
18550000,281196,18548362,65.9624,62566,180889333,1000
18600000,281207,18598348,66.1376,62566,182331896,1000
18650000,281224,18648340,66.3113,62566,183754238,1000
18700000,281233,18698327,66.487,65494,185281296,999
18750000,281250,18748316,66.6607,65738,186814985,1000
18800000,281263,18798302,66.8353,66048,188284737,1000
18850000,281277,18848287,67.0097,66048,189833340,998
18900000,281299,18898274,67.1822,66048,191322315,1000
18950000,281314,18948256,67.3562,66048,192918114,1000
19000000,281337,18998242,67.5284,66048,194493847,1000
19050000,281349,19048228,67.7032,66768,196054780,1000
19100000,281362,19098214,67.8777,66768,197568874,999
19150000,281376,19148200,68.05199999999999,66768,199091343,1000
19200000,281387,19198181,68.227,67399,200645180,1000
19250000,281402,19248157,68.4009,67399,202164594,1000
19300000,281414,19298139,68.5756,67399,203699304,1000
19350000,281431,19348122,68.7491,67399,205258461,1000
19400000,281445,19398107,68.9233,67399,206846922,1000
19450000,281458,19448091,69.0977,67399,208455718,1000
19500000,281476,19498080,69.2708,67399,210028063,999
19550000,281492,19548070,69.4445,67399,211616819,1000
19600000,281502,19598051,69.6196,67399,213257993,1000
19650000,281509,19648041,69.7954,67399,214851024,999
19700000,281528,19698023,69.9683,67399,216510795,1000
19750000,281543,19748015,70.1421,67399,218139454,999
19800000,281551,19798006,70.3177,67399,219740967,1000
19850000,281567,19847985,70.4912,67399,221428856,999
19900000,281584,19897970,70.6644,67399,223035894,1000
19950000,281593,19947958,70.8397,67399,224628673,1000
20000000,281602,19997941,71.0149,70102,226335787,1000
20050000,281611,20047925,71.1901,70102,228100597,1000
20100000,281617,20097908,71.3661,70102,229763258,999
20150000,281628,20147890,71.5408,70102,231436725,1000
20200000,281639,20197875,71.7155,70102,233111079,1000
20250000,281651,20247862,71.8899,70102,234833980,1000
20300000,281661,20297847,72.0648,70102,236585374,1000
20350000,281678,20347829,72.2379,70102,238276504,1000
20400000,281694,20397819,72.4113,70102,240033599,999
20450000,281710,20447803,72.5846,70102,241842782,1000
20500000,281728,20497779,72.7573,70102,243610799,1000
20550000,281741,20547760,72.9314,70102,245384816,998
20600000,281757,20597742,73.1046,70102,247184915,1000
20650000,281770,20647722,73.2786,70102,249024061,999
20700000,281787,20697703,73.4516,70102,250813503,1000
20750000,281799,20747687,73.6258,70102,252575311,1000
20800000,281811,20797673,73.8001,70102,254383864,1000
20850000,281823,20847651,73.9743,70102,256257595,1000
20900000,281834,20897637,74.1487,73008,258058404,1000
20950000,281845,20947621,74.3232,73008,259840453,1000
21000000,281857,20997603,74.4974,73008,261616730,1000
21050000,281874,21047591,74.6702,73008,263490677,999
21100000,281886,21097569,74.8443,73008,265427106,998
21150000,281902,21147548,75.0174,73008,267276620,1000
21200000,281919,21197534,75.1902,74645,269144484,999
21250000,281932,21247520,75.36399999999999,74645,271099291,1000
21300000,281944,21297502,75.5381,74645,272953617,1000
21350000,281951,21347492,75.7135,75192,274836942,1000
21400000,281966,21397478,75.8867,75192,276808534,1000
21450000,281977,21447463,76.061,75192,278735551,1000
21500000,281982,21497452,76.237,75192,280640126,1000
21550000,282003,21547437,76.4085,75192,282523020,1000
21600000,282012,21597426,76.5834,75415,284437475,1000
21650000,282020,21647415,76.7584,75415,286467965,1000
21700000,282038,21697396,76.9308,75838,288396910,1000
21750000,282047,21747375,77.1055,75838,290355637,1000
21800000,282061,21797355,77.2789,76108,292402066,999
21850000,282067,21847338,77.4544,76108,294461101,1000
21900000,282085,21897324,77.6267,76108,296458520,999
21950000,282094,21947307,77.8014,76108,298490786,1000
22000000,282106,21997296,77.9753,76108,300440863,999
22050000,282117,22047286,78.1494,76108,302447869,1000
22100000,282136,22097268,78.3213,77141,304500270,1000
22150000,282149,22147248,78.4949,78057,306565935,1000
22200000,282154,22197234,78.6706,78057,308665055,1000
22250000,282167,22247216,78.8441,78057,310748971,1000
22300000,282181,22297203,79.0174,78057,312870801,1000
22350000,282187,22347188,79.1928,78057,314996474,999
22400000,282196,22397178,79.3675,78057,317066659,1000
22450000,282204,22447160,79.5423,78057,319119987,999
22500000,282214,22497139,79.7166,78057,321294072,1000
22550000,282223,22547123,79.8912,78057,323476618,1000
22600000,282234,22597107,80.0651,78057,325662837,1000
22650000,282244,22647086,80.2394,78057,327763016,1000
22700000,282255,22697071,80.4134,79905,329974427,1000
22750000,282266,22747051,80.5873,79905,332140543,1000
22800000,282276,22797039,80.7615,79905,334370645,1000
22850000,282288,22847009,80.9351,79905,336626619,999
22900000,282301,22897000,81.1085,79905,338879456,1000
22950000,282315,22946981,81.2815,79905,341072140,1000
23000000,282319,22996963,81.4574,79905,343277695,997
23050000,282327,23046946,81.6321,79905,345459238,1000
23100000,282343,23096932,81.8045,81463,347651042,1000
23150000,282355,23146918,81.9781,81463,349884181,1000
23200000,282363,23196901,82.1528,81463,352258518,1000
23250000,282374,23246881,82.3266,81463,354553598,999
23300000,282385,23296862,82.5004,81463,356810252,1000
23350000,282399,23346839,82.6732,82297,359052302,1000
23400000,282410,23396826,82.84700000000001,82297,361311365,1000
23450000,282425,23446811,83.0196,82297,363561068,1000
23500000,282435,23496796,83.1936,82297,365833610,1000
23550000,282445,23546782,83.3677,82297,368170877,1000
23600000,282452,23596764,83.5426,82429,370393614,1000
23650000,282466,23646745,83.7154,82429,372714386,999
23700000,282475,23696716,83.8896,82429,375101093,999
23750000,282486,23746695,84.0633,82429,377470202,1000
23800000,282494,23796679,84.2378,82429,379836220,1000
23850000,282497,23846661,84.4139,82429,382233432,999
23900000,282507,23896634,84.5878,82429,384614170,1000
23950000,282519,23946616,84.7611,82429,387036075,1000
24000000,282533,23996593,84.9338,83837,389459051,999
24050000,282542,24046576,85.10799999999999,83837,391930857,1000
24100000,282548,24096555,85.28299999999999,83837,394361260,1000
24150000,282561,24146525,85.456,83837,396881842,999
24200000,282571,24196504,85.6298,83837,399337193,1000
24250000,282581,24246487,85.8037,83837,401668806,999
24300000,282596,24296467,85.976,83837,404143428,1000
24350000,282607,24346457,86.1495,83837,406521096,1000
24400000,282615,24396437,86.3239,83837,408968636,999
24450000,282626,24446414,86.4974,83837,411476527,1000
24500000,282642,24496399,86.6694,83837,413896997,1000
24550000,282651,24546380,86.8434,83837,416393039,999
24600000,282661,24596362,87.0172,83837,418963270,999
24650000,282678,24646343,87.1888,86179,421566143,1000
24700000,282684,24696317,87.3637,86317,424139400,1000
24750000,282689,24746299,87.539,86317,426740905,999
24800000,282702,24796284,87.7117,86724,429336880,999
24850000,282708,24846260,87.8867,86792,431846223,998
24900000,282719,24896229,88.06,86792,434436730,1000
24950000,282728,24946212,88.234,87171,437031547,1000
25000000,282735,24996194,88.4086,87171,439634657,999
25050000,282743,25046175,88.5828,87171,442277018,998
25100000,282758,25096149,88.7549,87171,444912282,999
25150000,282766,25146132,88.9291,87171,447495172,1000
25200000,282776,25196114,89.1027,87171,450166295,1000
25250000,282783,25246095,89.2773,87171,452831071,999
25300000,282795,25296074,89.4502,87171,455466108,999
25350000,282805,25346059,89.6238,87171,458064890,999
25400000,282811,25396037,89.7986,87171,460793560,1000
25450000,282817,25446022,89.9735,87171,463542074,1000
25500000,282830,25495998,90.146,87171,466306217,1000
25550000,282838,25545979,90.3202,87171,469010673,1000
25600000,282848,25595965,90.4937,89473,471805616,999
25650000,282853,25645944,90.6688,89473,474607277,1000
25700000,282865,25695925,90.8417,89473,477386409,1000
25750000,282870,25745913,91.0168,89473,480173999,1000
25800000,282880,25795892,91.1902,89473,482905680,1000
25850000,282885,25845871,91.3653,89473,485744154,1000
25900000,282897,25895857,91.5381,89473,488529204,999
25950000,282908,25945837,91.7112,89473,491255240,999
26000000,282916,25995826,91.8853,89473,493955728,1000
26050000,282928,26045797,92.05799999999999,89473,496913152,999
26100000,282936,26095774,92.2321,89473,499798278,1000
26150000,282950,26145753,92.4041,89473,502614981,1000
26200000,282955,26195734,92.5792,89473,505467505,1000
26250000,282965,26245708,92.7525,89473,508401524,999
26300000,282975,26295696,92.9259,89473,511117196,1000
26350000,282981,26345672,93.1005,89473,514021144,999
26400000,282986,26395659,93.2755,89473,517011326,999
26450000,282999,26445633,93.4478,89473,520010194,998
26500000,283005,26495606,93.6224,89473,522813136,1000
26550000,283012,26545585,93.7967,89473,525783486,998
26600000,283019,26595570,93.971,89473,528692973,1000
26650000,283026,26645547,94.1452,89473,531654432,999
26700000,283037,26695525,94.3181,89473,534500550,1000
26750000,283046,26745503,94.4917,89473,537452779,1000
26800000,283055,26795485,94.6653,89473,540423413,1000
26850000,283070,26845466,94.8368,89473,543395989,999
26900000,283080,26895449,95.0101,89473,546374455,1000
26950000,283089,26945430,95.1836,89473,549456069,1000
27000000,283096,26995411,95.3578,94342,552515360,999
27050000,283108,27045387,95.5303,94342,555501511,999
27100000,283121,27095373,95.7024,94342,558527693,1000
27150000,283135,27145358,95.8743,95908,561605522,1000
27200000,283143,27195338,96.0481,95908,564591470,999
27250000,283149,27245316,96.2225,96281,567729484,999
27300000,283155,27295296,96.397,96281,570773057,1000
27350000,283162,27345273,96.5711,96281,573918194,999
27400000,283173,27395251,96.7439,96281,577001514,1000
27450000,283183,27445233,96.917,96281,580152013,1000
27500000,283189,27495212,97.0914,96281,583381362,1000
27550000,283196,27545186,97.2654,96281,586498548,1000
27600000,283204,27595157,97.4391,96281,589644652,1000
27650000,283211,27645137,97.6132,96622,592887085,999
27700000,283222,27695124,97.7859,96622,596029733,1000
27750000,283228,27745096,97.9603,96622,599294547,998
