timestep,num_nodes,num_edges,average_degree,max_degree,num_triangles,new_edges
0,1761,1000,0.567859,3,0,1000
50000,43339,51000,1.17677,149,3,1000
100000,67279,101000,1.50121,306,31,1000
150000,85126,151000,1.77384,477,103,1000
200000,99335,201000,2.02346,613,226,1000
250000,111039,251000,2.26047,727,441,1000
300000,121029,300998,2.48699,918,917,1000
350000,129671,350997,2.70683,1122,1396,1000
400000,137452,400997,2.91736,1424,2029,1000
450000,144351,450997,3.12431,1424,2842,1000
500000,150530,500997,3.3282199999999995,1628,3798,1000
550000,156264,550997,3.5260599999999998,1759,4971,1000
600000,161445,600995,3.7226,1840,6398,1000
650000,166149,650995,3.91814,1999,7973,1000
700000,170557,700994,4.11003,2107,9983,1000
750000,174700,750993,4.29876,2107,12334,1000
800000,178546,800993,4.4862,2874,14968,1000
850000,182114,850993,4.67286,2874,17836,1000
900000,185474,900993,4.8577900000000005,2874,21169,1000
950000,188614,950993,5.042009999999999,2874,25001,1000
1000000,191592,1000993,5.22461,3110,29163,1000
1050000,194459,1050993,5.4047,3140,33896,1000
1100000,197247,1100993,5.5818,3216,39071,1000
1150000,199722,1150993,5.762980000000001,3524,44792,1000
1200000,202180,1200992,5.9402099999999995,3758,50777,1000
1250000,204499,1250990,6.11734,3761,57257,1000
1300000,206792,1300990,6.2913,4056,64253,1000
1350000,208968,1350990,6.46506,4056,71684,1000
1400000,210941,1400988,6.641610000000001,4056,80921,1000
1450000,212818,1450986,6.81797,4376,89938,1000
1500000,214621,1500985,6.99365,4878,100940,1000
1550000,216387,1550983,7.16763,4878,110891,1000
1600000,218021,1600980,7.34324,4992,121747,1000
1650000,219625,1650980,7.51727,5557,133352,1000
1700000,221166,1700979,7.6909600000000005,5557,145781,1000
1750000,222623,1750979,7.86522,5557,159067,1000
1800000,224098,1800977,8.03656,5557,172816,1000
1850000,225407,1850974,8.2117,6397,187206,1000
1900000,226699,1900972,8.38545,6397,202437,1000
1950000,227960,1950972,8.5584,6397,218970,1000
2000000,229233,2000970,8.72898,6397,235525,1000
2050000,230424,2050970,8.90085,7211,252912,1000
2100000,231608,2100967,9.07122,7211,272439,1000
2150000,232771,2150967,9.2407,7211,292902,1000
2200000,233894,2200965,9.4101,7646,312999,1000
2250000,234969,2250964,9.579830000000001,7646,334585,1000
2300000,236059,2300964,9.74741,7646,355726,1000
2350000,237056,2350962,9.91733,7646,382880,1000
2400000,238022,2400960,10.0871,7683,408525,1000
2450000,238960,2450960,10.2568,7781,434036,1000
2500000,239900,2500958,10.425,7945,460095,1000
2550000,240766,2550957,10.5952,8156,490721,1000
2600000,241635,2600955,10.764000000000001,9067,519310,1000
2650000,242392,2650955,10.9366,9067,550009,1000
2700000,243191,2700953,11.1063,9422,581058,1000
2750000,243992,2750950,11.2748,9422,613288,1000
2800000,244746,2800945,11.4443,9422,645970,1000
2850000,245449,2850943,11.6152,9422,679618,1000
2900000,246195,2900941,11.7831,9422,717597,1000
2950000,246867,2950937,11.9535,10227,756766,1000
3000000,247555,3000934,12.1223,10227,794741,1000
3050000,248233,3050931,12.2906,10227,833574,1000
3100000,248895,3100930,12.4588,10227,881900,1000
3150000,249507,3150927,12.6286,10227,925580,1000
3200000,250134,3200925,12.7968,10227,969867,1000
3250000,250732,3250921,12.9657,10312,1014163,1000
3300000,251283,3300918,13.1363,10486,1061623,1000
3350000,251832,3350916,13.3062,10486,1112046,1000
3400000,252355,3400914,13.4767,12019,1161893,1000
3450000,252881,3450912,13.6464,12019,1215567,1000
3500000,253389,3500909,13.8163,12019,1269072,1000
3550000,253853,3550905,13.988,12019,1323504,1000
3600000,254309,3600903,14.1596,12019,1379898,1000
3650000,254745,3650902,14.3316,12019,1439835,1000
3700000,255147,3700898,14.505,12019,1498799,1000
3750000,255591,3750893,14.6754,12019,1558631,1000
3800000,256048,3800888,14.8444,12078,1620499,1000
3850000,256474,3850885,15.0147,12078,1684784,1000
3900000,256905,3900883,15.1841,12078,1748669,1000
3950000,257324,3950880,15.3537,12553,1813123,1000
4000000,257688,4000877,15.5261,12669,1882077,1000
4050000,258051,4050873,15.698,14192,1952500,1000
4100000,258439,4100871,15.8678,14192,2028212,1000
4150000,258807,4150866,16.0385,14192,2101108,1000
4200000,259188,4200863,16.2078,14687,2176974,1000
4250000,259512,4250860,16.3802,14687,2253769,1000
4300000,259847,4300854,16.5515,14687,2333450,1000
4350000,260194,4350851,16.7216,14687,2411950,1000
4400000,260523,4400848,16.8924,14687,2502865,1000
4450000,260840,4450845,17.0635,15746,2589347,1000
4500000,261219,4500840,17.2301,15746,2674534,1000
4550000,261549,4550835,17.3996,15746,2761595,1000
4600000,261853,4600833,17.5703,16184,2853932,1000
4650000,262176,4650832,17.7394,16184,2946357,1000
4700000,262468,4700830,17.9101,16184,3044204,1000
4750000,262724,4750824,18.0829,16912,3145781,1000
4800000,263004,4800822,18.2538,16912,3245317,1000
4850000,263278,4850818,18.4247,17049,3345010,1000
4900000,263555,4900814,18.595,17049,3450552,1000
4950000,263825,4950811,18.7655,17049,3557723,1000
5000000,264101,5000808,18.9352,17565,3667947,1000
5050000,264342,5050808,19.1071,17565,3775166,1000
5100000,264587,5100802,19.2784,17948,3886531,1000
5150000,264838,5150801,19.4489,17948,4000415,1000
5200000,265091,5200797,19.6189,17948,4115319,999
5250000,265314,5250794,19.7909,17948,4236887,1000
5300000,265539,5300789,19.9624,17948,4356653,1000
5350000,265765,5350785,20.1335,17948,4480916,1000
5400000,265973,5400781,20.3057,17948,4604849,1000
5450000,266159,5450779,20.4794,17948,4729757,1000
5500000,266386,5500777,20.6496,17948,4859921,1000
5550000,266591,5550772,20.8213,17948,4991402,1000
5600000,266796,5600769,20.9927,17948,5122378,1000
5650000,266993,5650765,21.1645,17948,5258044,1000
5700000,267203,5700757,21.3349,18109,5402387,1000
5750000,267385,5750756,21.5074,18177,5540521,1000
5800000,267595,5800754,21.6774,18398,5681406,1000
5850000,267785,5850745,21.8487,18398,5822714,1000
5900000,267970,5900742,22.0202,18668,5971919,1000
5950000,268142,5950738,22.1925,18854,6118875,1000
6000000,268305,6000734,22.3653,20999,6265568,1000
6050000,268471,6050730,22.5377,20999,6417660,1000
6100000,268636,6100728,22.71,20999,6574870,1000
6150000,268827,6150725,22.8799,21575,6743383,1000
6200000,268977,6200721,23.053,21575,6906910,1000
6250000,269140,6250717,23.2248,21575,7075164,1000
6300000,269260,6300713,23.4001,21575,7237545,1000
6350000,269403,6350709,23.5733,21575,7414357,1000
6400000,269544,6400705,23.7464,22499,7590065,1000
6450000,269704,6450702,23.9177,22499,7770323,1000
6500000,269847,6500695,24.0903,22499,7955094,999
6550000,269991,6550688,24.2626,22499,8149078,1000
6600000,270129,6600680,24.4353,22499,8344645,1000
6650000,270262,6650672,24.6082,22499,8529201,1000
6700000,270393,6700668,24.7812,22499,8735248,1000
6750000,270508,6750658,24.9555,22499,8925123,1000
6800000,270645,6800652,25.1276,22499,9121897,1000
6850000,270757,6850648,25.3018,22499,9321777,1000
6900000,270880,6900639,25.4749,24317,9522521,1000
6950000,271006,6950632,25.6475,24482,9732537,1000
7000000,271125,7000627,25.8207,24482,9952788,1000
7050000,271233,7050621,25.9947,24773,10167966,999
7100000,271330,7100617,26.1697,24773,10389402,1000
7150000,271458,7150610,26.3415,24773,10617704,1000
7200000,271571,7200608,26.5146,24773,10831820,1000
7250000,271694,7250605,26.6867,24773,11051501,1000
7300000,271813,7300594,26.8589,25577,11282432,1000
7350000,271914,7350587,27.0328,25577,11519294,1000
7400000,272019,7400583,27.2061,25577,11749071,1000
7450000,272117,7450578,27.3801,25577,11996252,1000
7500000,272222,7500565,27.5531,26430,12231177,1000
7550000,272316,7550559,27.7272,26430,12468256,1000
7600000,272416,7600555,27.9005,26622,12715700,1000
7650000,272513,7650552,28.0741,26622,12960264,1000
7700000,272602,7700542,28.2483,26622,13208596,1000
7750000,272709,7750538,28.4205,26622,13460121,1000
7800000,272823,7800529,28.5919,26622,13721139,1000
7850000,272899,7850525,28.7671,27574,13990176,1000
7900000,272993,7900515,28.9404,27574,14250439,1000
7950000,273099,7950513,29.1122,27574,14518110,1000
8000000,273190,8000510,29.2855,27574,14791391,1000
8050000,273298,8050501,29.4569,27574,15065338,999
8100000,273385,8100496,29.6304,27574,15337692,1000
8150000,273495,8150493,29.8013,27574,15614452,999
8200000,273575,8200483,29.9753,27574,15908270,1000
8250000,273666,8250479,30.148000000000003,29364,16196632,1000
8300000,273763,8300470,30.3199,29364,16489963,1000
8350000,273837,8350463,30.4943,29718,16819007,1000
8400000,273915,8400457,30.6681,29718,17137197,999
8450000,273994,8450450,30.8417,29718,17453821,1000
8500000,274080,8500440,31.0144,30294,17767056,999
8550000,274158,8550435,31.188000000000002,30294,18085042,1000
8600000,274227,8600427,31.3624,30294,18400201,1000
8650000,274302,8650418,31.5361,30294,18708983,999
8700000,274361,8700410,31.7115,30294,19036137,1000
8750000,274445,8750406,31.884,30294,19353467,1000
8800000,274517,8800397,32.0577,30294,19705529,1000
8850000,274588,8850392,32.2315,30294,20076578,1000
8900000,274664,8900389,32.4046,30294,20421043,1000
8950000,274734,8950382,32.5784,30294,20751398,1000
9000000,274805,9000373,32.7519,30294,21109087,1000
9050000,274881,9050366,32.9247,30294,21459479,1000
9100000,274949,9100359,33.0984,30294,21811086,1000
9150000,275008,9150356,33.2731,30294,22166518,1000
9200000,275092,9200350,33.4446,30294,22523376,1000
9250000,275159,9250343,33.6182,30294,22883983,1000
9300000,275220,9300335,33.7924,33030,23244906,999
9350000,275272,9350332,33.9676,33030,23624913,1000
9400000,275346,9400325,34.14,33030,23995640,1000
9450000,275399,9450322,34.315,33030,24381110,1000
9500000,275468,9500314,34.4879,33030,24774248,1000
9550000,275533,9550311,34.6612,33421,25167451,1000
9600000,275597,9600301,34.8346,33421,25567835,1000
9650000,275652,9650293,35.009,34277,25950971,1000
9700000,275711,9700286,35.1828,34277,26341842,999
9750000,275771,9750276,35.3564,34277,26772065,1000
9800000,275831,9800271,35.53,34277,27188898,1000
9850000,275886,9850262,35.7041,34277,27602536,1000
9900000,275960,9900254,35.8757,34277,28023191,999
9950000,276017,9950242,36.0494,34277,28440589,999
10000000,276075,10000236,36.2229,34277,28878287,1000
10050000,276121,10050231,36.3979,34277,29328176,1000
10100000,276175,10100222,36.5718,35816,29822807,1000
10150000,276223,10150212,36.7464,35816,30245130,1000
10200000,276273,10200203,36.9207,35816,30695731,1000
10250000,276328,10250195,37.0943,35816,31140915,1000
10300000,276390,10300186,37.2669,35816,31599152,1000
10350000,276443,10350178,37.4406,35816,32055372,1000
10400000,276503,10400171,37.6132,35816,32512685,1000
10450000,276554,10450165,37.7871,36577,32970857,1000
10500000,276610,10500156,37.9601,36577,33452975,1000
10550000,276652,10550147,38.1351,36577,33911924,1000
10600000,276699,10600141,38.3093,36990,34378408,999
10650000,276747,10650131,38.4833,36990,34860879,1000
10700000,276804,10700126,38.656,37396,35348880,1000
10750000,276843,10750118,38.8311,37396,35849949,1000
10800000,276893,10800113,39.0046,37396,36335649,1000
10850000,276947,10850103,39.1775,37976,36829497,999
10900000,276994,10900098,39.3514,38597,37330181,1000
10950000,277030,10950088,39.5267,38785,37847811,1000
11000000,277085,11000079,39.6993,38785,38379353,1000
11050000,277127,11050078,39.8737,38785,38910482,1000
11100000,277184,11100063,40.0458,38785,39441284,1000
11150000,277235,11150058,40.2188,38785,39972912,999
11200000,277274,11200049,40.3934,39196,40501147,1000
11250000,277323,11250036,40.5665,39196,41027476,1000
11300000,277373,11300025,40.7395,39598,41577920,1000
11350000,277422,11350010,40.9124,39598,42118456,1000
11400000,277472,11400000,41.0852,39598,42651302,1000
11450000,277519,11449991,41.2584,40035,43200596,1000
11500000,277565,11499986,41.4317,40035,43764591,1000
11550000,277598,11549978,41.6068,40035,44324018,999
11600000,277637,11599972,41.7811,40035,44869797,1000
11650000,277675,11649967,41.9554,40035,45474422,1000
11700000,277724,11699959,42.128,40035,46061075,999
11750000,277764,11749953,42.3019,40035,46653718,1000
11800000,277806,11799945,42.4755,40035,47224092,999
11850000,277839,11849939,42.6504,41464,47832024,1000
11900000,277881,11899931,42.8238,41464,48435170,1000
11950000,277917,11949922,42.9982,41464,49061676,1000
12000000,277960,11999916,43.1714,41464,49658779,999
12050000,277999,12049906,43.3451,42195,50290137,999
12100000,278045,12099893,43.5178,42195,50919668,1000
12150000,278082,12149887,43.6917,42195,51553873,1000
12200000,278119,12199883,43.8657,42195,52172949,1000
12250000,278166,12249868,44.038000000000004,42195,52823952,1000
12300000,278198,12299860,44.2126,42195,53473268,1000
12350000,278234,12349848,44.3866,42195,54135218,1000
12400000,278283,12399835,44.5584,42195,54800503,1000
12450000,278321,12449825,44.7319,42195,55450933,1000
12500000,278351,12499813,44.9067,44239,56148171,1000
12550000,278393,12549802,45.0794,44239,56825381,999
12600000,278433,12599793,45.2525,44239,57522166,1000
12650000,278467,12649772,45.4265,44239,58199195,998
12700000,278497,12699768,45.6011,44239,58863966,1000
12750000,278529,12749761,45.7753,44239,59557837,1000
12800000,278559,12799752,45.9499,44239,60234547,1000
12850000,278606,12849742,46.1216,44239,60951578,1000
12900000,278631,12899732,46.2968,44239,61645767,1000
12950000,278660,12949726,46.4714,44239,62359436,1000
13000000,278682,12999713,46.6471,44239,63064277,1000
13050000,278715,13049709,46.821000000000005,44239,63795382,999
13100000,278753,13099704,46.9939,45751,64537724,1000
13150000,278789,13149689,47.1672,45751,65286324,1000
13200000,278819,13199679,47.3414,45751,66007894,1000
13250000,278849,13249668,47.5156,45751,66764146,1000
13300000,278875,13299665,47.6904,45751,67506622,1000
13350000,278907,13349653,47.8642,45751,68280911,999
13400000,278933,13399639,48.0389,45751,69028891,1000
13450000,278961,13449630,48.2133,47473,69772148,1000
13500000,278988,13499624,48.3878,47473,70562649,1000
13550000,279010,13549619,48.5632,47473,71327874,1000
13600000,279045,13599607,48.7363,47473,72118612,999
13650000,279075,13649590,48.9101,47473,72898809,1000
13700000,279104,13699576,49.0841,47473,73718245,1000
13750000,279123,13749569,49.2599,47473,74493332,1000
13800000,279152,13799560,49.4339,47473,75310991,999
13850000,279176,13849548,49.6087,47473,76129405,1000
13900000,279200,13899539,49.7834,47473,76961391,999
13950000,279220,13949528,49.9589,47473,77784478,1000
14000000,279235,13999524,50.1353,47473,78625410,1000
14050000,279265,14049515,50.3089,47473,79435768,1000
14100000,279297,14099502,50.4821,47473,80296993,999
14150000,279324,14149490,50.6562,47473,81152288,1000
14200000,279346,14199478,50.8311,47473,82037280,1000
14250000,279385,14249464,51.003,47473,82891778,1000
14300000,279431,14299453,51.1735,47473,83757127,1000
14350000,279461,14349445,51.3469,47473,84636058,1000
14400000,279483,14399434,51.5217,50186,85532201,1000
14450000,279504,14449427,51.6967,50186,86397001,1000
14500000,279532,14499411,51.8703,50186,87278624,1000
14550000,279560,14549399,52.0439,50186,88167644,1000
14600000,279577,14599392,52.2196,50958,89085537,1000
14650000,279601,14649375,52.3939,50958,89991859,1000
14700000,279629,14699367,52.5674,50958,90940478,1000
14750000,279654,14749359,52.7415,50958,91856631,1000
14800000,279674,14799350,52.9164,50958,92799740,1000
14850000,279699,14849338,53.0904,50958,93725516,999
14900000,279720,14899322,53.2651,50958,94650674,1000
14950000,279738,14949310,53.4404,50958,95593530,1000
15000000,279765,14999298,53.6139,50958,96575538,999
15050000,279792,15049288,53.7874,50958,97517375,1000
15100000,279813,15099274,53.961999999999996,50958,98468327,999
15150000,279835,15149264,54.1364,50958,99426816,1000
15200000,279855,15199254,54.3112,50958,100426656,1000
15250000,279878,15249245,54.4853,50958,101444040,1000
15300000,279903,15299233,54.6591,50958,102405126,1000
15350000,279929,15349228,54.8326,53510,103389377,1000
15400000,279944,15399219,55.0082,53510,104370499,998
15450000,279959,15449211,55.1838,53799,105364398,1000
15500000,279980,15499202,55.3582,53799,106391227,1000
15550000,279998,15549185,55.5332,53799,107469800,1000
15600000,280016,15599172,55.7081,53799,108510547,1000
15650000,280029,15649160,55.8841,53799,109521044,1000
15700000,280057,15699144,56.056999999999995,53799,110542498,1000
15750000,280083,15749136,56.2302,53799,111601339,1000
15800000,280107,15799125,56.4039,53799,112659637,1000
15850000,280130,15849117,56.5777,53799,113696014,1000
15900000,280154,15899106,56.7513,53799,114721856,1000
15950000,280180,15949094,56.9245,56407,115808505,1000
16000000,280202,15999085,57.0984,56407,116840207,1000
16050000,280223,16049076,57.2725,56407,117921510,1000
16100000,280248,16099065,57.4458,56407,118996497,1000
16150000,280258,16149047,57.6221,56407,120137713,1000
16200000,280279,16199041,57.7961,56407,121267518,1000
16250000,280296,16249026,57.971000000000004,56407,122346778,1000
16300000,280313,16299008,58.1457,56407,123448419,1000
16350000,280337,16348992,58.3191,56407,124533818,1000
16400000,280361,16398974,58.4924,56407,125667447,1000
16450000,280382,16448960,58.6662,57255,126783485,999
16500000,280401,16498948,58.8405,57255,127912579,1000
16550000,280419,16548935,59.015,57255,129071190,1000
16600000,280433,16598917,59.1903,57255,130246289,1000
16650000,280452,16648907,59.3646,57255,131484675,1000
16700000,280470,16698896,59.538999999999994,57255,132642733,1000
16750000,280486,16748886,59.7138,58210,133799641,999
16800000,280514,16798872,59.886,58210,135022935,999
16850000,280538,16848859,60.0591,58210,136217668,1000
16900000,280553,16898848,60.2341,58210,137408201,1000
16950000,280576,16948837,60.4073,58210,138642662,1000
17000000,280594,16998827,60.5816,58210,139842537,999
17050000,280613,17048818,60.7556,58210,141096607,1000
17100000,280629,17098802,60.9303,58210,142331715,1000
17150000,280636,17148788,61.1069,58210,143553136,998
17200000,280651,17198776,61.2817,58210,144766638,1000
17250000,280665,17248772,61.4568,58210,146003158,1000
17300000,280685,17298761,61.6305,58210,147290534,1000
17350000,280707,17348743,61.8037,58210,148593394,1000
17400000,280728,17398720,61.9771,58210,149828328,999
17450000,280749,17448705,62.1506,58210,151110407,1000
17500000,280769,17498701,62.3242,58210,152333032,1000
17550000,280785,17548685,62.4987,58210,153629765,1000
17600000,280802,17598676,62.6729,58210,154902546,1000
17650000,280818,17648658,62.8473,58210,156234944,1000
17700000,280831,17698649,63.0224,61713,157549556,1000
17750000,280846,17748639,63.1971,61822,158935445,999
17800000,280861,17798631,63.3717,61822,160231775,1000
17850000,280876,17848612,63.5462,61822,161594565,1000
17900000,280895,17898597,63.7199,61822,162965029,1000
17950000,280916,17948581,63.8931,61822,164260703,1000
18000000,280931,17998562,64.0676,61822,165593849,999
18050000,280946,18048544,64.242,61822,167010201,1000
18100000,280960,18098527,64.4167,61822,168378360,1000
18150000,280977,18148517,64.5908,61822,169732059,1000
18200000,280991,18198504,64.7654,61822,171121369,1000
18250000,281013,18248491,64.9382,61822,172497006,999
18300000,281037,18298478,65.1106,61822,173915591,999
18350000,281054,18348464,65.2845,61822,175363897,1000
18400000,281065,18398450,65.4598,64994,176825153,1000
18450000,281085,18448436,65.6329,64994,178277037,1000
18500000,281095,18498421,65.8084,64994,179710807,1000
18550000,281105,18548398,65.9839,64994,181113913,999
18600000,281119,18598387,66.1584,64994,182559407,1000
18650000,281134,18648373,66.3327,64994,184042417,1000
18700000,281148,18698359,66.5072,64994,185519313,1000
18750000,281165,18748346,66.6809,64994,187000460,1000
18800000,281181,18798331,66.8549,64994,188494751,999
18850000,281201,18848316,67.0279,64994,189953159,1000
18900000,281214,18898303,67.2026,64994,191475479,1000
18950000,281235,18948285,67.3753,64994,192954484,999
19000000,281256,18998270,67.548,64994,194511962,1000
19050000,281267,19048254,67.723,67404,196031902,1000
19100000,281286,19098237,67.8962,67404,197535762,999
19150000,281304,19148227,68.0695,67404,199170236,1000
19200000,281318,19198211,68.2438,67404,200696234,1000
19250000,281333,19248199,68.4179,67997,202262024,1000
19300000,281344,19298195,68.5929,67997,203753272,1000
19350000,281359,19348182,68.7669,67997,205293634,1000
19400000,281374,19398173,68.9409,67997,206895173,1000
19450000,281391,19448158,69.1144,67997,208485544,998
19500000,281404,19498141,69.2888,67997,210067693,1000
19550000,281417,19548129,69.4632,67997,211715598,1000
19600000,281437,19598106,69.6359,67997,213398145,1000
19650000,281458,19648092,69.8083,67997,215028340,1000
19700000,281479,19698079,69.9806,67997,216697168,999
19750000,281491,19748059,70.1552,68959,218300773,999
19800000,281507,19798042,70.3288,68959,219944277,1000
19850000,281529,19848026,70.5008,68959,221591082,1000
19900000,281545,19898004,70.6743,69434,223264337,1000
19950000,281559,19947986,70.8483,69434,224930121,1000
20000000,281572,19997961,71.0225,69796,226597968,999
20050000,281582,20047951,71.1976,69796,228240095,999
20100000,281590,20097933,71.373,69796,230003823,1000
20150000,281598,20147922,71.5485,69796,231733756,1000
20200000,281611,20197906,71.7227,69796,233456777,1000
20250000,281627,20247895,71.8961,69796,235160229,1000
20300000,281634,20297871,72.0718,69796,236898960,1000
20350000,281645,20347855,72.2465,69796,238627613,1000
20400000,281656,20397838,72.4211,69796,240309780,1000
20450000,281667,20447823,72.5957,69796,241978434,1000
20500000,281685,20497803,72.7685,71591,243730174,1000
20550000,281697,20547785,72.9429,71591,245465540,999
20600000,281712,20597770,73.1164,71591,247245897,999
20650000,281732,20647752,73.2886,71591,249105931,999
20700000,281746,20697736,73.4624,71591,250918896,1000
20750000,281758,20747713,73.6366,71591,252819750,999
20800000,281776,20797699,73.8093,71591,254608320,999
20850000,281787,20847685,73.9838,71591,256442332,1000
20900000,281801,20897668,74.1575,71591,258325214,1000
20950000,281815,20947647,74.3312,71591,260192980,1000
21000000,281822,20997628,74.5067,71591,262101156,999
21050000,281833,21047614,74.6812,71591,264008308,1000
21100000,281847,21097596,74.8548,73574,265887855,1000
21150000,281857,21147582,75.0295,73777,267810969,1000
21200000,281871,21197562,75.2031,73777,269668109,1000
21250000,281882,21247547,75.3775,73777,271529263,998
21300000,281889,21297527,75.5529,73777,273528323,999
21350000,281898,21347506,75.7278,73777,275470793,1000
21400000,281912,21397493,75.9013,73777,277373812,1000
21450000,281926,21447476,76.0748,73777,279281704,999
21500000,281941,21497465,76.2481,73777,281258299,999
21550000,281954,21547451,76.4219,73777,283150821,999
21600000,281965,21597437,76.5962,73777,285051600,1000
21650000,281979,21647418,76.7696,73777,286993870,1000
21700000,281994,21697390,76.9427,73777,288946966,999
21750000,282005,21747372,77.117,73777,290883305,1000
21800000,282021,21797353,77.2898,77071,292953371,1000
21850000,282032,21847335,77.464,77071,295036120,1000
21900000,282046,21897319,77.6374,77071,297002394,1000
21950000,282058,21947300,77.8113,77071,298970143,999
22000000,282075,21997282,77.9838,77071,301002588,1000
22050000,282087,22047263,78.1577,77071,303038930,999
22100000,282100,22097241,78.3312,77071,305087742,999
22150000,282113,22147221,78.5048,77071,307139285,1000
22200000,282125,22197205,78.6786,77071,309173120,1000
22250000,282137,22247194,78.8525,77071,311311974,999
22300000,282148,22297170,79.0265,77071,313368714,998
22350000,282160,22347153,79.2003,77071,315425185,1000
22400000,282170,22397137,79.3746,77071,317521168,1000
22450000,282187,22447117,79.547,77071,319731713,1000
22500000,282209,22497102,79.7179,77071,321874050,1000
22550000,282222,22547090,79.8913,78721,323919342,1000
22600000,282232,22597070,80.0656,78721,325943762,1000
22650000,282242,22647055,80.2398,78721,328089125,999
22700000,282251,22697036,80.4144,80051,330194651,1000
22750000,282259,22747020,80.5892,80051,332423422,1000
22800000,282265,22797003,80.7645,80460,334543010,1000
22850000,282282,22846996,80.9368,80460,336724261,1000
22900000,282295,22896977,81.1101,80710,338898414,1000
22950000,282302,22946965,81.2852,80710,341026728,1000
23000000,282313,22996946,81.459,80710,343208254,1000
23050000,282320,23046922,81.634,80710,345425301,999
23100000,282333,23096910,81.8073,80710,347760514,1000
23150000,282349,23146893,81.9797,80710,350012019,1000
23200000,282360,23196870,82.1535,80710,352206008,999
23250000,282366,23246853,82.3288,80710,354449116,1000
23300000,282377,23296835,82.5026,81397,356618244,1000
23350000,282387,23346817,82.6767,81397,358850818,1000
23400000,282398,23396803,82.8505,81397,361096008,1000
23450000,282408,23446782,83.0245,81397,363419340,999
23500000,282417,23496756,83.1988,81397,365692484,1000
23550000,282426,23546740,83.3731,81397,368047166,1000
23600000,282434,23596719,83.5477,81397,370364988,1000
23650000,282448,23646699,83.7205,81397,372654898,1000
23700000,282458,23696682,83.8945,81397,374939659,1000
23750000,282469,23746673,84.0682,81397,377222873,999
23800000,282481,23796661,84.2416,81397,379615139,1000
23850000,282488,23846640,84.4165,81397,382000688,999
23900000,282501,23896619,84.5895,81397,384411812,1000
23950000,282510,23946600,84.7637,81397,386744968,1000
24000000,282519,23996586,84.93799999999999,81397,389161621,999
24050000,282534,24046564,85.1103,81397,391635285,1000
24100000,282542,24096538,85.2848,81397,394041890,1000
24150000,282552,24146527,85.4587,81397,396455046,999
24200000,282558,24196510,85.6338,81397,398975633,1000
24250000,282571,24246495,85.8067,81397,401377295,1000
24300000,282577,24296483,85.9818,81397,403811604,1000
24350000,282585,24346463,86.1562,81397,406261099,1000
24400000,282592,24396444,86.331,81397,408735665,999
24450000,282607,24446426,86.5033,81397,411209800,1000
24500000,282622,24496408,86.6755,81397,413704204,1000
24550000,282630,24546392,86.8499,81397,416196208,999
24600000,282636,24596377,87.0249,81397,418748635,999
24650000,282648,24646357,87.1981,81397,421236304,1000
24700000,282655,24696342,87.3727,81397,423831642,1000
24750000,282663,24746320,87.5471,81397,426491614,999
24800000,282671,24796297,87.7214,87629,428966580,999
24850000,282678,24846275,87.896,87629,431558332,1000
24900000,282690,24896263,88.0691,87629,434103336,1000
24950000,282701,24946244,88.2425,87629,436668894,999
25000000,282713,24996216,88.4155,87629,439339329,999
25050000,282720,25046204,88.5901,87629,441957481,1000
25100000,282726,25096189,88.7651,87629,444629981,1000
25150000,282734,25146163,88.9393,87629,447249498,999
25200000,282746,25196144,89.1123,87629,449957582,999
25250000,282751,25246128,89.2875,87629,452617669,1000
25300000,282760,25296106,89.4614,88519,455260314,1000
25350000,282770,25346076,89.635,88519,457918219,1000
25400000,282775,25396061,89.8101,88519,460608693,1000
25450000,282785,25446044,89.9837,88519,463326723,1000
25500000,282791,25496025,90.1585,88519,466008905,1000
25550000,282802,25545994,90.3317,88519,468660160,1000
25600000,282817,25595983,90.5037,88519,471360268,1000
25650000,282826,25645959,90.6775,90571,474090120,1000
25700000,282831,25695943,90.8526,90571,476758544,1000
25750000,282841,25745929,91.0262,90571,479430878,999
25800000,282852,25795912,91.1993,90571,482228688,1000
25850000,282861,25845895,91.3731,90571,484964948,1000
25900000,282866,25895881,91.5482,91386,487801251,1000
25950000,282879,25945855,91.7207,91386,490583418,998
26000000,282885,25995842,91.8954,91386,493463593,1000
26050000,282896,26045824,92.0685,91386,496243657,1000
26100000,282907,26095805,92.2416,91386,499103098,1000
26150000,282916,26145791,92.4154,91386,501993025,1000
26200000,282931,26195766,92.5871,91386,504948552,1000
26250000,282946,26245750,92.7589,91386,507863766,1000
26300000,282955,26295730,92.9326,91386,510860095,999
26350000,282961,26345711,93.1072,91386,513778820,1000
26400000,282970,26395690,93.2809,91386,516758086,999
26450000,282981,26445660,93.4538,92515,519718135,1000
26500000,282992,26495641,93.6268,92515,522634064,1000
26550000,283003,26545619,93.7998,92983,525529728,1000
26600000,283013,26595600,93.9731,93155,528506243,1000
26650000,283017,26645571,94.1483,93155,531436364,1000
26700000,283028,26695544,94.3212,93155,534396373,999
26750000,283036,26745521,94.4951,93155,537332946,1000
26800000,283045,26795503,94.6687,93155,540194793,1000
26850000,283052,26845483,94.8429,93155,543250401,999
26900000,283063,26895468,95.0158,93155,546245507,1000
26950000,283068,26945441,95.1907,94274,549358213,999
27000000,283081,26995422,95.3629,94555,552467140,1000
27050000,283088,27045405,95.5371,94555,555374303,1000
27100000,283100,27095386,95.7096,94555,558415419,999
27150000,283111,27145362,95.8824,94953,561545399,999
27200000,283117,27195344,96.0569,94953,564599744,1000
27250000,283130,27245329,96.229,94953,567707836,1000
27300000,283141,27295312,96.4018,94953,570845163,1000
27350000,283152,27345286,96.5746,94953,573910221,1000
27400000,283165,27395261,96.7466,94953,577122151,1000
27450000,283178,27445240,96.9187,94953,580253680,1000
27500000,283184,27495226,97.0931,94953,583397684,1000
27550000,283197,27545207,97.2652,94953,586455335,999
27600000,283205,27595181,97.4389,94953,589711543,999
27650000,283213,27645158,97.6126,94953,592885119,1000
27700000,283220,27695130,97.7866,94953,596051702,1000
27750000,283228,27745097,97.9603,94953,599303955,998
