timestep,num_nodes,num_edges,average_degree,max_degree,num_triangles,new_edges
0,1973,1000,0.506842,4,0,1000
50000,84060,50995,0.60665,107,0,1000
100000,151454,100968,0.666658,190,0,999
150000,211315,150922,0.714204,282,2,1000
200000,266311,200855,0.754212,408,2,998
250000,317321,250786,0.790323,507,10,998
300000,365176,300691,0.823414,615,16,998
350000,410829,350568,0.853319,729,25,998
400000,454027,400432,0.881956,831,33,998
450000,495105,450293,0.9094899999999999,933,44,998
500000,534997,500132,0.934831,1029,59,997
550000,573125,549973,0.9596040000000001,1137,77,994
600000,609397,599784,0.984225,1249,97,994
650000,644694,649577,1.00757,1357,134,997
700000,678830,699370,1.03026,1465,168,998
750000,712086,749139,1.05203,1584,192,998
800000,743698,798888,1.07421,1683,236,997
850000,774942,848584,1.09503,1786,271,991
900000,805401,898305,1.11535,1902,326,993
950000,835078,948021,1.13525,2006,374,989
1000000,863746,997720,1.15511,2104,415,995
1050000,891641,1047405,1.17469,2206,477,994
1100000,918839,1097087,1.1939899999999999,2311,558,992
1150000,945250,1146734,1.21315,2417,646,991
1200000,970954,1196381,1.23217,2534,816,994
1250000,996235,1245992,1.2507,2632,919,994
1300000,1020899,1295603,1.26908,2734,1027,993
1350000,1044911,1345167,1.28735,2821,1329,989
1400000,1068597,1394725,1.30519,2916,1458,991
1450000,1091676,1444278,1.3229899999999999,3033,1606,992
1500000,1114269,1493837,1.34064,3144,1771,989
1550000,1136561,1543353,1.35791,3260,1929,990
1600000,1158340,1592886,1.37515,3358,2072,996
1650000,1179684,1642376,1.39222,3463,2246,988
1700000,1200503,1691868,1.4093,3549,2436,986
1750000,1220998,1741365,1.42618,3650,2638,987
1800000,1241010,1790851,1.44306,3730,2864,991
1850000,1260823,1840335,1.45963,3836,3068,988
1900000,1280067,1889784,1.47632,3936,3287,990
1950000,1299039,1939209,1.4928,4055,3577,985
2000000,1317753,1988603,1.50909,4157,3857,993
2050000,1336320,2037985,1.5250700000000001,4266,4080,984
2100000,1354305,2087374,1.54129,4372,4353,987
2150000,1371767,2136764,1.55767,4488,4676,989
2200000,1389056,2186140,1.5738299999999998,4614,4985,990
2250000,1406158,2235528,1.58981,4729,5312,989
2300000,1422722,2284877,1.60599,4821,5677,991
2350000,1439357,2334187,1.6216899999999999,4926,6051,979
2400000,1455444,2383526,1.6376600000000001,5044,6534,987
2450000,1471258,2432867,1.6536,5166,6908,988
2500000,1486851,2482089,1.66936,5264,7292,988
2550000,1502180,2531327,1.6851,5366,7673,992
2600000,1517490,2580525,1.70052,5465,8090,982
2650000,1532436,2629795,1.7160900000000001,5591,8546,985
2700000,1547174,2679050,1.73158,5670,9001,980
2750000,1561736,2728299,1.7469700000000001,5775,9476,987
2800000,1575987,2777528,1.7624099999999998,5867,10065,984
2850000,1589980,2826702,1.7778200000000002,5971,10598,983
2900000,1603789,2875911,1.7932,6076,11118,981
2950000,1617268,2925103,1.80867,6189,11680,982
3000000,1630597,2974221,1.82401,6276,12249,975
3050000,1643834,3023340,1.8392,6366,12851,983
3100000,1656842,3072473,1.8544200000000002,6468,13477,989
3150000,1669601,3121579,1.8696599999999999,6567,14104,981
3200000,1682155,3170668,1.8848799999999999,6669,14737,981
3250000,1694510,3219741,1.9001,6755,15355,980
3300000,1706699,3268784,1.91527,6850,16091,981
3350000,1718840,3317875,1.9303,6951,16804,982
3400000,1730649,3366892,1.94545,7076,17543,978
3450000,1742207,3415941,1.9607,7169,18249,987
3500000,1753765,3464936,1.9757099999999999,7283,19005,982
3550000,1765288,3513942,1.99058,7372,19772,976
3600000,1776637,3562915,2.00543,7487,20553,971
3650000,1787826,3611870,2.02026,7571,21353,983
3700000,1798583,3660749,2.03535,7672,22227,974
3750000,1809409,3709712,2.05023,7779,23149,980
3800000,1820009,3758679,2.0652,7886,24029,983
3850000,1830314,3807617,2.08031,7989,24885,978
3900000,1840715,3856541,2.0951299999999997,8116,25823,979
3950000,1850771,3905483,2.1101900000000002,8222,26681,979
4000000,1860778,3954327,2.12509,8310,27640,983
4050000,1870529,4003188,2.14014,8406,28650,984
4100000,1880173,4052059,2.15515,8501,29637,979
4150000,1889803,4100921,2.17003,8607,30634,979
4200000,1899201,4149779,2.1850099999999997,8714,31632,984
4250000,1908593,4198676,2.19988,8820,32685,972
4300000,1917826,4247540,2.21477,8919,33710,978
4350000,1926846,4296412,2.2297599999999997,9018,34892,981
4400000,1935692,4345243,2.2448,9127,36185,981
4450000,1944465,4394073,2.25979,9235,37475,971
4500000,1953181,4442946,2.27472,9346,39123,976
4550000,1961833,4491646,2.28951,9445,40306,968
4600000,1970286,4540441,2.3044599999999997,9546,41563,980
4650000,1978729,4589195,2.31926,9665,42783,977
4700000,1986979,4637969,2.33418,9773,44093,979
4750000,1995116,4686677,2.34907,9885,45517,966
4800000,2003212,4735360,2.36388,9996,46927,972
4850000,2011081,4784110,2.37887,10107,48278,967
4900000,2018737,4832848,2.394,10220,50022,977
4950000,2026291,4881511,2.40909,10337,51512,971
5000000,2033864,4930149,2.42403,10442,53008,985
5050000,2041285,4978824,2.43906,10535,54507,974
5100000,2048555,5027435,2.45414,10628,55995,968
5150000,2055772,5076100,2.46919,10737,57654,974
5200000,2062872,5124762,2.48429,10850,59788,980
5250000,2069998,5173339,2.4992,10968,61389,976
5300000,2077008,5221891,2.5141400000000003,11078,62922,973
5350000,2083913,5270493,2.52913,11201,64696,981
5400000,2090801,5319061,2.54403,11296,67001,965
5450000,2097646,5367670,2.5589,11414,68700,965
5500000,2104108,5416204,2.5741099999999997,11528,70518,965
5550000,2110536,5464765,2.58928,11622,72291,975
5600000,2117105,5513287,2.60416,11719,74098,968
5650000,2123408,5561789,2.61927,11822,75882,966
5700000,2129532,5610318,2.63453,11928,77945,966
5750000,2135679,5658742,2.64962,12018,79966,972
5800000,2141682,5707237,2.6648400000000003,12131,82032,976
