timestep,num_nodes,num_edges,average_degree,max_degree,num_triangles,new_edges
0,1977,1000,0.505817,3,0,1000
50000,83868,50990,0.607979,107,1,998
100000,151441,100960,0.666662,229,1,1000
150000,211371,150915,0.713982,339,2,998
200000,266677,200851,0.753162,438,3,999
250000,317829,250779,0.789038,547,6,1000
300000,365675,300692,0.822293,661,8,996
350000,411079,350604,0.8528870000000001,750,15,996
400000,454247,400477,0.8816280000000001,857,25,999
450000,495261,450338,0.909294,950,33,997
500000,534846,500187,0.935198,1051,45,996
550000,572749,550007,0.9602930000000001,1164,66,995
600000,609517,599800,0.984058,1262,86,1000
650000,645008,649625,1.00716,1351,112,993
700000,678900,699432,1.03024,1465,143,995
750000,711840,749185,1.05246,1591,169,995
800000,743785,798918,1.07412,1691,216,993
850000,774792,848667,1.09535,1798,269,994
900000,805008,898382,1.11599,1890,311,990
950000,834300,948088,1.13639,2008,365,994
1000000,863212,997761,1.1558700000000002,2110,439,995
1050000,890869,1047494,1.17581,2211,506,995
1100000,917978,1097134,1.19516,2305,576,990
1150000,944641,1146771,1.2139799999999998,2402,643,993
1200000,970595,1196419,1.2326700000000002,2503,743,992
1250000,995826,1246031,1.25125,2584,842,990
1300000,1020478,1295645,1.26965,2686,944,992
1350000,1044658,1345243,1.2877399999999999,2783,1037,990
1400000,1068035,1394825,1.30597,2896,1163,988
1450000,1091040,1444412,1.32389,3005,1287,989
1500000,1113780,1493943,1.34133,3092,1412,992
1550000,1135985,1543468,1.3587,3205,1564,991
1600000,1157562,1592971,1.37614,3313,1717,985
1650000,1178718,1642503,1.39347,3423,1871,993
1700000,1199695,1692006,1.41036,3542,2047,993
1750000,1220168,1741505,1.42727,3628,2247,996
1800000,1240188,1791020,1.44415,3739,2426,992
1850000,1260075,1840536,1.46066,3833,2624,991
1900000,1279504,1889991,1.4771299999999998,3955,2856,988
1950000,1298400,1939441,1.4937200000000002,4064,3138,988
2000000,1317004,1988852,1.51013,4178,3394,988
2050000,1335233,2038223,1.52649,4271,3642,983
2100000,1353307,2087585,1.5425799999999998,4366,3927,988
2150000,1371038,2136952,1.55864,4462,4195,993
2200000,1388374,2186307,1.5747200000000001,4555,4506,977
2250000,1405292,2235623,1.59086,4663,4798,989
2300000,1422012,2284937,1.60683,4773,5124,989
2350000,1438488,2334281,1.62273,4858,5455,986
2400000,1454657,2383587,1.6385900000000002,4957,5852,988
2450000,1470803,2432894,1.6541299999999999,5063,6208,989
2500000,1486586,2482197,1.66973,5167,6558,991
2550000,1502036,2531482,1.68537,5272,6971,983
2600000,1517124,2580762,1.7010900000000002,5390,7403,990
2650000,1532135,2629974,1.7165400000000002,5503,7860,984
2700000,1546929,2679217,1.73196,5600,8271,988
2750000,1561519,2728411,1.74728,5696,8725,979
2800000,1575750,2777650,1.76275,5808,9156,982
2850000,1589611,2826831,1.7783200000000001,5912,9678,981
2900000,1603464,2876039,1.7936400000000001,6004,10215,987
2950000,1617109,2925229,1.80893,6105,10798,982
3000000,1630504,2974375,1.8242099999999999,6208,11375,982
3050000,1643668,3023522,1.8395,6299,11942,982
3100000,1656576,3072696,1.85485,6400,12515,986
3150000,1669285,3121799,1.8701400000000001,6501,13055,983
3200000,1681995,3170947,1.88523,6602,13658,987
3250000,1694415,3220035,1.90038,6707,14328,979
3300000,1706540,3269108,1.9156400000000002,6807,15007,978
3350000,1718612,3318173,1.9307299999999998,6910,15657,984
3400000,1730491,3367232,1.94582,7027,16348,976
3450000,1742163,3416193,1.9608900000000002,7145,17229,980
3500000,1753705,3465245,1.97596,7255,17976,979
3550000,1764965,3514291,1.9911400000000001,7364,18717,975
3600000,1776125,3563251,2.00619,7479,19740,983
3650000,1787235,3612272,2.02115,7592,20539,977
3700000,1798272,3661226,2.0359700000000003,7696,21509,976
3750000,1809024,3710201,2.05094,7801,22649,977
3800000,1819633,3759173,2.0659,7888,23448,975
3850000,1830130,3808067,2.0807599999999997,7968,24371,977
3900000,1840414,3856994,2.09572,8058,25402,982
3950000,1850701,3905871,2.11048,8128,26265,977
4000000,1860677,3954797,2.12546,8235,27791,985
4050000,1870556,4003714,2.14039,8333,28790,976
4100000,1880295,4052630,2.15532,8420,29728,986
4150000,1889869,4101506,2.17026,8541,31037,982
4200000,1899309,4150325,2.18518,8649,32142,977
4250000,1908725,4199159,2.19998,8757,33238,991
4300000,1917981,4247996,2.21483,8863,34381,973
4350000,1926936,4296833,2.22988,8974,35481,978
4400000,1935875,4345630,2.24479,9085,36614,973
4450000,1944599,4394416,2.25981,9201,37850,975
4500000,1953230,4443132,2.2747599999999997,9318,39083,979
4550000,1961929,4491929,2.28955,9428,40442,968
4600000,1970443,4540707,2.30441,9537,41953,973
4650000,1978951,4589395,2.3191,9632,43337,969
4700000,1987074,4638173,2.33417,9729,44660,978
4750000,1995097,4686917,2.34922,9856,45962,980
4800000,2003117,4735597,2.3641099999999997,9960,47271,969
4850000,2011000,4784326,2.37908,10084,48651,973
4900000,2018773,4832985,2.3940200000000003,10191,50108,980
4950000,2026403,4881744,2.4090700000000003,10293,52024,978
5000000,2034112,4930424,2.42387,10390,53395,967
5050000,2041601,4979056,2.4388,10478,54781,972
5100000,2048890,5027661,2.45385,10590,56430,976
5150000,2056175,5076309,2.46881,10717,57967,982
5200000,2063179,5124923,2.4839900000000004,10822,59627,970
5250000,2070067,5173477,2.49918,10924,61758,972
5300000,2077198,5222015,2.51397,11035,63259,971
5350000,2084081,5270607,2.52898,11139,64895,968
5400000,2090762,5319236,2.5441599999999998,11245,66612,972
5450000,2097424,5367801,2.55924,11340,68353,969
5500000,2104050,5416295,2.57422,11462,70369,962
5550000,2110544,5464823,2.5893,11573,72185,955
5600000,2116932,5513300,2.60438,11681,74028,978
5650000,2123205,5561797,2.61953,11796,75897,962
5700000,2129451,5610283,2.63461,11912,77927,974
5750000,2135563,5658745,2.64977,12019,79969,974
5800000,2141606,5707229,2.66493,12118,82073,970
