timestep,num_nodes,num_edges,average_degree,max_degree,num_triangles,new_edges
0,1982,1000,0.504541,3,0,1000
50000,84059,50996,0.606669,124,0,999
100000,151643,100967,0.66582,253,0,1000
150000,211718,150924,0.712854,359,10,999
200000,266661,200872,0.753286,473,14,999
250000,318191,250793,0.788184,584,18,999
300000,366257,300725,0.821076,699,24,1000
350000,411664,350645,0.851775,825,34,1000
400000,454922,400525,0.880426,930,43,994
450000,496478,450410,0.9072100000000001,1033,58,995
500000,535941,500245,0.9333959999999999,1142,73,998
550000,573648,550071,0.9589,1244,89,995
600000,610325,599886,0.9828959999999999,1337,115,995
650000,645668,649681,1.0062200000000001,1435,141,999
700000,679594,699475,1.02925,1540,262,999
750000,712450,749234,1.0516299999999998,1635,313,997
800000,744598,798966,1.07302,1749,351,995
850000,775845,848684,1.09388,1852,404,999
900000,805955,898415,1.1147200000000002,1949,461,992
950000,835243,948107,1.13513,2039,521,995
1000000,863867,997819,1.15506,2160,579,995
1050000,891776,1047507,1.1746299999999998,2259,642,993
1100000,919031,1097171,1.19383,2381,718,998
1150000,945491,1146843,1.21296,2463,806,990
1200000,971139,1196486,1.23204,2569,906,995
1250000,996723,1246071,1.25017,2647,997,990
1300000,1021337,1295661,1.2685899999999999,2753,1114,994
1350000,1045164,1345237,1.28711,2864,1275,986
1400000,1068860,1394826,1.30497,2962,1402,984
1450000,1091800,1444375,1.32293,3081,1523,992
1500000,1114370,1493905,1.3405799999999999,3176,1753,991
1550000,1136657,1543465,1.3579,3269,1903,990
1600000,1158265,1592985,1.37532,3358,2083,991
1650000,1179386,1642474,1.39265,3468,2278,994
1700000,1200133,1691957,1.40981,3574,2432,990
1750000,1220354,1741399,1.42696,3686,2705,990
1800000,1240589,1790872,1.44357,3786,2919,987
1850000,1260395,1840340,1.46013,3889,3150,988
1900000,1279709,1889817,1.47676,3963,3355,993
1950000,1298540,1939212,1.49338,4048,3622,987
2000000,1317176,1988642,1.50978,4165,3903,991
2050000,1335605,2038050,1.52594,4271,4139,990
2100000,1353811,2087429,1.54189,4366,4439,988
2150000,1371506,2136820,1.5580100000000001,4484,4696,986
2200000,1389055,2186141,1.5738299999999998,4585,5013,985
2250000,1405992,2235514,1.58999,4690,5395,984
2300000,1422581,2284870,1.60614,4800,5711,989
2350000,1439130,2334186,1.62194,4926,6041,987
2400000,1455280,2383493,1.63782,5040,6408,987
2450000,1471068,2432801,1.65377,5138,6971,987
2500000,1486801,2482128,1.66944,5232,7733,980
2550000,1502323,2531412,1.685,5315,8177,980
2600000,1517431,2580649,1.7006700000000001,5423,8581,989
2650000,1532314,2629909,1.7163,5516,9050,983
2700000,1547078,2679148,1.73175,5624,9475,980
2750000,1561624,2728390,1.74715,5726,9916,982
2800000,1575792,2777624,1.76268,5823,10445,986
2850000,1589949,2826759,1.7778900000000002,5921,10939,979
2900000,1603700,2875911,1.7933,6025,11529,984
2950000,1617496,2925073,1.8084,6117,12116,988
3000000,1630938,2974186,1.8236,6224,12712,980
3050000,1644007,3023367,1.83902,6322,13263,986
3100000,1656987,3072526,1.85428,6430,13918,984
3150000,1669821,3121600,1.86942,6539,14516,981
3200000,1682341,3170725,1.8847099999999999,6658,15208,991
3250000,1694874,3219827,1.8997400000000002,6762,15936,985
3300000,1707110,3268901,1.91487,6868,16578,977
3350000,1719283,3317985,1.92987,6971,17304,976
3400000,1731193,3367098,1.9449599999999998,7057,18015,985
3450000,1742804,3416079,1.9601099999999998,7161,18719,982
3500000,1754332,3465124,1.97518,7282,19455,988
3550000,1765620,3514124,1.9903099999999998,7369,20224,983
3600000,1776940,3563094,2.0051900000000002,7491,21376,984
3650000,1788064,3612062,2.0201,7595,22194,973
3700000,1799064,3661024,2.03496,7697,23005,981
3750000,1809672,3710017,2.0501,7815,23891,983
3800000,1820297,3758971,2.06503,7909,24763,978
3850000,1830683,3807915,2.08005,8007,25642,987
3900000,1841119,3856838,2.09483,8107,26596,971
3950000,1851291,3905767,2.10975,8217,27586,977
4000000,1861260,3954658,2.12472,8318,28509,978
4050000,1871211,4003554,2.13955,8427,29547,970
4100000,1880929,4052349,2.15444,8552,30522,975
4150000,1890543,4101291,2.1693700000000002,8654,31591,975
4200000,1900018,4150196,2.1842900000000003,8763,32652,974
4250000,1909459,4199050,2.19908,8850,33658,970
4300000,1918786,4247920,2.21386,8975,34981,982
4350000,1927952,4296749,2.2286599999999996,9066,36109,980
4400000,1936735,4345523,2.2437400000000003,9176,37356,972
4450000,1945661,4394332,2.25853,9295,38458,982
4500000,1954355,4443085,2.27343,9401,39734,980
4550000,1962807,4491890,2.2885,9514,41111,978
4600000,1971254,4540643,2.30343,9614,42413,972
4650000,1979500,4589409,2.31847,9698,43726,974
4700000,1987741,4638137,2.33337,9789,45136,972
4750000,1995691,4686846,2.34848,9891,46564,983
4800000,2003658,4735585,2.36347,10016,47971,968
4850000,2011628,4784225,2.3782900000000002,10128,49352,966
4900000,2019321,4832852,2.39331,10238,50733,976
4950000,2027003,4881472,2.40822,10320,52145,970
5000000,2034525,4930138,2.4232400000000003,10431,53629,965
5050000,2041832,4978798,2.4384,10538,55152,970
5100000,2049197,5027418,2.45336,10640,56773,970
5150000,2056443,5076054,2.46837,10745,58516,974
5200000,2063611,5124690,2.48336,10842,60192,981
5250000,2070572,5173274,2.49848,10946,61740,974
5300000,2077612,5221873,2.5134,11051,63614,977
5350000,2084280,5270444,2.52866,11168,65319,981
5400000,2090945,5319005,2.54383,11277,67111,976
5450000,2097438,5367595,2.55912,11394,68832,968
5500000,2104086,5416110,2.57409,11488,70533,962
5550000,2110521,5464686,2.58926,11580,72537,971
5600000,2116964,5513277,2.60433,11691,74356,971
5650000,2123127,5561796,2.6196200000000003,11811,76216,975
5700000,2129306,5610322,2.63481,11917,78035,967
5750000,2135536,5658793,2.64982,12019,80043,975
5800000,2141530,5707246,2.66503,12131,82089,963
