timestep,num_nodes,num_edges,average_degree,max_degree,num_triangles,new_edges
0,1976,1000,0.506073,3,0,1000
50000,84070,50987,0.606483,103,0,999
100000,151775,100954,0.6651560000000001,234,0,999
150000,212086,150916,0.711579,349,0,1000
200000,267059,200856,0.752103,459,3,1000
250000,318271,250777,0.787935,574,9,999
300000,366296,300683,0.820874,659,13,999
350000,411395,350572,0.8521540000000001,749,17,997
400000,454609,400449,0.880865,858,99,1000
450000,495611,450288,0.908551,958,133,998
500000,534905,500154,0.935033,1061,153,997
550000,572776,549975,0.960192,1165,172,998
600000,609244,599801,0.9845,1261,205,996
650000,644492,649607,1.00794,1373,251,993
700000,678493,699398,1.03081,1472,373,996
750000,711597,749188,1.05283,1593,412,996
800000,743818,798954,1.07413,1707,487,994
850000,774751,848705,1.09546,1813,547,996
900000,804895,898427,1.1162,1926,611,995
950000,834281,948100,1.1364299999999998,2049,677,995
1000000,862534,997764,1.15678,2154,752,993
1050000,890214,1047440,1.17662,2259,823,995
1100000,917353,1097143,1.1959899999999999,2365,902,994
1150000,943783,1146806,1.21512,2444,1018,996
1200000,969902,1196451,1.23358,2536,1134,989
1250000,995275,1246100,1.2520200000000001,2639,1247,989
1300000,1020018,1295682,1.27025,2751,1369,991
1350000,1044079,1345227,1.28843,2868,1496,990
1400000,1067813,1394805,1.30623,2953,1628,990
1450000,1090869,1444390,1.32407,3063,1771,990
1500000,1113543,1493954,1.34162,3180,1915,994
1550000,1135823,1543498,1.3589200000000001,3295,2087,993
1600000,1157716,1593030,1.37601,3398,2242,989
1650000,1179128,1642533,1.39301,3491,2445,988
1700000,1200127,1692044,1.4098899999999999,3604,2654,993
1750000,1220673,1741560,1.42672,3725,2863,995
1800000,1240665,1791021,1.4436,3842,3058,982
1850000,1260383,1840459,1.46024,3955,3275,988
1900000,1279674,1889941,1.47689,4046,3514,992
1950000,1298711,1939363,1.4933,4137,3763,988
2000000,1317471,1988784,1.50955,4255,4034,983
2050000,1335939,2038176,1.52565,4377,4295,989
2100000,1353961,2087600,1.54185,4484,4621,989
2150000,1371707,2136962,1.55789,4575,4936,988
2200000,1389285,2186296,1.57368,4684,5251,982
2250000,1406256,2235632,1.58978,4784,5556,987
2300000,1423100,2285010,1.60566,4889,5854,986
2350000,1439646,2334302,1.62144,4983,6233,991
2400000,1455942,2383609,1.63716,5096,6639,975
2450000,1471777,2432855,1.6530099999999999,5202,7049,977
2500000,1487468,2482138,1.6687,5321,7458,987
2550000,1502989,2531424,1.6842599999999999,5439,8023,983
2600000,1518190,2580686,1.6998400000000002,5558,8469,987
2650000,1533236,2629954,1.7153,5675,8951,992
2700000,1547905,2679144,1.73082,5778,9379,982
2750000,1562614,2728390,1.74604,5885,9845,987
2800000,1576741,2777577,1.7615900000000002,5990,10350,994
2850000,1590769,2826750,1.7769700000000002,6094,10900,983
2900000,1604682,2875955,1.79223,6186,11409,976
2950000,1618364,2925154,1.80748,6286,11976,983
3000000,1631723,2974292,1.8227900000000001,6388,12753,983
3050000,1644905,3023445,1.83807,6484,13341,989
3100000,1657652,3072579,1.8535700000000002,6568,13910,992
3150000,1670412,3121709,1.86883,6670,14573,976
3200000,1683026,3170904,1.88405,6771,15203,984
3250000,1695434,3219991,1.8992099999999998,6878,15948,981
3300000,1707826,3269083,1.91418,6980,16619,984
3350000,1719860,3318111,1.9292900000000002,7086,17271,985
3400000,1731640,3367120,1.9444700000000001,7180,17942,981
3450000,1743419,3416168,1.9594599999999998,7293,18692,980
3500000,1754902,3465177,1.9745700000000002,7399,19680,975
3550000,1766130,3514178,1.9897599999999998,7501,20411,977
3600000,1777542,3563172,2.00455,7608,21168,969
3650000,1788507,3612174,2.01966,7713,21911,981
3700000,1799312,3661193,2.03477,7831,22736,981
3750000,1810038,3710189,2.0497900000000002,7920,23590,979
3800000,1820622,3759136,2.06475,8018,24467,967
3850000,1831043,3808085,2.07974,8112,25358,972
3900000,1841209,3856999,2.09482,8198,26265,979
3950000,1851303,3905969,2.10985,8306,27186,982
4000000,1861298,3954855,2.12478,8409,28189,980
4050000,1871142,4003778,2.13975,8501,29160,975
4100000,1880947,4052659,2.1545799999999997,8597,30141,968
4150000,1890577,4101536,2.16946,8677,31162,980
4200000,1899995,4150359,2.1844099999999997,8775,32215,974
4250000,1909084,4199203,2.19959,8866,33373,973
4300000,1918280,4248124,2.21455,8963,34484,978
4350000,1927261,4296941,2.2295599999999998,9088,35908,977
4400000,1936024,4345714,2.2446599999999997,9178,36969,975
4450000,1944763,4394537,2.25968,9286,38120,972
4500000,1953335,4443294,2.27472,9394,39349,978
4550000,1961854,4492104,2.28972,9509,40551,979
4600000,1970309,4540900,2.3046599999999997,9621,41785,973
4650000,1978667,4589643,2.31956,9727,43006,973
4700000,1986913,4638372,2.33446,9825,44456,971
4750000,1994935,4687079,2.3494900000000003,9930,45816,976
4800000,2003037,4735721,2.36427,10020,47462,975
4850000,2011034,4784432,2.37909,10124,48833,980
4900000,2018676,4833105,2.3942,10223,50306,977
4950000,2026214,4881763,2.4093,10338,51775,970
5000000,2033847,4930405,2.42418,10451,53348,961
5050000,2041394,4979017,2.43903,10574,54886,967
5100000,2048753,5027673,2.45402,10676,56493,968
5150000,2055946,5076293,2.46908,10790,58052,975
5200000,2062960,5124855,2.48422,10909,60205,971
5250000,2069884,5173390,2.49936,11021,61818,983
5300000,2076929,5222000,2.5142900000000004,11128,63426,981
5350000,2083843,5270584,2.52926,11227,65135,979
5400000,2090657,5319102,2.5442299999999998,11338,66798,978
5450000,2097458,5367616,2.55911,11442,68564,980
5500000,2103958,5416183,2.57428,11540,70304,973
5550000,2110511,5464764,2.58931,11655,72040,971
5600000,2116848,5513305,2.60449,11762,74029,971
5650000,2123263,5561811,2.6194599999999997,11852,76102,961
5700000,2129472,5610324,2.63461,11945,78005,968
5750000,2135637,5658793,2.6497,12048,80122,966
5800000,2141695,5707255,2.66483,12141,82117,977
