timestep,num_nodes,num_edges,average_degree,max_degree,num_triangles,new_edges
0,1982,1000,0.504541,4,0,1000
50000,83848,50987,0.608088,110,0,999
100000,151517,100956,0.666301,225,1,1000
150000,211573,150905,0.713253,331,1,1000
200000,266496,200859,0.753704,434,1,999
250000,317639,250785,0.789528,559,5,997
300000,365879,300696,0.821845,670,28,996
350000,411325,350600,0.852367,777,34,997
400000,454606,400477,0.8809319999999999,870,48,999
450000,495783,450326,0.9083129999999999,970,105,994
500000,535356,500166,0.934268,1072,184,995
550000,573411,550004,0.9591790000000001,1175,229,999
600000,610036,599815,0.983245,1283,262,993
650000,645173,649618,1.00689,1390,298,998
700000,679413,699417,1.02944,1489,335,998
750000,712449,749190,1.0515700000000001,1586,392,995
800000,744248,798945,1.07349,1693,449,995
850000,775039,848659,1.09499,1814,500,994
900000,805074,898370,1.11588,1918,556,995
950000,834475,948098,1.13616,2025,617,995
1000000,863186,997800,1.15595,2129,692,989
1050000,890810,1047477,1.17587,2226,762,994
1100000,917955,1097159,1.1952200000000002,2322,850,996
1150000,944419,1146841,1.21433,2436,932,990
1200000,970441,1196462,1.23291,2552,1009,993
1250000,995685,1246037,1.2514399999999999,2658,1121,995
1300000,1020330,1295627,1.26981,2766,1243,993
1350000,1044719,1345243,1.28766,2866,1373,994
1400000,1068495,1394822,1.30541,2965,1510,994
1450000,1091474,1444371,1.32332,3061,1665,996
1500000,1114277,1493947,1.34073,3166,1840,990
1550000,1136265,1543474,1.35838,3284,1984,984
1600000,1157997,1593011,1.37566,3384,2150,989
1650000,1179283,1642561,1.39285,3491,2299,992
1700000,1200083,1692077,1.4099700000000002,3583,2512,990
1750000,1220635,1741582,1.42678,3670,2700,989
1800000,1240804,1791101,1.4435,3747,2908,990
1850000,1260516,1840534,1.46014,3857,3120,988
1900000,1279903,1889980,1.47666,3950,3355,988
1950000,1299068,1939350,1.49288,4041,3562,991
2000000,1317701,1988751,1.50926,4129,4058,988
2050000,1336302,2038188,1.52525,4238,4333,992
2100000,1354327,2087600,1.5414299999999999,4331,4639,992
2150000,1371939,2137004,1.55765,4432,4930,993
2200000,1389297,2186354,1.57371,4539,5254,984
2250000,1406268,2235718,1.58982,4637,5588,990
2300000,1423182,2285087,1.60562,4721,5931,986
2350000,1439634,2334361,1.6215,4834,6254,982
2400000,1455966,2383668,1.63717,4935,6623,991
2450000,1471996,2432927,1.65281,5039,6994,984
2500000,1487651,2482211,1.6685400000000001,5155,7513,986
2550000,1503156,2531498,1.68412,5263,7932,987
2600000,1518572,2580707,1.69943,5373,8343,985
2650000,1533596,2629916,1.7148700000000001,5466,8792,981
2700000,1548249,2679128,1.73042,5583,9249,983
2750000,1562522,2728356,1.7461200000000001,5686,9697,991
2800000,1576760,2777587,1.76158,5799,10212,986
2850000,1590713,2826759,1.7770400000000002,5905,10728,989
2900000,1604701,2875946,1.7922,6029,11272,987
2950000,1618239,2925059,1.8075599999999998,6139,11745,978
3000000,1631777,2974213,1.8226799999999999,6261,12292,984
3050000,1644859,3023355,1.8380599999999998,6369,12855,983
3100000,1657799,3072466,1.8533400000000002,6470,13682,987
3150000,1670537,3121552,1.8685900000000002,6562,14329,984
3200000,1682907,3170649,1.8840299999999999,6662,14938,987
3250000,1695423,3219704,1.8990599999999997,6767,15685,971
3300000,1707563,3268786,1.9143,6876,16318,983
3350000,1719688,3317823,1.9293200000000001,6995,17067,975
3400000,1731549,3366864,1.94442,7089,17867,978
3450000,1743567,3415936,1.95917,7210,18665,981
3500000,1755106,3464897,1.9741799999999998,7324,19468,977
3550000,1766470,3513908,1.9892299999999998,7422,20195,984
3600000,1777733,3562960,2.00422,7546,20969,983
3650000,1788763,3611942,2.01924,7648,21769,973
3700000,1799557,3660885,2.0343299999999997,7756,22611,976
3750000,1810248,3709887,2.0493799999999998,7876,23518,983
3800000,1820881,3758885,2.06432,7983,24430,976
3850000,1831451,3807802,2.07912,8077,25303,971
3900000,1841745,3856714,2.09405,8189,26232,977
3950000,1851846,3905582,2.10902,8293,27189,969
4000000,1861841,3954488,2.12397,8401,28297,976
4050000,1871814,4003359,2.13876,8503,29397,969
4100000,1881657,4052237,2.15355,8619,30461,974
4150000,1891238,4101146,2.1685,8710,31554,980
4200000,1900569,4149983,2.18355,8805,32539,979
4250000,1909852,4198817,2.1985,8935,33667,967
4300000,1919102,4247639,2.21335,9033,34744,983
4350000,1928096,4296440,2.22833,9119,35830,979
4400000,1937132,4345190,2.2431,9202,36991,974
4450000,1945936,4394013,2.25805,9317,38176,977
4500000,1954794,4442827,2.27279,9412,39539,980
4550000,1963434,4491623,2.28764,9512,40822,974
4600000,1971872,4540355,2.3025599999999997,9618,41983,976
4650000,1980111,4589087,2.31759,9700,43301,976
4700000,1988200,4637810,2.3326700000000002,9804,44724,971
4750000,1996265,4686490,2.34763,9910,46018,970
4800000,2004212,4735168,2.3626099999999997,10023,47608,970
4850000,2012019,4783881,2.37765,10109,49257,978
4900000,2019719,4832586,2.3927,10232,50603,968
4950000,2027393,4881277,2.40766,10350,52065,964
5000000,2034855,4929930,2.42274,10479,53544,967
5050000,2042391,4978592,2.43763,10576,54907,970
5100000,2049714,5027237,2.45265,10693,56451,966
5150000,2057057,5075882,2.46755,10785,58093,975
5200000,2064017,5124561,2.4828099999999997,10894,59640,980
5250000,2071016,5173235,2.49792,11005,61239,977
5300000,2078016,5221862,2.5129099999999998,11105,62849,981
5350000,2084765,5270503,2.5281,11217,64770,966
5400000,2091468,5318998,2.54319,11313,66642,967
5450000,2098212,5367579,2.55817,11431,68397,971
5500000,2104729,5416128,2.5733099999999998,11536,70385,972
5550000,2111050,5464623,2.58858,11624,72100,981
5600000,2117429,5513172,2.60371,11715,74053,970
5650000,2123627,5561726,2.61897,11835,75992,969
5700000,2129858,5610268,2.6341,11929,77841,975
5750000,2135806,5658780,2.64948,12033,79956,965
5800000,2141598,5707207,2.66493,12133,82048,963
