timestep,num_nodes,num_edges,average_degree,max_degree,num_triangles,new_edges
0,1647,998,0.60595,34,0,998
50000,67918,50831,0.748417,196,0,996
100000,126098,100464,0.796714,209,2,993
150000,177256,150134,0.8469899999999999,292,5,989
200000,225079,199761,0.8875149999999999,293,9,989
250000,271406,248660,0.916192,293,11,974
300000,312346,297254,0.9516819999999999,293,22,976
350000,350734,345692,0.985624,515,36,962
400000,387697,393925,1.01606,939,49,968
450000,424321,442240,1.04223,1329,65,969
500000,461848,490663,1.06239,1602,84,970
550000,492553,539271,1.09485,1874,145,981
600000,521268,587882,1.12779,2090,224,977
650000,554938,636214,1.14646,2194,279,961
700000,582679,684590,1.1749,2308,364,982
750000,609529,733147,1.20281,2422,507,974
800000,636653,781718,1.22786,2538,598,958
850000,664602,830201,1.2491700000000001,2607,671,975
900000,691645,878846,1.2706600000000001,2674,782,980
950000,718308,927579,1.29134,2747,900,977
1000000,743454,976404,1.3133299999999999,2825,1052,967
1050000,768328,1025193,1.3343200000000002,2845,1210,982
1100000,792702,1073806,1.35461,2853,1357,965
1150000,816393,1122417,1.37485,2869,1559,980
1200000,839833,1171034,1.39437,2879,1756,967
1250000,862117,1219592,1.41465,2890,1958,960
1300000,883614,1268130,1.43516,2894,2166,977
1350000,904446,1316936,1.45607,2903,2420,976
1400000,924401,1365529,1.4772,2913,2650,956
1450000,944294,1414269,1.4977,2948,2897,966
1500000,964382,1462819,1.51685,3036,3134,972
1550000,983927,1511241,1.53593,3067,3393,966
1600000,1003759,1559833,1.55399,3103,3643,971
1650000,1023136,1608284,1.57192,3117,3903,977
1700000,1042105,1656966,1.59002,3129,4225,980
1750000,1060721,1705647,1.60801,3152,4552,975
1800000,1079062,1754227,1.6257,3184,4873,967
1850000,1096304,1802795,1.6444299999999998,3223,5259,960
1900000,1113933,1851514,1.6621400000000002,3262,5600,971
1950000,1131091,1900132,1.6799099999999998,3330,5997,974
2000000,1147172,1948807,1.6987900000000002,3385,6390,971
2050000,1162456,1997493,1.7183400000000002,3499,6842,968
2100000,1177716,2046357,1.7375599999999998,3571,7348,986
2150000,1193100,2094947,1.7558900000000002,3679,7818,973
2200000,1209036,2143483,1.77289,3871,8225,964
2250000,1225203,2191804,1.78893,4086,8665,961
2300000,1241610,2240161,1.80424,4209,9109,967
2350000,1258393,2288670,1.8187200000000001,4314,9543,970
2400000,1274179,2337303,1.8343599999999998,4433,10043,968
2450000,1290069,2385730,1.8493,4594,10540,963
2500000,1305891,2434202,1.86402,4777,11064,967
2550000,1321385,2482779,1.8789200000000001,4897,11532,968
2600000,1336202,2531319,1.89441,5125,12071,975
2650000,1351004,2579919,1.90963,5302,12713,950
2700000,1364798,2628174,1.9256900000000001,5462,13293,968
2750000,1377956,2676418,1.9423099999999998,5579,14065,965
2800000,1390955,2724780,1.9589299999999998,5709,14776,969
2850000,1404477,2772611,1.97412,5805,15350,951
2900000,1418552,2821667,1.98912,5916,16107,990
2950000,1433465,2870892,2.00276,5984,17337,983
3000000,1448856,2919913,2.01532,6122,18143,983
3050000,1463983,2968834,2.02792,6303,19011,982
3100000,1479272,3017805,2.04006,6481,19924,989
3150000,1493412,3067004,2.05369,6657,21101,977
3200000,1507154,3116127,2.06756,6796,21996,986
3250000,1520518,3165262,2.0817,6897,22915,980
3300000,1534095,3214338,2.09527,7038,23911,979
3350000,1547420,3263212,2.10881,7125,25601,983
3400000,1560757,3312354,2.12227,7257,26621,988
3450000,1574185,3361488,2.13538,7469,27594,988
3500000,1587197,3410589,2.1488099999999997,7631,28898,977
3550000,1600066,3459713,2.16223,7783,29929,984
3600000,1613177,3508884,2.1751400000000003,7870,31127,992
3650000,1626781,3558717,2.18758,7993,32254,998
3700000,1640296,3608593,2.19996,8027,33265,999
3750000,1653535,3658493,2.21253,8111,34330,1000
3800000,1666976,3708374,2.2246099999999998,8207,35252,996
3850000,1680270,3758293,2.23672,8276,36313,998
3900000,1693168,3808205,2.24916,8425,37492,999
3950000,1706143,3858155,2.26133,8533,38636,999
4000000,1719552,3908049,2.27271,8656,39589,998
4050000,1732233,3957993,2.28491,8706,40666,1000
4100000,1744886,4007904,2.29694,8768,41735,987
4150000,1757351,4057788,2.30904,8808,42863,999
4200000,1769246,4107708,2.32173,8870,44078,1000
4250000,1780926,4157662,2.33455,8964,45328,1000
4300000,1792315,4207617,2.3475900000000003,9057,46518,999
4350000,1803385,4257583,2.36088,9174,47900,996
4400000,1814318,4307533,2.37419,9276,49208,1000
4450000,1825200,4357495,2.38741,9507,50476,999
4500000,1835672,4407466,2.40101,9662,51910,1000
4550000,1846330,4457399,2.41419,9770,53181,997
4600000,1856887,4507327,2.4273599999999997,9833,54427,1000
4650000,1868929,4557276,2.43844,9877,55897,1000
4700000,1882992,4607201,2.44674,9926,57095,999
4750000,1898096,4657143,2.45359,10026,58183,998
4800000,1912641,4707083,2.46104,10134,59360,1000
4850000,1926970,4756979,2.46863,10248,60590,999
4900000,1942202,4806858,2.47495,10313,61541,999
4950000,1956868,4856850,2.48195,10351,62410,1000
5000000,1970732,4906843,2.4898599999999997,10369,64042,1000
5050000,1983930,4956777,2.4984599999999997,10406,64954,1000
5100000,1995541,5006705,2.50895,10448,66170,980
5150000,2005498,5056651,2.5213900000000002,10481,67392,1000
5200000,2015526,5106618,2.53364,10519,68843,999
5250000,2025560,5156609,2.54577,10650,70038,1000
5300000,2034891,5206591,2.5586599999999997,10788,71257,999
5350000,2044166,5256574,2.5715,10946,72501,1000
5400000,2054166,5306556,2.58331,11030,73592,1000
5450000,2065269,5356550,2.59363,11151,74700,999
5500000,2075192,5406497,2.6053,11272,76030,1000
5550000,2090056,5456370,2.61063,11354,76873,998
5600000,2103080,5506181,2.61815,11448,77839,1000
5650000,2117354,5556164,2.62411,11573,78624,1000
5700000,2129047,5606158,2.63318,11676,79723,1000
5750000,2137811,5656146,2.64577,11863,80965,1000
5800000,2145310,5706117,2.65981,12045,82382,999
