timestep,num_nodes,num_edges,average_degree,max_degree,num_triangles,new_edges
0,1980,1000,0.505051,3,0,1000
50000,84009,50995,0.6070180000000001,101,0,1000
100000,151638,100965,0.665829,206,0,1000
150000,211749,150921,0.712735,294,14,1000
200000,266745,200865,0.753023,411,18,1000
250000,317667,250794,0.7894869999999999,523,23,999
300000,365840,300688,0.8219110000000001,627,33,998
350000,410925,350588,0.853168,724,40,997
400000,454250,400464,0.8815940000000001,821,46,997
450000,495373,450331,0.909075,939,62,998
500000,534671,500178,0.9354870000000001,1032,81,995
550000,572312,550009,0.9610299999999999,1141,104,1000
600000,609127,599840,0.9847540000000001,1262,132,995
650000,644275,649648,1.00834,1377,150,996
700000,678234,699406,1.03122,1483,180,997
750000,711395,749177,1.05311,1605,220,996
800000,743498,798930,1.07456,1714,317,996
850000,774501,848679,1.09578,1823,362,998
900000,804798,898402,1.1163100000000001,1924,421,997
950000,834130,948124,1.13666,2028,499,995
1000000,862939,997807,1.15629,2119,559,995
1050000,890701,1047489,1.17603,2205,636,998
1100000,918135,1097139,1.19496,2301,711,994
1150000,944776,1146783,1.21381,2407,783,994
1200000,970477,1196413,1.23281,2504,889,994
1250000,995599,1246016,1.25152,2608,1149,992
1300000,1020278,1295614,1.26986,2712,1260,990
1350000,1044345,1345233,1.28811,2816,1370,986
1400000,1067902,1394800,1.30611,2906,1495,989
1450000,1091140,1444365,1.32372,3040,1658,990
1500000,1113857,1493929,1.34122,3166,1797,994
1550000,1135871,1543474,1.35885,3268,1954,989
1600000,1157770,1592993,1.37591,3357,2107,988
1650000,1179141,1642519,1.3929799999999999,3454,2293,987
1700000,1200020,1691996,1.4099700000000002,3549,2457,990
1750000,1220459,1741488,1.4269100000000001,3647,2656,987
1800000,1240971,1790952,1.44319,3746,2849,987
1850000,1260636,1840379,1.4598799999999998,3851,3086,990
1900000,1279823,1889841,1.47664,3957,3413,994
1950000,1298823,1939290,1.49311,4068,3697,992
2000000,1317523,1988697,1.50942,4178,3997,987
2050000,1335849,2038143,1.52573,4287,4262,992
2100000,1353869,2087496,1.54187,4402,4543,989
2150000,1371519,2136864,1.55803,4505,4879,990
2200000,1388862,2186200,1.57409,4609,5489,985
2250000,1405917,2235520,1.59008,4734,5839,981
2300000,1422463,2284840,1.60626,4832,6177,981
2350000,1438980,2334140,1.62208,4931,6561,989
2400000,1455075,2383440,1.63802,5027,6898,991
2450000,1471162,2432750,1.65362,5143,7296,985
2500000,1486921,2482036,1.66925,5250,7681,990
2550000,1502506,2531322,1.6847299999999998,5350,8130,983
2600000,1517587,2580560,1.7004400000000002,5460,8559,980
2650000,1532741,2629841,1.7157799999999999,5567,9004,982
2700000,1547442,2679080,1.7313,5698,9445,983
2750000,1561954,2728348,1.74675,5785,9895,990
2800000,1576171,2777513,1.7621900000000001,5883,10412,986
2850000,1590311,2826688,1.7774400000000001,5992,10935,986
2900000,1604134,2875856,1.7927799999999998,6085,11779,981
2950000,1617816,2925036,1.8080200000000002,6199,12295,988
3000000,1631150,2974203,1.82338,6304,12879,981
3050000,1644444,3023346,1.8385200000000002,6424,13542,976
3100000,1657557,3072492,1.8536299999999999,6552,14157,987
3150000,1670354,3121617,1.86884,6667,14753,982
3200000,1682947,3170715,1.8840299999999999,6770,15368,983
3250000,1695447,3219840,1.8991099999999999,6884,15987,984
3300000,1707788,3268868,1.91409,6984,16661,988
3350000,1719810,3317937,1.92925,7078,17349,977
3400000,1731770,3367053,1.94428,7193,18091,985
3450000,1743463,3416068,1.9593599999999998,7297,18875,979
3500000,1754976,3465140,1.9744700000000002,7392,19641,978
3550000,1766323,3514133,1.9895200000000002,7509,20452,973
3600000,1777424,3563177,2.00469,7606,21228,989
3650000,1788428,3612179,2.01975,7717,22093,977
3700000,1799379,3661140,2.03467,7823,22869,980
3750000,1810110,3710123,2.04967,7919,23702,973
3800000,1820719,3759041,2.06459,8000,24587,975
3850000,1831219,3807925,2.07945,8107,25528,982
3900000,1841452,3856874,2.0944700000000003,8201,26554,979
3950000,1851644,3905778,2.1093599999999997,8300,27534,973
4000000,1861632,3954648,2.1242900000000002,8417,28420,977
4050000,1871373,4003516,2.13935,8526,29346,973
4100000,1881116,4052369,2.15424,8625,30605,977
4150000,1890727,4101206,2.16912,8718,31609,978
4200000,1900050,4150041,2.18417,8819,32734,973
4250000,1909460,4198895,2.199,8921,33754,974
4300000,1918708,4247732,2.21385,9023,34890,979
4350000,1927661,4296532,2.2288799999999998,9129,36020,976
4400000,1936810,4345345,2.24356,9236,37199,973
4450000,1945889,4394140,2.2581700000000002,9328,38407,978
4500000,1954487,4442834,2.27315,9420,39601,968
4550000,1963088,4491625,2.28804,9530,40820,976
4600000,1971607,4540401,2.30289,9636,42186,977
4650000,1979961,4589151,2.3178,9749,43644,980
4700000,1988121,4637880,2.3328,9838,45059,981
4750000,1996126,4686606,2.34785,9944,46416,978
4800000,2003961,4735316,2.36298,10045,47868,971
4850000,2011729,4784004,2.37806,10145,49171,975
4900000,2019478,4832726,2.3930599999999997,10249,50647,979
4950000,2027092,4881386,2.40807,10338,52127,972
5000000,2034556,4930093,2.42318,10438,53555,975
5050000,2041970,4978761,2.4382099999999998,10535,54935,964
5100000,2049290,5027351,2.45322,10633,56579,975
5150000,2056508,5075990,2.46826,10726,58074,976
5200000,2063729,5124624,2.48319,10827,59646,980
5250000,2070784,5173177,2.49817,10935,61297,962
5300000,2077798,5221838,2.51316,11031,63182,976
5350000,2084637,5270436,2.5282299999999998,11150,65053,968
5400000,2091436,5318989,2.5432200000000003,11260,66743,979
5450000,2098053,5367567,2.55836,11352,68596,964
5500000,2104456,5416127,2.57365,11468,70424,974
5550000,2110885,5464632,2.58879,11595,72240,966
5600000,2117281,5513215,2.60391,11722,74035,969
5650000,2123476,5561757,2.61918,11823,75955,965
5700000,2129610,5610282,2.63442,11932,77848,976
5750000,2135715,5658756,2.64958,12036,79834,978
5800000,2141619,5707226,2.66491,12134,82064,964
