timestep,num_nodes,num_edges,average_degree,max_degree,num_triangles,new_edges
0,1982,1000,0.504541,5,0,1000
50000,83748,50984,0.608779,102,0,999
100000,151299,100951,0.6672279999999999,216,0,999
150000,211602,150904,0.71315,321,2,1000
200000,266476,200841,0.7536930000000001,436,23,1000
250000,317363,250759,0.790133,520,35,1000
300000,365672,300670,0.82224,635,44,999
350000,411285,350540,0.8523040000000001,724,59,994
400000,454468,400410,0.8810520000000001,828,73,997
450000,495489,450263,0.908725,925,88,997
500000,535383,500133,0.934159,1028,110,996
550000,573154,549954,0.959522,1138,137,998
600000,609737,599764,0.9836440000000001,1264,166,995
650000,645063,649593,1.00702,1357,195,997
700000,679006,699350,1.02996,1456,240,995
750000,712200,749137,1.05186,1561,266,998
800000,744316,798873,1.0733,1671,303,995
850000,775217,848587,1.09464,1768,353,997
900000,805334,898323,1.1154700000000002,1872,404,990
950000,834566,948033,1.13596,1992,470,997
1000000,863391,997728,1.15559,2090,555,992
1050000,891355,1047434,1.1751,2204,621,996
1100000,918592,1097087,1.19431,2297,708,995
1150000,945277,1146768,1.21316,2408,791,995
1200000,971320,1196406,1.23173,2514,867,992
1250000,996654,1246045,1.25023,2637,1048,992
1300000,1021360,1295662,1.26857,2729,1176,988
1350000,1045409,1345269,1.28684,2817,1286,995
1400000,1069065,1394830,1.30472,2931,1429,987
1450000,1092239,1444395,1.3224200000000002,3048,1557,994
1500000,1114991,1493988,1.33991,3158,1719,986
1550000,1137097,1543514,1.35742,3253,1892,987
1600000,1158660,1593042,1.3749,3366,2043,988
1650000,1179821,1642585,1.3922299999999999,3472,2260,992
1700000,1200802,1692062,1.40911,3583,2420,986
1750000,1221286,1741521,1.4259700000000002,3691,2716,994
1800000,1241266,1790945,1.44284,3819,2912,989
1850000,1260826,1840391,1.45967,3921,3164,987
1900000,1280151,1889831,1.4762600000000001,4020,3376,996
1950000,1298994,1939245,1.49288,4123,3602,995
2000000,1317508,1988632,1.50939,4230,3861,990
2050000,1335729,2038058,1.5258,4352,4156,986
2100000,1353816,2087442,1.54189,4447,4429,988
2150000,1371587,2136835,1.55793,4549,4761,990
2200000,1388827,2186192,1.57413,4655,5308,987
2250000,1405871,2235509,1.59012,4748,5698,987
2300000,1422516,2284814,1.60618,4865,6050,983
2350000,1439137,2334156,1.62191,4981,6408,988
2400000,1455111,2383451,1.63799,5077,6744,983
2450000,1471061,2432722,1.65372,5187,7180,989
2500000,1486818,2481953,1.6693099999999998,5303,7601,988
2550000,1502374,2531204,1.6848,5405,7965,986
2600000,1517656,2580413,1.7002599999999999,5491,8376,981
2650000,1532569,2629635,1.71583,5611,8807,984
2700000,1547449,2678872,1.73115,5710,9250,988
2750000,1561855,2728072,1.74669,5822,9744,983
2800000,1576199,2777279,1.7620099999999999,5908,10158,974
2850000,1590230,2826504,1.77742,6019,10648,983
2900000,1604003,2875663,1.7928,6115,11150,983
2950000,1617641,2924813,1.80807,6223,11666,983
3000000,1631039,2974011,1.82338,6336,12250,987
3050000,1644178,3023134,1.8386900000000002,6452,12839,979
3100000,1657195,3072225,1.8538700000000001,6550,13478,979
3150000,1669914,3121373,1.8691799999999998,6653,14012,979
3200000,1682601,3170458,1.8842599999999998,6754,14644,989
3250000,1694834,3219565,1.89963,6859,15262,987
3300000,1707257,3268608,1.9145400000000001,6966,15959,984
3350000,1719343,3317663,1.9296099999999998,7066,16684,981
3400000,1731272,3366705,1.9446400000000001,7154,17337,982
3450000,1742891,3415745,1.9598200000000001,7236,18109,986
3500000,1754322,3464743,1.97498,7331,18828,977
3550000,1765580,3513770,1.99015,7446,19581,987
3600000,1776772,3562789,2.0052,7556,20377,976
3650000,1787661,3611798,2.0204,7656,21188,979
3700000,1798332,3660842,2.03569,7782,22000,981
3750000,1809040,3709801,2.0507,7886,22822,981
3800000,1819699,3758748,2.0655900000000003,7988,23676,979
3850000,1830076,3807619,2.08058,8093,24608,981
3900000,1840348,3856535,2.09555,8205,25761,977
3950000,1850497,3905459,2.11049,8297,26795,977
4000000,1860500,3954330,2.12541,8406,27980,972
4050000,1870365,4003257,2.14036,8512,28989,975
4100000,1879906,4052088,2.15547,8614,29973,974
4150000,1889454,4101000,2.17047,8715,30936,977
4200000,1898838,4149875,2.18548,8802,32112,973
4250000,1908306,4198662,2.2002,8904,33258,972
4300000,1917551,4247573,2.2151,9012,34324,976
4350000,1926543,4296448,2.23013,9129,35508,979
4400000,1935567,4345313,2.24498,9232,36634,976
4450000,1944465,4394138,2.25982,9331,37823,974
4500000,1953041,4442943,2.27488,9449,39047,982
4550000,1961639,4491715,2.28978,9559,40280,978
4600000,1970031,4540489,2.30478,9664,41666,972
4650000,1978437,4589294,2.31966,9749,42993,958
4700000,1986586,4637972,2.3346400000000003,9851,44318,968
4750000,1994742,4686708,2.34953,9934,45769,969
4800000,2002786,4735407,2.36441,10045,47100,973
4850000,2010661,4784091,2.3793599999999997,10136,48489,976
4900000,2018373,4832760,2.39438,10237,49888,977
4950000,2025977,4881415,2.40941,10326,51386,977
5000000,2033534,4930133,2.42442,10427,52882,975
5050000,2041093,4978738,2.43925,10549,54582,973
5100000,2048372,5027369,2.45432,10662,56145,971
5150000,2055664,5075940,2.46925,10770,57949,963
5200000,2062905,5124526,2.48413,10872,59610,972
5250000,2069953,5173173,2.49917,10978,62016,975
5300000,2077013,5221769,2.51408,11073,63710,977
5350000,2083939,5270365,2.52904,11174,65457,959
5400000,2090584,5319007,2.54427,11280,67325,974
5450000,2097186,5367576,2.5594200000000003,11385,69145,968
5500000,2103742,5416131,2.57452,11478,70936,967
5550000,2110227,5464618,2.5895900000000003,11601,72629,966
5600000,2116696,5513181,2.60462,11681,74473,970
5650000,2123066,5561715,2.6196599999999997,11778,76335,972
5700000,2129309,5610214,2.63476,11878,78124,973
5750000,2135484,5658693,2.64984,11991,80204,959
5800000,2141598,5707248,2.66495,12118,82009,968
