timestep,num_nodes,num_edges,average_degree,max_degree,num_triangles,new_edges
0,1978,1000,0.5055609999999999,4,0,1000
50000,84031,50993,0.6068359999999999,97,0,999
100000,151179,100956,0.667791,237,1,1000
150000,211399,150916,0.713892,328,2,998
200000,266231,200859,0.754454,433,4,1000
250000,317495,250775,0.789855,515,9,998
300000,365097,300676,0.823551,631,15,998
350000,410738,350555,0.853476,722,24,997
400000,453817,400407,0.882309,827,38,997
450000,495288,450262,0.909091,933,50,997
500000,534647,500096,0.935376,1042,68,996
550000,572869,549936,0.959968,1146,79,998
600000,609235,599757,0.9844430000000001,1250,103,993
650000,644337,649562,1.00811,1343,155,995
700000,678599,699337,1.0305600000000001,1451,181,996
750000,711790,749125,1.05245,1557,213,995
800000,744057,798884,1.07369,1683,246,993
850000,775091,848589,1.0948200000000001,1795,305,996
900000,805165,898308,1.11568,1914,357,995
950000,834360,947998,1.1362,2005,414,991
1000000,862840,997705,1.1563,2086,481,992
1050000,890743,1047390,1.1758600000000001,2207,540,994
1100000,917673,1097040,1.19546,2318,613,996
1150000,944124,1146691,1.21456,2436,709,993
1200000,970220,1196324,1.23304,2537,791,995
1250000,995655,1245955,1.25139,2638,895,989
1300000,1020343,1295553,1.2697200000000002,2743,993,992
1350000,1044766,1345134,1.2875,2843,1092,986
1400000,1068410,1394725,1.30542,2938,1196,995
1450000,1091537,1444295,1.32318,3053,1307,992
1500000,1114368,1493859,1.34054,3152,1428,994
1550000,1136559,1543358,1.35792,3264,1571,990
1600000,1158448,1592875,1.37501,3370,1732,991
1650000,1179980,1642387,1.39188,3463,1871,992
1700000,1200997,1691841,1.4087,3581,2255,987
1750000,1221629,1741375,1.42545,3701,2423,990
1800000,1241855,1790852,1.44208,3812,2604,990
1850000,1261483,1840304,1.45884,3934,2842,993
1900000,1280643,1889791,1.47566,4022,3071,991
1950000,1299642,1939185,1.49209,4128,3317,984
2000000,1318331,1988615,1.50843,4248,3579,983
2050000,1336505,2038046,1.52491,4352,3865,985
2100000,1354480,2087470,1.54116,4468,4153,986
2150000,1372008,2136844,1.55746,4570,4435,985
2200000,1389296,2186193,1.5736,4669,4789,984
2250000,1406323,2235562,1.58965,4789,5122,983
2300000,1423208,2284913,1.6054700000000002,4897,5426,987
2350000,1439682,2334221,1.62134,5000,5770,990
2400000,1456007,2383529,1.63703,5120,6085,985
2450000,1471866,2432790,1.6528599999999998,5228,6728,988
2500000,1487491,2482085,1.6686400000000001,5358,7128,993
2550000,1502964,2531340,1.68423,5477,7510,980
2600000,1518309,2580623,1.69967,5566,7922,994
2650000,1533253,2629891,1.71524,5666,8369,987
2700000,1548172,2679111,1.7305,5769,8838,986
2750000,1562847,2728309,1.74573,5862,9305,985
2800000,1577342,2777547,1.7609,5977,9811,977
2850000,1591580,2826733,1.77605,6096,10588,985
2900000,1605329,2875927,1.7914900000000002,6185,11107,991
2950000,1619082,2925108,1.80665,6298,11649,983
3000000,1632529,2974213,1.8218400000000001,6406,12215,979
3050000,1645743,3023399,1.8371,6512,12824,975
3100000,1658464,3072470,1.8526,6625,13350,981
3150000,1671350,3121572,1.86769,6710,13944,979
3200000,1683926,3170676,1.8829099999999999,6814,14613,985
3250000,1696298,3219814,1.8981400000000002,6913,15187,985
3300000,1708618,3268829,1.91314,7023,15761,983
3350000,1720537,3317876,1.9284,7137,16490,969
3400000,1732385,3366891,1.9435,7232,17134,983
3450000,1743988,3415963,1.95871,7355,17879,981
3500000,1755491,3464988,1.9738,7449,18597,985
3550000,1766960,3514032,1.9887400000000002,7544,19372,982
3600000,1778228,3563036,2.0037,7655,20146,986
3650000,1789049,3612002,2.01895,7749,20965,973
3700000,1799719,3660983,2.0342,7854,21986,975
3750000,1810602,3709921,2.049,7938,22817,982
3800000,1821270,3758916,2.0639,8035,23731,981
3850000,1831713,3807910,2.07888,8146,24634,976
3900000,1842181,3856846,2.09363,8247,25603,959
3950000,1852293,3905824,2.1086400000000003,8340,26636,974
4000000,1862362,3954674,2.12347,8457,27572,975
4050000,1872162,4003552,2.13846,8571,28539,975
4100000,1881902,4052405,2.1533599999999997,8677,29525,982
4150000,1891547,4101302,2.16823,8776,30582,978
4200000,1900992,4150187,2.18317,8886,31627,981
4250000,1910351,4199029,2.19804,8995,32619,971
4300000,1919443,4247847,2.21306,9093,33696,980
4350000,1928422,4296687,2.22808,9191,34996,977
4400000,1937300,4345435,2.24304,9297,36120,976
4450000,1945961,4394185,2.25811,9404,37192,977
4500000,1954600,4443005,2.2731,9502,38450,981
4550000,1963220,4491777,2.28796,9613,39685,970
4600000,1971728,4540475,2.3027900000000003,9717,41255,975
4650000,1980009,4589276,2.3178099999999997,9824,42634,975
4700000,1988132,4637994,2.33284,9914,43910,969
4750000,1996327,4686769,2.3477,10020,45355,971
4800000,2004212,4735507,2.36278,10105,46765,984
4850000,2011992,4784178,2.37783,10189,48300,969
4900000,2019840,4832888,2.3927099999999997,10296,50068,971
4950000,2027417,4881541,2.4077599999999997,10410,51648,973
5000000,2034916,4930223,2.4228099999999997,10505,53212,969
5050000,2042369,4978888,2.4378,10609,54777,984
5100000,2049728,5027501,2.45276,10698,56671,961
5150000,2056969,5076143,2.46778,10806,58279,970
5200000,2063970,5124703,2.48293,10917,59910,975
5250000,2070836,5173269,2.49815,11012,61620,970
5300000,2077591,5221794,2.5133900000000002,11107,63427,969
5350000,2084492,5270387,2.52838,11209,65061,964
5400000,2091248,5318931,2.5434200000000002,11308,66649,971
5450000,2097821,5367470,2.55859,11414,68332,975
5500000,2104327,5416029,2.57376,11507,70345,975
5550000,2110756,5464560,2.58891,11624,72258,977
5600000,2117164,5513084,2.60399,11732,74120,969
5650000,2123444,5561594,2.6191400000000002,11831,76039,973
5700000,2129562,5610189,2.63443,11931,77926,969
5750000,2135631,5658703,2.64966,12018,79933,974
5800000,2141654,5707167,2.6648400000000003,12126,81987,969
