timestep,num_nodes,num_edges,average_degree,max_degree,num_triangles,new_edges
0,1978,1000,0.5055609999999999,3,0,1000
50000,84203,50990,0.60556,103,0,999
100000,151789,100955,0.665101,224,1,998
150000,211938,150920,0.712095,344,1,999
200000,267187,200861,0.751762,461,7,998
250000,318246,250777,0.7879970000000001,546,12,996
300000,366493,300664,0.8203809999999999,642,17,999
350000,411708,350533,0.8514120000000001,761,23,996
400000,454944,400410,0.88013,889,32,997
450000,496098,450277,0.907637,981,48,998
500000,535408,500109,0.9340709999999999,1072,60,998
550000,573326,549936,0.959203,1185,75,994
600000,609719,599759,0.983665,1286,90,994
650000,645043,649566,1.00701,1380,106,997
700000,679172,699352,1.0297100000000001,1483,128,998
750000,712043,749130,1.05209,1576,163,996
800000,743971,798877,1.0738,1669,216,995
850000,775080,848635,1.0949,1802,261,997
900000,805525,898376,1.11527,1907,310,998
950000,834763,948113,1.1357899999999999,2016,368,993
1000000,863538,997829,1.15551,2127,434,997
1050000,891636,1047532,1.1748399999999999,2222,495,991
1100000,918849,1097189,1.1940899999999999,2338,570,989
1150000,945472,1146877,1.21302,2440,647,996
1200000,971223,1196500,1.23195,2544,810,988
1250000,996503,1246139,1.25051,2654,902,997
1300000,1021394,1295719,1.2685799999999998,2751,1008,991
1350000,1045724,1345314,1.28649,2876,1132,993
1400000,1069461,1394895,1.3043,2971,1244,990
1450000,1092813,1444443,1.3217700000000001,3088,1368,989
1500000,1115326,1494013,1.3395299999999999,3191,1498,991
1550000,1137488,1543551,1.3569799999999999,3277,1676,991
1600000,1159137,1593086,1.37437,3361,1829,993
1650000,1180147,1642600,1.39186,3448,1986,993
1700000,1201066,1692137,1.40886,3566,2273,993
1750000,1221604,1741596,1.42566,3659,2467,986
1800000,1241748,1791064,1.4423700000000002,3782,2677,981
1850000,1261631,1840549,1.45886,3869,2886,993
1900000,1280943,1890010,1.47548,3963,3113,988
1950000,1299615,1939437,1.49232,4078,3342,992
2000000,1318069,1988898,1.50895,4167,3639,994
2050000,1336167,2038287,1.52547,4268,3907,984
2100000,1354152,2087690,1.5417,4367,4396,982
2150000,1371650,2137033,1.558,4465,4675,989
2200000,1389063,2186353,1.57398,4571,4943,983
2250000,1406095,2235691,1.59,4700,5258,984
2300000,1422961,2285004,1.60581,4806,5607,989
2350000,1439313,2334343,1.62185,4897,5980,990
2400000,1455548,2383639,1.63762,4988,6330,988
2450000,1471674,2432909,1.65316,5091,6839,982
2500000,1487386,2482177,1.66882,5186,7216,981
2550000,1502952,2531439,1.6843099999999998,5263,7685,985
2600000,1518118,2580679,1.69992,5368,8089,984
2650000,1533014,2629899,1.7155099999999999,5474,8533,984
2700000,1547786,2679173,1.7309700000000001,5586,8994,985
2750000,1562214,2728352,1.74646,5681,9509,980
2800000,1576442,2777539,1.7619,5788,10235,984
2850000,1590427,2826747,1.77735,5895,10764,980
2900000,1604196,2875899,1.7927400000000002,5991,11301,974
2950000,1617793,2925035,1.80804,6093,11816,991
3000000,1631165,2974196,1.8233599999999999,6199,12370,981
3050000,1644451,3023339,1.8385099999999999,6298,12959,974
3100000,1657378,3072454,1.8538,6401,13568,974
3150000,1670145,3121566,1.86904,6507,14241,981
3200000,1682788,3170626,1.88415,6602,14920,985
3250000,1695431,3219712,1.89905,6700,15610,986
3300000,1707797,3268730,1.9140000000000001,6798,16243,981
3350000,1719687,3317808,1.9293099999999999,6892,16927,987
3400000,1731607,3366906,1.94438,6996,18104,985
3450000,1743417,3415935,1.95933,7118,18838,982
3500000,1755006,3464986,1.9743400000000002,7214,19614,984
3550000,1766479,3514019,1.98928,7318,20420,977
3600000,1777768,3563004,2.0042,7418,21246,984
3650000,1788677,3611983,2.01936,7510,22040,988
3700000,1799701,3660933,2.03419,7611,22905,982
3750000,1810510,3709842,2.04906,7737,23702,976
3800000,1821087,3758791,2.0640400000000003,7844,24555,983
3850000,1831571,3807722,2.0789400000000002,7959,25517,986
3900000,1841699,3856663,2.09408,8077,26419,974
3950000,1851802,3905555,2.10906,8176,27355,978
4000000,1861764,3954486,2.12405,8285,28306,978
4050000,1871644,4003393,2.13897,8378,29213,974
4100000,1881232,4052217,2.15402,8478,30241,974
4150000,1890735,4101148,2.16908,8585,31319,986
4200000,1900004,4150012,2.1842099999999998,8687,32445,972
4250000,1909280,4198858,2.19918,8800,33582,971
4300000,1918505,4247688,2.21406,8907,34668,974
4350000,1927499,4296534,2.22907,9020,35827,976
4400000,1936390,4345359,2.24405,9123,36942,970
4450000,1945147,4394132,2.25902,9217,38165,973
4500000,1953930,4442951,2.27385,9316,39328,969
4550000,1962454,4491745,2.28884,9426,40679,976
4600000,1970907,4540559,2.3037900000000002,9533,41854,969
4650000,1979173,4589316,2.3188,9631,43082,970
4700000,1987432,4638023,2.3336799999999998,9765,44325,977
4750000,1995473,4686805,2.34872,9866,45918,973
4800000,2003460,4735486,2.36365,9965,47246,967
4850000,2011225,4784147,2.37872,10075,48654,974
4900000,2018892,4832786,2.39378,10188,50078,970
4950000,2026519,4881541,2.40883,10279,51559,974
5000000,2034142,4930255,2.42375,10390,53061,969
5050000,2041584,4978918,2.43875,10496,54513,970
5100000,2048984,5027582,2.4537,10593,55972,979
5150000,2056353,5076220,2.46855,10700,57505,979
5200000,2063407,5124818,2.48367,10802,59545,969
5250000,2070576,5173450,2.49856,10905,61194,973
5300000,2077493,5222014,2.51361,11006,63010,975
5350000,2084315,5270563,2.52868,11134,64764,975
5400000,2090976,5319101,2.5438400000000003,11249,66463,963
5450000,2097714,5367669,2.55882,11354,68366,978
5500000,2104333,5416204,2.57383,11458,70097,966
5550000,2110889,5464722,2.58882,11560,71956,969
5600000,2117284,5513278,2.60394,11666,73781,966
5650000,2123643,5561777,2.61898,11794,75855,971
5700000,2129762,5610255,2.63422,11899,77793,973
5750000,2135825,5658713,2.6494299999999997,12009,79786,966
5800000,2141636,5707172,2.66487,12117,81773,966
