timestep,num_nodes,num_edges,average_degree,max_degree,num_triangles,new_edges
0,1987,1000,0.503271,2,0,1000
50000,83948,50993,0.607436,107,0,1000
100000,151542,100971,0.666291,211,0,1000
150000,211671,150927,0.713026,321,10,1000
200000,266542,200865,0.753596,407,12,998
250000,317666,250786,0.789464,504,18,999
300000,365851,300688,0.821887,596,34,998
350000,411042,350594,0.8529399999999999,718,40,998
400000,454237,400470,0.881632,817,51,997
450000,495365,450316,0.9090590000000001,926,63,997
500000,534958,500157,0.9349459999999999,1030,85,994
550000,572707,549985,0.960325,1133,105,997
600000,609258,599808,0.984489,1240,128,996
650000,644501,649613,1.00793,1349,151,996
700000,678528,699403,1.03077,1458,175,995
750000,711577,749176,1.05284,1597,207,996
800000,743787,798933,1.0741399999999999,1690,247,993
850000,775010,848682,1.0950600000000001,1808,297,997
900000,805219,898416,1.11574,1917,363,996
950000,834556,948119,1.13608,2021,412,994
1000000,863172,997813,1.15598,2153,483,995
1050000,891084,1047499,1.17553,2247,543,990
1100000,918048,1097160,1.1951,2360,619,994
1150000,944345,1146806,1.2143899999999999,2465,816,996
1200000,969981,1196436,1.23346,2584,917,993
1250000,995216,1246039,1.25203,2699,1018,989
1300000,1019858,1295648,1.27042,2819,1127,989
1350000,1044012,1345188,1.2884799999999998,2937,1237,994
1400000,1067524,1394723,1.3065,3046,1345,991
1450000,1090594,1444281,1.32431,3155,1481,990
1500000,1113459,1493824,1.34161,3264,1629,992
1550000,1135688,1543367,1.35897,3365,1797,988
1600000,1157496,1592897,1.37616,3473,1970,992
1650000,1178856,1642395,1.39321,3566,2205,991
1700000,1199637,1691899,1.41034,3663,2410,986
1750000,1220193,1741371,1.42713,3759,2603,980
1800000,1240031,1790845,1.4441899999999999,3867,2811,989
1850000,1259726,1840320,1.46089,3975,2997,987
1900000,1279122,1889776,1.4774,4081,3228,986
1950000,1298187,1939166,1.49375,4182,3514,989
2000000,1316927,1988536,1.5099799999999999,4294,3772,988
2050000,1335164,2037944,1.52636,4392,4028,981
2100000,1353333,2087367,1.54239,4504,4300,988
2150000,1370980,2136762,1.55857,4607,4594,989
2200000,1388331,2186137,1.57465,4722,5117,988
2250000,1405479,2235516,1.59057,4828,5428,989
2300000,1422329,2284862,1.6064200000000002,4922,5752,985
2350000,1438855,2334188,1.62225,5024,6066,989
2400000,1455186,2383485,1.63792,5131,6519,982
2450000,1471234,2432786,1.65357,5242,6878,988
2500000,1486902,2482063,1.6692799999999999,5337,7262,985
2550000,1502317,2531287,1.68492,5435,7694,991
2600000,1517408,2580547,1.7006299999999999,5533,8278,990
2650000,1532531,2629786,1.7159799999999998,5641,8683,983
2700000,1547205,2679063,1.73155,5748,9201,984
2750000,1561648,2728270,1.74705,5866,9671,975
2800000,1575883,2777526,1.76252,5960,10158,986
2850000,1590081,2826693,1.7777,6066,10648,982
2900000,1603988,2875939,1.79299,6170,11133,987
2950000,1617655,2925105,1.80824,6265,11651,983
3000000,1631091,2974268,1.82348,6377,12286,987
3050000,1644316,3023452,1.83873,6479,12900,977
3100000,1657259,3072564,1.854,6560,13523,976
3150000,1670107,3121666,1.8691400000000002,6651,14154,980
3200000,1682715,3170745,1.8843,6744,14857,982
3250000,1695058,3219856,1.89956,6854,15463,983
3300000,1707442,3268931,1.91452,6970,16112,975
3350000,1719603,3317997,1.9295099999999998,7067,16784,979
3400000,1731497,3367005,1.9445599999999998,7183,17495,977
3450000,1743200,3416063,1.95965,7284,18212,983
3500000,1754704,3465034,1.97471,7391,18969,981
3550000,1766237,3514080,1.9895900000000002,7493,19732,977
3600000,1777371,3563117,2.0047099999999998,7568,20543,979
3650000,1788397,3612100,2.01974,7681,21369,975
3700000,1799262,3661071,2.03476,7771,22154,977
3750000,1809944,3710040,2.04981,7862,23027,968
3800000,1820469,3759006,2.06486,7970,23909,980
3850000,1830920,3807939,2.0798,8078,24816,990
3900000,1841321,3856872,2.09462,8195,25686,975
3950000,1851365,3905831,2.1097,8297,27059,984
4000000,1861440,3954721,2.12455,8401,28007,974
4050000,1871331,4003590,2.13943,8503,28972,972
4100000,1880994,4052497,2.15444,8618,29965,977
4150000,1890694,4101357,2.1692299999999998,8718,31038,972
4200000,1900070,4150214,2.18424,8826,32078,984
4250000,1909271,4199012,2.19928,8937,33248,975
4300000,1918444,4247887,2.21424,9038,34407,972
4350000,1927512,4296692,2.22914,9128,35643,979
4400000,1936404,4345500,2.24411,9242,36727,975
4450000,1945266,4394268,2.25895,9332,37835,975
4500000,1954002,4443045,2.27382,9440,39065,971
4550000,1962562,4491825,2.28876,9544,40296,978
4600000,1971138,4540617,2.30355,9626,41609,977
4650000,1979430,4589414,2.31855,9723,42933,969
4700000,1987514,4638217,2.3336799999999998,9819,44305,976
4750000,1995655,4686944,2.34857,9921,45764,974
4800000,2003661,4735660,2.3635,10045,47170,978
4850000,2011494,4784319,2.37849,10136,48531,970
4900000,2019135,4833022,2.39361,10249,50069,977
4950000,2026804,4881640,2.4085400000000003,10351,51759,961
5000000,2034298,4930302,2.4235900000000004,10468,53279,979
5050000,2041817,4978971,2.4385,10567,54766,974
5100000,2049123,5027644,2.45356,10688,56326,979
5150000,2056398,5076272,2.46853,10794,57981,966
5200000,2063533,5124883,2.48355,10873,59525,959
5250000,2070587,5173488,2.49856,10998,61219,979
5300000,2077508,5222048,2.51361,11110,62840,976
5350000,2084318,5270611,2.5287,11210,64633,968
5400000,2091069,5319092,2.54372,11308,67167,969
5450000,2097715,5367663,2.55881,11408,68973,965
5500000,2104135,5416136,2.57404,11507,70767,956
5550000,2110551,5464646,2.5892,11603,72574,970
5600000,2116974,5513154,2.60426,11696,74524,972
5650000,2123239,5561750,2.6194599999999997,11790,76330,962
5700000,2129389,5610243,2.6346700000000003,11898,78162,967
5750000,2135572,5658779,2.64977,12016,80146,978
5800000,2141592,5707231,2.66495,12118,82055,963
