timestep,num_nodes,num_edges,average_degree,max_degree,num_triangles,new_edges
0,1958,1000,0.510725,4,0,1000
50000,71160,50932,0.715739,151,7,1000
100000,122755,100734,0.8206100000000001,281,92,995
150000,166352,150447,0.9043889999999999,424,331,993
200000,204872,199996,0.9762,561,738,990
250000,239809,249439,1.04016,686,1324,980
300000,271669,298741,1.09965,790,2104,981
350000,301228,347893,1.1549200000000002,908,3247,986
400000,329182,396986,1.2059799999999998,1024,4514,973
450000,355566,445992,1.25432,1152,6086,982
500000,380175,494860,1.30166,1268,8163,973
550000,403857,543592,1.3459999999999999,1380,10312,980
600000,426582,592316,1.38852,1494,12840,977
650000,448284,640906,1.42969,1584,15808,975
700000,468852,689328,1.47025,1694,18972,973
750000,489215,737703,1.50793,1814,22348,957
800000,508713,785956,1.5449899999999999,1929,25945,961
850000,527421,834075,1.58142,2048,30523,959
900000,545343,882145,1.6176,2170,35430,962
950000,563115,930129,1.65176,2281,40247,957
1000000,580119,977938,1.68575,2403,45942,967
1050000,596816,1025725,1.7186599999999999,2528,51813,946
1100000,613058,1073352,1.75082,2641,57781,942
1150000,628797,1120922,1.78265,2774,64377,957
1200000,644032,1168407,1.8142099999999999,2884,70943,938
1250000,659081,1215752,1.8446200000000001,2997,78192,936
1300000,673564,1262978,1.87507,3134,86259,942
1350000,687769,1310185,1.90498,3251,94484,939
1400000,701838,1357402,1.9340700000000002,3362,103038,930
1450000,715335,1404414,1.9633,3463,112037,927
1500000,728606,1451443,1.9920799999999999,3574,121772,945
1550000,741614,1498353,2.0203900000000004,3683,131710,930
1600000,754588,1544984,2.04745,3779,142117,929
1650000,766971,1591707,2.07532,3890,152508,929
1700000,779285,1638233,2.10223,4000,163700,937
1750000,791264,1684795,2.12925,4106,175148,923
1800000,803215,1731366,2.1555400000000002,4207,186936,932
1850000,814879,1777760,2.18162,4315,199486,920
1900000,826375,1824032,2.2072700000000003,4407,211720,928
1950000,837498,1870150,2.2330200000000002,4536,225209,912
2000000,848577,1916212,2.25815,4634,238543,924
2050000,859470,1962207,2.28304,4734,252537,924
2100000,870172,2008156,2.30777,4827,266655,909
2150000,880782,2053990,2.33201,4935,281399,915
2200000,891121,2099678,2.35622,5023,296680,921
2250000,901466,2145369,2.37987,5121,312484,909
2300000,911504,2190965,2.40368,5230,328488,924
2350000,921507,2236460,2.42696,5329,344834,915
2400000,931380,2281879,2.45,5430,362094,909
2450000,941067,2327185,2.4729200000000002,5510,378718,922
2500000,950418,2372384,2.49615,5609,396632,904
2550000,959827,2417529,2.51871,5718,415681,901
2600000,969008,2462735,2.5415,5814,434025,904
2650000,978022,2507817,2.5641700000000003,5939,452871,910
2700000,986916,2552857,2.5867,6035,471954,894
2750000,995912,2597759,2.60842,6151,491407,911
2800000,1004648,2642608,2.6303799999999997,6256,511591,898
2850000,1013301,2687341,2.65207,6351,531760,878
2900000,1021807,2731980,2.67368,6441,553440,895
2950000,1030032,2776577,2.69562,6531,574906,902
3000000,1038361,2821169,2.71694,6637,598101,890
3050000,1046711,2865651,2.7377700000000003,6737,620918,889
3100000,1054958,2910161,2.7585599999999997,6837,644510,883
3150000,1063063,2954519,2.77925,6935,668215,893
3200000,1070965,2998744,2.80004,7017,692114,890
3250000,1078956,3042946,2.8202700000000003,7096,716541,892
3300000,1086638,3087039,2.84091,7181,740296,887
3350000,1094302,3131094,2.86127,7269,766140,891
3400000,1101956,3175089,2.88132,7372,792633,894
3450000,1109432,3218982,2.90147,7461,818486,877
3500000,1116828,3262833,2.92152,7547,845369,883
3550000,1124197,3306642,2.9413400000000003,7638,871963,878
3600000,1131591,3350306,2.9607,7744,898074,863
3650000,1138750,3393845,2.98032,7853,926227,862
3700000,1145834,3437327,2.99985,7943,955571,880
3750000,1152804,3480735,3.01936,8046,984583,872
3800000,1159872,3524101,3.03835,8146,1012852,869
3850000,1166706,3567401,3.05767,8234,1043574,861
3900000,1173409,3610569,3.0769900000000003,8319,1072932,872
3950000,1180205,3653820,3.09592,8410,1102688,873
4000000,1186837,3696964,3.11497,8497,1133098,883
4050000,1193552,3740154,3.13363,8592,1164065,877
4100000,1200061,3783077,3.1524,8688,1195940,858
4150000,1206579,3825858,3.17083,8789,1229549,852
4200000,1212902,3868700,3.18962,8878,1262026,852
4250000,1219253,3911511,3.20812,8961,1294784,878
4300000,1225485,3954162,3.22661,9069,1327617,862
4350000,1231769,3996806,3.24477,9170,1360947,848
4400000,1238075,4039319,3.26258,9259,1395122,841
4450000,1244462,4081966,3.2801,9343,1428730,851
4500000,1250592,4124413,3.29797,9448,1463314,846
4550000,1256564,4166925,3.3161300000000002,9550,1498807,854
4600000,1262726,4209449,3.33362,9630,1534872,845
4650000,1268645,4251787,3.35144,9732,1572537,834
4700000,1274566,4294181,3.36913,9819,1608520,856
4750000,1280471,4336447,3.3866,9914,1646221,838
4800000,1286191,4378496,3.40423,10002,1685009,847
4850000,1291825,4420427,3.42185,10105,1724620,841
4900000,1297323,4462349,3.43966,10182,1763259,826
4950000,1302984,4504189,3.45683,10244,1801599,853
5000000,1308618,4546124,3.47399,10344,1840793,846
5050000,1314251,4587848,3.49085,10416,1879889,822
5100000,1319838,4629703,3.5077800000000003,10507,1919931,811
5150000,1325375,4671308,3.52452,10589,1958061,853
5200000,1330679,4712689,3.5415699999999997,10657,1999075,837
5250000,1336139,4754390,3.5583,10745,2039970,825
5300000,1341539,4795835,3.5748800000000003,10836,2081050,843
5350000,1346892,4837257,3.59142,10918,2123450,829
5400000,1352179,4878667,3.608,11004,2166020,826
5450000,1357361,4920034,3.62471,11080,2209210,841
5500000,1362497,4961424,3.6414199999999997,11164,2255112,836
5550000,1367666,5002667,3.65781,11255,2298960,823
5600000,1372769,5043709,3.6741099999999998,11347,2342802,817
5650000,1377880,5084770,3.69029,11413,2386577,822
5700000,1382927,5125992,3.70663,11505,2431610,823
5750000,1388013,5166987,3.7225800000000002,11584,2476642,814
5800000,1392969,5207877,3.73869,11657,2524383,813
5850000,1397978,5248835,3.7545900000000003,11740,2571209,813
5900000,1402882,5289632,3.77055,11827,2617813,834
5950000,1407606,5330424,3.7868699999999995,11896,2665471,850
6000000,1412312,5371078,3.80304,11984,2712553,814
6050000,1417102,5411781,3.81891,12067,2759820,816
6100000,1421906,5452458,3.83461,12127,2807242,815
6150000,1426663,5493054,3.85028,12202,2855685,809
6200000,1431373,5533419,3.8658099999999997,12274,2904541,821
6250000,1436025,5573778,3.88139,12356,2954183,821
6300000,1440590,5614210,3.89716,12442,3004605,800
6350000,1445227,5654382,3.91245,12532,3055013,804
6400000,1449617,5694508,3.9282800000000004,12610,3103078,786
6450000,1454204,5734791,3.94359,12692,3154820,808
6500000,1458757,5774838,3.95874,12769,3204427,805
6550000,1463243,5814638,3.9738,12860,3257061,817
6600000,1467787,5854663,3.9887699999999997,12934,3310875,804
6650000,1472081,5894629,4.0042800000000005,13013,3365030,794
6700000,1476338,5934495,4.0197400000000005,13080,3417284,790
6750000,1480677,5974341,4.03487,13148,3469779,818
6800000,1484943,6014057,4.0500300000000005,13222,3521971,791
6850000,1489206,6053860,4.06516,13285,3575409,806
6900000,1493323,6093407,4.080430000000001,13360,3630012,796
6950000,1497634,6133060,4.0951699999999995,13439,3683432,786
7000000,1501951,6172654,4.10976,13506,3736717,789
7050000,1506114,6212199,4.12465,13567,3792583,789
7100000,1510283,6251702,4.139419999999999,13650,3848397,779
7150000,1514432,6291177,4.15415,13713,3904844,785
7200000,1518589,6330615,4.16875,13799,3962463,797
7250000,1522713,6370039,4.18335,13860,4018270,761
7300000,1526808,6409424,4.19792,13932,4074960,778
7350000,1530926,6448763,4.212330000000001,14015,4134015,772
7400000,1535028,6487789,4.2265,14068,4192367,773
7450000,1538952,6526798,4.24107,14135,4250140,784
7500000,1542951,6565704,4.2552900000000005,14219,4306777,786
7550000,1546848,6604718,4.26979,14286,4366218,805
7600000,1550814,6643557,4.283919999999999,14369,4424642,791
7650000,1554738,6682445,4.29812,14442,4485147,759
7700000,1558577,6721237,4.3124199999999995,14512,4545086,732
7750000,1562426,6760012,4.32661,14585,4605567,771
7800000,1566248,6798791,4.34081,14664,4668346,781
7850000,1570007,6837488,4.3550699999999996,14733,4731023,777
7900000,1573738,6876111,4.36929,14800,4793316,775
7950000,1577464,6914609,4.383369999999999,14878,4853608,760
8000000,1581165,6953197,4.39752,14950,4916155,769
8050000,1584883,6991749,4.411519999999999,15001,4976976,765
8100000,1588576,7030062,4.42539,15055,5041209,791
8150000,1592191,7068446,4.43945,15111,5104551,788
8200000,1595888,7106658,4.45311,15175,5170246,772
8250000,1599525,7145009,4.46696,15243,5235018,776
8300000,1603215,7183303,4.48056,15315,5299574,756
8350000,1606818,7221554,4.49432,15375,5365280,772
8400000,1610332,7259486,4.50807,15435,5428408,745
8450000,1613928,7297646,4.521669999999999,15510,5495549,775
8500000,1617460,7335667,4.5353,15562,5557912,760
8550000,1620983,7373844,4.5489999999999995,15653,5623268,743
8600000,1624434,7411899,4.56276,15720,5691888,750
8650000,1627903,7449421,4.57608,15783,5758202,755
8700000,1631393,7487131,4.58941,15853,5824143,756
8750000,1634901,7524988,4.60272,15914,5894040,747
8800000,1638347,7562830,4.61613,15992,5962623,760
8850000,1641711,7600574,4.62967,16051,6030628,787
8900000,1645088,7638313,4.6431,16121,6099208,758
8950000,1648396,7676015,4.65666,16183,6169689,779
9000000,1651755,7713827,4.6700800000000005,16255,6237073,780
9050000,1655024,7751284,4.68349,16340,6308394,740
9100000,1658300,7788843,4.69688,16411,6378795,760
9150000,1661443,7826295,4.71054,16481,6450566,745
9200000,1664770,7863650,4.72357,16541,6519095,777
9250000,1668087,7900935,4.73652,16611,6592732,737
9300000,1671402,7938326,4.7495,16668,6663370,758
9350000,1674702,7975505,4.76234,16731,6734638,744
9400000,1677874,8012674,4.7754900000000005,16797,6806446,725
9450000,1681093,8049778,4.7884199999999995,16857,6879537,767
9500000,1684274,8086853,4.8013900000000005,16917,6953535,729
9550000,1687366,8123841,4.81451,16990,7028245,747
9600000,1690556,8160903,4.82735,17057,7102705,752
9650000,1693726,8197913,4.84016,17131,7175715,770
9700000,1696852,8234668,4.85291,17192,7250661,724
9750000,1699976,8271403,4.8656,17263,7324919,733
9800000,1703021,8308123,4.87846,17321,7399730,734
9850000,1706064,8344855,4.891290000000001,17384,7474631,743
9900000,1709102,8381621,4.90411,17467,7550229,757
9950000,1712129,8418209,4.91681,17529,7624477,733
10000000,1715195,8454907,4.92941,17596,7700638,745
10050000,1718232,8491523,4.94201,17665,7777491,729
10100000,1721261,8528121,4.95458,17729,7853904,741
10150000,1724265,8564650,4.96713,17792,7930955,720
10200000,1727182,8600969,4.979769999999999,17850,8007566,720
10250000,1730144,8637428,4.992319999999999,17917,8087273,736
10300000,1733108,8673839,5.00479,17974,8164608,721
10350000,1736051,8710190,5.01724,18020,8242202,727
10400000,1739019,8746577,5.0296,18091,8318624,729
10450000,1741947,8782861,5.041980000000001,18144,8397470,726
10500000,1744832,8819095,5.05441,18199,8473141,744
10550000,1747781,8855302,5.0666,18258,8553167,731
10600000,1750691,8891407,5.0788,18317,8635696,744
10650000,1753629,8927355,5.09079,18383,8716805,712
10700000,1756544,8963364,5.1028400000000005,18432,8795549,716
10750000,1759458,8999391,5.11487,18496,8877904,715
10800000,1762199,9035225,5.1272400000000005,18560,8958476,685
10850000,1765021,9071287,5.139480000000001,18622,9040455,718
10900000,1767804,9106979,5.15158,18685,9120036,687
10950000,1770603,9142803,5.16367,18741,9202026,679
11000000,1773390,9178576,5.17572,18803,9286324,685
11050000,1776247,9214253,5.18748,18862,9365391,718
11100000,1779013,9249896,5.19945,18931,9447610,717
11150000,1781780,9285497,5.21136,18993,9529514,699
11200000,1784497,9321149,5.2234,19055,9612927,699
11250000,1787141,9356740,5.23559,19108,9700040,714
11300000,1789797,9392078,5.24757,19162,9782147,710
11350000,1792475,9427480,5.25948,19229,9866953,693
11400000,1795234,9462766,5.27105,19291,9950847,703
11450000,1797938,9497978,5.28271,19358,10035956,700
11500000,1800606,9533305,5.2945,19421,10122662,716
11550000,1803250,9568633,5.30633,19486,10207875,705
11600000,1805941,9603948,5.31797,19538,10290233,702
11650000,1808578,9639221,5.32972,19609,10376102,725
11700000,1811183,9674168,5.34135,19686,10457083,718
11750000,1813765,9709297,5.35312,19738,10543115,729
11800000,1816332,9744535,5.36495,19782,10627951,704
11850000,1818906,9779472,5.37657,19842,10717602,686
11900000,1821535,9814488,5.3880300000000005,19902,10802806,695
11950000,1824082,9849467,5.39968,19964,10891393,728
12000000,1826671,9884338,5.4111199999999995,20012,10979488,679
12050000,1829141,9919222,5.42289,20078,11070958,717
12100000,1831561,9953927,5.43467,20133,11157965,692
12150000,1834077,9988867,5.44626,20198,11245416,676
12200000,1836590,10023712,5.4577800000000005,20252,11334341,692
12250000,1838926,10058264,5.46964,20319,11424040,689
12300000,1841421,10092946,5.48106,20364,11514754,709
12350000,1843849,10127693,5.4926900000000005,20410,11604765,687
12400000,1846237,10162110,5.504230000000001,20459,11695748,668
12450000,1848665,10196590,5.51565,20511,11785176,724
12500000,1851006,10231132,5.527340000000001,20563,11876520,706
12550000,1853410,10265496,5.53871,20626,11968032,671
12600000,1855848,10299838,5.54994,20689,12058189,681
12650000,1858317,10334229,5.56107,20732,12145901,677
12700000,1860648,10368431,5.5724800000000005,20787,12235437,701
12750000,1863003,10402712,5.58384,20843,12328277,684
12800000,1865421,10437051,5.59501,20905,12420967,669
12850000,1867748,10471300,5.606380000000001,20973,12511200,680
12900000,1870094,10505612,5.6176900000000005,21026,12607239,689
12950000,1872462,10539879,5.62889,21084,12700064,690
13000000,1874824,10573939,5.639959999999999,21128,12792957,690
13050000,1877164,10608182,5.65117,21189,12885601,702
13100000,1879475,10642192,5.662319999999999,21231,12977991,690
13150000,1881711,10676239,5.673690000000001,21285,13070946,672
13200000,1883879,10710058,5.68511,21328,13163926,684
13250000,1886229,10744164,5.69611,21389,13257734,702
13300000,1888455,10778004,5.70731,21438,13352257,687
13350000,1890680,10811868,5.71851,21488,13449272,710
13400000,1892867,10845824,5.72984,21555,13543353,674
13450000,1895044,10879646,5.7411,21601,13641616,657
13500000,1897154,10913378,5.7525,21658,13736841,676
13550000,1899438,10947358,5.76347,21707,13833388,680
13600000,1901706,10981001,5.774290000000001,21767,13928860,670
13650000,1903883,11014782,5.78543,21824,14026394,654
13700000,1906080,11048368,5.79638,21874,14125270,645
13750000,1908201,11081889,5.80751,21929,14221628,663
13800000,1910438,11115276,5.81818,21989,14320307,657
13850000,1912634,11148724,5.82899,22050,14419116,684
13900000,1914810,11182114,5.8398,22090,14517429,655
13950000,1916956,11215505,5.8506800000000005,22148,14614142,667
14000000,1919062,11248890,5.86166,22212,14714363,681
14050000,1921229,11282226,5.8724,22278,14812637,672
14100000,1923453,11315662,5.88299,22326,14912916,650
14150000,1925554,11348917,5.89385,22389,15013609,666
14200000,1927678,11382246,5.9046400000000006,22435,15115095,651
14250000,1929726,11415468,5.91559,22481,15213445,662
14300000,1931800,11448473,5.92632,22531,15310030,640
14350000,1933867,11481580,5.93711,22582,15411010,662
14400000,1935979,11514521,5.94765,22646,15510493,620
14450000,1938105,11547752,5.95827,22701,15611758,668
14500000,1940135,11580742,5.969040000000001,22751,15715260,636
14550000,1942175,11613897,5.97984,22807,15815461,654
14600000,1944242,11646902,5.99046,22856,15917463,680
14650000,1946260,11679732,6.001119999999999,22904,16018702,641
14700000,1948296,11712615,6.0117199999999995,22949,16117976,668
14750000,1950391,11745497,6.02212,23010,16222462,652
14800000,1952387,11778219,6.03273,23044,16322121,649
14850000,1954436,11811005,6.04318,23091,16423677,660
14900000,1956344,11843815,6.05406,23135,16530187,667
14950000,1958335,11876500,6.06459,23187,16631351,669
15000000,1960356,11909183,6.07501,23240,16732645,648
15050000,1962329,11941936,6.08559,23295,16839073,660
15100000,1964257,11974305,6.0961,23345,16943349,659
15150000,1966203,12006882,6.10663,23386,17050764,655
15200000,1968200,12039445,6.11698,23434,17150404,644
15250000,1970236,12071911,6.12714,23489,17253772,648
15300000,1972121,12104229,6.13767,23536,17359763,634
15350000,1974074,12136528,6.147959999999999,23576,17462402,651
15400000,1976060,12168847,6.15814,23624,17565106,643
15450000,1978036,12201104,6.16829,23670,17671890,634
15500000,1980005,12233379,6.17846,23726,17778790,638
15550000,1981961,12265638,6.18864,23778,17885625,651
15600000,1983955,12297983,6.19872,23827,17991968,623
15650000,1985902,12330296,6.2089099999999995,23860,18098852,642
15700000,1987896,12362612,6.21894,23900,18201908,659
15750000,1989732,12394597,6.22928,23943,18308059,646
15800000,1991684,12426710,6.2393,23985,18417200,669
15850000,1993531,12458838,6.249630000000001,24024,18523807,629
15900000,1995409,12490878,6.25981,24074,18633917,624
15950000,1997267,12523010,6.27007,24125,18742503,646
16000000,1999252,12555026,6.27986,24179,18852738,650
16050000,2001071,12587021,6.29014,24226,18958710,637
16100000,2003030,12618943,6.299930000000001,24280,19065833,629
16150000,2004926,12650940,6.3099300000000005,24332,19176315,625
16200000,2006815,12682568,6.31975,24385,19285653,617
16250000,2008731,12714527,6.32963,24433,19395451,622
16300000,2010562,12746139,6.33959,24474,19507660,657
16350000,2012455,12777937,6.34943,24532,19615246,642
16400000,2014184,12809621,6.35971,24583,19725586,616
16450000,2015929,12841317,6.36993,24642,19839340,626
16500000,2017768,12873252,6.37995,24702,19950657,654
16550000,2019592,12904833,6.389819999999999,24740,20065201,627
16600000,2021375,12936495,6.39985,24784,20172541,645
16650000,2023166,12968208,6.40986,24825,20285183,587
16700000,2024961,12999683,6.41972,24869,20396691,622
16750000,2026699,13031281,6.42981,24924,20508675,633
16800000,2028507,13062763,6.43959,24975,20622752,653
16850000,2030232,13093853,6.44944,25022,20734894,620
16900000,2031970,13125110,6.4593,25063,20843782,634
16950000,2033761,13156556,6.46908,25115,20958791,665
17000000,2035479,13187748,6.478940000000001,25164,21070655,605
17050000,2037192,13218888,6.48878,25208,21183327,646
17100000,2038927,13250233,6.49863,25251,21297699,613
17150000,2040699,13281451,6.508290000000001,25284,21410946,629
17200000,2042401,13312459,6.51804,25330,21522928,615
17250000,2044130,13343520,6.52773,25379,21638296,612
17300000,2045865,13374708,6.5374300000000005,25425,21753905,621
17350000,2047570,13406072,6.5473099999999995,25479,21869235,615
17400000,2049258,13437276,6.5571399999999995,25538,21981647,623
17450000,2051033,13468268,6.56658,25570,22094973,633
17500000,2052747,13499251,6.5761899999999995,25617,22212915,634
17550000,2054483,13530249,6.585719999999999,25659,22329523,603
17600000,2056154,13560980,6.5953100000000004,25699,22442922,622
17650000,2057854,13592012,6.604939999999999,25739,22559454,636
17700000,2059494,13622858,6.614660000000001,25782,22676455,620
17750000,2061185,13653771,6.624230000000001,25832,22795166,623
17800000,2062832,13684423,6.6338,25884,22912273,612
17850000,2064499,13715318,6.64341,25933,23025809,631
17900000,2066148,13746021,6.65297,25971,23141754,594
17950000,2067796,13776734,6.66252,26004,23261779,588
18000000,2069454,13807590,6.67209,26051,23378991,624
18050000,2071081,13838426,6.68174,26105,23495073,611
18100000,2072665,13869118,6.691439999999999,26157,23613181,608
18150000,2074325,13899748,6.70085,26198,23734628,602
18200000,2075935,13930156,6.7103,26245,23853129,625
18250000,2077563,13960706,6.71975,26284,23966340,593
18300000,2079155,13991419,6.72938,26333,24081514,583
18350000,2080760,14021983,6.73888,26378,24198329,640
18400000,2082325,14052340,6.74839,26439,24317735,605
18450000,2083952,14082784,6.7577300000000005,26486,24437317,616
18500000,2085504,14113098,6.767239999999999,26526,24549555,609
18550000,2087083,14143409,6.7766399999999996,26582,24669096,635
18600000,2088697,14173837,6.78597,26632,24787836,620
18650000,2090295,14204267,6.7953399999999995,26673,24907376,600
18700000,2091874,14234754,6.80479,26725,25029147,613
18750000,2093383,14265033,6.81434,26769,25147680,623
18800000,2094995,14295258,6.82353,26815,25266011,632
18850000,2096563,14325394,6.8328,26852,25384012,602
18900000,2098131,14355544,6.842060000000001,26897,25500666,607
18950000,2099619,14385846,6.85165,26950,25620982,590
19000000,2101194,14416198,6.86096,26994,25739013,607
19050000,2102719,14446426,6.870360000000001,27046,25859969,610
19100000,2104281,14476352,6.87948,27091,25979073,584
19150000,2105792,14506358,6.888789999999999,27133,26098952,585
19200000,2107337,14536246,6.89792,27176,26218494,600
19250000,2108881,14566343,6.907139999999999,27230,26339785,602
19300000,2110437,14596314,6.91625,27268,26458894,628
19350000,2111897,14626095,6.92557,27305,26577353,596
19400000,2113376,14655871,6.934810000000001,27351,26693507,594
19450000,2114826,14685594,6.94411,27396,26815488,580
19500000,2116276,14715337,6.953410000000001,27438,26935657,602
19550000,2117790,14745120,6.9625,27483,27058468,600
19600000,2119289,14774848,6.971610000000001,27531,27180302,610
19650000,2120759,14804619,6.980810000000001,27568,27304112,568
19700000,2122247,14834293,6.9899,27607,27427510,587
19750000,2123787,14864052,6.9988399999999995,27650,27551597,610
19800000,2125302,14893702,7.007810000000001,27689,27675060,563
19850000,2126807,14923390,7.01681,27720,27797149,619
19900000,2128264,14953248,7.02603,27760,27924393,609
19950000,2129639,14982641,7.0353,27811,28046003,587
20000000,2131138,15012142,7.0441899999999995,27840,28166532,594
20050000,2132504,15041682,7.05353,27876,28289492,593
20100000,2133978,15071114,7.06245,27918,28412694,557
20150000,2135430,15100593,7.07145,27954,28536341,597
20200000,2136889,15130106,7.080439999999999,27996,28656147,596
20250000,2138396,15159430,7.089160000000001,28039,28776956,597
20300000,2139804,15188801,7.0982199999999995,28072,28902384,580
20350000,2141184,15218126,7.10734,28122,29027331,555
20400000,2142652,15247303,7.11609,28163,29151374,566
20450000,2143993,15276595,7.1253,28214,29273701,591
20500000,2145478,15305867,7.134010000000001,28252,29401388,571
20550000,2146856,15335133,7.14307,28308,29526643,617
20600000,2148303,15364361,7.151860000000001,28353,29648630,565
20650000,2149694,15393655,7.1608600000000004,28393,29776870,572
20700000,2151070,15422739,7.1698,28425,29902437,586
20750000,2152497,15451864,7.17858,28472,30032062,568
20800000,2153880,15481011,7.1875,28501,30158254,574
20850000,2155238,15510067,7.19645,28539,30280171,574
20900000,2156603,15539068,7.20534,28576,30403947,559
20950000,2157982,15567993,7.2141399999999996,28622,30533822,566
21000000,2159365,15596941,7.22293,28657,30659239,567
21050000,2160760,15626035,7.231730000000001,28699,30785415,569
21100000,2162140,15655028,7.24052,28736,30914666,585
21150000,2163565,15683547,7.248939999999999,28772,31042125,564
21200000,2165010,15712412,7.25743,28814,31170701,578
21250000,2166390,15741222,7.26611,28841,31296241,588
21300000,2167724,15769997,7.27491,28888,31426045,590
21350000,2169092,15798850,7.28362,28925,31556910,574
21400000,2170372,15827432,7.2925,28970,31685801,569
21450000,2171689,15856082,7.30127,29008,31808612,560
21500000,2172963,15884819,7.3102100000000005,29046,31939203,571
21550000,2174365,15913629,7.31875,29092,32071060,575
21600000,2175665,15942313,7.327560000000001,29125,32204007,592
21650000,2177013,15970853,7.336130000000001,29175,32334998,549
21700000,2178366,15999440,7.3447,29222,32465707,582
21750000,2179690,16027830,7.353260000000001,29259,32591448,566
21800000,2181009,16056270,7.36185,29310,32720428,557
21850000,2182317,16084838,7.3705300000000005,29350,32847909,571
21900000,2183599,16113252,7.37922,29389,32980763,540
21950000,2184879,16141661,7.3879,29428,33109038,587
22000000,2186225,16169965,7.39629,29471,33235687,537
22050000,2187518,16198221,7.404839999999999,29521,33365396,571
22100000,2188870,16226562,7.41321,29550,33497023,587
22150000,2190187,16255064,7.4217699999999995,29589,33627684,571
22200000,2191473,16283426,7.43036,29618,33757217,536
22250000,2192672,16311484,7.439089999999999,29660,33887669,570
22300000,2193906,16339752,7.4477899999999995,29706,34021004,567
22350000,2195117,16368003,7.45655,29752,34153774,565
22400000,2196412,16396198,7.464989999999999,29791,34284361,575
22450000,2197675,16424104,7.4734,29836,34415338,550
22500000,2198941,16452480,7.482,29889,34551981,572
22550000,2200209,16480692,7.4905100000000004,29928,34682471,557
22600000,2201453,16508758,7.49903,29965,34815181,553
22650000,2202706,16536617,7.50741,30004,34947407,542
22700000,2203995,16564843,7.51583,30046,35076523,549
22750000,2205274,16592794,7.524139999999999,30087,35208001,575
22800000,2206490,16620802,7.53269,30125,35343188,546
22850000,2207743,16648548,7.54098,30159,35472773,549
22900000,2209015,16676375,7.549239999999999,30195,35604858,535
22950000,2210284,16704396,7.557580000000001,30234,35741380,556
23000000,2211439,16732265,7.56623,30266,35875823,562
23050000,2212660,16760232,7.5747,30300,36009225,537
23100000,2213832,16788065,7.583260000000001,30337,36144979,565
23150000,2215060,16815811,7.59158,30379,36276913,517
23200000,2216256,16843582,7.60002,30419,36415325,550
23250000,2217535,16871397,7.60818,30458,36551073,546
23300000,2218757,16899245,7.61654,30495,36679827,560
23350000,2219958,16926951,7.6249,30526,36815683,558
23400000,2221145,16954526,7.63324,30564,36949494,556
23450000,2222443,16982181,7.64122,30605,37079701,551
23500000,2223623,17009806,7.649589999999999,30649,37213401,541
23550000,2224850,17037554,7.657839999999999,30682,37349768,574
23600000,2226103,17065211,7.665960000000001,30727,37485140,544
23650000,2227336,17092671,7.67404,30777,37617442,542
23700000,2228497,17120259,7.68242,30823,37755586,554
23750000,2229689,17147509,7.6905399999999995,30867,37885958,534
23800000,2230845,17174847,7.698810000000001,30905,38020647,549
23850000,2232011,17202425,7.707139999999999,30936,38160015,564
23900000,2233192,17229826,7.715339999999999,30955,38297010,550
23950000,2234394,17257343,7.7235,30986,38431368,558
24000000,2235556,17284866,7.7318,31021,38568158,571
24050000,2236695,17312207,7.74008,31058,38700410,580
24100000,2237841,17339676,7.74839,31090,38838251,574
24150000,2239007,17366985,7.75656,31124,38972387,541
24200000,2240142,17394400,7.7648600000000005,31162,39109497,545
24250000,2241279,17421706,7.773110000000001,31194,39243880,563
24300000,2242420,17448936,7.7813,31237,39382936,554
24350000,2243524,17476223,7.789630000000001,31271,39521800,547
24400000,2244648,17503293,7.797789999999999,31312,39657267,546
24450000,2245734,17530482,7.8061300000000005,31347,39799645,555
24500000,2246845,17557911,7.81447,31384,39937645,540
24550000,2247948,17585067,7.8227199999999995,31426,40077345,539
24600000,2249085,17612207,7.830830000000001,31455,40214311,544
24650000,2250187,17639246,7.839010000000001,31486,40353829,546
24700000,2251292,17666171,7.84713,31517,40492007,535
24750000,2252390,17693300,7.855339999999999,31550,40630723,557
24800000,2253557,17720271,7.86325,31591,40765122,568
24850000,2254614,17747334,7.871560000000001,31634,40904023,549
24900000,2255729,17774511,7.87972,31662,41043210,518
24950000,2256780,17801515,7.88802,31693,41180502,530
25000000,2257869,17828520,7.89617,31735,41318324,541
25050000,2258965,17855559,7.904310000000001,31764,41456614,529
25100000,2260087,17882458,7.91229,31807,41595386,538
25150000,2261196,17909520,7.92037,31839,41732805,530
25200000,2262355,17936343,7.92817,31882,41875494,534
25250000,2263536,17963176,7.93589,31908,42014939,541
25300000,2264634,17989964,7.9438699999999995,31934,42158689,514
25350000,2265724,18016713,7.951860000000001,31984,42298508,545
25400000,2266843,18043728,7.95985,32022,42441266,554
25450000,2267995,18070600,7.96765,32058,42585378,536
25500000,2269104,18097192,7.97548,32092,42725336,525
25550000,2270215,18123941,7.98336,32123,42864988,546
25600000,2271302,18150651,7.9913,32167,43004166,532
25650000,2272407,18177266,7.99912,32192,43141661,565
25700000,2273531,18203859,8.00687,32228,43284825,511
25750000,2274587,18230406,8.01482,32265,43426411,539
25800000,2275691,18257156,8.022689999999999,32293,43566024,545
25850000,2276778,18283594,8.03047,32328,43713614,528
25900000,2277786,18309997,8.03851,32363,43856928,537
25950000,2278862,18336426,8.04631,32401,43996096,539
26000000,2279924,18362778,8.05412,32427,44141052,513
26050000,2280985,18389172,8.06194,32464,44278935,511
26100000,2281994,18415736,8.07002,32499,44422182,546
26150000,2283012,18442125,8.07798,32531,44570771,528
26200000,2284033,18468362,8.08586,32569,44710371,517
26250000,2285142,18494570,8.0934,32607,44849543,504
26300000,2286191,18520969,8.101230000000001,32641,44991584,541
26350000,2287295,18547558,8.10895,32663,45133043,530
26400000,2288328,18573973,8.11683,32708,45277636,538
26450000,2289402,18600116,8.12444,32757,45422097,488
26500000,2290456,18626429,8.13219,32786,45565317,503
26550000,2291523,18652574,8.13982,32819,45709015,505
26600000,2292531,18678749,8.14765,32852,45849283,516
26650000,2293610,18705009,8.15527,32890,45991362,492
26700000,2294606,18731213,8.16315,32937,46140305,530
26750000,2295594,18757370,8.17103,32960,46285137,523
26800000,2296579,18783472,8.178889999999999,32999,46429548,508
26850000,2297571,18809695,8.18677,33036,46572414,557
26900000,2298583,18835719,8.19449,33076,46712341,528
26950000,2299591,18862011,8.20233,33121,46855356,533
27000000,2300616,18887989,8.20997,33156,46997673,504
27050000,2301636,18914003,8.21763,33184,47142215,533
27100000,2302677,18940034,8.22522,33232,47289014,533
27150000,2303749,18965936,8.23264,33254,47432369,525
27200000,2304703,18991644,8.24039,33293,47572553,532
27250000,2305687,19017720,8.24818,33319,47719049,543
27300000,2306659,19043646,8.255939999999999,33354,47864540,533
27350000,2307691,19069303,8.26337,33387,48008730,520
27400000,2308641,19095291,8.271230000000001,33411,48153952,518
27450000,2309691,19121034,8.27861,33452,48297205,541
27500000,2310654,19146755,8.28629,33496,48445295,521
27550000,2311596,19172487,8.29405,33528,48590493,512
27600000,2312537,19198357,8.301860000000001,33562,48740566,519
27650000,2313478,19223984,8.309560000000001,33598,48886798,519
27700000,2314439,19249840,8.31728,33627,49034253,516
27750000,2315344,19275406,8.32507,33659,49182192,506
27800000,2316294,19300927,8.33268,33694,49321023,514
27850000,2317271,19326435,8.34017,33724,49461035,522
27900000,2318195,19352185,8.34795,33748,49608649,497
27950000,2319158,19377999,8.35562,33781,49757863,509
28000000,2320097,19403545,8.36325,33812,49903320,509
28050000,2321013,19429127,8.37097,33845,50050040,509
28100000,2321926,19454707,8.378689999999999,33877,50203970,506
28150000,2322839,19480251,8.3864,33906,50348366,506
28200000,2323744,19505698,8.39408,33940,50499976,512
28250000,2324743,19531226,8.40146,33950,50645284,531
28300000,2325686,19556701,8.408999999999999,33979,50791283,500
28350000,2326701,19582088,8.41625,34016,50938416,495
28400000,2327618,19607559,8.423869999999999,34046,51083032,506
28450000,2328588,19632944,8.43127,34076,51228937,482
28500000,2329522,19658263,8.43875,34104,51378001,511
28550000,2330465,19683648,8.44623,34131,51533893,528
28600000,2331407,19708934,8.453669999999999,34154,51682489,508
28650000,2332322,19734163,8.46117,34183,51827364,518
28700000,2333240,19759469,8.46868,34218,51974220,520
28750000,2334193,19784939,8.47614,34255,52121182,512
28800000,2335101,19810153,8.48364,34293,52268514,497
28850000,2335981,19835313,8.49121,34325,52419755,506
28900000,2336939,19860476,8.4985,34348,52568483,524
28950000,2337921,19885597,8.50568,34382,52710777,504
29000000,2338853,19910843,8.51308,34418,52857788,508
29050000,2339758,19935989,8.52053,34458,53013285,516
29100000,2340681,19961169,8.52793,34492,53164778,517
29150000,2341595,19986549,8.53544,34520,53312448,492
29200000,2342584,20011765,8.5426,34553,53460943,551
29250000,2343539,20036866,8.54983,34582,53607354,502
29300000,2344430,20061859,8.55724,34610,53754142,510
29350000,2345339,20086861,8.564589999999999,34643,53898607,537
29400000,2346259,20111895,8.5719,34677,54044147,517
29450000,2347147,20136791,8.579260000000001,34719,54190799,510
29500000,2348069,20161703,8.5865,34761,54339129,487
29550000,2348983,20186677,8.59379,34794,54489314,505
29600000,2349857,20211687,8.601239999999999,34825,54638808,473
29650000,2350784,20236735,8.6085,34864,54789549,488
29700000,2351738,20261661,8.61561,34892,54936928,513
29750000,2352600,20286442,8.62299,34936,55087115,498
29800000,2353448,20311325,8.63045,34981,55237545,513
29850000,2354367,20336011,8.63757,35005,55390028,524
29900000,2355235,20360709,8.64487,35035,55537550,507
29950000,2356158,20385649,8.65207,35054,55686801,493
30000000,2357066,20410355,8.65922,35085,55836895,485
30050000,2357952,20434995,8.66642,35118,55981171,521
30100000,2358892,20459654,8.67342,35140,56128453,513
30150000,2359745,20484452,8.68079,35170,56283914,492
30200000,2360636,20508941,8.68789,35198,56435642,492
30250000,2361523,20533684,8.6951,35231,56587273,506
30300000,2362410,20558409,8.7023,35265,56738220,496
30350000,2363253,20583257,8.709710000000001,35292,56892298,497
30400000,2364129,20607816,8.71687,35327,57044848,494
30450000,2365001,20632624,8.72415,35351,57198942,525
30500000,2365892,20657473,8.73137,35385,57348830,487
30550000,2366793,20682000,8.73841,35413,57500402,472
30600000,2367663,20706690,8.745619999999999,35437,57648899,488
30650000,2368504,20731143,8.752839999999999,35470,57802414,484
30700000,2369405,20755509,8.7598,35503,57954715,495
30750000,2370272,20780098,8.76697,35532,58107482,504
30800000,2371163,20804636,8.77402,35562,58262404,501
30850000,2372075,20829079,8.78095,35589,58411561,489
30900000,2372930,20853571,8.788110000000001,35616,58569511,496
30950000,2373726,20877863,8.7954,35644,58719516,481
31000000,2374595,20902115,8.802389999999999,35673,58868278,514
31050000,2375482,20926545,8.809389999999999,35712,59013478,499
31100000,2376363,20951001,8.816410000000001,35736,59167875,490
31150000,2377218,20975225,8.82343,35772,59323418,499
31200000,2378009,20999351,8.830639999999999,35799,59477804,473
31250000,2378882,21023780,8.83767,35830,59633738,479
31300000,2379692,21048180,8.84492,35868,59784581,502
31350000,2380440,21072482,8.85235,35906,59940508,494
31400000,2381306,21096795,8.85934,35936,60094422,488
31450000,2382172,21120989,8.86627,35972,60247850,505
31500000,2382981,21145074,8.87337,36005,60399314,482
31550000,2383795,21169314,8.880510000000001,36034,60554993,520
31600000,2384568,21193246,8.88767,36065,60704679,449
31650000,2385396,21217277,8.89466,36102,60859738,476
31700000,2386248,21241609,8.90168,36124,61014352,457
31750000,2387070,21265890,8.90878,36155,61164666,509
31800000,2387920,21289825,8.91564,36182,61323214,489
31850000,2388711,21313867,8.92275,36203,61472013,465
31900000,2389546,21337763,8.92963,36223,61631136,468
31950000,2390311,21361742,8.9368,36250,61788328,465
32000000,2391137,21385840,8.9438,36290,61946347,447
32050000,2391957,21409940,8.9508,36316,62100515,498
32100000,2392755,21433836,8.95781,36350,62253688,485
32150000,2393489,21457706,8.96503,36383,62412129,461
32200000,2394251,21481509,8.97212,36413,62569755,443
32250000,2395022,21505372,8.9792,36450,62724186,495
32300000,2395824,21529151,8.98612,36478,62876442,479
32350000,2396611,21552986,8.99311,36502,63031276,461
32400000,2397391,21576852,9.00014,36522,63182197,482
32450000,2398195,21600819,9.00712,36552,63341331,477
32500000,2398926,21624441,9.01422,36582,63493280,459
32550000,2399741,21648121,9.02102,36612,63648098,499
32600000,2400568,21672025,9.02787,36640,63801848,475
32650000,2401391,21695658,9.03462,36669,63953451,467
32700000,2402151,21719310,9.04161,36692,64106445,458
32750000,2402921,21742960,9.04855,36717,64254756,472
32800000,2403701,21766507,9.05541,36739,64406507,474
32850000,2404520,21790069,9.06213,36770,64562451,464
32900000,2405336,21813667,9.06886,36800,64719901,469
32950000,2406081,21837341,9.0759,36821,64881725,486
33000000,2406866,21860982,9.08276,36854,65036471,471
33050000,2407675,21884486,9.08947,36887,65197535,492
33100000,2408409,21907993,9.09646,36921,65352354,490
33150000,2409174,21931502,9.10333,36952,65508451,468
33200000,2409966,21955050,9.11011,36977,65667882,442
33250000,2410719,21978470,9.11698,37009,65821369,462
33300000,2411484,22001980,9.12383,37040,65980002,450
33350000,2412224,22025476,9.13078,37067,66134809,456
33400000,2413006,22049151,9.13763,37103,66286099,465
33450000,2413758,22072617,9.1445,37132,66442571,448
33500000,2414538,22096189,9.15131,37166,66604994,490
33550000,2415316,22119597,9.15806,37194,66762327,487
33600000,2416088,22143059,9.16484,37226,66917242,487
33650000,2416771,22166368,9.17189,37256,67077211,445
33700000,2417530,22189631,9.17864,37279,67232338,485
33750000,2418258,22213096,9.18558,37300,67388739,460
33800000,2418947,22236455,9.19262,37324,67550045,505
33850000,2419690,22259795,9.19944,37346,67702438,504
33900000,2420490,22282955,9.205969999999999,37374,67855584,486
33950000,2421276,22306264,9.21261,37404,68014402,478
34000000,2422066,22329513,9.2192,37431,68177414,474
34050000,2422804,22352806,9.22601,37463,68335845,478
34100000,2423566,22375984,9.232669999999999,37491,68492891,453
34150000,2424300,22399296,9.23949,37515,68649357,470
34200000,2425018,22422460,9.246310000000001,37545,68811896,449
34250000,2425754,22445480,9.252989999999999,37579,68972742,437
34300000,2426492,22468739,9.25976,37607,69133461,459
34350000,2427206,22491968,9.26661,37637,69293615,472
34400000,2427905,22514986,9.27342,37664,69455984,441
34450000,2428574,22538037,9.28036,37692,69616907,481
34500000,2429275,22560859,9.28707,37729,69772456,448
34550000,2429998,22583907,9.2938,37748,69930834,489
34600000,2430764,22607096,9.300410000000001,37779,70089366,472
34650000,2431466,22630155,9.307210000000001,37806,70244342,463
34700000,2432204,22653596,9.31402,37836,70405606,480
34750000,2432937,22676629,9.32068,37870,70562325,457
34800000,2433644,22699617,9.32742,37895,70715862,440
34850000,2434363,22722439,9.33404,37922,70867130,458
34900000,2435103,22745273,9.340580000000001,37946,71027575,450
34950000,2435865,22768135,9.34704,37966,71184016,447
35000000,2436525,22791022,9.3539,37984,71345941,465
35050000,2437229,22813862,9.36057,38010,71504568,467
35100000,2437912,22836635,9.367289999999999,38041,71660886,460
35150000,2438626,22859382,9.37388,38072,71821369,450
35200000,2439373,22882135,9.38033,38101,71981154,440
35250000,2440091,22905043,9.38696,38135,72139721,475
35300000,2440801,22927960,9.39362,38151,72304683,467
35350000,2441533,22950670,9.40011,38173,72457800,463
35400000,2442230,22973564,9.4068,38201,72619711,448
35450000,2442960,22996416,9.41334,38220,72774444,484
35500000,2443689,23019129,9.419830000000001,38254,72928099,463
35550000,2444404,23041760,9.42633,38274,73084400,451
35600000,2445112,23064416,9.43287,38301,73243670,446
35650000,2445839,23087008,9.4393,38323,73400885,452
35700000,2446516,23109660,9.44595,38336,73559930,436
35750000,2447204,23132282,9.452539999999999,38367,73716390,431
35800000,2447907,23155225,9.45919,38392,73877563,445
35850000,2448607,23177858,9.46573,38425,74040479,475
35900000,2449348,23200423,9.47208,38454,74199432,448
35950000,2450048,23222969,9.478580000000001,38480,74360827,455
36000000,2450785,23245579,9.48495,38507,74512947,459
36050000,2451481,23268069,9.491430000000001,38529,74666534,436
36100000,2452132,23290655,9.49812,38554,74833334,445
36150000,2452789,23313027,9.5047,38582,74995571,452
36200000,2453443,23335561,9.51135,38618,75156449,456
36250000,2454132,23358019,9.51783,38654,75315045,431
36300000,2454841,23380461,9.524230000000001,38683,75472626,455
36350000,2455508,23402873,9.53077,38707,75634705,459
36400000,2456163,23425200,9.53731,38742,75794350,447
36450000,2456842,23447403,9.54372,38771,75950412,429
36500000,2457467,23469708,9.55037,38798,76118371,457
36550000,2458134,23492220,9.55693,38826,76277974,443
36600000,2458811,23514678,9.56343,38852,76436880,429
36650000,2459500,23537190,9.56991,38887,76597400,443
36700000,2460154,23559477,9.576419999999999,38914,76757718,445
36750000,2460860,23581613,9.58267,38941,76917811,454
36800000,2461515,23603890,9.58917,38962,77078510,470
36850000,2462170,23626450,9.59578,38994,77241278,455
36900000,2462809,23648637,9.6023,39024,77405264,404
36950000,2463497,23670874,9.60865,39048,77563802,431
37000000,2464135,23693128,9.61519,39078,77724543,463
37050000,2464796,23715314,9.62161,39112,77892396,468
37100000,2465491,23737682,9.62797,39137,78053730,467
37150000,2466168,23759816,9.634310000000001,39161,78215901,451
37200000,2466779,23781967,9.6409,39187,78378729,456
37250000,2467476,23804232,9.6472,39210,78537368,425
37300000,2468147,23826559,9.65362,39235,78702483,456
37350000,2468784,23848622,9.66007,39265,78868227,480
37400000,2469454,23870817,9.66644,39287,79027792,466
37450000,2470128,23892872,9.67273,39319,79191698,425
37500000,2470796,23914947,9.67905,39350,79348479,429
37550000,2471445,23937108,9.68547,39376,79514858,453
37600000,2472076,23959197,9.691930000000001,39406,79678418,469
37650000,2472715,23981153,9.698310000000001,39427,79841332,429
37700000,2473373,24003273,9.70467,39453,80005362,434
37750000,2474004,24025089,9.71101,39474,80168323,460
37800000,2474671,24047014,9.717260000000001,39497,80327833,447
37850000,2475300,24068921,9.72364,39525,80484682,441
37900000,2475918,24090882,9.730080000000001,39551,80644356,443
37950000,2476563,24112794,9.73639,39567,80806943,452
38000000,2477178,24134750,9.74284,39597,80968980,419
38050000,2477809,24156644,9.7492,39628,81133850,446
38100000,2478476,24178747,9.75549,39650,81302838,444
38150000,2479114,24200645,9.76181,39676,81463900,452
38200000,2479768,24222543,9.76807,39709,81626415,427
38250000,2480398,24244415,9.774410000000001,39738,81790432,426
38300000,2481040,24266123,9.78063,39767,81952307,433
38350000,2481676,24287867,9.78688,39790,82112166,432
38400000,2482317,24309601,9.79311,39818,82276936,437
38450000,2482918,24331317,9.79948,39844,82441452,438
38500000,2483541,24353171,9.80583,39865,82605452,428
38550000,2484196,24374934,9.812000000000001,39890,82765772,414
38600000,2484810,24396631,9.81831,39912,82924637,441
38650000,2485479,24418344,9.8244,39933,83087864,433
38700000,2486105,24440013,9.830639999999999,39962,83252187,465
38750000,2486748,24461666,9.83681,39983,83423798,442
38800000,2487342,24483276,9.84315,40007,83587286,434
38850000,2487981,24504880,9.8493,40029,83750829,421
38900000,2488593,24526627,9.85562,40048,83915406,452
38950000,2489231,24548310,9.8618,40073,84080924,441
39000000,2489841,24569905,9.86806,40104,84246659,422
39050000,2490460,24591359,9.87422,40130,84407016,438
39100000,2491083,24612851,9.88038,40147,84566520,434
39150000,2491650,24634396,9.88678,40171,84734430,450
39200000,2492261,24656124,9.89307,40202,84900137,427
39250000,2492868,24677778,9.89935,40228,85064332,469
39300000,2493486,24699153,9.90547,40258,85229889,434
39350000,2494062,24720640,9.9118,40286,85399658,452
39400000,2494656,24742096,9.91804,40312,85567010,417
39450000,2495233,24763439,9.9243,40332,85736714,422
39500000,2495841,24784989,9.93052,40359,85899251,437
39550000,2496464,24806423,9.93662,40382,86058969,451
39600000,2497051,24827842,9.94287,40407,86220502,420
39650000,2497646,24849194,9.94905,40423,86390611,421
39700000,2498245,24870493,9.95519,40450,86555742,423
39750000,2498850,24891901,9.96134,40464,86723311,453
39800000,2499454,24913151,9.96744,40491,86886856,415
39850000,2500061,24934337,9.97349,40515,87049593,464
39900000,2500655,24955677,9.97966,40550,87214770,426
39950000,2501248,24976890,9.98577,40569,87382149,441
40000000,2501804,24998170,9.99206,40591,87543873,419
40050000,2502406,25019459,9.99816,40610,87714811,429
40100000,2502997,25040832,10.0043,40639,87881488,441
40150000,2503606,25062107,10.0104,40655,88044751,386
40200000,2504174,25083461,10.0167,40679,88206980,438
40250000,2504782,25104710,10.0227,40698,88377610,457
40300000,2505376,25125928,10.0288,40721,88543274,398
40350000,2505959,25147295,10.035,40755,88708427,431
40400000,2506540,25168429,10.0411,40776,88875268,427
40450000,2507109,25189678,10.0473,40788,89044772,446
40500000,2507665,25210567,10.0534,40808,89210839,418
40550000,2508253,25231432,10.0594,40837,89376507,448
40600000,2508900,25252476,10.0652,40861,89537287,409
40650000,2509487,25273472,10.0712,40882,89701650,415
40700000,2510047,25294449,10.0773,40909,89861502,434
40750000,2510629,25315561,10.0834,40943,90032176,397
40800000,2511221,25336462,10.0893,40955,90195355,447
40850000,2511777,25357358,10.0954,40978,90359207,387
40900000,2512353,25378347,10.1014,41011,90526567,410
40950000,2512954,25399308,10.1074,41036,90690421,431
41000000,2513522,25420240,10.1134,41061,90860835,444
41050000,2514069,25441213,10.1195,41084,91022955,406
41100000,2514647,25462045,10.1255,41102,91187779,389
41150000,2515222,25482824,10.1314,41130,91353667,404
41200000,2515814,25503716,10.1374,41161,91520876,423
41250000,2516378,25524660,10.1434,41182,91693709,387
41300000,2516905,25545629,10.1496,41207,91863614,447
41350000,2517454,25566438,10.1557,41228,92031140,400
41400000,2518056,25587383,10.1616,41255,92200027,433
41450000,2518619,25608407,10.1676,41275,92369480,419
41500000,2519172,25629133,10.1736,41301,92531370,424
41550000,2519742,25649774,10.1795,41325,92696639,407
41600000,2520299,25670563,10.1855,41351,92864338,405
41650000,2520874,25691305,10.1914,41377,93034909,430
41700000,2521442,25711988,10.1973,41396,93205096,424
41750000,2522031,25732704,10.2032,41415,93367659,417
41800000,2522586,25753490,10.2092,41438,93537052,426
41850000,2523118,25774060,10.2152,41463,93702310,423
41900000,2523664,25794837,10.2212,41477,93873844,449
41950000,2524219,25815454,10.2271,41500,94042687,404
42000000,2524774,25836196,10.2331,41518,94209769,403
42050000,2525305,25856945,10.2391,41535,94378018,420
42100000,2525855,25877767,10.2452,41568,94549146,411
42150000,2526453,25898486,10.2509,41605,94722532,411
42200000,2527003,25919368,10.257,41630,94892549,445
42250000,2527620,25940076,10.2626,41650,95057530,423
42300000,2528157,25960827,10.2687,41670,95219614,401
42350000,2528702,25981436,10.2746,41697,95389155,400
42400000,2529238,26001765,10.2805,41720,95556703,401
42450000,2529751,26022221,10.2865,41743,95723309,422
42500000,2530305,26042862,10.2924,41770,95889902,407
42550000,2530856,26063486,10.2983,41785,96060680,456
42600000,2531403,26084037,10.3042,41806,96228275,439
42650000,2531975,26104494,10.3099,41828,96398115,404
42700000,2532496,26124950,10.3159,41845,96568888,413
42750000,2533017,26145416,10.3218,41864,96735323,408
42800000,2533537,26165838,10.3278,41887,96897856,392
42850000,2534122,26186476,10.3335,41905,97074330,423
42900000,2534668,26206867,10.3394,41928,97240166,428
42950000,2535260,26227284,10.345,41956,97406771,436
43000000,2535815,26247683,10.3508,41985,97573351,404
43050000,2536305,26268023,10.3568,42007,97744235,410
43100000,2536841,26288374,10.3626,42020,97913035,434
43150000,2537347,26308831,10.3686,42040,98077885,408
43200000,2537890,26329314,10.3745,42059,98247644,402
43250000,2538417,26349750,10.3804,42083,98417352,390
43300000,2538946,26370192,10.3863,42107,98584203,398
43350000,2539482,26390449,10.3921,42136,98752286,390
43400000,2540021,26410835,10.3979,42158,98928725,428
43450000,2540554,26431182,10.4037,42181,99098784,424
43500000,2541071,26451351,10.4095,42211,99265896,384
43550000,2541615,26471652,10.4153,42231,99436049,418
43600000,2542141,26491895,10.4211,42251,99608207,405
43650000,2542658,26512144,10.4269,42272,99771971,360
43700000,2543154,26532262,10.4328,42294,99943565,391
43750000,2543665,26552406,10.4386,42308,100105786,385
43800000,2544216,26572762,10.4444,42323,100279274,395
43850000,2544746,26592988,10.4502,42341,100445917,399
43900000,2545274,26613231,10.4559,42360,100612191,412
43950000,2545770,26633464,10.4619,42382,100781118,422
44000000,2546327,26653564,10.4675,42407,100949338,391
44050000,2546793,26673498,10.4734,42427,101119880,388
44100000,2547303,26693667,10.4792,42449,101280293,422
44150000,2547813,26713779,10.485,42476,101451770,411
44200000,2548336,26733977,10.4908,42497,101623528,397
44250000,2548841,26754054,10.4966,42523,101795686,416
44300000,2549379,26773993,10.5022,42541,101961001,386
44350000,2549877,26794017,10.508,42565,102127642,427
44400000,2550383,26814031,10.5137,42592,102297913,407
44450000,2550887,26833845,10.5194,42607,102464388,388
44500000,2551397,26853784,10.5251,42624,102637831,421
44550000,2551945,26873885,10.5307,42642,102804448,396
44600000,2552459,26893654,10.5364,42665,102974177,394
44650000,2552984,26913772,10.5421,42684,103138689,428
44700000,2553534,26933611,10.5476,42706,103304194,389
44750000,2554056,26953565,10.5532,42734,103468249,415
44800000,2554534,26973590,10.5591,42754,103640500,414
44850000,2555032,26993591,10.5649,42780,103813708,396
44900000,2555556,27013601,10.5705,42799,103985000,408
44950000,2556049,27033559,10.5763,42825,104155245,403
45000000,2556583,27053569,10.5819,42845,104328847,408
45050000,2557079,27073308,10.5876,42862,104488583,393
45100000,2557549,27092878,10.5933,42883,104655114,383
45150000,2558023,27112632,10.5991,42902,104821597,383
45200000,2558516,27132490,10.6048,42927,104989846,394
45250000,2558990,27152225,10.6105,42952,105157966,381
45300000,2559469,27172092,10.6163,42968,105324479,410
45350000,2559957,27191814,10.622,42989,105490723,381
45400000,2560430,27211796,10.6278,43009,105663650,404
45450000,2560918,27231518,10.6335,43035,105833484,397
45500000,2561446,27251293,10.639000000000001,43056,106001120,408
45550000,2561894,27271041,10.6449,43076,106169953,393
45600000,2562401,27290657,10.6504,43102,106336076,377
45650000,2562885,27310272,10.6561,43126,106503480,391
45700000,2563360,27329764,10.6617,43157,106676818,388
45750000,2563866,27349426,10.6673,43179,106851142,417
45800000,2564311,27369070,10.6731,43205,107021079,395
45850000,2564807,27388739,10.6787,43215,107186788,435
45900000,2565289,27408294,10.6843,43235,107358313,373
45950000,2565766,27427997,10.69,43256,107520966,399
46000000,2566250,27447729,10.6957,43271,107695123,396
46050000,2566714,27467235,10.7013,43293,107859535,386
46100000,2567220,27486679,10.7068,43313,108026339,416
46150000,2567669,27506239,10.7125,43338,108201393,381
46200000,2568121,27525714,10.7182,43361,108367689,380
46250000,2568600,27545377,10.7239,43383,108535493,384
46300000,2569083,27564852,10.7295,43402,108700395,376
46350000,2569526,27584264,10.7352,43421,108871586,360
46400000,2569988,27603788,10.7408,43434,109046313,411
46450000,2570474,27623212,10.7463,43464,109216593,396
46500000,2570961,27642859,10.752,43482,109390090,396
46550000,2571410,27662278,10.7576,43500,109561993,397
46600000,2571904,27681668,10.7631,43527,109739954,371
46650000,2572383,27700973,10.7686,43546,109909694,384
46700000,2572867,27720447,10.7741,43574,110086224,360
46750000,2573345,27739603,10.7796,43594,110258206,364
46800000,2573815,27758931,10.7851,43612,110427498,399
46850000,2574296,27778246,10.7906,43637,110596648,390
46900000,2574769,27797737,10.7962,43657,110766627,402
46950000,2575266,27817026,10.8016,43681,110944642,409
47000000,2575742,27836377,10.8071,43705,111114751,377
47050000,2576247,27855764,10.8125,43730,111288200,378
47100000,2576714,27875194,10.8181,43758,111458912,386
47150000,2577184,27894232,10.8235,43771,111630464,382
47200000,2577644,27913474,10.8291,43789,111804002,411
47250000,2578124,27933096,10.8347,43806,111969417,386
47300000,2578619,27952324,10.84,43831,112143001,378
47350000,2579084,27971693,10.8456,43849,112309176,390
47400000,2579579,27990969,10.850999999999999,43868,112479276,391
47450000,2580029,28010232,10.8566,43889,112646296,395
47500000,2580518,28029559,10.862,43904,112818083,376
47550000,2580974,28048784,10.8675,43914,112988812,381
47600000,2581427,28068005,10.8731,43932,113160725,395
47650000,2581881,28087150,10.8786,43948,113328188,370
47700000,2582310,28106285,10.8842,43975,113501947,382
47750000,2582751,28125407,10.8897,44001,113683728,378
47800000,2583215,28144498,10.8951,44025,113856336,382
47850000,2583693,28163708,10.9006,44042,114026595,372
47900000,2584147,28182632,10.905999999999999,44064,114199587,408
