timestep,num_nodes,num_edges,average_degree,max_degree,num_triangles,new_edges
0,1962,1000,0.509684,3,0,1000
50000,70972,50926,0.717551,151,19,998
100000,122502,100709,0.822101,285,132,994
150000,166040,150366,0.905601,425,354,994
200000,204600,199921,0.977131,542,724,994
250000,239567,249351,1.04084,674,1304,987
300000,271549,298673,1.09989,824,2096,979
350000,301274,347847,1.15459,962,3120,981
400000,329006,396961,1.20655,1089,4394,983
450000,355314,445979,1.2551700000000001,1219,5961,976
500000,379932,494861,1.3025,1340,7885,979
550000,403786,543643,1.34636,1467,10203,974
600000,426562,592338,1.38863,1589,12606,974
650000,448382,640974,1.42953,1704,15403,972
700000,469414,689457,1.46876,1820,18456,968
750000,489630,737809,1.5068700000000002,1938,21802,964
800000,508966,786051,1.54441,2058,25736,967
850000,527408,834247,1.58179,2181,30113,963
900000,545513,882289,1.6173600000000001,2279,34516,951
950000,562999,930344,1.65248,2395,39485,969
1000000,579941,978241,1.6867900000000002,2507,44960,969
1050000,596504,1026001,1.72002,2630,50732,949
1100000,612502,1073662,1.7529099999999997,2750,57179,951
1150000,628245,1121265,1.78476,2871,63660,949
1200000,643662,1168751,1.81578,2955,70696,937
1250000,658846,1216189,1.8459400000000001,3063,78452,952
1300000,673407,1263472,1.8762400000000001,3188,86398,944
1350000,687618,1310721,1.90618,3288,94631,952
1400000,701574,1357899,1.9355,3399,103275,936
1450000,715109,1404926,1.9646299999999999,3524,111935,942
1500000,728507,1451821,1.9928700000000001,3641,121351,926
1550000,741490,1498653,2.02114,3763,130809,936
1600000,754370,1545445,2.04866,3871,141317,944
1650000,766962,1592135,2.0759,3983,152360,932
1700000,779553,1638782,2.10221,4102,163088,935
1750000,791642,1685196,2.12873,4208,174662,952
1800000,803410,1731609,2.15532,4322,186489,916
1850000,815311,1778054,2.18083,4428,198692,920
1900000,826769,1824297,2.20654,4546,211870,930
1950000,837911,1870419,2.23224,4658,225086,920
2000000,848844,1916513,2.25779,4760,238823,930
2050000,859980,1962537,2.28207,4868,252918,929
2100000,870736,2008557,2.30673,4973,267240,922
2150000,881055,2054420,2.33177,5095,282253,911
2200000,891481,2100225,2.35588,5186,297669,922
2250000,901658,2145926,2.3799799999999998,5287,312654,904
2300000,911796,2191530,2.40353,5407,328731,925
2350000,921560,2237078,2.42749,5507,345521,911
2400000,931158,2282569,2.45132,5597,362635,911
2450000,940953,2328009,2.4741,5710,379972,916
2500000,950314,2373307,2.49739,5806,397296,906
2550000,959776,2418589,2.51995,5899,416312,907
2600000,968999,2463738,2.54256,6008,435104,906
2650000,977989,2508784,2.56525,6116,454402,900
2700000,986944,2553688,2.58747,6201,474415,909
2750000,995710,2598557,2.60975,6309,494056,905
2800000,1004338,2643333,2.63192,6396,514800,902
2850000,1013030,2688043,2.65347,6488,534699,901
2900000,1021637,2732853,2.67497,6583,556100,907
2950000,1030105,2777607,2.69643,6689,577793,897
3000000,1038471,2822206,2.71766,6800,600025,893
3050000,1046598,2866713,2.73908,6888,623013,890
3100000,1054679,2911273,2.7603400000000002,6975,645854,894
3150000,1062717,2955578,2.78115,7067,669825,881
3200000,1070673,2999853,2.8018400000000003,7158,693574,875
3250000,1078652,3043938,2.82198,7249,718193,882
3300000,1086488,3088035,2.84222,7346,743198,863
3350000,1094184,3132070,2.86247,7433,768371,882
3400000,1101960,3175948,2.8820900000000003,7517,793281,893
3450000,1109453,3219867,2.9022099999999997,7621,818051,861
3500000,1116856,3263743,2.9222599999999996,7721,844312,867
3550000,1124184,3307501,2.94213,7820,871974,876
3600000,1131458,3351255,2.9618900000000004,7918,900508,879
3650000,1138676,3394752,2.98132,8004,929355,887
3700000,1145637,3438218,3.0011400000000004,8104,958127,874
3750000,1152609,3481627,3.02065,8183,987952,875
3800000,1159582,3524981,3.03987,8284,1017647,843
3850000,1166336,3568291,3.0594,8376,1047080,868
3900000,1173148,3611585,3.0785400000000003,8468,1076103,876
3950000,1179850,3654679,3.09758,8554,1107375,879
4000000,1186597,3697963,3.1164400000000003,8669,1137481,885
4050000,1193183,3740972,3.1352900000000004,8749,1168354,872
4100000,1199714,3783877,3.15398,8838,1200351,837
4150000,1206255,3826781,3.17245,8919,1232665,844
4200000,1212610,3869677,3.1912,9003,1263547,852
4250000,1218986,3912374,3.20953,9086,1295914,849
4300000,1225247,3955330,3.22819,9179,1329991,845
4350000,1231544,3997954,3.24629,9261,1364092,850
4400000,1237827,4040536,3.26422,9357,1398661,860
4450000,1244122,4083135,3.28194,9442,1432507,850
4500000,1250258,4125653,3.29984,9547,1468166,822
4550000,1256396,4167961,3.31739,9617,1504522,864
4600000,1262357,4210198,3.3351900000000003,9702,1540580,842
4650000,1268313,4252538,3.35291,9795,1577364,870
4700000,1274136,4294936,3.37086,9870,1614026,844
4750000,1280081,4337279,3.3882800000000004,9940,1650981,869
4800000,1285738,4379446,3.40617,10014,1689231,858
4850000,1291501,4421448,3.4235,10093,1727629,810
4900000,1297152,4463270,3.4408199999999995,10175,1765210,832
4950000,1302691,4505078,3.4582900000000003,10258,1804754,833
5000000,1308323,4547022,3.47546,10334,1845353,825
5050000,1313954,4588815,3.4923699999999998,10403,1884922,841
5100000,1319543,4630440,3.50912,10486,1923932,827
5150000,1325011,4672142,3.5261199999999997,10556,1964184,848
5200000,1330511,4713696,3.5427699999999995,10638,2004886,843
5250000,1335861,4755151,3.55962,10717,2046686,846
5300000,1341126,4796667,3.5766,10805,2088701,835
5350000,1346447,4838071,3.59321,10874,2131318,841
5400000,1351765,4879678,3.60986,10958,2173453,823
5450000,1357094,4921087,3.6261900000000002,11051,2216241,835
5500000,1362183,4962506,3.64305,11133,2259418,818
5550000,1367248,5003684,3.6596800000000003,11215,2302160,804
5600000,1372255,5044813,3.6762900000000003,11285,2346603,831
5650000,1377379,5085989,3.69251,11376,2390724,824
5700000,1382439,5126999,3.70866,11444,2436323,849
5750000,1387432,5167941,3.72482,11543,2481458,839
5800000,1392419,5208822,3.74084,11608,2525387,809
5850000,1397319,5249629,3.75693,11694,2573193,820
5900000,1402275,5290396,3.7727199999999996,11768,2618768,826
5950000,1407087,5331108,3.78876,11836,2666167,809
6000000,1411859,5371663,3.8046699999999998,11902,2712935,822
6050000,1416600,5412300,3.8206300000000004,11982,2760180,836
6100000,1421377,5452835,3.8363,12072,2807956,802
6150000,1426185,5493554,3.85192,12146,2855108,811
6200000,1430855,5533939,3.8675699999999997,12210,2901987,797
6250000,1435562,5574325,3.88303,12299,2950909,810
6300000,1440160,5614740,3.89869,12375,3000912,828
6350000,1444726,5655022,3.91425,12448,3050482,829
6400000,1449323,5695268,3.92961,12526,3100860,812
6450000,1453782,5735451,3.94519,12603,3150222,824
6500000,1458257,5775546,3.96058,12688,3201050,786
6550000,1462637,5815706,3.9761800000000003,12765,3255608,800
6600000,1466999,5855561,3.9915199999999995,12839,3305926,795
6650000,1471392,5895519,4.00676,12920,3358586,791
6700000,1475842,5935319,4.02165,12990,3410048,783
6750000,1480209,5975151,4.03669,13065,3463460,808
6800000,1484659,6014997,4.05143,13144,3516026,779
6850000,1488947,6054520,4.06631,13212,3568613,792
6900000,1493248,6094134,4.08113,13292,3622586,792
6950000,1497493,6133771,4.096030000000001,13377,3677732,798
7000000,1501661,6173284,4.11097,13445,3731085,793
7050000,1505871,6212732,4.1256699999999995,13519,3786076,799
7100000,1510127,6252264,4.140219999999999,13595,3842935,809
7150000,1514232,6291593,4.15497,13672,3898312,774
7200000,1518322,6331007,4.16974,13750,3955717,768
7250000,1522411,6370383,4.1844,13826,4011220,797
7300000,1526434,6409600,4.19907,13889,4069637,759
7350000,1530435,6448771,4.21368,13952,4126734,806
7400000,1534468,6487811,4.22805,14025,4184574,774
7450000,1538449,6526845,4.2424800000000005,14096,4243051,778
7500000,1542431,6565806,4.2567900000000005,14174,4300182,764
7550000,1546276,6604746,4.27139,14232,4358516,765
7600000,1550333,6643749,4.2853699999999995,14296,4418671,780
7650000,1554184,6682577,4.29973,14360,4479266,785
7700000,1558059,6721420,4.313969999999999,14435,4537675,794
7750000,1561949,6760090,4.32798,14492,4596377,783
7800000,1565769,6798830,4.342169999999999,14566,4657706,780
7850000,1569531,6837602,4.35646,14637,4717112,784
7900000,1573331,6876234,4.37049,14712,4778347,795
7950000,1577154,6914667,4.38427,14782,4839663,766
8000000,1580768,6953114,4.398569999999999,14858,4901275,785
8050000,1584552,6991633,4.41237,14938,4964614,764
8100000,1588233,7030048,4.42633,14998,5028065,776
8150000,1591896,7068355,4.4402099999999995,15068,5091215,768
8200000,1595659,7106703,4.45377,15117,5152809,754
8250000,1599305,7144824,4.46746,15183,5217516,770
8300000,1602965,7183009,4.48108,15239,5282462,757
8350000,1606553,7221128,4.4948,15307,5348099,784
8400000,1610138,7259275,4.5084800000000005,15383,5412582,786
8450000,1613723,7297340,4.52205,15446,5480277,764
8500000,1617242,7335295,4.53568,15519,5545024,772
8550000,1620725,7373213,4.54933,15579,5611146,731
8600000,1624341,7411177,4.56257,15653,5676571,770
8650000,1627815,7448982,4.57606,15729,5743608,748
8700000,1631232,7486739,4.58962,15804,5809966,756
8750000,1634720,7524724,4.60307,15867,5878835,740
8800000,1638100,7562326,4.6165199999999995,15932,5944935,753
8850000,1641508,7599982,4.62988,16000,6013718,758
8900000,1644963,7637582,4.643009999999999,16068,6083151,763
8950000,1648344,7675273,4.65635,16138,6153750,780
9000000,1651754,7712854,4.669490000000001,16205,6221381,740
9050000,1655206,7750504,4.6825,16279,6292724,773
9100000,1658640,7788002,4.69541,16344,6361482,725
9150000,1661908,7825424,4.7087,16406,6431139,755
9200000,1665138,7862654,4.72192,16475,6502988,747
9250000,1668364,7899991,4.73517,16535,6576513,749
9300000,1671591,7937276,4.74834,16597,6647273,751
9350000,1674901,7974568,4.76122,16677,6719501,748
9400000,1678235,8011672,4.77387,16742,6790129,741
9450000,1681429,8048839,4.7869,16806,6862200,763
9500000,1684494,8085803,4.80014,16871,6933793,721
9550000,1687700,8122789,4.812930000000001,16934,7005914,729
9600000,1690820,8159650,4.82585,17006,7080325,750
9650000,1693986,8196588,4.83864,17076,7156286,754
9700000,1697117,8233290,4.85134,17160,7228942,724
9750000,1700168,8270046,4.86425,17224,7302676,768
9800000,1703236,8306953,4.87716,17287,7375696,732
9850000,1706278,8343765,4.89004,17348,7450750,746
9900000,1709301,8380405,4.902830000000001,17409,7526458,743
9950000,1712386,8417125,4.91544,17472,7602790,732
10000000,1715389,8453740,4.92818,17534,7678324,728
10050000,1718466,8490282,4.94062,17593,7753425,737
10100000,1721506,8526832,4.953119999999999,17646,7829786,740
10150000,1724450,8563344,4.96584,17712,7908143,696
10200000,1727438,8599745,4.97832,17784,7983933,734
10250000,1730345,8635991,4.9909099999999995,17849,8061565,759
10300000,1733226,8672318,5.00357,17908,8138670,750
10350000,1736165,8708507,5.0159400000000005,17957,8213812,711
10400000,1739008,8744763,5.02859,18022,8291358,718
10450000,1741922,8781001,5.04098,18083,8370217,703
10500000,1744750,8817079,5.05349,18137,8450212,723
10550000,1747617,8853205,5.065869999999999,18199,8529945,719
10600000,1750482,8889341,5.07822,18263,8608536,723
10650000,1753334,8925624,5.09066,18320,8689248,731
10700000,1756174,8961547,5.10288,18374,8769342,707
10750000,1758954,8997573,5.1153,18435,8850300,717
10800000,1761878,9033569,5.1272400000000005,18490,8930545,730
10850000,1764644,9069363,5.13949,18567,9011202,699
10900000,1767438,9105304,5.1517,18621,9093895,740
10950000,1770236,9141088,5.1637699999999995,18689,9175916,691
11000000,1772960,9176845,5.176,18748,9256904,736
11050000,1775679,9212571,5.1882,18806,9337083,710
11100000,1778440,9248244,5.2002,18866,9420253,715
11150000,1781221,9283798,5.21204,18917,9501733,707
11200000,1784007,9319305,5.22381,18990,9581560,712
11250000,1786717,9354798,5.23575,19055,9665471,707
11300000,1789346,9390206,5.24784,19119,9749311,717
11350000,1792015,9425532,5.25974,19178,9833480,702
11400000,1794756,9461068,5.27151,19241,9919173,707
11450000,1797389,9496402,5.283440000000001,19298,10002063,697
11500000,1800036,9531903,5.2954,19365,10090723,698
11550000,1802689,9567161,5.30716,19422,10172609,688
11600000,1805327,9602536,5.319,19479,10259523,662
11650000,1807915,9637677,5.33082,19554,10343055,691
11700000,1810393,9672728,5.342890000000001,19612,10427766,710
11750000,1813010,9707904,5.35458,19681,10513571,723
11800000,1815520,9742853,5.36643,19734,10600562,712
11850000,1818158,9777747,5.37783,19802,10684880,703
11900000,1820737,9812848,5.38949,19860,10770807,718
11950000,1823255,9847652,5.40114,19909,10858718,677
12000000,1825756,9882575,5.41287,19961,10946518,673
12050000,1828268,9917213,5.42438,20040,11034855,676
12100000,1830657,9951913,5.43625,20096,11120406,676
12150000,1833148,9986771,5.4478800000000005,20163,11209542,692
12200000,1835559,10021238,5.4595,20223,11296680,676
12250000,1838036,10055828,5.47096,20275,11384547,671
12300000,1840477,10090408,5.4825,20335,11474064,700
12350000,1842975,10125253,5.49397,20391,11562768,693
12400000,1845459,10159832,5.50531,20447,11652252,671
12450000,1847885,10194352,5.516769999999999,20510,11745588,655
12500000,1850316,10228908,5.5282,20560,11837200,675
12550000,1852714,10263545,5.53974,20619,11927683,689
12600000,1855201,10298066,5.55092,20671,12022800,705
12650000,1857500,10332427,5.56254,20734,12114783,697
12700000,1859915,10366860,5.573840000000001,20782,12205583,684
12750000,1862249,10401259,5.585319999999999,20842,12298010,673
12800000,1864560,10435653,5.59684,20893,12391192,660
12850000,1866942,10469839,5.60802,20970,12483896,716
12900000,1869250,10504007,5.61937,21031,12575281,683
12950000,1871625,10538153,5.63048,21087,12668727,668
13000000,1873977,10572307,5.64164,21140,12764232,668
13050000,1876387,10606456,5.6526,21200,12857955,704
13100000,1878733,10640406,5.66361,21244,12951675,668
13150000,1881034,10674600,5.67486,21313,13043971,683
13200000,1883374,10708526,5.68582,21374,13136702,687
13250000,1885676,10742375,5.69683,21427,13230395,710
13300000,1888035,10776333,5.7077,21483,13323218,672
13350000,1890358,10810271,5.71864,21544,13418229,673
13400000,1892655,10844217,5.72963,21609,13513289,702
13450000,1894941,10878195,5.74065,21666,13610329,662
13500000,1897225,10911806,5.75146,21713,13707996,650
13550000,1899567,10945581,5.76215,21767,13809353,686
13600000,1901716,10979102,5.77326,21822,13901456,698
13650000,1904046,11012807,5.7839,21873,13998773,638
13700000,1906257,11046420,5.79482,21928,14094991,663
13750000,1908504,11079974,5.80558,21976,14191675,683
13800000,1910700,11113610,5.81651,22038,14288112,677
13850000,1912860,11147182,5.82749,22091,14388257,676
13900000,1915014,11180688,5.83844,22147,14488004,687
13950000,1917247,11214082,5.84905,22200,14586289,670
14000000,1919444,11247508,5.85977,22263,14686247,650
14050000,1921598,11280927,5.8706,22307,14785765,686
14100000,1923639,11314180,5.88165,22361,14884296,677
14150000,1925759,11347376,5.8924199999999995,22417,14984702,653
14200000,1927852,11380371,5.9031400000000005,22485,15085005,665
14250000,1929916,11413781,5.91413,22542,15187879,661
14300000,1931953,11446928,5.92506,22595,15288383,653
14350000,1934053,11480153,5.9358,22645,15389457,658
14400000,1936108,11513285,5.94661,22706,15490541,672
14450000,1938267,11546369,5.95706,22749,15587477,667
14500000,1940340,11579327,5.9676800000000005,22810,15686679,673
14550000,1942407,11612238,5.978269999999999,22858,15788696,655
14600000,1944523,11645196,5.98872,22907,15890003,675
14650000,1946591,11677935,5.9991699999999994,22969,15993606,663
14700000,1948676,11711038,6.00974,23013,16096873,658
14750000,1950771,11743943,6.02015,23066,16198313,657
14800000,1952790,11776835,6.0307699999999995,23115,16298943,688
14850000,1954754,11809635,6.0414900000000005,23161,16402024,639
14900000,1956786,11842416,6.05197,23209,16507569,665
14950000,1958829,11875137,6.06237,23251,16609999,677
15000000,1960819,11907876,6.07291,23301,16714314,648
15050000,1962827,11940419,6.08328,23351,16816353,623
15100000,1964866,11972977,6.09353,23397,16921736,642
15150000,1966828,12005568,6.104030000000001,23447,17027202,669
15200000,1968767,12038070,6.11452,23508,17130985,647
15250000,1970778,12070616,6.1248,23559,17236230,630
15300000,1972741,12103116,6.13518,23605,17344372,650
15350000,1974660,12135378,6.14555,23658,17450544,646
15400000,1976647,12167956,6.15586,23712,17554512,653
15450000,1978643,12200215,6.16595,23774,17663579,647
15500000,1980589,12232461,6.17617,23838,17768171,659
15550000,1982536,12264755,6.1864,23887,17873090,648
15600000,1984466,12296949,6.1966,23928,17978665,625
15650000,1986308,12329205,6.2071,23979,18085788,679
15700000,1988156,12361242,6.21744,24021,18191323,640
15750000,1990054,12393562,6.22775,24076,18299884,647
15800000,1991924,12425652,6.23802,24107,18405471,645
15850000,1993827,12457562,6.248069999999999,24159,18511753,650
15900000,1995747,12489536,6.2580800000000005,24209,18616733,651
15950000,1997623,12521627,6.26826,24246,18723997,631
16000000,1999523,12553732,6.27836,24303,18831724,641
16050000,2001378,12585611,6.288469999999999,24359,18937627,652
16100000,2003220,12617512,6.29862,24409,19042911,631
16150000,2005090,12649315,6.3086,24457,19153611,642
16200000,2006956,12681265,6.3186599999999995,24503,19260588,623
16250000,2008790,12712953,6.32866,24558,19367629,656
16300000,2010698,12744602,6.3384,24609,19477527,601
16350000,2012493,12776309,6.3485,24658,19585159,638
16400000,2014267,12808011,6.35865,24705,19692308,625
16450000,2016089,12839723,6.3686300000000005,24756,19800609,630
16500000,2017874,12871372,6.37868,24793,19913729,635
16550000,2019702,12903078,6.3886,24841,20020401,648
16600000,2021513,12934622,6.39849,24896,20131890,652
16650000,2023278,12966028,6.40843,24937,20241611,608
16700000,2025104,12997475,6.41818,24972,20352505,636
16750000,2026915,13028953,6.427969999999999,25011,20461913,626
16800000,2028642,13060215,6.43791,25049,20574924,646
16850000,2030493,13091577,6.44749,25090,20683701,653
16900000,2032207,13122797,6.457409999999999,25124,20792454,611
16950000,2033963,13154027,6.46719,25173,20904270,639
17000000,2035749,13185130,6.4768,25224,21016877,611
17050000,2037548,13216301,6.4863800000000005,25272,21128007,622
17100000,2039330,13247576,6.49604,25318,21237264,632
17150000,2041089,13278884,6.505780000000001,25363,21355220,604
17200000,2042859,13310086,6.51542,25408,21471316,623
17250000,2044596,13341350,6.525180000000001,25455,21581076,654
17300000,2046346,13372566,6.53485,25499,21696772,619
17350000,2048103,13403757,6.54447,25541,21808804,589
17400000,2049852,13434788,6.55403,25576,21926879,621
17450000,2051551,13465796,6.56371,25633,22044080,602
17500000,2053217,13496843,6.573510000000001,25672,22157923,602
17550000,2054913,13527787,6.583139999999999,25714,22274798,610
17600000,2056599,13558760,6.592810000000001,25764,22388781,592
17650000,2058265,13589656,6.60248,25810,22504963,605
17700000,2059981,13620562,6.61198,25862,22617733,637
17750000,2061653,13651288,6.62153,25904,22732405,620
17800000,2063307,13682107,6.63115,25939,22848865,636
17850000,2064987,13712887,6.64067,25995,22961591,604
17900000,2066606,13743469,6.65026,26040,23073244,610
17950000,2068346,13774271,6.659560000000001,26076,23190801,600
18000000,2070029,13804937,6.66896,26123,23302663,638
18050000,2071688,13835763,6.6785,26163,23418346,609
18100000,2073327,13866440,6.68801,26199,23535885,601
18150000,2074987,13897212,6.697489999999999,26238,23653433,596
18200000,2076655,13927782,6.70683,26292,23765305,604
18250000,2078209,13958331,6.71652,26333,23881922,596
18300000,2079860,13988830,6.72585,26383,23997444,582
18350000,2081463,14019522,6.7354199999999995,26436,24116186,635
18400000,2083074,14050133,6.7449,26489,24230823,614
18450000,2084645,14080641,6.754460000000001,26534,24349640,644
18500000,2086220,14111001,6.763910000000001,26580,24464211,615
18550000,2087799,14141277,6.773289999999999,26625,24583320,594
18600000,2089354,14171590,6.782760000000001,26659,24703116,608
18650000,2090964,14201910,6.792039999999999,26696,24826475,576
18700000,2092541,14232263,6.80143,26752,24947348,610
18750000,2094155,14262435,6.8105899999999995,26788,25065267,570
18800000,2095654,14292475,6.82005,26838,25186949,627
18850000,2097183,14322617,6.829460000000001,26881,25303610,591
18900000,2098730,14352864,6.838830000000001,26915,25425829,621
18950000,2100282,14383039,6.84815,26964,25546542,609
19000000,2101732,14413125,6.85774,27009,25664552,645
19050000,2103225,14443293,6.867210000000001,27052,25786666,601
19100000,2104718,14473296,6.8766,27088,25907626,596
19150000,2106257,14503436,6.88588,27132,26028925,611
19200000,2107870,14533372,6.8948100000000005,27166,26147292,591
19250000,2109338,14563293,6.9042,27203,26270607,617
19300000,2110791,14593313,6.91367,27248,26396887,591
19350000,2112315,14623328,6.92289,27301,26521667,621
19400000,2113770,14653338,6.93232,27348,26648885,625
19450000,2115287,14683059,6.9414,27380,26768058,585
19500000,2116818,14712790,6.95043,27412,26885598,630
19550000,2118310,14742749,6.95967,27455,27008973,636
19600000,2119850,14772625,6.968710000000001,27499,27129138,625
19650000,2121277,14802453,6.978089999999999,27536,27254320,596
19700000,2122809,14832340,6.9871300000000005,27575,27373647,601
19750000,2124265,14862270,6.99643,27609,27495657,598
19800000,2125788,14891989,7.0054,27650,27619234,586
19850000,2127209,14921493,7.014589999999999,27690,27737177,585
19900000,2128656,14951066,7.02371,27732,27858875,544
19950000,2130130,14980773,7.0328,27769,27979347,610
20000000,2131545,15010235,7.04195,27828,28099436,587
20050000,2133071,15039780,7.05076,27879,28223851,601
20100000,2134456,15069140,7.059939999999999,27921,28346468,588
20150000,2135894,15098660,7.0690100000000005,27961,28466708,573
20200000,2137313,15128163,7.078119999999999,28001,28593343,583
20250000,2138792,15157385,7.0868899999999995,28045,28718082,577
20300000,2140229,15186695,7.09583,28088,28842521,573
20350000,2141646,15215893,7.104769999999999,28129,28965531,572
20400000,2143091,15245009,7.1135600000000005,28171,29086436,561
20450000,2144494,15274241,7.122539999999999,28220,29211073,603
20500000,2145936,15303345,7.131310000000001,28262,29332395,575
20550000,2147287,15332556,7.14043,28299,29457409,591
20600000,2148617,15361636,7.14955,28346,29581141,605
20650000,2149950,15390570,7.15857,28389,29711589,593
20700000,2151391,15419470,7.167210000000001,28437,29837507,579
20750000,2152739,15448497,7.17621,28490,29965110,594
20800000,2154097,15477412,7.1851,28528,30092481,572
20850000,2155499,15506453,7.1939,28570,30218020,572
20900000,2156850,15535502,7.20287,28618,30345658,560
20950000,2158248,15564473,7.21162,28660,30471000,573
21000000,2159542,15593525,7.22076,28706,30600599,600
21050000,2160838,15622578,7.22987,28745,30728906,569
21100000,2162182,15651524,7.238760000000001,28792,30854951,559
21150000,2163640,15680200,7.247139999999999,28837,30981465,574
21200000,2164990,15708954,7.2559,28872,31110494,554
21250000,2166369,15737845,7.26462,28907,31237531,599
21300000,2167790,15766643,7.27314,28947,31370904,569
21350000,2169156,15795394,7.28182,28986,31496954,606
21400000,2170495,15824018,7.29051,29017,31624840,544
21450000,2171839,15852900,7.2993,29071,31755511,567
21500000,2173216,15881766,7.3079600000000005,29119,31885644,612
21550000,2174587,15910591,7.3166,29154,32015519,573
21600000,2175965,15939092,7.325069999999999,29190,32143974,575
21650000,2177234,15968023,7.33409,29225,32281024,588
21700000,2178525,15996497,7.342810000000001,29266,32408206,574
21750000,2179848,16024919,7.351389999999999,29308,32532308,574
21800000,2181207,16053606,7.359960000000001,29343,32662929,573
21850000,2182511,16082039,7.368589999999999,29392,32787128,585
21900000,2183871,16110592,7.37708,29431,32915762,550
21950000,2185250,16139024,7.385439999999999,29465,33045988,560
22000000,2186566,16167440,7.39399,29502,33176174,593
22050000,2187929,16195796,7.40234,29534,33301059,555
22100000,2189254,16224238,7.41085,29567,33426832,568
22150000,2190580,16252676,7.41935,29610,33558797,574
22200000,2191852,16281152,7.428030000000001,29645,33692755,577
22250000,2193174,16309474,7.43647,29688,33824153,525
22300000,2194416,16337620,7.4450899999999995,29727,33955520,579
22350000,2195754,16365723,7.45335,29771,34084295,573
22400000,2196988,16393882,7.4619800000000005,29814,34218196,561
22450000,2198220,16422179,7.47067,29857,34350741,552
22500000,2199528,16450557,7.4791300000000005,29894,34485212,556
22550000,2200781,16478762,7.48769,29945,34618261,579
22600000,2202053,16506995,7.496180000000001,29994,34756458,548
22650000,2203285,16535045,7.50472,30029,34891021,567
22700000,2204540,16563271,7.51325,30063,35022786,547
22750000,2205811,16591335,7.52165,30097,35158698,596
22800000,2207086,16619418,7.53003,30140,35292409,552
22850000,2208343,16647174,7.538310000000001,30175,35428393,539
22900000,2209622,16675172,7.54662,30213,35558739,570
22950000,2210896,16703163,7.554930000000001,30242,35693873,537
23000000,2212053,16731023,7.5635699999999995,30275,35826238,555
23050000,2213285,16758728,7.57188,30314,35959252,572
23100000,2214523,16786650,7.580260000000001,30354,36092816,554
23150000,2215701,16814553,7.58882,30387,36227931,574
23200000,2216958,16842426,7.59709,30419,36363689,563
23250000,2218165,16870197,7.6054699999999995,30457,36499371,575
23300000,2219370,16897925,7.61384,30492,36629759,563
23350000,2220576,16925616,7.62217,30525,36762635,551
23400000,2221787,16953418,7.63053,30560,36896683,558
23450000,2223001,16981304,7.638910000000001,30609,37032890,572
23500000,2224214,17009048,7.64722,30639,37170424,551
23550000,2225441,17036595,7.65538,30676,37307283,556
23600000,2226718,17064216,7.66339,30719,37439878,543
23650000,2227923,17091844,7.67165,30758,37575821,577
23700000,2229112,17119478,7.67995,30799,37708295,581
23750000,2230271,17147103,7.68835,30847,37844628,569
23800000,2231426,17174525,7.6966600000000005,30879,37976967,536
23850000,2232590,17202017,7.704960000000001,30911,38117021,543
23900000,2233771,17229560,7.71322,30945,38251748,566
23950000,2234947,17256884,7.72138,30972,38384923,546
24000000,2236137,17284178,7.729480000000001,31007,38519183,560
24050000,2237286,17311510,7.73773,31046,38654979,549
24100000,2238459,17338854,7.745889999999999,31088,38790226,539
24150000,2239591,17366210,7.7541899999999995,31128,38926024,538
24200000,2240737,17393515,7.762410000000001,31159,39067799,534
24250000,2241883,17420619,7.77053,31191,39204200,530
24300000,2243005,17447720,7.77873,31227,39340942,545
24350000,2244162,17474981,7.786860000000001,31262,39477864,553
24400000,2245319,17502051,7.794910000000001,31288,39614570,550
24450000,2246451,17529136,7.803039999999999,31325,39752606,530
24500000,2247561,17556189,7.81122,31355,39889343,531
24550000,2248708,17583576,7.81941,31394,40025291,590
24600000,2249829,17610891,7.827660000000001,31426,40160658,561
24650000,2250895,17638137,7.83605,31461,40296957,545
24700000,2252067,17665150,7.84397,31497,40436510,531
24750000,2253199,17692077,7.85198,31539,40574341,530
24800000,2254326,17718884,7.85995,31579,40710290,517
24850000,2255466,17745669,7.86785,31611,40844717,523
24900000,2256552,17772753,7.8760699999999995,31640,40983547,544
24950000,2257641,17799614,7.8841600000000005,31664,41123099,507
25000000,2258765,17826847,7.8923,31694,41264292,551
25050000,2259890,17853819,7.9003,31723,41404804,547
25100000,2261053,17880995,7.90826,31762,41547849,535
25150000,2262101,17907767,7.91643,31790,41686622,548
25200000,2263178,17934556,7.9245,31818,41825919,534
25250000,2264241,17961396,7.9326300000000005,31872,41968647,551
25300000,2265308,17988075,7.94068,31912,42101903,524
25350000,2266383,18015035,7.9488,31940,42246480,527
25400000,2267499,18041764,7.95668,31976,42392007,533
25450000,2268605,18068639,7.96465,32013,42530475,522
25500000,2269653,18095445,7.97278,32045,42672209,531
25550000,2270729,18122281,7.98082,32084,42813912,537
25600000,2271820,18149117,7.9888,32118,42951657,559
25650000,2272851,18175913,7.99697,32152,43091266,530
25700000,2273947,18202572,8.00484,32187,43232910,574
25750000,2275043,18229241,8.0127,32232,43376113,530
25800000,2276027,18255640,8.02084,32273,43514861,539
25850000,2277072,18282253,8.028839999999999,32303,43657454,531
25900000,2278122,18308866,8.03682,32326,43797829,551
25950000,2279203,18335352,8.04463,32366,43936260,528
26000000,2280256,18361706,8.052480000000001,32401,44078967,521
26050000,2281382,18388266,8.060139999999999,32437,44216325,526
26100000,2282388,18414566,8.06811,32474,44362313,523
26150000,2283497,18441062,8.0758,32507,44500695,531
26200000,2284521,18467332,8.083680000000001,32545,44640719,538
26250000,2285563,18493610,8.09149,32584,44783103,513
26300000,2286655,18519913,8.09913,32617,44928483,514
26350000,2287697,18546370,8.107000000000001,32658,45067129,527
26400000,2288724,18572533,8.1148,32689,45206835,502
26450000,2289730,18598845,8.12272,32727,45347290,491
26500000,2290740,18625010,8.130560000000001,32774,45486836,493
26550000,2291770,18651049,8.13827,32800,45623268,523
26600000,2292783,18677212,8.14609,32827,45766428,530
26650000,2293797,18703341,8.153880000000001,32867,45906544,495
26700000,2294811,18729572,8.161710000000001,32907,46051722,523
26750000,2295800,18755567,8.16951,32941,46194282,515
26800000,2296789,18781559,8.17731,32966,46330840,527
26850000,2297750,18807666,8.18525,33001,46474022,536
26900000,2298774,18833682,8.192919999999999,33031,46621530,523
26950000,2299801,18859809,8.20063,33074,46763451,525
27000000,2300792,18885757,8.20837,33102,46902823,508
27050000,2301799,18911884,8.21613,33132,47049045,536
27100000,2302791,18937726,8.22381,33169,47190001,520
27150000,2303838,18963761,8.23138,33204,47338446,519
27200000,2304856,18989478,8.2389,33239,47480714,525
27250000,2305828,19015393,8.24667,33283,47623083,488
27300000,2306851,19041323,8.25425,33321,47766822,516
27350000,2307858,19067236,8.26188,33352,47909681,513
27400000,2308811,19092992,8.26962,33382,48058627,531
27450000,2309785,19118895,8.27735,33411,48205138,518
27500000,2310814,19144693,8.28483,33442,48347207,515
27550000,2311826,19170784,8.292489999999999,33474,48494346,535
27600000,2312803,19196502,8.3001,33508,48642763,516
27650000,2313791,19222284,8.3077,33542,48790255,520
27700000,2314717,19248082,8.31552,33574,48936081,493
27750000,2315730,19273693,8.32294,33607,49081757,541
27800000,2316689,19299489,8.330630000000001,33638,49222730,544
27850000,2317651,19325308,8.33832,33680,49371694,537
27900000,2318661,19351007,8.34577,33711,49515862,521
27950000,2319623,19376748,8.3534,33747,49666306,520
28000000,2320631,19402513,8.36088,33777,49814717,517
28050000,2321578,19427990,8.36844,33798,49960983,509
28100000,2322590,19453622,8.37583,33848,50109920,534
28150000,2323591,19479114,8.383189999999999,33885,50261034,493
28200000,2324565,19504526,8.39061,33916,50407907,527
28250000,2325454,19529995,8.39836,33951,50550951,504
28300000,2326418,19555451,8.40582,33984,50696691,482
28350000,2327431,19580788,8.41305,34021,50838454,524
28400000,2328368,19606240,8.420589999999999,34057,50997060,529
28450000,2329349,19631809,8.42802,34082,51145220,506
28500000,2330273,19657283,8.43561,34110,51293473,545
28550000,2331164,19682694,8.44329,34141,51443637,486
28600000,2332071,19707997,8.45086,34166,51590137,518
28650000,2333018,19733406,8.45832,34193,51741583,471
28700000,2333926,19758801,8.465910000000001,34222,51885368,525
28750000,2334853,19784046,8.473360000000001,34250,52037314,496
28800000,2335776,19809452,8.480889999999999,34280,52190885,493
28850000,2336701,19834599,8.48829,34310,52333446,461
28900000,2337659,19859858,8.495619999999999,34345,52479802,500
28950000,2338602,19885030,8.50296,34379,52629577,499
29000000,2339605,19910372,8.51014,34412,52777295,517
29050000,2340561,19935749,8.517510000000001,34440,52928265,487
29100000,2341491,19960660,8.52476,34474,53076226,488
29150000,2342402,19985826,8.53219,34492,53228795,514
29200000,2343299,20010787,8.53958,34519,53374514,482
29250000,2344263,20035931,8.54679,34557,53522907,482
29300000,2345171,20061067,8.5542,34588,53673725,494
29350000,2346046,20086146,8.5617,34606,53830923,511
29400000,2346967,20111198,8.56902,34645,53978573,518
29450000,2347827,20135999,8.57644,34663,54123948,486
29500000,2348709,20161055,8.58389,34700,54277245,496
29550000,2349603,20186001,8.591239999999999,34728,54429802,513
29600000,2350495,20210937,8.59859,34763,54581287,475
29650000,2351376,20235762,8.60592,34799,54727431,531
29700000,2352310,20260456,8.613,34834,54880130,494
29750000,2353194,20285366,8.62035,34865,55029570,490
29800000,2354068,20310074,8.62765,34899,55181645,516
29850000,2354978,20334965,8.634889999999999,34929,55329843,485
29900000,2355825,20359601,8.64224,34953,55476394,506
29950000,2356719,20384353,8.649460000000001,34987,55628743,483
30000000,2357581,20409272,8.65687,35011,55779594,499
30050000,2358426,20433917,8.66422,35042,55929686,488
30100000,2359301,20458719,8.67152,35070,56078050,524
30150000,2360167,20483354,8.67877,35097,56224312,511
30200000,2360991,20508175,8.68626,35128,56374927,523
30250000,2361843,20532739,8.69352,35163,56529815,485
30300000,2362748,20557359,8.700610000000001,35194,56683856,476
30350000,2363626,20581870,8.70775,35235,56835371,499
30400000,2364537,20606339,8.71475,35270,56986835,487
30450000,2365409,20630932,8.72193,35298,57141457,511
30500000,2366292,20655624,8.72911,35330,57294347,488
30550000,2367149,20679987,8.736239999999999,35360,57447113,486
30600000,2368017,20704567,8.74342,35399,57597960,504
30650000,2368892,20728951,8.75048,35438,57750695,494
30700000,2369747,20753499,8.75769,35466,57899967,475
30750000,2370600,20778109,8.76492,35497,58056492,512
30800000,2371452,20802618,8.7721,35520,58209901,459
30850000,2372311,20827028,8.77921,35548,58362780,463
30900000,2373138,20851434,8.786439999999999,35584,58514513,469
30950000,2373941,20875708,8.79369,35608,58666086,485
31000000,2374763,20900163,8.80095,35642,58825449,473
31050000,2375591,20924389,8.80808,35669,58969709,457
31100000,2376429,20948720,8.81521,35703,59124225,500
31150000,2377242,20973030,8.82242,35733,59280236,474
31200000,2378085,20997386,8.82954,35766,59438076,503
31250000,2378893,21021616,8.83672,35797,59595247,488
31300000,2379703,21045705,8.84384,35825,59748785,486
31350000,2380525,21069989,8.85098,35855,59902671,497
31400000,2381369,21094151,8.85799,35886,60058508,497
31450000,2382206,21118333,8.86503,35915,60210024,483
31500000,2383037,21142729,8.87218,35948,60362222,502
31550000,2383818,21166942,8.879430000000001,35978,60516741,472
31600000,2384662,21191171,8.88645,36005,60670605,474
31650000,2385539,21215170,8.893239999999999,36031,60834459,477
31700000,2386345,21239085,8.900260000000001,36063,60985969,485
31750000,2387187,21263234,8.90723,36102,61141210,495
31800000,2387980,21287141,8.91429,36135,61299390,480
31850000,2388772,21311147,8.921380000000001,36170,61450275,462
31900000,2389573,21335148,8.92844,36189,61599372,486
31950000,2390418,21359139,8.935319999999999,36218,61755432,483
32000000,2391265,21383034,8.94214,36240,61908073,461
32050000,2392121,21406997,8.948960000000001,36269,62065400,457
32100000,2392911,21430832,8.955969999999999,36297,62216607,466
32150000,2393723,21454665,8.96289,36330,62372960,499
32200000,2394557,21478691,8.9698,36354,62528776,520
32250000,2395280,21502577,8.97706,36381,62681181,487
32300000,2396070,21526402,8.98405,36410,62831644,482
32350000,2396877,21550360,8.991019999999999,36437,62990439,494
32400000,2397644,21574093,8.99804,36458,63143061,477
32450000,2398464,21597868,9.00487,36484,63293793,491
32500000,2399210,21621559,9.01195,36505,63446345,507
32550000,2399972,21645313,9.018989999999999,36538,63600496,479
32600000,2400731,21668908,9.025960000000001,36575,63752749,495
32650000,2401557,21692972,9.03288,36599,63914400,512
32700000,2402283,21716533,9.03996,36637,64067474,447
32750000,2403058,21740229,9.0469,36663,64219697,456
32800000,2403788,21763916,9.05401,36701,64374626,479
32850000,2404608,21787695,9.06081,36733,64531617,473
32900000,2405404,21811411,9.06767,36770,64687355,480
32950000,2406178,21834985,9.07455,36795,64845374,499
33000000,2406995,21858611,9.08129,36825,64999697,455
33050000,2407785,21882231,9.08812,36845,65163297,487
33100000,2408577,21905695,9.09487,36878,65316610,480
33150000,2409396,21929247,9.10155,36910,65469468,472
33200000,2410181,21952996,9.10844,36932,65622416,492
33250000,2411008,21976640,9.11513,36959,65774936,493
33300000,2411759,22000103,9.12202,36984,65936966,447
33350000,2412539,22023524,9.12877,37015,66087858,487
33400000,2413343,22046961,9.13544,37045,66239141,445
33450000,2414039,22070237,9.14245,37085,66389512,453
33500000,2414791,22093805,9.14937,37109,66549497,477
33550000,2415561,22117099,9.156089999999999,37137,66707793,448
33600000,2416305,22140464,9.162939999999999,37156,66868487,472
33650000,2417075,22163861,9.1697,37189,67027886,482
33700000,2417842,22187233,9.17646,37225,67191549,472
33750000,2418634,22210389,9.18303,37246,67345167,427
33800000,2419399,22233738,9.18978,37268,67503751,465
33850000,2420219,22257008,9.19628,37295,67660795,482
33900000,2420967,22280315,9.20306,37314,67815156,451
33950000,2421737,22303788,9.20983,37355,67976019,452
34000000,2422456,22327082,9.21671,37394,68135235,458
34050000,2423203,22350491,9.22353,37424,68296434,489
34100000,2423972,22373715,9.230189999999999,37451,68453911,482
34150000,2424718,22397049,9.23697,37471,68612192,459
34200000,2425452,22420284,9.24375,37504,68770613,456
34250000,2426275,22443439,9.250160000000001,37534,68929912,437
34300000,2426986,22466683,9.25703,37567,69087972,462
34350000,2427732,22489662,9.26365,37596,69249576,443
34400000,2428469,22512811,9.27037,37626,69405565,484
34450000,2429198,22535962,9.27712,37654,69565532,465
34500000,2429892,22559025,9.28396,37684,69718671,439
34550000,2430645,22582060,9.290560000000001,37712,69878562,461
34600000,2431362,22605271,9.297369999999999,37747,70036187,460
34650000,2432102,22628227,9.303980000000001,37773,70191159,439
34700000,2432828,22651303,9.31069,37802,70348223,431
34750000,2433531,22674243,9.31743,37820,70501937,470
34800000,2434263,22697321,9.3241,37846,70662676,476
34850000,2434957,22720243,9.330860000000001,37878,70822496,465
34900000,2435705,22743021,9.33735,37896,70976015,463
34950000,2436394,22766011,9.34414,37930,71135719,454
35000000,2437114,22788872,9.350760000000001,37953,71294692,465
35050000,2437846,22811821,9.35737,37991,71446789,459
35100000,2438578,22834876,9.36401,38021,71603908,466
35150000,2439306,22857808,9.370619999999999,38049,71765303,479
35200000,2440007,22880503,9.37723,38085,71916694,478
35250000,2440702,22903473,9.38397,38115,72079743,434
35300000,2441387,22926266,9.39067,38151,72231584,461
35350000,2442074,22949036,9.39735,38185,72392671,421
35400000,2442741,22971662,9.40405,38233,72548216,465
35450000,2443435,22994381,9.410680000000001,38258,72706067,461
35500000,2444099,23017063,9.4174,38287,72864166,450
35550000,2444804,23039669,9.42393,38315,73021204,427
35600000,2445512,23062536,9.43056,38350,73185766,470
35650000,2446160,23085280,9.43735,38369,73342478,447
35700000,2446854,23107941,9.44394,38388,73508347,427
35750000,2447520,23130516,9.45059,38424,73674507,472
35800000,2448240,23153243,9.4571,38458,73835302,455
35850000,2448905,23175861,9.46376,38491,73997398,448
35900000,2449576,23198704,9.4705,38515,74161354,463
35950000,2450261,23221321,9.47708,38541,74323235,450
36000000,2450995,23243932,9.48347,38562,74483999,452
36050000,2451685,23266383,9.48996,38589,74638560,474
36100000,2452367,23288980,9.49653,38619,74799512,440
36150000,2453049,23311635,9.50313,38640,74954826,449
36200000,2453764,23334184,9.50955,38666,75109894,455
36250000,2454441,23356718,9.5161,38695,75270840,455
36300000,2455094,23378979,9.522639999999999,38730,75436197,441
36350000,2455813,23401411,9.52899,38766,75593108,450
36400000,2456564,23423988,9.535260000000001,38785,75754665,413
36450000,2457247,23446555,9.5418,38818,75913952,404
36500000,2457935,23468936,9.54823,38837,76070366,448
36550000,2458611,23491179,9.55465,38853,76231703,454
36600000,2459288,23513608,9.56114,38878,76395634,438
36650000,2459969,23535969,9.56759,38903,76556689,450
36700000,2460586,23558222,9.57423,38925,76714137,458
36750000,2461240,23580358,9.580680000000001,38948,76872327,418
36800000,2461935,23602766,9.58708,38972,77029510,429
36850000,2462569,23624970,9.593630000000001,38994,77188527,456
36900000,2463167,23646951,9.60022,39026,77351935,428
36950000,2463820,23669246,9.60673,39052,77517813,469
37000000,2464510,23691588,9.6131,39078,77675755,458
37050000,2465138,23713620,9.619589999999999,39100,77836458,450
37100000,2465851,23736010,9.62589,39135,78004392,441
37150000,2466489,23758185,9.63239,39174,78164887,442
37200000,2467135,23780197,9.63879,39208,78322280,444
37250000,2467800,23802503,9.64523,39230,78486251,437
37300000,2468476,23824739,9.6516,39259,78648563,448
37350000,2469110,23846735,9.65803,39280,78810040,414
37400000,2469705,23868687,9.664589999999999,39306,78966741,441
37450000,2470369,23890781,9.67094,39321,79132460,435
37500000,2471004,23912836,9.67738,39343,79296287,464
37550000,2471635,23934787,9.68379,39363,79458292,446
37600000,2472288,23956719,9.6901,39386,79614973,430
37650000,2472887,23978861,9.696710000000001,39412,79778028,443
37700000,2473515,24000900,9.70316,39431,79941285,454
37750000,2474184,24023009,9.70947,39462,80105107,431
37800000,2474874,24045026,9.71566,39492,80259693,442
37850000,2475557,24067142,9.721910000000001,39514,80425473,455
37900000,2476165,24088973,9.72834,39547,80588177,427
37950000,2476792,24110888,9.73472,39572,80747403,435
38000000,2477443,24132812,9.741019999999999,39604,80908293,436
38050000,2478113,24154804,9.74726,39619,81079690,438
38100000,2478730,24176484,9.75358,39641,81248318,434
38150000,2479370,24198453,9.75992,39675,81417023,431
38200000,2480029,24220328,9.76615,39701,81581630,429
38250000,2480684,24242340,9.77244,39721,81747879,444
38300000,2481368,24264139,9.77853,39746,81917371,411
38350000,2481985,24285877,9.78486,39770,82084268,450
38400000,2482657,24307653,9.790980000000001,39804,82251635,426
38450000,2483305,24329309,9.79715,39832,82409179,421
38500000,2483941,24351012,9.80338,39856,82578216,409
38550000,2484592,24372792,9.80958,39882,82739191,449
38600000,2485220,24394564,9.81586,39914,82905494,430
38650000,2485875,24416218,9.82198,39932,83067899,441
38700000,2486458,24437844,9.828380000000001,39955,83232321,416
38750000,2487101,24459375,9.834489999999999,39977,83391957,449
38800000,2487691,24480937,9.84083,40001,83556571,432
38850000,2488265,24502647,9.84728,40024,83720911,420
38900000,2488864,24524200,9.85357,40045,83890086,435
38950000,2489448,24545905,9.85998,40065,84057482,439
39000000,2490028,24567499,9.86635,40092,84228928,445
39050000,2490612,24589175,9.87274,40121,84392436,458
39100000,2491220,24610651,9.878960000000001,40144,84565629,439
39150000,2491785,24632110,9.88533,40172,84726348,448
39200000,2492411,24653590,9.89146,40190,84893155,412
39250000,2492998,24675198,9.8978,40227,85059051,444
39300000,2493605,24696631,9.90399,40249,85223971,435
39350000,2494205,24718205,9.91025,40281,85390302,427
39400000,2494805,24739667,9.91647,40315,85554896,404
39450000,2495421,24761104,9.92262,40341,85720313,443
39500000,2496005,24782575,9.9289,40362,85886933,408
39550000,2496547,24803971,9.935310000000001,40377,86052921,443
39600000,2497146,24825285,9.941460000000001,40398,86213960,437
39650000,2497721,24846583,9.9477,40427,86380047,439
39700000,2498315,24867839,9.95384,40448,86547795,429
39750000,2498940,24889173,9.95989,40469,86717421,425
39800000,2499509,24910513,9.96616,40490,86884356,436
39850000,2500154,24931891,9.97214,40512,87045975,430
39900000,2500799,24953244,9.978110000000001,40538,87213435,426
39950000,2501418,24974512,9.98414,40560,87382851,431
40000000,2502034,24995694,9.99015,40585,87542950,448
40050000,2502626,25016822,9.99623,40608,87706534,422
40100000,2503258,25038095,10.0022,40620,87864880,452
40150000,2503856,25059375,10.0083,40642,88029591,449
40200000,2504449,25080679,10.0144,40665,88195852,430
40250000,2505064,25102221,10.0206,40688,88365794,448
40300000,2505645,25123514,10.0268,40710,88531433,428
40350000,2506256,25144752,10.0328,40732,88700862,426
40400000,2506856,25165973,10.0389,40748,88861599,449
40450000,2507456,25187121,10.0449,40774,89024882,429
40500000,2508000,25208323,10.0512,40795,89190539,435
40550000,2508606,25229543,10.0572,40813,89360472,421
40600000,2509209,25250631,10.0632,40833,89523208,415
40650000,2509798,25271612,10.0692,40866,89687148,415
40700000,2510362,25292682,10.0753,40894,89855718,426
40750000,2510912,25313583,10.0814,40917,90022350,399
40800000,2511511,25334738,10.0874,40931,90184493,426
40850000,2512109,25355708,10.0934,40946,90345222,393
40900000,2512691,25376702,10.0994,40963,90514516,407
40950000,2513309,25397919,10.1054,40994,90684028,429
41000000,2513841,25419162,10.1117,41021,90856306,400
41050000,2514402,25440294,10.1178,41049,91025036,411
41100000,2514985,25461296,10.1238,41087,91196358,402
41150000,2515548,25482208,10.1299,41116,91371381,437
41200000,2516109,25503185,10.136000000000001,41142,91535244,431
41250000,2516698,25524161,10.1419,41166,91702538,425
41300000,2517280,25545051,10.1479,41194,91873428,405
41350000,2517866,25566048,10.1539,41213,92038275,428
41400000,2518415,25586903,10.1599,41235,92204826,406
41450000,2518956,25607558,10.1659,41264,92370786,392
41500000,2519508,25628536,10.172,41292,92542840,400
41550000,2520102,25649375,10.1779,41312,92711167,429
41600000,2520645,25670078,10.1839,41338,92875201,421
41650000,2521219,25690979,10.1899,41367,93041721,398
41700000,2521733,25711669,10.196,41398,93201491,409
41750000,2522288,25732494,10.202,41425,93370470,414
41800000,2522817,25753136,10.2081,41444,93534543,433
41850000,2523395,25774061,10.214,41473,93706722,447
41900000,2523997,25794775,10.2198,41494,93875290,427
41950000,2524585,25815505,10.2256,41514,94043038,426
42000000,2525180,25836303,10.2315,41545,94214077,382
42050000,2525722,25856845,10.2374,41565,94380953,428
42100000,2526257,25877543,10.2434,41584,94553961,402
42150000,2526832,25898161,10.2493,41598,94720357,405
42200000,2527376,25918677,10.2552,41624,94890392,409
42250000,2527890,25939388,10.2613,41647,95055518,407
42300000,2528475,25960185,10.2671,41661,95225993,423
42350000,2529020,25981030,10.2732,41683,95397103,426
42400000,2529572,26001608,10.2791,41700,95558926,388
42450000,2530112,26022096,10.285,41720,95723233,408
42500000,2530685,26042744,10.2908,41743,95888729,403
42550000,2531222,26063158,10.2967,41767,96054416,393
42600000,2531802,26083464,10.3023,41796,96217801,404
42650000,2532321,26103928,10.3083,41819,96383801,408
42700000,2532832,26124388,10.3143,41842,96552693,396
42750000,2533360,26144726,10.3202,41865,96717612,403
42800000,2533908,26165439,10.3261,41887,96887664,429
42850000,2534445,26185908,10.332,41910,97051624,387
42900000,2535028,26206192,10.3376,41931,97217505,387
42950000,2535582,26226785,10.3435,41949,97389476,420
43000000,2536114,26247183,10.3494,41973,97555676,392
43050000,2536652,26267477,10.3552,41998,97722715,396
43100000,2537190,26287821,10.360999999999999,42019,97889582,386
43150000,2537705,26308096,10.3669,42040,98061970,414
43200000,2538243,26328502,10.3727,42062,98229251,427
43250000,2538744,26348576,10.3786,42085,98392795,386
43300000,2539306,26368855,10.3843,42101,98553640,395
43350000,2539866,26389290,10.39,42127,98722714,415
43400000,2540380,26409575,10.3959,42151,98892549,418
43450000,2540906,26429752,10.4017,42171,99058464,411
43500000,2541425,26449968,10.4075,42192,99225001,427
43550000,2541891,26470020,10.4135,42214,99395490,408
43600000,2542425,26490413,10.4193,42233,99565239,410
43650000,2542956,26510708,10.4252,42263,99737913,386
43700000,2543464,26530725,10.4309,42281,99907771,388
43750000,2543964,26550887,10.4368,42307,100080857,428
43800000,2544481,26571098,10.4426,42327,100246326,396
43850000,2545023,26591351,10.4484,42351,100417139,412
43900000,2545558,26611593,10.4541,42381,100586968,426
43950000,2546059,26631638,10.4599,42395,100750063,407
44000000,2546592,26651869,10.4657,42422,100918061,422
44050000,2547104,26672020,10.4715,42449,101092583,392
44100000,2547604,26692132,10.4773,42482,101261524,391
44150000,2548095,26712069,10.4832,42500,101427851,379
44200000,2548593,26732196,10.489,42523,101598936,407
44250000,2549104,26751996,10.4947,42543,101763997,398
44300000,2549640,26772030,10.5003,42561,101929152,384
44350000,2550158,26792188,10.5061,42586,102101891,412
44400000,2550681,26812212,10.5118,42605,102269343,360
44450000,2551178,26832427,10.5177,42628,102437957,432
44500000,2551682,26852643,10.5235,42650,102610227,387
44550000,2552186,26872643,10.5293,42673,102775171,388
44600000,2552736,26892697,10.5349,42695,102942572,406
44650000,2553205,26912536,10.5407,42713,103112818,408
44700000,2553690,26932345,10.5464,42734,103280168,377
44750000,2554179,26952101,10.5522,42750,103449083,412
44800000,2554681,26972295,10.558,42771,103623846,381
44850000,2555189,26992456,10.5638,42797,103796801,412
44900000,2555683,27012539,10.5696,42818,103968728,403
44950000,2556142,27032452,10.5755,42838,104136044,381
45000000,2556639,27052293,10.5812,42865,104300470,408
45050000,2557096,27072285,10.5871,42883,104470812,405
45100000,2557594,27092105,10.5928,42904,104639610,399
45150000,2558071,27111736,10.5985,42924,104812345,399
45200000,2558556,27131539,10.6042,42941,104978277,393
45250000,2559069,27151187,10.6098,42961,105143874,418
45300000,2559532,27170967,10.6156,42980,105314191,396
45350000,2560002,27190728,10.6214,43000,105485791,419
45400000,2560495,27210474,10.627,43025,105650772,395
45450000,2560995,27230223,10.6327,43045,105817743,390
45500000,2561467,27249994,10.6384,43071,105985704,363
45550000,2561955,27269697,10.6441,43089,106159890,404
45600000,2562442,27289641,10.6499,43112,106330788,434
45650000,2562971,27309325,10.6553,43138,106506223,410
45700000,2563492,27329023,10.6609,43156,106679041,392
45750000,2563956,27348741,10.6666,43183,106848463,407
45800000,2564424,27368337,10.6723,43204,107022906,375
45850000,2564949,27388041,10.6778,43216,107190213,379
45900000,2565451,27407763,10.6834,43236,107364566,399
45950000,2565925,27427368,10.6891,43254,107532192,398
46000000,2566404,27446843,10.6947,43273,107694266,395
46050000,2566900,27466542,10.7003,43293,107865280,389
46100000,2567377,27486245,10.706,43311,108039721,411
46150000,2567819,27505668,10.7117,43340,108200794,400
46200000,2568290,27525311,10.7174,43369,108371292,389
46250000,2568800,27544876,10.7229,43385,108538441,393
46300000,2569302,27564453,10.7284,43411,108710361,380
46350000,2569828,27583842,10.7337,43437,108873901,401
46400000,2570318,27603210,10.7392,43462,109043019,403
46450000,2570815,27622632,10.7447,43481,109214764,396
46500000,2571306,27642145,10.7502,43497,109383146,389
46550000,2571745,27661458,10.7559,43515,109555179,377
46600000,2572219,27680888,10.7615,43537,109722988,388
46650000,2572676,27700172,10.7671,43555,109893120,385
46700000,2573155,27719751,10.7727,43574,110065592,392
46750000,2573592,27739130,10.7784,43590,110238008,397
46800000,2574037,27758421,10.784,43610,110413318,400
46850000,2574538,27777973,10.7895,43624,110583353,379
46900000,2574995,27797418,10.7951,43648,110754878,398
46950000,2575477,27816989,10.8007,43674,110925610,387
47000000,2575942,27836196,10.8062,43700,111100575,405
47050000,2576391,27855532,10.8118,43719,111271080,363
47100000,2576842,27874914,10.8175,43738,111450180,375
47150000,2577318,27894298,10.823,43761,111630063,393
47200000,2577749,27913575,10.8287,43778,111797436,404
47250000,2578200,27932889,10.8343,43803,111963762,366
47300000,2578676,27952288,10.8398,43831,112139170,401
47350000,2579132,27971655,10.8454,43848,112308589,381
47400000,2579601,27990855,10.8508,43870,112479260,388
47450000,2580086,28010246,10.8563,43893,112647534,402
47500000,2580573,28029478,10.8617,43908,112812923,355
47550000,2581031,28048834,10.8673,43930,112989166,380
47600000,2581488,28067853,10.8727,43949,113161662,386
47650000,2581942,28087129,10.8783,43971,113336238,362
47700000,2582366,28106361,10.884,43993,113505435,388
47750000,2582814,28125419,10.8894,44009,113676826,364
47800000,2583273,28144426,10.8949,44028,113848508,360
47850000,2583704,28163562,10.9005,44044,114023831,376
47900000,2584144,28182660,10.905999999999999,44064,114198753,366
