timestep,num_nodes,num_edges,average_degree,max_degree,num_triangles,new_edges
0,1947,1000,0.5136109999999999,4,0,1000
50000,71260,50920,0.714566,147,16,997
100000,122888,100749,0.819844,271,108,995
150000,166452,150410,0.903624,411,337,993
200000,204878,199942,0.975908,575,731,988
250000,239858,249390,1.0397399999999999,712,1355,990
300000,272023,298690,1.0980299999999998,837,2192,982
350000,301934,347888,1.1522,968,3269,986
400000,329807,396970,1.20364,1104,4539,984
450000,356230,445963,1.2519,1236,6172,977
500000,381087,494786,1.29835,1359,8038,969
550000,404773,543526,1.34279,1472,10375,969
600000,427335,592235,1.38588,1597,12883,978
650000,449157,640846,1.42678,1714,15747,973
700000,469960,689242,1.4666,1824,18997,974
750000,490037,737581,1.50515,1965,22637,959
800000,509598,785797,1.54199,2086,26345,969
850000,528397,834024,1.5784,2232,30676,953
900000,546483,882092,1.6141299999999998,2356,35442,965
950000,564076,930142,1.64897,2479,40455,953
1000000,580954,977969,1.6833799999999999,2602,46049,952
1050000,597690,1025837,1.7163400000000002,2726,51674,953
1100000,613750,1073541,1.74915,2841,58020,957
1150000,629450,1121113,1.7811,2955,64914,957
1200000,644881,1168689,1.8122599999999998,3051,72063,964
1250000,659881,1216001,1.84276,3169,79363,941
1300000,674381,1263331,1.87332,3283,87247,942
1350000,688583,1310500,1.9031799999999999,3399,95380,952
1400000,702542,1357690,1.9325400000000001,3500,103649,939
1450000,716204,1404772,1.9614099999999999,3611,112858,943
1500000,729493,1451740,1.99007,3723,122126,943
1550000,742551,1498583,2.01815,3848,131849,928
1600000,755181,1545401,2.0464,3953,142193,944
1650000,768042,1592132,2.07298,4060,152874,928
1700000,780204,1638682,2.10033,4188,163928,940
1750000,792249,1685046,2.1269099999999996,4306,175280,928
1800000,804131,1731509,2.15327,4426,186984,928
1850000,815811,1777754,2.17912,4540,198908,917
1900000,827033,1823905,2.2053599999999998,4643,211371,926
1950000,838210,1870027,2.2309799999999997,4749,225074,921
2000000,849121,1916104,2.25657,4866,238740,904
2050000,859928,1962207,2.28183,4969,252420,905
2100000,870791,2008211,2.30619,5083,266910,915
2150000,881150,2054084,2.33114,5178,281893,917
2200000,891547,2099920,2.35537,5282,296989,910
2250000,901624,2145616,2.3797200000000003,5372,312749,920
2300000,911863,2191146,2.40293,5482,328944,917
2350000,921618,2236621,2.4268400000000003,5584,345712,925
2400000,931326,2282022,2.4502900000000003,5671,362196,884
2450000,941044,2327369,2.4731799999999997,5762,379421,897
2500000,950514,2372610,2.49613,5868,397480,893
2550000,959916,2417738,2.5187,5959,414874,915
2600000,969085,2462816,2.5413799999999998,6048,433741,911
2650000,978002,2507849,2.56426,6160,453590,901
2700000,987024,2552954,2.58652,6257,472189,917
2750000,995667,2597704,2.60901,6355,492294,885
2800000,1004415,2642541,2.6309299999999998,6454,513301,877
2850000,1013095,2687261,2.65253,6552,533845,884
2900000,1021625,2732020,2.6741900000000003,6644,555632,886
2950000,1029941,2776563,2.69585,6746,577137,886
3000000,1038221,2821175,2.71732,6839,599760,902
3050000,1046472,2865654,2.7384,6947,622542,877
3100000,1054709,2910046,2.7591,7030,645954,882
3150000,1062847,2954302,2.77961,7127,669385,895
3200000,1070662,2998485,2.80059,7225,693134,881
3250000,1078531,3042542,2.82101,7335,717389,888
3300000,1086226,3086715,2.8416900000000003,7417,742395,876
3350000,1093915,3130709,2.86193,7506,766550,878
3400000,1101372,3174705,2.8825,7596,792655,889
3450000,1108925,3218551,2.9024099999999997,7685,819167,892
3500000,1116374,3262278,2.9222099999999998,7782,845621,892
3550000,1123734,3306009,2.94199,7872,873314,861
3600000,1130966,3349717,2.96182,7953,901098,886
3650000,1138103,3393322,2.98156,8041,929112,895
3700000,1145282,3436866,3.00089,8129,957394,861
3750000,1152347,3480335,3.02021,8215,987352,868
3800000,1159354,3523946,3.03958,8295,1016064,859
3850000,1166343,3567204,3.05845,8400,1046548,862
3900000,1173054,3610425,3.0778,8481,1076057,864
3950000,1179709,3653637,3.09707,8558,1105440,871
4000000,1186361,3696686,3.11599,8645,1135928,854
4050000,1193135,3739753,3.1343900000000002,8746,1166806,876
4100000,1199769,3782846,3.15298,8813,1197866,869
4150000,1206306,3825794,3.1715,8898,1228790,865
4200000,1212832,3868725,3.1898299999999997,8995,1261120,857
4250000,1219242,3911655,3.20827,9086,1293472,861
4300000,1225649,3954354,3.22633,9167,1325779,850
4350000,1231843,3996955,3.2447,9245,1359839,837
4400000,1238008,4039573,3.2629599999999996,9332,1393595,859
4450000,1244161,4082110,3.2810099999999998,9421,1428295,858
4500000,1250254,4124568,3.2989800000000002,9500,1464333,856
4550000,1256261,4167036,3.31701,9586,1500144,855
4600000,1262174,4209373,3.3350199999999997,9689,1535752,852
4650000,1268264,4251636,3.3523300000000003,9783,1572476,838
4700000,1274091,4293761,3.37006,9872,1608825,840
4750000,1279865,4335745,3.38766,9943,1645532,838
4800000,1285605,4377829,3.40527,10033,1681931,807
4850000,1291310,4419952,3.4228400000000003,10113,1719349,852
4900000,1296961,4461810,3.4402,10203,1758408,838
4950000,1302586,4503726,3.45753,10274,1796456,826
5000000,1308288,4545526,3.4744099999999998,10370,1836832,813
5050000,1313948,4587271,3.4912099999999997,10443,1877612,835
5100000,1319420,4628923,3.5083,10524,1916996,809
5150000,1325009,4670550,3.52492,10603,1956471,838
5200000,1330477,4712088,3.54165,10675,1997189,837
5250000,1335761,4753515,3.5586599999999997,10763,2038042,814
5300000,1341177,4795003,3.57522,10835,2079150,834
5350000,1346475,4836326,3.5918400000000004,10910,2120268,827
5400000,1351672,4877703,3.6086400000000003,10996,2163606,846
5450000,1356889,4918985,3.6251900000000004,11070,2206174,829
5500000,1362040,4960289,3.64181,11163,2248941,841
5550000,1367136,5001400,3.6583,11258,2292195,829
5600000,1372298,5042481,3.6744800000000004,11337,2337049,799
5650000,1377505,5083740,3.69054,11413,2381883,820
5700000,1382601,5124688,3.7065599999999996,11488,2425820,794
5750000,1387538,5165658,3.72289,11564,2468878,823
5800000,1392404,5206631,3.7393099999999997,11627,2514310,833
5850000,1397479,5247511,3.75498,11703,2558930,818
5900000,1402390,5288344,3.77095,11770,2604239,829
5950000,1407230,5329011,3.7868800000000005,11837,2652166,834
6000000,1412037,5369626,3.80275,11918,2697937,824
6050000,1416667,5410147,3.8189300000000004,11998,2747107,800
6100000,1421422,5450731,3.8347,12084,2795730,800
6150000,1426076,5491390,3.8507,12177,2843790,809
6200000,1430812,5531942,3.8663,12257,2894436,798
6250000,1435494,5572363,3.88184,12336,2941848,804
6300000,1440136,5612603,3.89727,12408,2989625,815
6350000,1444737,5652759,3.91266,12490,3039414,806
6400000,1449387,5692922,3.92781,12562,3090832,802
6450000,1453954,5732958,3.9430099999999997,12637,3140439,777
6500000,1458432,5773088,3.95842,12727,3191910,785
6550000,1462903,5813106,3.9736800000000003,12802,3241908,800
6600000,1467257,5852972,3.98906,12882,3293032,791
6650000,1471729,5892766,4.00397,12947,3345310,803
6700000,1476159,5932630,4.01896,13016,3398732,802
6750000,1480475,5972382,4.0341,13082,3452611,808
6800000,1484704,6012215,4.04944,13160,3507213,815
6850000,1488921,6052138,4.064780000000001,13233,3562746,796
6900000,1493150,6091598,4.0797,13298,3617804,772
6950000,1497387,6131245,4.09463,13382,3671049,784
7000000,1501577,6170949,4.10965,13466,3726991,818
7050000,1505776,6210491,4.12445,13543,3785843,797
7100000,1509852,6249912,4.139419999999999,13619,3840829,800
7150000,1513953,6289394,4.1542900000000005,13709,3897542,792
7200000,1518085,6328448,4.1687,13772,3952752,793
7250000,1522207,6367685,4.18319,13844,4009055,767
7300000,1526344,6406812,4.19749,13923,4065198,803
7350000,1530402,6446042,4.21199,14008,4120705,788
7400000,1534490,6485296,4.22635,14070,4177977,758
7450000,1538427,6524425,4.24097,14134,4236127,786
7500000,1542372,6563429,4.2554099999999995,14196,4296003,759
7550000,1546228,6602449,4.27004,14278,4354829,777
7600000,1550216,6641415,4.28419,14343,4412892,783
7650000,1554135,6680118,4.29829,14423,4470999,804
7700000,1557957,6718857,4.31261,14503,4530079,768
7750000,1561806,6757736,4.3268699999999995,14584,4589863,788
7800000,1565637,6796410,4.340990000000001,14651,4651221,768
7850000,1569495,6834936,4.3548599999999995,14709,4714577,764
7900000,1573313,6873451,4.36878,14778,4776157,765
7950000,1577074,6912047,4.38283,14845,4838691,779
8000000,1580775,6950546,4.39692,14929,4898189,786
8050000,1584474,6988909,4.41087,15006,4958873,754
8100000,1588186,7027393,4.42479,15080,5021303,760
8150000,1591971,7065942,4.43849,15153,5083429,771
8200000,1595536,7104302,4.45261,15219,5145434,775
8250000,1599163,7142508,4.4664,15282,5210086,773
8300000,1602777,7180881,4.48027,15354,5275359,765
8350000,1606297,7219150,4.494280000000001,15414,5337683,759
8400000,1609812,7257207,4.50811,15474,5402537,767
8450000,1613351,7295251,4.5218,15551,5468786,754
8500000,1616884,7333263,4.53543,15612,5534476,780
8550000,1620420,7371221,4.54896,15688,5600454,773
8600000,1623877,7409185,4.56265,15761,5667739,760
8650000,1627378,7447122,4.57615,15817,5733074,764
8700000,1630850,7484795,4.58951,15883,5799323,769
8750000,1634311,7522418,4.60281,15947,5867598,745
8800000,1637791,7560240,4.61612,16017,5935512,759
8850000,1641246,7597764,4.62927,16082,6004375,760
8900000,1644648,7635511,4.64264,16151,6072048,781
8950000,1648035,7672997,4.65585,16211,6140109,770
9000000,1651328,7710593,4.66933,16261,6208332,761
9050000,1654558,7748033,4.682840000000001,16333,6280489,760
9100000,1658024,7785523,4.69566,16392,6351204,754
9150000,1661309,7822748,4.7087900000000005,16463,6418264,763
9200000,1664542,7859990,4.72201,16524,6487195,742
9250000,1667794,7897240,4.73514,16610,6559189,760
9300000,1671070,7934378,4.74808,16672,6630356,722
9350000,1674327,7971564,4.76106,16731,6701861,759
9400000,1677568,8008852,4.7740800000000005,16795,6773996,768
9450000,1680848,8045975,4.78685,16850,6846216,736
9500000,1684152,8083048,4.79948,16916,6916392,735
9550000,1687395,8120097,4.812209999999999,16981,6986197,736
9600000,1690619,8157139,4.82494,17046,7058391,746
9650000,1693858,8194214,4.8376,17115,7129801,745
9700000,1696984,8230955,4.85034,17179,7202797,750
9750000,1700133,8267851,4.86306,17241,7274724,743
9800000,1703244,8304615,4.87576,17300,7348466,751
9850000,1706178,8341210,4.8888300000000005,17379,7421701,735
9900000,1709208,8377916,4.90164,17454,7495745,731
9950000,1712298,8414557,4.9141900000000005,17509,7568343,740
10000000,1715398,8451318,4.926740000000001,17565,7646351,720
10050000,1718416,8487883,4.93936,17622,7722885,732
10100000,1721477,8524406,4.9518,17683,7796943,723
10150000,1724427,8560943,4.96451,17746,7873138,730
10200000,1727385,8597323,4.977069999999999,17812,7951447,722
10250000,1730342,8633842,4.989669999999999,17878,8029009,709
10300000,1733206,8670346,5.00249,17938,8105975,743
10350000,1736188,8706646,5.01481,18007,8182428,713
10400000,1739028,8743029,5.02754,18085,8262817,726
10450000,1742001,8779266,5.03976,18130,8341674,714
10500000,1744868,8815445,5.05221,18174,8420278,709
10550000,1747767,8851636,5.06454,18238,8498515,735
10600000,1750680,8887789,5.07676,18293,8576387,730
10650000,1753558,8923768,5.08895,18358,8656454,693
10700000,1756430,8959588,5.10102,18413,8732605,708
10750000,1759228,8995424,5.1132800000000005,18478,8813657,716
10800000,1762131,9031202,5.12516,18542,8893148,733
10850000,1764791,9066993,5.13771,18612,8973246,679
10900000,1767630,9102871,5.14976,18671,9054863,716
10950000,1770380,9138797,5.16205,18727,9134584,701
11000000,1773151,9174548,5.17415,18808,9217432,715
11050000,1775895,9210146,5.1862,18868,9299725,712
11100000,1778713,9245840,5.19805,18923,9383429,705
11150000,1781433,9281511,5.21014,18982,9467326,695
11200000,1784095,9317106,5.22231,19040,9550802,728
11250000,1786860,9352628,5.23411,19089,9636340,712
11300000,1789600,9387941,5.245830000000001,19160,9718654,718
11350000,1792290,9423322,5.2577,19212,9800935,719
11400000,1794978,9458763,5.26957,19265,9885658,695
11450000,1797604,9494065,5.28151,19325,9972338,729
11500000,1800269,9529320,5.29328,19391,10055110,679
11550000,1802871,9564661,5.30524,19448,10140251,706
11600000,1805538,9600039,5.317,19513,10227997,714
11650000,1808093,9635230,5.32895,19586,10312722,705
11700000,1810673,9670316,5.340730000000001,19638,10402847,698
11750000,1813298,9705369,5.35233,19685,10487281,693
11800000,1815898,9740299,5.3639,19746,10574073,707
11850000,1818429,9775324,5.3757,19799,10661408,707
11900000,1820878,9810291,5.38767,19843,10747978,703
11950000,1823344,9845395,5.39964,19896,10835401,681
12000000,1825906,9880310,5.41118,19958,10924213,698
12050000,1828430,9915043,5.4227099999999995,20014,11011823,714
12100000,1830917,9949991,5.43443,20067,11100253,731
12150000,1833367,9984632,5.44606,20128,11187777,699
12200000,1835756,10019186,5.4578,20188,11277110,686
12250000,1838228,10053687,5.4692300000000005,20247,11363649,672
12300000,1840728,10088318,5.4806099999999995,20292,11452258,694
12350000,1843249,10123029,5.49195,20343,11540636,682
12400000,1845671,10157592,5.50347,20405,11632022,716
12450000,1848074,10192281,5.51508,20465,11722769,704
12500000,1850485,10226845,5.52658,20519,11814185,679
12550000,1852897,10261169,5.53791,20572,11904585,696
12600000,1855325,10295575,5.5492,20635,11995388,675
12650000,1857713,10330118,5.5606599999999995,20699,12087619,665
12700000,1860091,10364474,5.572030000000001,20749,12180584,663
12750000,1862504,10398727,5.5832,20792,12271619,685
12800000,1864875,10433124,5.59454,20845,12367123,686
12850000,1867266,10467332,5.6057,20903,12463578,691
12900000,1869693,10501394,5.61664,20954,12554229,670
12950000,1872013,10535432,5.62786,21006,12645665,703
13000000,1874259,10569625,5.63936,21071,12736470,662
13050000,1876567,10603805,5.65064,21113,12828694,708
13100000,1878882,10637886,5.66182,21170,12924467,670
13150000,1881189,10671968,5.67299,21223,13014054,705
13200000,1883427,10705872,5.68425,21284,13109708,673
13250000,1885733,10739785,5.69528,21339,13203852,677
13300000,1888103,10773740,5.706119999999999,21404,13295377,673
13350000,1890395,10807553,5.71709,21460,13391428,707
13400000,1892656,10841297,5.72809,21511,13488718,688
13450000,1894946,10875217,5.73906,21573,13581375,662
13500000,1897213,10908798,5.74991,21634,13675131,676
13550000,1899491,10942582,5.7608,21676,13772455,642
13600000,1901792,10976324,5.77157,21733,13868289,680
13650000,1904046,11010027,5.78244,21783,13967097,700
13700000,1906142,11043498,5.79364,21829,14064046,676
13750000,1908292,11077170,5.80476,21878,14162426,686
13800000,1910532,11110442,5.81537,21926,14259576,661
13850000,1912651,11143961,5.82645,21982,14357022,681
13900000,1914805,11177347,5.837330000000001,22028,14452974,674
13950000,1917003,11210654,5.8480099999999995,22073,14550298,652
14000000,1919168,11243959,5.85877,22129,14645505,676
14050000,1921324,11277418,5.86961,22185,14744519,663
14100000,1923488,11310911,5.88042,22230,14844891,663
14150000,1925643,11344190,5.89112,22282,14943657,658
14200000,1927876,11377483,5.90156,22335,15045336,668
14250000,1929935,11410676,5.91247,22388,15144994,682
14300000,1932030,11443682,5.92314,22444,15244465,653
14350000,1934152,11476887,5.93381,22494,15343239,672
14400000,1936213,11509856,5.94452,22535,15440856,651
14450000,1938304,11543021,5.95522,22578,15542369,656
14500000,1940353,11576126,5.965990000000001,22640,15643734,663
14550000,1942465,11609041,5.97645,22691,15745913,663
14600000,1944519,11642029,5.9871,22744,15845099,665
14650000,1946544,11675056,5.99784,22799,15946409,668
14700000,1948579,11707820,6.00839,22848,16048455,660
14750000,1950578,11740589,6.01903,22911,16148902,660
14800000,1952655,11773234,6.02935,22954,16250323,652
14850000,1954657,11805896,6.03988,22999,16357633,659
14900000,1956737,11838458,6.0501,23050,16460430,642
14950000,1958761,11871125,6.06053,23090,16563518,630
15000000,1960809,11903648,6.07078,23131,16664390,651
15050000,1962775,11936282,6.08133,23183,16764690,644
15100000,1964871,11968799,6.0913900000000005,23225,16864011,628
15150000,1966868,12001340,6.10175,23278,16968485,661
15200000,1968800,12033841,6.11227,23328,17073848,633
15250000,1970763,12066447,6.122730000000001,23368,17176619,613
15300000,1972677,12098864,6.13322,23418,17280249,685
15350000,1974660,12131249,6.14346,23463,17385562,627
15400000,1976582,12163579,6.15384,23514,17495443,640
15450000,1978500,12196111,6.16432,23567,17600080,648
15500000,1980526,12228433,6.17434,23619,17704780,653
15550000,1982443,12260727,6.18466,23660,17813856,639
15600000,1984359,12293061,6.19498,23719,17919995,637
15650000,1986260,12325215,6.20524,23782,18024204,668
15700000,1988205,12357491,6.2154,23832,18132316,665
15750000,1990086,12389739,6.22573,23869,18239035,662
15800000,1991947,12421947,6.23608,23920,18346436,654
15850000,1993833,12453754,6.2461400000000005,23969,18450709,611
15900000,1995698,12485769,6.25634,24027,18561255,659
15950000,1997538,12518089,6.26676,24090,18673093,642
16000000,1999411,12549834,6.27677,24141,18779234,620
16050000,2001285,12581523,6.28672,24189,18884916,617
16100000,2003153,12613438,6.2967900000000006,24239,18991436,654
16150000,2004990,12645053,6.30679,24283,19102204,624
16200000,2006860,12676957,6.31681,24334,19212996,639
16250000,2008616,12708846,6.32717,24398,19318807,663
16300000,2010495,12740625,6.33706,24436,19423921,624
16350000,2012425,12772411,6.34678,24485,19537151,618
16400000,2014193,12803990,6.35688,24539,19644890,592
16450000,2016011,12835702,6.36688,24578,19752227,623
16500000,2017819,12867294,6.37683,24625,19862901,650
16550000,2019623,12898804,6.3867400000000005,24682,19973640,631
16600000,2021436,12930336,6.39661,24738,20084869,648
16650000,2023306,12961654,6.40618,24785,20194977,628
16700000,2025052,12993236,6.41625,24835,20305910,623
16750000,2026808,13024701,6.42621,24884,20418021,629
16800000,2028623,13056223,6.436,24942,20528333,630
16850000,2030357,13087791,6.44605,24989,20642502,610
16900000,2032084,13119254,6.45606,25045,20753885,620
16950000,2033852,13150454,6.46579,25091,20864875,629
17000000,2035654,13181832,6.47548,25131,20977452,631
17050000,2037300,13212944,6.485519999999999,25186,21091613,615
17100000,2039069,13244314,6.49528,25239,21203501,598
17150000,2040846,13275602,6.50495,25286,21317019,627
17200000,2042498,13306743,6.51494,25322,21428757,602
17250000,2044266,13337967,6.52458,25359,21541191,635
17300000,2046009,13369082,6.5342199999999995,25402,21655674,620
17350000,2047747,13400465,6.544,25452,21772502,620
17400000,2049435,13431288,6.55365,25501,21883674,628
17450000,2051115,13462446,6.56348,25553,21998143,591
17500000,2052832,13493505,6.573119999999999,25606,22110912,620
17550000,2054471,13524462,6.58294,25648,22224048,621
17600000,2056165,13555363,6.59255,25695,22341206,630
17650000,2057875,13586249,6.60208,25731,22455607,622
17700000,2059559,13617083,6.61165,25787,22572995,626
17750000,2061186,13647748,6.62131,25835,22690843,627
17800000,2062907,13678767,6.63082,25895,22803229,616
17850000,2064587,13709855,6.64048,25947,22921442,609
17900000,2066285,13740610,6.64991,25985,23035497,629
17950000,2067947,13771303,6.65941,26036,23147605,594
18000000,2069586,13802051,6.668989999999999,26086,23261241,579
18050000,2071208,13832640,6.678539999999999,26135,23378554,591
18100000,2072825,13863397,6.6881699999999995,26182,23493428,614
18150000,2074423,13893900,6.6977199999999995,26218,23610992,621
18200000,2076095,13924639,6.70713,26253,23726290,621
18250000,2077753,13955170,6.716469999999999,26293,23849607,593
18300000,2079432,13985778,6.72577,26335,23968585,618
18350000,2081059,14016278,6.73517,26383,24081618,605
18400000,2082699,14046864,6.74455,26426,24200722,603
18450000,2084261,14077216,6.754060000000001,26470,24317695,611
18500000,2085835,14107390,6.7634300000000005,26507,24435153,613
18550000,2087508,14137849,6.7726,26566,24554045,618
18600000,2089107,14168201,6.78194,26620,24673861,599
18650000,2090683,14198501,6.79132,26675,24795341,593
18700000,2092211,14228711,6.8008,26724,24919907,604
18750000,2093850,14259034,6.80996,26768,25037975,619
18800000,2095440,14289211,6.819189999999999,26823,25160121,596
18850000,2097051,14319469,6.82838,26873,25280718,588
18900000,2098580,14349516,6.8377300000000005,26912,25402064,570
18950000,2100112,14379659,6.84709,26948,25521699,606
19000000,2101712,14409683,6.856160000000001,26999,25644172,593
19050000,2103304,14439890,6.86534,27037,25765527,620
19100000,2104871,14469994,6.87453,27071,25884655,588
19150000,2106407,14500080,6.8838,27116,26005539,607
19200000,2107966,14530154,6.89297,27166,26125332,597
19250000,2109445,14559821,6.9022,27204,26250240,597
19300000,2110960,14589694,6.9114,27247,26374956,590
19350000,2112484,14619483,6.92052,27289,26499240,590
19400000,2113969,14649371,6.92979,27326,26620776,618
19450000,2115529,14679341,6.93885,27370,26745000,568
19500000,2117002,14709119,6.94809,27418,26867809,599
19550000,2118455,14738958,6.95741,27449,26991255,620
19600000,2119934,14768904,6.96668,27489,27118081,617
19650000,2121455,14798651,6.97571,27523,27241326,600
19700000,2122919,14828300,6.98486,27554,27360303,600
19750000,2124405,14857953,6.993939999999999,27593,27482214,570
19800000,2125834,14887489,7.0031300000000005,27634,27606498,611
19850000,2127298,14917076,7.01222,27684,27729210,616
19900000,2128764,14946630,7.0212699999999995,27720,27852196,585
19950000,2130156,14976224,7.0305800000000005,27763,27975329,570
20000000,2131674,15005568,7.039339999999999,27803,28095231,561
20050000,2133155,15035083,7.04828,27848,28219282,612
20100000,2134553,15064495,7.05745,27889,28343682,587
20150000,2135972,15093906,7.06653,27941,28473230,575
20200000,2137419,15123442,7.07556,27989,28597102,595
20250000,2138885,15152828,7.08445,28023,28724689,583
20300000,2140269,15182131,7.093560000000001,28065,28847065,577
20350000,2141617,15211459,7.10279,28117,28973780,577
20400000,2143011,15240668,7.1118,28157,29098440,568
20450000,2144452,15270109,7.12075,28194,29227586,600
20500000,2145921,15299209,7.12944,28238,29354072,606
20550000,2147324,15328318,7.138330000000001,28281,29479953,575
20600000,2148710,15357343,7.147239999999999,28318,29603927,590
20650000,2150132,15386728,7.15618,28360,29734642,565
20700000,2151520,15415939,7.165139999999999,28405,29857596,589
20750000,2152978,15445093,7.173830000000001,28444,29985833,582
20800000,2154371,15474292,7.182739999999999,28489,30110688,593
20850000,2155818,15503301,7.1913800000000005,28536,30235659,580
20900000,2157112,15532460,7.20058,28578,30360185,593
20950000,2158458,15561570,7.20958,28627,30488587,581
21000000,2159876,15590575,7.2182699999999995,28664,30616404,584
21050000,2161268,15619564,7.22704,28698,30741077,562
21100000,2162598,15648191,7.23583,28743,30863366,583
21150000,2163971,15677070,7.24458,28782,30991297,573
21200000,2165330,15705836,7.2533199999999995,28819,31122505,570
21250000,2166664,15734542,7.262110000000001,28880,31250833,558
21300000,2168005,15763581,7.27101,28912,31382360,548
21350000,2169319,15792367,7.27987,28940,31514557,570
21400000,2170654,15821118,7.288639999999999,28982,31640887,578
21450000,2172017,15849628,7.29719,29024,31762388,573
21500000,2173345,15878341,7.30595,29069,31889030,592
21550000,2174683,15907024,7.31464,29121,32017304,570
21600000,2175965,15935800,7.3235600000000005,29145,32145452,561
21650000,2177311,15964605,7.332260000000001,29190,32276158,546
21700000,2178670,15993282,7.34085,29247,32405794,566
21750000,2179941,16021776,7.349639999999999,29285,32534711,570
21800000,2181226,16050269,7.35837,29332,32664468,602
21850000,2182548,16078886,7.367030000000001,29375,32794803,583
21900000,2183858,16107402,7.375660000000001,29410,32930658,556
21950000,2185115,16135755,7.3844,29449,33057805,567
22000000,2186442,16164119,7.3928899999999995,29500,33191104,577
22050000,2187653,16192342,7.4017,29550,33321868,590
22100000,2188964,16220935,7.41033,29572,33451790,580
22150000,2190260,16249395,7.4189300000000005,29615,33584984,567
22200000,2191576,16277911,7.42749,29649,33717941,550
22250000,2192802,16306494,7.43637,29690,33852694,590
22300000,2194182,16334754,7.44458,29730,33985889,555
22350000,2195479,16362915,7.452999999999999,29768,34114188,548
22400000,2196703,16391109,7.461689999999999,29810,34250718,565
22450000,2197990,16419230,7.470110000000001,29842,34383935,550
22500000,2199242,16447367,7.47865,29868,34516393,574
22550000,2200574,16475482,7.4869,29896,34647934,558
22600000,2201904,16503758,7.49522,29936,34781735,569
22650000,2203125,16531814,7.5038,29961,34917438,545
22700000,2204348,16559707,7.512289999999999,29991,35045022,579
22750000,2205626,16587868,7.52071,30025,35176149,578
22800000,2206876,16615836,7.52912,30064,35308674,566
22850000,2208086,16643956,7.537730000000001,30099,35437454,553
22900000,2209310,16671918,7.54621,30132,35569278,575
22950000,2210523,16699712,7.554639999999999,30167,35707463,566
23000000,2211772,16727641,7.563,30212,35840756,550
23050000,2212972,16755561,7.57152,30259,35972539,566
23100000,2214210,16783426,7.57987,30302,36110316,568
23150000,2215442,16811338,7.58825,30327,36244189,550
23200000,2216681,16839259,7.596610000000001,30356,36375645,588
23250000,2217949,16867016,7.60478,30390,36509403,557
23300000,2219152,16894949,7.61325,30433,36646529,535
23350000,2220394,16922948,7.6216,30472,36779154,583
23400000,2221596,16950731,7.629980000000001,30529,36916292,555
23450000,2222830,16978531,7.63825,30565,37055630,562
23500000,2224034,17006144,7.64653,30604,37194499,546
23550000,2225230,17033778,7.654839999999999,30637,37329599,557
23600000,2226394,17061198,7.66315,30673,37462500,538
23650000,2227599,17088730,7.67137,30715,37597902,556
23700000,2228813,17116280,7.67955,30744,37732069,569
23750000,2229988,17143699,7.6878,30782,37867058,586
23800000,2231213,17171227,7.69592,30811,38004959,572
23850000,2232423,17198638,7.70402,30852,38136459,570
23900000,2233600,17226056,7.7122399999999995,30897,38276073,546
23950000,2234797,17253511,7.720389999999999,30928,38412988,545
24000000,2236028,17281064,7.728460000000001,30969,38551569,546
24050000,2237186,17308515,7.7367300000000006,31009,38683629,534
24100000,2238352,17335898,7.74494,31043,38818367,553
24150000,2239493,17363351,7.75325,31081,38952160,579
24200000,2240676,17390600,7.7613199999999996,31112,39089812,551
24250000,2241785,17417796,7.769610000000001,31148,39228378,544
24300000,2242903,17445056,7.777889999999999,31179,39362535,543
24350000,2243990,17472322,7.78627,31211,39500190,528
24400000,2245131,17499453,7.7944,31254,39637299,572
24450000,2246288,17526495,7.80243,31299,39773960,530
24500000,2247439,17553573,7.81048,31322,39913402,545
24550000,2248538,17580621,7.818689999999999,31370,40055512,515
24600000,2249718,17607738,7.826639999999999,31403,40194843,559
24650000,2250845,17634967,7.83482,31438,40331593,556
24700000,2251982,17661985,7.842860000000001,31476,40468162,551
24750000,2253074,17688964,7.851039999999999,31508,40605414,530
24800000,2254214,17715965,7.859039999999999,31547,40741256,545
24850000,2255298,17743019,7.867260000000001,31589,40882885,548
24900000,2256441,17770123,7.87529,31628,41021285,544
24950000,2257569,17796808,7.88317,31651,41157837,531
25000000,2258658,17823678,7.89127,31691,41300854,556
25050000,2259739,17850424,7.89933,31734,41441433,534
25100000,2260902,17877347,7.90717,31772,41583015,528
25150000,2262012,17904148,7.915139999999999,31797,41722301,529
25200000,2263105,17930978,7.92318,31829,41860644,534
25250000,2264182,17957706,7.931210000000001,31864,42005110,531
25300000,2265300,17984540,7.939139999999999,31899,42147943,544
25350000,2266410,18011526,7.94716,31930,42287224,544
25400000,2267510,18038278,7.9551,31967,42428082,538
25450000,2268623,18065039,7.962999999999999,31998,42568416,520
25500000,2269728,18091715,7.97087,32032,42710473,529
25550000,2270848,18118266,7.97863,32066,42852342,524
25600000,2271888,18144917,7.98671,32104,42993747,506
25650000,2272967,18171537,7.99463,32138,43134174,527
25700000,2274055,18198285,8.00257,32179,43275504,547
25750000,2275109,18224927,8.01057,32227,43414732,553
25800000,2276148,18251460,8.01857,32263,43561430,517
25850000,2277196,18278095,8.026580000000001,32287,43704111,525
25900000,2278259,18304677,8.0345,32319,43845542,517
25950000,2279310,18331198,8.04243,32359,43988225,541
26000000,2280427,18357810,8.05016,32390,44130830,539
26050000,2281397,18384323,8.05836,32425,44270086,537
26100000,2282478,18410862,8.06617,32450,44414043,522
26150000,2283501,18437417,8.07419,32481,44555665,525
26200000,2284535,18463850,8.0821,32512,44696428,533
26250000,2285568,18490161,8.089960000000001,32556,44836919,538
26300000,2286635,18516584,8.09774,32589,44978844,514
26350000,2287662,18542888,8.10561,32620,45122290,524
26400000,2288682,18569157,8.11347,32655,45264650,510
26450000,2289739,18595262,8.12113,32680,45403150,522
26500000,2290777,18621567,8.12893,32710,45542756,535
26550000,2291765,18647946,8.13694,32752,45689004,534
26600000,2292769,18674205,8.14483,32782,45832081,526
26650000,2293838,18700451,8.15247,32813,45977596,498
26700000,2294833,18726480,8.16028,32849,46119782,478
26750000,2295801,18752482,8.16817,32883,46262534,523
26800000,2296864,18778578,8.17575,32918,46401564,527
26850000,2297824,18804603,8.18366,32958,46541344,529
26900000,2298811,18830667,8.19148,32995,46682775,509
26950000,2299828,18856818,8.19923,33039,46825785,516
27000000,2300857,18882873,8.20689,33068,46968932,509
27050000,2301832,18908919,8.21473,33112,47115455,525
27100000,2302821,18934919,8.222489999999999,33141,47260499,508
27150000,2303826,18961050,8.23024,33182,47405150,550
27200000,2304801,18986919,8.23799,33224,47552284,521
27250000,2305807,19012823,8.24563,33258,47694776,509
27300000,2306742,19038797,8.25354,33284,47846653,559
27350000,2307764,19064821,8.26117,33317,47999239,515
27400000,2308736,19090573,8.268839999999999,33360,48146399,529
27450000,2309754,19116524,8.27643,33404,48294128,524
27500000,2310694,19142481,8.2843,33429,48437993,528
27550000,2311706,19168221,8.29181,33465,48583169,507
27600000,2312701,19193905,8.29935,33496,48731133,491
27650000,2313703,19219629,8.30687,33538,48873978,503
27700000,2314654,19245264,8.31453,33579,49024912,503
27750000,2315620,19270684,8.32204,33625,49171798,517
27800000,2316611,19296275,8.32953,33660,49321132,519
27850000,2317554,19322006,8.33724,33693,49468359,530
27900000,2318525,19347521,8.34475,33727,49616032,492
27950000,2319499,19373067,8.352260000000001,33757,49763333,501
28000000,2320473,19398553,8.359739999999999,33786,49911174,513
28050000,2321425,19424066,8.3673,33828,50053303,504
28100000,2322410,19449637,8.37476,33861,50199994,479
28150000,2323317,19475096,8.38245,33895,50345764,505
28200000,2324282,19500608,8.38995,33925,50494367,540
28250000,2325240,19526342,8.39756,33960,50639284,503
28300000,2326183,19551644,8.40503,33993,50788334,497
28350000,2327177,19577241,8.41244,34030,50937454,500
28400000,2328122,19602686,8.419960000000001,34068,51086059,537
28450000,2329106,19628079,8.4273,34097,51232589,494
28500000,2330037,19653257,8.43474,34125,51381226,469
28550000,2330989,19678700,8.442210000000001,34148,51528281,508
28600000,2331934,19704065,8.44967,34171,51675543,542
28650000,2332885,19729400,8.45708,34200,51823067,531
28700000,2333831,19754816,8.46454,34227,51966808,508
28750000,2334758,19780079,8.472000000000001,34269,52110203,475
28800000,2335731,19805373,8.4793,34311,52252620,533
28850000,2336716,19830613,8.48653,34339,52396658,542
28900000,2337631,19855758,8.49397,34371,52541370,501
28950000,2338536,19881100,8.50152,34388,52690484,499
29000000,2339434,19906120,8.50895,34414,52837226,509
29050000,2340376,19931301,8.51628,34446,52985051,519
29100000,2341250,19956282,8.523769999999999,34484,53134509,509
29150000,2342151,19981405,8.53122,34516,53281958,520
29200000,2343046,20006506,8.53867,34544,53431711,509
29250000,2343984,20031746,8.54603,34572,53578391,496
29300000,2344942,20056938,8.55328,34603,53726874,506
29350000,2345833,20081891,8.56067,34628,53875934,514
29400000,2346704,20107031,8.5682,34656,54027230,497
29450000,2347611,20132136,8.57558,34689,54180397,498
29500000,2348486,20157122,8.58303,34725,54330683,504
29550000,2349393,20182103,8.59035,34756,54477905,502
29600000,2350314,20206972,8.597560000000001,34777,54629505,502
29650000,2351172,20231944,8.60505,34808,54779289,484
29700000,2352061,20256663,8.6123,34843,54919753,482
29750000,2352911,20281477,8.61974,34884,55069041,508
29800000,2353805,20306304,8.62701,34915,55218000,497
29850000,2354677,20331069,8.63433,34946,55367918,483
29900000,2355633,20355896,8.64137,34976,55517176,494
29950000,2356536,20380901,8.64867,35007,55669764,489
30000000,2357442,20405764,8.65589,35038,55823349,495
30050000,2358340,20430801,8.663210000000001,35066,55978612,489
30100000,2359203,20455370,8.67046,35095,56127230,473
30150000,2360108,20480267,8.67768,35117,56279299,499
30200000,2360918,20504876,8.685130000000001,35146,56427911,491
30250000,2361774,20529461,8.69239,35180,56578670,492
30300000,2362685,20554082,8.69946,35213,56727932,475
30350000,2363547,20578754,8.70673,35249,56872538,513
30400000,2364422,20603374,8.71392,35275,57024856,491
30450000,2365312,20627935,8.72102,35303,57174860,493
30500000,2366173,20652481,8.72822,35335,57325596,477
30550000,2367027,20677053,8.73545,35382,57475452,496
30600000,2367865,20701681,8.74276,35415,57625471,494
30650000,2368659,20726022,8.750110000000001,35442,57775495,483
30700000,2369513,20750592,8.75732,35466,57926920,499
30750000,2370405,20775005,8.764330000000001,35495,58076296,487
30800000,2371268,20799518,8.77148,35537,58228991,468
30850000,2372180,20823970,8.778410000000001,35566,58386496,462
30900000,2372973,20848315,8.785739999999999,35586,58537983,489
30950000,2373846,20872496,8.792689999999999,35604,58692039,508
31000000,2374670,20896834,8.79989,35632,58839825,498
31050000,2375540,20921198,8.80692,35663,58992774,479
31100000,2376367,20945719,8.81418,35688,59149534,465
31150000,2377218,20969976,8.82123,35720,59302605,475
31200000,2378041,20994611,8.82853,35750,59455070,498
31250000,2378927,21018825,8.83542,35781,59605201,470
31300000,2379727,21042908,8.84257,35812,59760086,499
31350000,2380575,21067141,8.8496,35840,59914154,482
31400000,2381354,21091073,8.856760000000001,35865,60063651,467
31450000,2382208,21115205,8.863710000000001,35905,60212083,496
31500000,2383064,21139448,8.8707,35932,60362416,499
31550000,2383895,21163818,8.87783,35961,60513807,487
31600000,2384750,21187987,8.884780000000001,35991,60669713,475
31650000,2385623,21212126,8.89165,36016,60822896,459
31700000,2386395,21236322,8.89891,36046,60976590,490
31750000,2387184,21260371,8.90605,36084,61125402,457
31800000,2387997,21284380,8.91307,36120,61281133,467
31850000,2388846,21308364,8.919939999999999,36145,61433339,487
31900000,2389640,21332434,8.92705,36178,61587403,478
31950000,2390459,21356462,8.93404,36207,61740265,486
32000000,2391268,21380396,8.94103,36239,61891222,482
32050000,2392065,21404476,8.94812,36271,62042337,452
32100000,2392850,21428548,8.95524,36302,62201164,458
32150000,2393614,21452544,8.96241,36328,62352899,487
32200000,2394410,21476359,8.96937,36357,62505067,461
32250000,2395225,21500310,8.97632,36376,62659289,496
32300000,2396036,21524398,8.98334,36400,62810060,500
32350000,2396804,21548319,8.99044,36426,62965323,449
32400000,2397564,21572012,8.99747,36453,63120636,446
32450000,2398336,21595779,9.004480000000001,36482,63276258,470
32500000,2399128,21619570,9.01143,36499,63425998,471
32550000,2399920,21643437,9.0184,36521,63585605,491
32600000,2400755,21667415,9.02525,36553,63740577,477
32650000,2401559,21691432,9.03223,36588,63898445,473
32700000,2402381,21715110,9.039,36617,64053486,473
32750000,2403180,21738806,9.04585,36648,64207527,476
32800000,2403965,21762409,9.052710000000001,36679,64364086,470
32850000,2404722,21785977,9.05967,36702,64518590,485
32900000,2405550,21809708,9.066410000000001,36732,64679759,518
32950000,2406365,21833480,9.07322,36758,64834084,487
33000000,2407117,21856939,9.08013,36780,64991006,467
33050000,2407862,21880509,9.087110000000001,36816,65146339,473
33100000,2408667,21904218,9.093919999999999,36841,65307535,475
33150000,2409457,21927789,9.100719999999999,36863,65461725,456
33200000,2410208,21951138,9.107569999999999,36891,65616917,487
33250000,2410971,21974558,9.1144,36919,65771525,471
33300000,2411761,21998083,9.12117,36938,65932737,493
33350000,2412512,22021706,9.12812,36971,66094370,466
33400000,2413288,22045168,9.134910000000001,36997,66255443,451
33450000,2414100,22068661,9.14157,37024,66411531,474
33500000,2414879,22092167,9.14835,37048,66567360,449
33550000,2415649,22115546,9.15512,37077,66724478,469
33600000,2416412,22139028,9.16194,37104,66881085,483
33650000,2417147,22162536,9.16888,37131,67042969,459
33700000,2417909,22185686,9.17557,37161,67194829,460
33750000,2418597,22209123,9.18265,37189,67349499,495
33800000,2419342,22232350,9.18942,37212,67505081,474
33850000,2420106,22255652,9.19615,37237,67664250,473
33900000,2420801,22278771,9.20306,37267,67817056,451
33950000,2421578,22301846,9.20963,37298,67971800,462
34000000,2422299,22325072,9.21648,37325,68126892,478
34050000,2423056,22348550,9.223289999999999,37350,68281650,478
34100000,2423818,22371644,9.22992,37380,68437295,435
34150000,2424583,22394923,9.23661,37405,68596885,467
34200000,2425312,22418090,9.24338,37436,68755031,442
34250000,2426065,22441173,9.25003,37465,68914203,473
34300000,2426763,22464259,9.25688,37491,69079880,445
34350000,2427532,22487530,9.263539999999999,37519,69237763,481
34400000,2428326,22510854,9.27011,37548,69398315,486
34450000,2429060,22533927,9.276810000000001,37575,69555538,464
34500000,2429736,22557214,9.28381,37605,69713564,462
34550000,2430426,22580203,9.29064,37629,69870718,467
34600000,2431197,22603223,9.29716,37657,70025761,461
34650000,2431934,22626368,9.30386,37687,70187810,472
34700000,2432656,22649254,9.3105,37715,70338946,470
34750000,2433385,22672316,9.31719,37742,70497437,448
34800000,2434166,22695300,9.32365,37769,70656048,449
34850000,2434900,22718049,9.33018,37792,70812299,468
34900000,2435602,22740986,9.336910000000001,37818,70972708,448
34950000,2436330,22763965,9.34355,37846,71132637,427
35000000,2437040,22786719,9.35016,37874,71281959,444
35050000,2437742,22809361,9.356760000000001,37905,71434323,426
35100000,2438425,22832229,9.36351,37933,71593682,470
35150000,2439143,22855100,9.37014,37959,71751770,458
35200000,2439876,22878116,9.37675,37983,71905534,463
35250000,2440545,22900772,9.383469999999999,38014,72065879,461
35300000,2441237,22923641,9.39017,38044,72223458,450
35350000,2441908,22946292,9.39687,38073,72382383,434
35400000,2442589,22969032,9.40356,38102,72544033,465
35450000,2443234,22991795,9.41039,38136,72702027,474
35500000,2443951,23014363,9.41687,38166,72860108,448
35550000,2444659,23037055,9.42342,38197,73016817,480
35600000,2445323,23059882,9.4302,38231,73177203,464
35650000,2445975,23082503,9.43693,38263,73338430,438
35700000,2446680,23105074,9.443439999999999,38292,73498070,470
35750000,2447359,23127812,9.45011,38319,73652222,457
35800000,2448126,23150644,9.45648,38344,73811770,436
35850000,2448826,23173272,9.46301,38374,73965871,445
35900000,2449492,23195762,9.469619999999999,38399,74128361,451
35950000,2450171,23218313,9.4762,38419,74294404,464
36000000,2450884,23240842,9.48264,38452,74456984,444
36050000,2451598,23263424,9.48909,38475,74613219,431
36100000,2452257,23285896,9.4957,38498,74775030,475
36150000,2453007,23308532,9.50202,38527,74932012,468
36200000,2453685,23330951,9.50854,38553,75091586,457
36250000,2454401,23353393,9.51491,38574,75250321,442
36300000,2455063,23375799,9.521469999999999,38602,75413469,445
36350000,2455736,23398208,9.52798,38632,75573503,454
36400000,2456424,23420523,9.5344,38658,75737371,428
36450000,2457152,23443313,9.54085,38691,75892111,434
36500000,2457789,23465514,9.547410000000001,38720,76058411,460
36550000,2458527,23487804,9.55361,38744,76214788,462
36600000,2459253,23510220,9.5599,38774,76369588,482
36650000,2459944,23532446,9.56625,38803,76528537,440
36700000,2460600,23554790,9.57278,38836,76693881,481
36750000,2461255,23577109,9.5793,38865,76850457,458
36800000,2461913,23599402,9.5858,38885,77013480,453
36850000,2462577,23621776,9.5923,38905,77176091,467
36900000,2463236,23644083,9.59879,38931,77336900,457
36950000,2463958,23666153,9.60493,38952,77497335,464
37000000,2464636,23688528,9.611369999999999,38971,77652519,482
37050000,2465301,23710667,9.61776,38997,77808845,450
37100000,2465994,23732762,9.62401,39017,77970280,448
37150000,2466626,23754958,9.63055,39039,78129339,456
37200000,2467259,23777059,9.637030000000001,39062,78290821,423
37250000,2467900,23799095,9.643460000000001,39085,78455706,418
37300000,2468548,23821314,9.64993,39118,78623018,442
37350000,2469193,23843338,9.65633,39158,78788117,443
37400000,2469897,23865690,9.66263,39184,78953124,437
37450000,2470503,23887736,9.66918,39209,79111406,448
37500000,2471170,23909903,9.67554,39232,79274197,451
37550000,2471847,23931522,9.68164,39270,79433783,422
37600000,2472490,23953313,9.68793,39293,79589048,407
37650000,2473106,23975151,9.69435,39315,79752702,454
37700000,2473744,23997127,9.70073,39340,79917177,433
37750000,2474374,24019152,9.70716,39368,80077098,415
37800000,2475040,24041029,9.713389999999999,39395,80239185,407
37850000,2475715,24063123,9.719669999999999,39413,80404421,427
37900000,2476368,24085290,9.72605,39445,80567584,434
37950000,2477005,24107051,9.732339999999999,39471,80727473,408
38000000,2477640,24128880,9.73865,39492,80890337,431
38050000,2478321,24150939,9.74488,39523,81061703,445
38100000,2478937,24172686,9.75123,39544,81223150,425
38150000,2479547,24194628,9.75768,39566,81384963,432
38200000,2480178,24216473,9.76401,39597,81545168,434
38250000,2480817,24238144,9.77023,39624,81705179,438
38300000,2481426,24260005,9.776639999999999,39644,81863996,446
38350000,2482068,24281702,9.78285,39671,82027789,424
38400000,2482699,24303563,9.78917,39688,82185581,428
38450000,2483296,24325247,9.79555,39714,82352868,447
38500000,2483951,24347187,9.8018,39735,82513522,423
38550000,2484611,24369013,9.80798,39760,82681311,441
38600000,2485220,24390673,9.81429,39782,82845487,439
38650000,2485819,24412375,9.82066,39811,83010310,453
38700000,2486464,24434185,9.826880000000001,39834,83175157,454
38750000,2487068,24455872,9.833210000000001,39862,83342195,442
38800000,2487728,24477501,9.8393,39888,83504459,432
38850000,2488376,24499225,9.845469999999999,39910,83665205,417
38900000,2489002,24520809,9.85166,39931,83827562,432
38950000,2489598,24542489,9.85801,39963,83994993,442
39000000,2490206,24564132,9.8643,39995,84159123,448
39050000,2490838,24585681,9.87045,40016,84323182,429
39100000,2491459,24607253,9.87664,40037,84485638,443
39150000,2492064,24628964,9.88296,40065,84650183,423
39200000,2492690,24650620,9.88916,40085,84809635,441
39250000,2493300,24671829,9.89525,40105,84968796,403
39300000,2493893,24693238,9.901480000000001,40132,85131386,446
39350000,2494501,24714940,9.90777,40149,85302794,438
39400000,2495069,24736379,9.91411,40173,85471165,424
39450000,2495663,24757703,9.92029,40195,85636529,419
39500000,2496270,24779231,9.9265,40215,85798320,417
39550000,2496872,24800744,9.932730000000001,40232,85961580,407
39600000,2497456,24822226,9.939,40255,86128414,449
39650000,2498047,24843726,9.945260000000001,40281,86295047,427
39700000,2498657,24865146,9.9514,40300,86459709,457
39750000,2499280,24886576,9.9575,40324,86623957,408
39800000,2499882,24907902,9.96363,40343,86788593,408
39850000,2500476,24929302,9.96982,40366,86951353,442
39900000,2501078,24950754,9.976,40385,87117216,417
39950000,2501672,24972230,9.98222,40406,87285543,423
40000000,2502326,24993505,9.98811,40425,87452289,409
40050000,2502905,25014727,9.99428,40445,87612318,448
40100000,2503538,25036259,10.0004,40475,87771367,424
40150000,2504159,25057483,10.0063,40494,87933850,444
40200000,2504727,25078658,10.0125,40514,88096934,445
40250000,2505322,25099752,10.0186,40530,88263742,416
40300000,2505901,25121020,10.0247,40565,88428707,397
40350000,2506455,25142316,10.031,40591,88590395,437
40400000,2507058,25163650,10.0371,40616,88751682,442
40450000,2507650,25184710,10.0432,40638,88917596,422
40500000,2508251,25205805,10.0492,40661,89083922,408
40550000,2508791,25226870,10.0554,40687,89249880,429
40600000,2509381,25247923,10.0614,40710,89412999,413
40650000,2509928,25269069,10.0676,40747,89574879,441
40700000,2510493,25290123,10.0738,40770,89741344,420
40750000,2511079,25311047,10.0797,40798,89907935,427
40800000,2511676,25332155,10.0858,40814,90072946,428
40850000,2512238,25353178,10.0919,40841,90235161,413
40900000,2512853,25374346,10.0978,40861,90402280,423
40950000,2513411,25395515,10.104,40884,90571768,441
41000000,2513981,25416436,10.11,40903,90736857,442
41050000,2514563,25437323,10.116,40934,90906032,393
41100000,2515146,25458293,10.122,40967,91076430,443
41150000,2515700,25479361,10.1281,40992,91242031,390
41200000,2516253,25500335,10.1342,41021,91406188,412
41250000,2516838,25521434,10.1403,41046,91574112,399
41300000,2517414,25542269,10.1462,41066,91737924,411
41350000,2517935,25563178,10.1524,41089,91907630,412
41400000,2518514,25583938,10.1583,41115,92072162,433
41450000,2519037,25604976,10.1646,41141,92245909,399
41500000,2519563,25625596,10.1707,41160,92408251,421
41550000,2520165,25646500,10.1765,41189,92571831,429
41600000,2520742,25667433,10.1825,41208,92741814,426
41650000,2521327,25688308,10.1884,41225,92908920,428
41700000,2521858,25708973,10.1945,41256,93074342,405
41750000,2522424,25729875,10.2005,41272,93244519,412
41800000,2523041,25750569,10.2062,41295,93408765,409
41850000,2523618,25771391,10.2121,41331,93578452,433
41900000,2524133,25792131,10.2182,41358,93745782,437
41950000,2524691,25812819,10.2241,41377,93916493,410
42000000,2525265,25833538,10.23,41393,94085636,416
42050000,2525780,25854245,10.2361,41423,94252658,418
42100000,2526297,25874780,10.2422,41444,94415701,401
42150000,2526855,25895584,10.2481,41465,94587325,433
42200000,2527425,25916349,10.2541,41490,94750795,407
42250000,2527948,25937075,10.2601,41515,94921124,396
42300000,2528477,25957879,10.2662,41540,95090289,417
42350000,2529066,25978547,10.272,41569,95256558,437
42400000,2529650,25999152,10.2778,41596,95423993,411
42450000,2530241,26019660,10.2835,41622,95591824,390
42500000,2530811,26040412,10.2894,41650,95762728,403
42550000,2531366,26061110,10.2953,41661,95935570,435
42600000,2531900,26081863,10.3013,41683,96106790,406
42650000,2532464,26102516,10.3072,41710,96274943,393
42700000,2533026,26123209,10.312999999999999,41736,96446176,429
42750000,2533550,26143621,10.319,41758,96611902,411
42800000,2534059,26164028,10.3249,41775,96783238,416
42850000,2534562,26184402,10.3309,41792,96949145,411
42900000,2535109,26204828,10.3368,41813,97117811,434
42950000,2535646,26225146,10.3426,41838,97281927,400
43000000,2536174,26245313,10.3484,41868,97450433,393
43050000,2536703,26265697,10.3543,41886,97619669,406
43100000,2537222,26286110,10.3602,41917,97785461,421
43150000,2537760,26306769,10.3661,41938,97962917,408
43200000,2538313,26327250,10.3719,41959,98131812,419
43250000,2538849,26347534,10.3777,41980,98300911,406
43300000,2539406,26367952,10.3835,41996,98471052,401
43350000,2539934,26388328,10.3894,42023,98642731,424
43400000,2540440,26408659,10.3953,42039,98812400,387
43450000,2540985,26428870,10.401,42065,98979319,431
43500000,2541529,26449142,10.4068,42088,99152222,430
43550000,2542054,26469753,10.4127,42111,99324542,415
43600000,2542574,26490192,10.4187,42137,99493243,420
43650000,2543075,26510322,10.4245,42159,99659012,386
43700000,2543595,26530485,10.4303,42192,99829327,381
43750000,2544146,26550749,10.436,42207,99997244,426
43800000,2544693,26571078,10.4418,42230,100169588,398
43850000,2545191,26591381,10.4477,42254,100334621,381
43900000,2545700,26611543,10.4535,42272,100503862,413
43950000,2546240,26631693,10.4592,42296,100679226,402
44000000,2546734,26651893,10.4651,42324,100844309,398
44050000,2547204,26672091,10.4711,42343,101014444,434
44100000,2547713,26692232,10.4769,42366,101184333,369
44150000,2548258,26712372,10.4826,42396,101356830,418
44200000,2548793,26732441,10.4883,42423,101528970,392
44250000,2549306,26752455,10.494000000000002,42446,101701810,363
44300000,2549788,26772677,10.5,42474,101876606,407
44350000,2550286,26792784,10.5058,42502,102051661,397
44400000,2550772,26812755,10.5116,42517,102222541,413
44450000,2551251,26832674,10.5175,42546,102396055,374
44500000,2551724,26852663,10.5233,42569,102564876,432
44550000,2552225,26872717,10.5291,42601,102735178,381
44600000,2552694,26892803,10.5351,42619,102903300,403
44650000,2553196,26912644,10.5408,42644,103070312,380
44700000,2553690,26932545,10.5465,42675,103238754,398
44750000,2554170,26952533,10.5524,42708,103405830,391
44800000,2554704,26972365,10.5579,42732,103572239,434
44850000,2555171,26992221,10.5638,42758,103739583,403
44900000,2555702,27012199,10.5694,42777,103900649,398
44950000,2556195,27032147,10.5752,42798,104077778,401
45000000,2556679,27052130,10.581,42824,104252305,420
45050000,2557186,27072067,10.5867,42847,104424195,379
45100000,2557694,27091994,10.5924,42862,104598413,379
45150000,2558199,27111950,10.5981,42878,104766358,403
45200000,2558674,27131782,10.6038,42898,104940541,404
45250000,2559140,27151682,10.6097,42920,105113093,423
45300000,2559624,27171456,10.6154,42940,105279438,383
45350000,2560091,27191076,10.6211,42958,105445142,394
45400000,2560573,27210888,10.6269,42977,105621156,383
45450000,2561047,27230837,10.6327,43000,105788682,404
45500000,2561545,27250714,10.6384,43025,105958514,406
45550000,2562029,27270340,10.644,43045,106132750,405
45600000,2562492,27290171,10.6499,43067,106305919,412
45650000,2563012,27309861,10.6554,43088,106481965,378
45700000,2563477,27329295,10.661,43110,106658469,379
45750000,2563935,27348881,10.6668,43128,106829227,403
45800000,2564410,27368450,10.6724,43149,107003067,405
45850000,2564886,27388282,10.6782,43177,107175307,401
45900000,2565369,27407719,10.6837,43192,107346269,409
45950000,2565846,27427351,10.6894,43215,107513170,398
46000000,2566333,27447268,10.6951,43238,107685266,332
46050000,2566812,27467000,10.7008,43261,107859138,378
46100000,2567319,27486752,10.7064,43284,108028474,408
46150000,2567830,27506266,10.7119,43307,108206521,390
46200000,2568299,27525828,10.7175,43334,108380648,387
46250000,2568785,27545297,10.7231,43355,108545451,397
46300000,2569218,27564859,10.7289,43385,108710195,380
46350000,2569700,27584510,10.7345,43409,108878017,390
46400000,2570151,27603894,10.7402,43430,109056628,395
46450000,2570630,27623422,10.7458,43454,109225327,366
46500000,2571105,27642862,10.7514,43477,109401075,383
46550000,2571539,27662102,10.757,43497,109567313,389
46600000,2572035,27681699,10.7626,43520,109749692,402
46650000,2572530,27701383,10.7681,43546,109920108,408
46700000,2573004,27720767,10.7737,43573,110096354,404
46750000,2573492,27740258,10.7792,43599,110267727,404
46800000,2573954,27759416,10.7847,43615,110435179,397
46850000,2574409,27778752,10.7903,43637,110607983,392
46900000,2574889,27798181,10.7959,43662,110774274,376
46950000,2575316,27817369,10.8015,43677,110943842,349
47000000,2575820,27836744,10.8069,43695,111116792,391
47050000,2576271,27856059,10.8125,43720,111285648,397
47100000,2576735,27875608,10.8182,43743,111464468,393
47150000,2577209,27894983,10.8237,43760,111636989,397
47200000,2577703,27914176,10.8291,43784,111804658,377
47250000,2578155,27933560,10.8347,43806,111978363,382
47300000,2578635,27952830,10.8402,43829,112140876,378
47350000,2579094,27971918,10.8456,43850,112314282,380
47400000,2579585,27991007,10.850999999999999,43871,112484795,370
47450000,2580028,28010315,10.8566,43893,112661017,388
47500000,2580488,28029492,10.8621,43911,112831883,384
47550000,2580942,28048529,10.8676,43929,113005861,361
47600000,2581367,28067667,10.8732,43945,113180130,398
47650000,2581898,28086897,10.8784,43963,113347331,358
47700000,2582336,28106196,10.884,43989,113524046,390
47750000,2582769,28125330,10.8896,44005,113694603,385
47800000,2583245,28144434,10.895,44026,113863707,408
47850000,2583684,28163375,10.9005,44042,114027930,376
47900000,2584144,28182667,10.905999999999999,44065,114200365,384
