timestep,num_nodes,num_edges,average_degree,max_degree,num_triangles,new_edges
0,1942,1000,0.514933,5,0,1000
50000,70958,50941,0.717904,133,15,999
100000,122539,100743,0.8221299999999999,266,117,990
150000,166132,150418,0.9054129999999999,391,329,991
200000,204622,199955,0.9771920000000001,513,724,984
250000,239341,249420,1.04211,644,1283,987
300000,271251,298745,1.1013600000000001,762,2086,983
350000,301212,347938,1.15513,897,3177,981
400000,329010,397024,1.20672,1025,4599,977
450000,355480,445997,1.25463,1167,6153,975
500000,380500,494877,1.3006,1302,8128,978
550000,404379,543636,1.34437,1413,10324,975
600000,427162,592280,1.38655,1545,12762,973
650000,448655,640870,1.42842,1659,15649,973
700000,469351,689353,1.46874,1784,18762,972
750000,489376,737669,1.50737,1908,22051,965
800000,508788,785918,1.54469,2024,25833,961
850000,527555,834124,1.58111,2158,30156,973
900000,545544,882093,1.61691,2278,34527,958
950000,563183,930103,1.6515099999999998,2383,39189,953
1000000,580417,978034,1.68505,2500,44524,968
1050000,597164,1025760,1.7177200000000001,2618,49999,932
1100000,613381,1073452,1.75006,2747,56048,950
1150000,628936,1121050,1.78245,2863,62628,943
1200000,644229,1168540,1.8138599999999998,2965,69682,934
1250000,659413,1215993,1.84405,3085,76854,943
1300000,674042,1263315,1.8742400000000001,3191,84302,943
1350000,688317,1310488,1.9039,3303,92331,940
1400000,702312,1357679,1.9331599999999998,3409,100854,937
1450000,715830,1404763,1.96243,3509,109931,939
1500000,729067,1451648,1.9911,3613,119179,937
1550000,742253,1498537,2.0189,3715,128361,928
1600000,755015,1545412,2.0468599999999997,3824,138603,924
1650000,767604,1592093,2.0741099999999997,3928,148853,940
1700000,779780,1638733,2.10153,4031,160658,929
1750000,791885,1685175,2.12806,4144,172325,934
1800000,803908,1731611,2.1539900000000003,4256,184536,935
1850000,815507,1778025,2.18027,4359,196797,918
1900000,827024,1824241,2.2057900000000004,4467,209108,938
1950000,838179,1870375,2.2314700000000003,4557,221898,906
2000000,849269,1916447,2.25658,4658,235582,922
2050000,860263,1962564,2.28135,4766,249525,931
2100000,870954,2008582,2.30619,4876,263775,929
2150000,881290,2054416,2.33115,4987,278926,917
2200000,891565,2100066,2.35548,5091,293955,926
2250000,901938,2145717,2.37901,5208,309704,919
2300000,912102,2191342,2.40252,5335,325606,923
2350000,922032,2236879,2.42603,5445,342332,917
2400000,931946,2282370,2.44904,5543,359577,930
2450000,941623,2327721,2.4720299999999997,5647,377112,917
2500000,951054,2373008,2.49513,5736,395103,905
2550000,960353,2418292,2.5181299999999998,5857,413339,909
2600000,969737,2463448,2.54033,5955,433266,908
2650000,978946,2508493,2.56244,6056,452950,896
2700000,987885,2553430,2.58474,6146,472598,892
2750000,996713,2598391,2.60696,6230,491489,884
2800000,1005427,2643250,2.62898,6323,512683,888
2850000,1014032,2688042,2.65085,6401,533474,898
2900000,1022537,2732718,2.6724900000000003,6503,553724,902
2950000,1031052,2777253,2.69361,6603,574905,893
3000000,1039314,2821878,2.7151400000000003,6704,596808,889
3050000,1047575,2866349,2.73618,6798,618416,884
3100000,1055651,2910664,2.7572200000000002,6882,641887,882
3150000,1063675,2955015,2.77812,6974,665602,868
3200000,1071613,2999253,2.79882,7058,688377,890
3250000,1079309,3043309,2.81968,7151,713630,879
3300000,1087034,3087386,2.84019,7246,738120,875
3350000,1094628,3131379,2.86068,7329,764392,873
3400000,1102131,3175389,2.8811400000000003,7423,788594,873
3450000,1109593,3219336,2.90137,7502,814620,890
3500000,1116971,3263302,2.92156,7589,841366,874
3550000,1124375,3307024,2.94121,7693,868958,873
3600000,1131708,3350646,2.9607,7781,895346,877
3650000,1138995,3394343,2.98012,7889,922354,874
3700000,1146049,3437894,2.99978,7990,951953,870
3750000,1153174,3481388,3.01896,8066,981062,868
3800000,1160281,3524754,3.03785,8165,1009481,870
3850000,1167261,3568087,3.0568,8248,1039205,860
3900000,1174105,3611330,3.07582,8322,1068943,861
3950000,1180904,3654585,3.0947400000000003,8423,1098925,870
4000000,1187649,3697703,3.11346,8494,1129256,858
4050000,1194367,3740812,3.13205,8585,1160537,858
4100000,1200907,3783816,3.1508,8674,1192539,856
4150000,1207366,3826640,3.16941,8759,1224582,870
4200000,1213862,3869473,3.1877400000000002,8870,1257774,868
4250000,1220212,3912312,3.20626,8970,1290723,862
4300000,1226596,3954953,3.22433,9062,1323800,856
4350000,1232939,3997616,3.24235,9146,1358535,863
4400000,1239114,4040290,3.26063,9215,1392676,834
4450000,1245302,4082724,3.2785,9300,1425960,857
4500000,1251311,4125156,3.2966699999999998,9379,1459532,842
4550000,1257441,4167728,3.31445,9465,1493915,834
4600000,1263452,4210032,3.3321699999999996,9555,1528192,853
4650000,1269347,4252333,3.3500199999999998,9644,1564547,842
4700000,1275215,4294448,3.36763,9723,1602395,853
4750000,1280986,4336681,3.38542,9814,1640388,841
4800000,1286827,4378816,3.4028,9909,1677424,840
4850000,1292516,4420851,3.42035,10008,1714776,844
4900000,1298206,4462634,3.4375400000000003,10099,1754362,848
4950000,1303653,4504612,3.4553800000000003,10180,1793833,837
5000000,1309373,4546381,3.4721800000000003,10272,1832671,832
5050000,1314949,4588195,3.48926,10348,1871856,836
5100000,1320384,4629970,3.50653,10437,1911780,839
5150000,1325948,4671727,3.52331,10502,1951215,847
5200000,1331440,4713380,3.54006,10577,1991274,817
5250000,1336780,4754875,3.5569599999999997,10661,2033178,819
5300000,1342142,4796317,3.57363,10751,2075132,815
5350000,1347412,4837798,3.59044,10824,2116942,817
5400000,1352645,4879112,3.6070900000000004,10900,2159291,823
5450000,1357786,4920470,3.6238900000000003,11001,2204689,841
5500000,1362926,4961876,3.6406099999999997,11082,2249460,826
5550000,1368093,5002942,3.6568699999999996,11172,2293841,823
5600000,1373154,5044060,3.67334,11234,2337514,825
5650000,1378183,5085064,3.68969,11314,2381238,820
5700000,1383296,5126084,3.7057,11390,2428241,825
5750000,1388276,5167064,3.7219300000000004,11472,2475036,815
5800000,1393221,5207901,3.73803,11556,2520586,800
5850000,1398120,5248768,3.7541599999999997,11630,2567726,817
5900000,1403085,5289547,3.76994,11717,2613411,830
5950000,1407945,5330293,3.7858699999999996,11786,2660215,814
6000000,1412803,5370932,3.8016099999999997,11848,2706706,805
6050000,1417517,5411591,3.81766,11939,2754620,832
6100000,1422237,5452141,3.8335,12030,2801152,809
6150000,1426887,5492562,3.84933,12110,2850229,799
6200000,1431615,5533038,3.86489,12185,2898533,799
6250000,1436155,5573440,3.88081,12265,2948602,822
6300000,1440717,5613762,3.8965099999999997,12337,3001150,796
6350000,1445407,5654014,3.91171,12401,3050281,799
6400000,1449927,5694193,3.92723,12480,3100022,807
6450000,1454421,5734246,3.9426300000000003,12542,3152137,817
6500000,1458973,5774317,3.9578,12600,3202386,793
6550000,1463415,5814485,3.9732300000000005,12689,3255133,810
6600000,1467879,5854628,3.98849,12767,3306013,811
6650000,1472354,5894472,4.003430000000001,12846,3358956,807
6700000,1476758,5934120,4.01834,12926,3410813,802
6750000,1481078,5973803,4.03342,13004,3464703,806
6800000,1485576,6013607,4.048,13087,3518111,786
6850000,1489861,6053390,4.06306,13170,3572630,787
6900000,1494070,6092929,4.078069999999999,13239,3627747,802
6950000,1498408,6132419,4.09262,13331,3682611,799
7000000,1502533,6171922,4.10768,13412,3738628,799
7050000,1506728,6211490,4.1225,13484,3792995,813
7100000,1510926,6250891,4.13713,13537,3849296,772
7150000,1515118,6290273,4.151669999999999,13624,3906516,800
7200000,1519207,6329557,4.16636,13697,3963987,791
7250000,1523285,6368848,4.181,13765,4019882,786
7300000,1527388,6408098,4.19546,13828,4077825,828
7350000,1531412,6447391,4.2101,13902,4134605,760
7400000,1535504,6486563,4.2243900000000005,13965,4192093,783
7450000,1539455,6525506,4.23884,14039,4251008,777
7500000,1543327,6564449,4.25344,14121,4307454,769
7550000,1547240,6603582,4.2679800000000006,14187,4366037,787
7600000,1551175,6642463,4.28221,14246,4427163,751
7650000,1555082,6681407,4.2965,14330,4486704,788
7700000,1558967,6720253,4.31071,14399,4547113,764
7750000,1562893,6759016,4.32468,14460,4607806,793
7800000,1566752,6797776,4.338769999999999,14520,4668930,779
7850000,1570512,6836233,4.352869999999999,14584,4728056,748
7900000,1574320,6874882,4.36689,14643,4788457,767
7950000,1578142,6913273,4.3806400000000005,14703,4850889,791
8000000,1581845,6951896,4.3948,14786,4913831,784
8050000,1585591,6990287,4.4086300000000005,14853,4978362,773
8100000,1589271,7028874,4.4227,14933,5044243,769
8150000,1593027,7067189,4.43633,15004,5109571,794
8200000,1596679,7105546,4.4502,15064,5176347,761
8250000,1600265,7143689,4.4640699999999995,15147,5241055,770
8300000,1603972,7181919,4.477580000000001,15228,5305876,779
8350000,1607538,7220173,4.49145,15298,5371410,751
8400000,1611114,7258236,4.5051,15350,5435037,753
8450000,1614618,7296180,4.51883,15417,5501227,783
8500000,1618171,7334067,4.5323199999999995,15491,5568566,763
8550000,1621733,7372133,4.54584,15566,5635374,780
8600000,1625287,7409986,4.55919,15632,5704549,778
8650000,1628791,7447939,4.57268,15688,5773348,765
8700000,1632311,7485837,4.586040000000001,15750,5841552,762
8750000,1635710,7523544,4.599559999999999,15825,5908838,747
8800000,1639117,7561379,4.61308,15886,5976367,755
8850000,1642480,7599095,4.6266,15946,6044583,739
8900000,1645884,7636674,4.63986,16004,6112444,754
8950000,1649245,7674168,4.6531400000000005,16066,6179991,758
9000000,1652538,7711484,4.66645,16127,6250605,748
9050000,1655868,7748948,4.67969,16193,6318312,761
9100000,1659186,7786248,4.69281,16249,6388899,744
9150000,1662570,7823742,4.70581,16308,6458662,748
9200000,1665833,7861183,4.719069999999999,16389,6529233,765
9250000,1669113,7898530,4.73217,16455,6600405,753
9300000,1672379,7935740,4.74518,16516,6669472,745
9350000,1675500,7972983,4.75857,16579,6739721,735
9400000,1678750,8010043,4.7714300000000005,16635,6809724,762
9450000,1681993,8047086,4.78426,16698,6882182,745
9500000,1685327,8084148,4.79678,16765,6954945,718
9550000,1688595,8121009,4.80933,16825,7028226,731
9600000,1691772,8158020,4.82217,16888,7099421,731
9650000,1694844,8194939,4.83522,16948,7173720,738
9700000,1697966,8231847,4.84806,17019,7246481,730
9750000,1701017,8268615,4.8609800000000005,17087,7319673,757
9800000,1704052,8305732,4.87411,17159,7394529,726
9850000,1707233,8342635,4.88664,17219,7468189,722
9900000,1710407,8379371,4.89905,17283,7542283,699
9950000,1713455,8415983,4.9117,17340,7616627,744
10000000,1716510,8452615,4.9243,17396,7691036,706
10050000,1719508,8489124,4.93695,17453,7768593,734
10100000,1722443,8525354,4.94957,17508,7843968,716
10150000,1725556,8561768,4.96174,17567,7921728,731
10200000,1728594,8598391,4.97421,17630,8000335,726
10250000,1731642,8635025,4.98661,17703,8076728,747
10300000,1734635,8671382,4.99897,17775,8153130,715
10350000,1737579,8707808,5.01146,17835,8229879,713
10400000,1740519,8743850,5.0237,17887,8305651,713
10450000,1743403,8779925,5.03608,17952,8382340,722
10500000,1746209,8815845,5.04856,18014,8458637,739
10550000,1749132,8851876,5.06072,18084,8537265,713
10600000,1752031,8888052,5.073,18140,8616024,727
10650000,1754793,8923950,5.08547,18212,8693596,701
10700000,1757568,8959967,5.09793,18274,8772777,696
10750000,1760304,8995826,5.11038,18329,8851400,709
10800000,1763004,9031664,5.12288,18391,8931037,713
10850000,1765774,9067727,5.135269999999999,18445,9009610,718
10900000,1768522,9103631,5.14759,18501,9089793,751
10950000,1771292,9139316,5.15969,18580,9172836,725
11000000,1774028,9174955,5.171819999999999,18637,9252287,691
11050000,1776865,9210715,5.18369,18687,9331145,703
11100000,1779591,9246278,5.19573,18745,9413967,717
11150000,1782295,9281794,5.2077800000000005,18803,9498009,715
11200000,1784980,9317332,5.21985,18866,9581548,700
11250000,1787739,9352832,5.23165,18918,9663027,717
11300000,1790299,9388381,5.24403,18973,9746168,721
11350000,1793047,9423748,5.255719999999999,19032,9829243,711
11400000,1795684,9459153,5.26772,19087,9913258,707
11450000,1798273,9494539,5.2798099999999994,19131,9998694,724
11500000,1800896,9530047,5.2918400000000005,19182,10083503,702
11550000,1803560,9565442,5.30365,19253,10165025,728
11600000,1806191,9600730,5.31546,19316,10249561,713
11650000,1808776,9635805,5.32725,19383,10333753,680
11700000,1811380,9671116,5.339090000000001,19449,10420867,735
11750000,1813947,9706257,5.3509,19510,10510165,698
11800000,1816468,9741308,5.362769999999999,19555,10596384,700
11850000,1819047,9776348,5.37443,19622,10680693,687
11900000,1821637,9811292,5.38598,19696,10770407,683
11950000,1824197,9846397,5.39766,19755,10858495,699
12000000,1826708,9881308,5.40935,19817,10946210,678
12050000,1829292,9916161,5.42076,19867,11034476,683
12100000,1831815,9951083,5.43236,19914,11123296,688
12150000,1834249,9985900,5.44414,19964,11210676,693
12200000,1836702,10020608,5.45576,20003,11299743,706
12250000,1839158,10055411,5.4674,20066,11386893,702
12300000,1841584,10090131,5.47905,20128,11477267,680
12350000,1844090,10124671,5.49033,20175,11566672,687
12400000,1846525,10159289,5.5018400000000005,20237,11655890,715
12450000,1848988,10193874,5.51322,20300,11747339,698
12500000,1851497,10228272,5.52433,20364,11840219,707
12550000,1853996,10262725,5.53546,20425,11929234,676
12600000,1856473,10297258,5.54668,20490,12021839,681
12650000,1858800,10331685,5.55826,20554,12112216,679
12700000,1861183,10366052,5.5696,20596,12204141,689
12750000,1863452,10400373,5.58124,20649,12295544,660
12800000,1865776,10434463,5.59256,20704,12386269,657
12850000,1868198,10468643,5.6036,20765,12479922,693
12900000,1870563,10502642,5.6147,20817,12574152,654
12950000,1872814,10536859,5.62622,20872,12667774,667
13000000,1875065,10570942,5.63764,20940,12759912,684
13050000,1877407,10604924,5.6487099999999995,20994,12853227,683
13100000,1879752,10638972,5.65977,21044,12946463,662
13150000,1882087,10673008,5.67084,21100,13040571,693
13200000,1884378,10707080,5.68202,21154,13135477,678
13250000,1886686,10740887,5.69299,21211,13229268,689
13300000,1888998,10774850,5.704,21262,13321666,668
13350000,1891274,10808605,5.71499,21304,13418205,680
13400000,1893482,10842423,5.72618,21354,13513015,670
13450000,1895624,10876303,5.73758,21399,13609438,693
13500000,1897831,10910119,5.74873,21459,13702084,686
13550000,1900060,10943611,5.7596099999999995,21512,13798349,658
13600000,1902350,10977365,5.77042,21554,13892864,653
13650000,1904591,11010914,5.78125,21610,13986644,665
13700000,1906849,11044599,5.79207,21687,14081640,683
13750000,1909040,11078013,5.802919999999999,21739,14176271,668
13800000,1911255,11111615,5.81378,21781,14271924,670
13850000,1913520,11145039,5.82437,21835,14369492,697
13900000,1915698,11178461,5.83519,21898,14469360,669
13950000,1917949,11211989,5.84582,21950,14564245,685
14000000,1920078,11245458,5.85677,22002,14661934,665
14050000,1922241,11278860,5.86756,22055,14760779,678
14100000,1924383,11312065,5.87828,22107,14858118,682
14150000,1926544,11345428,5.88901,22162,14961190,658
14200000,1928683,11378804,5.899780000000001,22209,15058585,679
14250000,1930868,11411924,5.91026,22265,15158175,669
14300000,1932934,11445018,5.92106,22315,15258496,657
14350000,1934960,11477983,5.9319,22363,15362387,664
14400000,1937098,11511250,5.94252,22418,15458282,669
14450000,1939122,11544204,5.95331,22473,15554825,676
14500000,1941170,11577237,5.96405,22516,15653011,647
14550000,1943267,11610232,5.97459,22573,15753132,651
14600000,1945334,11643167,5.985180000000001,22640,15850632,660
14650000,1947396,11676106,5.99575,22684,15951926,654
14700000,1949400,11708855,6.006390000000001,22734,16056395,638
14750000,1951461,11741716,6.0168800000000005,22785,16157933,646
14800000,1953504,11774589,6.027419999999999,22828,16261155,660
14850000,1955551,11807244,6.0378099999999995,22886,16363025,638
14900000,1957646,11840074,6.04812,22936,16469207,664
14950000,1959665,11872974,6.058680000000001,22978,16571287,649
15000000,1961621,11905565,6.06925,23024,16674243,661
15050000,1963595,11938170,6.07975,23076,16781870,643
15100000,1965549,11970720,6.090269999999999,23137,16886753,651
15150000,1967549,12003371,6.10067,23195,16989133,609
15200000,1969523,12035979,6.11111,23250,17091332,644
15250000,1971496,12068532,6.12151,23300,17196115,665
15300000,1973508,12100996,6.13172,23351,17299641,667
15350000,1975451,12133288,6.14203,23392,17403944,634
15400000,1977329,12165748,6.15262,23445,17509567,636
15450000,1979278,12198277,6.16299,23501,17616865,652
15500000,1981176,12230473,6.1733400000000005,23559,17723649,653
15550000,1983132,12262871,6.183590000000001,23609,17833211,640
15600000,1985115,12295190,6.19369,23651,17937844,638
15650000,1987057,12327334,6.20381,23697,18042033,675
15700000,1988930,12359410,6.2141,23737,18148324,644
15750000,1990877,12391475,6.224130000000001,23783,18256341,635
15800000,1992791,12423576,6.23426,23825,18362682,650
15850000,1994638,12455724,6.2446,23889,18466385,663
15900000,1996507,12487699,6.25477,23934,18572633,652
15950000,1998409,12519727,6.26485,23980,18681473,643
16000000,2000232,12551749,6.27515,24037,18791203,624
16050000,2002085,12583792,6.28534,24087,18898346,640
16100000,2003957,12615756,6.29542,24145,19006257,643
16150000,2005811,12647566,6.30546,24199,19114844,631
16200000,2007649,12679503,6.3156,24257,19223570,617
16250000,2009492,12711212,6.32558,24308,19329751,649
16300000,2011354,12743018,6.33554,24349,19439773,641
16350000,2013136,12774804,6.34572,24406,19547779,632
16400000,2014925,12806386,6.35576,24460,19657525,632
16450000,2016783,12838064,6.36561,24505,19768027,661
16500000,2018603,12869684,6.37554,24549,19875907,637
16550000,2020434,12901371,6.38545,24591,19986734,653
16600000,2022246,12932948,6.39534,24643,20099801,620
16650000,2024139,12964789,6.40509,24708,20211363,614
16700000,2025924,12996192,6.41495,24750,20322925,639
16750000,2027700,13027777,6.4249,24821,20436902,660
16800000,2029464,13059137,6.434769999999999,24877,20548769,633
16850000,2031238,13090360,6.44452,24917,20659373,623
16900000,2033040,13121848,6.4543,24964,20772450,624
16950000,2034808,13153021,6.46401,25021,20882420,624
17000000,2036467,13184327,6.47412,25071,20993634,652
17050000,2038132,13215754,6.48425,25115,21107943,623
17100000,2039852,13246905,6.49405,25159,21223185,621
17150000,2041559,13278063,6.5038800000000005,25216,21335761,645
17200000,2043283,13309094,6.51358,25261,21446101,599
17250000,2044999,13340243,6.52335,25304,21558194,643
17300000,2046769,13371374,6.53292,25351,21670711,614
17350000,2048442,13402566,6.54281,25396,21783441,631
17400000,2050088,13433644,6.55272,25444,21899777,609
17450000,2051776,13464776,6.5625,25488,22021128,646
17500000,2053448,13495923,6.5723199999999995,25538,22133892,658
17550000,2055148,13527091,6.58205,25587,22252512,645
17600000,2056750,13557961,6.5919300000000005,25625,22367675,606
17650000,2058408,13588846,6.60163,25685,22483244,627
17700000,2060101,13619809,6.61123,25724,22599619,611
17750000,2061844,13650825,6.62069,25764,22716906,622
17800000,2063518,13681622,6.63024,25818,22831770,595
17850000,2065200,13712353,6.63972,25860,22944553,633
17900000,2066830,13743231,6.64942,25910,23057477,583
17950000,2068501,13774177,6.65901,25963,23171557,614
18000000,2070111,13804973,6.668710000000001,25998,23285362,614
18050000,2071737,13835621,6.6782699999999995,26054,23403661,607
18100000,2073396,13866043,6.6876,26107,23520183,592
18150000,2075093,13896636,6.69687,26149,23634957,604
18200000,2076663,13927327,6.706589999999999,26197,23752902,597
18250000,2078250,13958056,6.71625,26243,23868716,615
18300000,2079726,13988515,6.72613,26288,23981306,626
18350000,2081322,14019049,6.73565,26338,24102174,610
18400000,2082887,14049538,6.74522,26376,24217411,615
18450000,2084465,14079869,6.75467,26417,24332750,574
18500000,2086021,14110323,6.76423,26469,24453071,616
18550000,2087580,14140681,6.77372,26516,24569593,615
18600000,2089180,14170997,6.78304,26546,24686589,603
18650000,2090816,14201269,6.792210000000001,26589,24803724,619
18700000,2092389,14231716,6.801660000000001,26632,24920667,624
18750000,2093953,14261965,6.81102,26663,25039353,598
18800000,2095511,14292280,6.82043,26697,25159532,599
18850000,2097107,14322302,6.82955,26738,25277046,601
18900000,2098677,14352430,6.8388,26779,25398859,621
18950000,2100238,14382555,6.84806,26828,25519787,597
19000000,2101752,14412673,6.8574600000000006,26871,25643264,605
19050000,2103300,14442699,6.866689999999999,26925,25761815,606
19100000,2104862,14472878,6.87593,26975,25885074,624
19150000,2106399,14502859,6.88514,27035,26003502,615
19200000,2107941,14532760,6.89429,27075,26124948,628
19250000,2109474,14562822,6.90353,27123,26244288,581
19300000,2111010,14592693,6.912660000000001,27171,26367982,588
19350000,2112566,14622876,6.921860000000001,27219,26491857,619
19400000,2114056,14652746,6.93111,27267,26614382,607
19450000,2115560,14682739,6.940360000000001,27306,26736504,613
19500000,2117013,14712565,6.94968,27355,26856279,590
19550000,2118469,14742479,6.95903,27400,26979207,626
19600000,2119964,14772169,6.96812,27439,27103554,582
19650000,2121446,14801751,6.9772,27469,27222040,594
19700000,2122968,14831483,6.9862,27515,27344058,596
19750000,2124402,14861255,6.9955,27556,27466040,581
19800000,2125827,14890824,7.00472,27610,27592343,617
19850000,2127281,14920332,7.0138,27653,27716158,586
19900000,2128727,14949895,7.022930000000001,27703,27835319,569
19950000,2130188,14979465,7.0319899999999995,27735,27957941,603
20000000,2131663,15009127,7.04104,27776,28084703,590
20050000,2133119,15038657,7.05008,27820,28207665,589
20100000,2134592,15068309,7.0591,27854,28328690,586
20150000,2136049,15097630,7.06802,27881,28452577,593
20200000,2137506,15127132,7.077000000000001,27930,28576379,562
20250000,2138898,15156602,7.08617,27965,28701396,598
20300000,2140297,15186004,7.095280000000001,28021,28830018,573
20350000,2141656,15215206,7.104410000000001,28055,28956500,590
20400000,2143063,15244389,7.113360000000001,28109,29078939,567
20450000,2144498,15273735,7.12229,28153,29205179,566
20500000,2145827,15302858,7.13145,28199,29330738,563
20550000,2147210,15332079,7.14047,28236,29456952,572
20600000,2148618,15361128,7.149310000000001,28284,29580681,571
20650000,2150056,15390342,7.158110000000001,28330,29708922,637
20700000,2151469,15419669,7.167039999999999,28359,29835859,589
20750000,2152827,15448827,7.176069999999999,28400,29963444,602
20800000,2154209,15477954,7.18498,28436,30088210,595
20850000,2155602,15506878,7.19376,28473,30212811,575
20900000,2156959,15535780,7.20263,28516,30338491,571
20950000,2158315,15564768,7.211539999999999,28557,30463427,550
21000000,2159710,15593713,7.220280000000001,28595,30587943,582
21050000,2161031,15622586,7.22923,28647,30713545,585
21100000,2162408,15651592,7.23804,28693,30840634,566
21150000,2163766,15680647,7.246919999999999,28727,30969249,558
21200000,2165138,15709560,7.2556899999999995,28772,31099766,545
21250000,2166447,15738333,7.2645800000000005,28808,31226181,564
21300000,2167758,15767191,7.2735,28855,31355397,568
21350000,2169116,15795897,7.28218,28895,31485231,575
21400000,2170501,15824613,7.290769999999999,28933,31615021,575
21450000,2171872,15853524,7.2994699999999995,28976,31743183,571
21500000,2173191,15882077,7.30818,29010,31872147,563
21550000,2174536,15910774,7.31686,29043,31997771,574
21600000,2175813,15939249,7.32565,29078,32125365,560
21650000,2177181,15967834,7.33418,29120,32253727,565
21700000,2178534,15996470,7.34277,29154,32382962,585
21750000,2179844,16025020,7.35145,29188,32510918,613
21800000,2181143,16053655,7.3602,29219,32639521,553
21850000,2182431,16082155,7.36892,29257,32769711,551
21900000,2183711,16110672,7.3776600000000006,29295,32900858,564
21950000,2185007,16139033,7.386260000000001,29333,33028801,580
22000000,2186312,16167506,7.394880000000001,29381,33158368,561
22050000,2187568,16196021,7.40367,29419,33287251,554
22100000,2188866,16224357,7.41222,29458,33418599,571
22150000,2190203,16252788,7.42068,29496,33550257,562
22200000,2191495,16280956,7.42915,29534,33682270,563
22250000,2192770,16309182,7.437710000000001,29572,33815523,538
22300000,2193971,16337523,7.44655,29601,33945834,565
22350000,2195182,16365600,7.455239999999999,29635,34072982,548
22400000,2196418,16393935,7.463939999999999,29682,34205042,592
22450000,2197745,16421995,7.4722,29728,34333674,569
22500000,2198991,16450015,7.48071,29771,34464744,545
22550000,2200236,16477928,7.489160000000001,29811,34596276,545
22600000,2201473,16505971,7.4976899999999995,29833,34731752,540
22650000,2202750,16534083,7.5061100000000005,29869,34865732,550
22700000,2203983,16562243,7.514689999999999,29908,34995843,565
22750000,2205207,16590457,7.52331,29943,35127665,538
22800000,2206493,16618707,7.5317300000000005,29975,35263030,578
22850000,2207664,16646736,7.540430000000001,30018,35394009,540
22900000,2208916,16674588,7.548769999999999,30049,35524787,567
22950000,2210146,16702613,7.557239999999999,30082,35655731,560
23000000,2211351,16730652,7.565810000000001,30117,35792157,539
23050000,2212543,16758515,7.574319999999999,30166,35929505,558
23100000,2213796,16786381,7.5826199999999995,30197,36062108,556
23150000,2215003,16814233,7.591069999999999,30232,36198107,567
23200000,2216220,16841896,7.59938,30269,36332980,557
23250000,2217423,16869668,7.60778,30303,36466867,529
23300000,2218665,16897575,7.6161,30342,36597618,572
23350000,2219890,16925554,7.6245,30371,36733319,556
23400000,2221081,16953272,7.63289,30413,36867266,575
23450000,2222248,16980914,7.6413199999999994,30457,37004579,549
23500000,2223472,17008563,7.64955,30496,37144726,539
23550000,2224681,17036222,7.657830000000001,30523,37277775,575
23600000,2225895,17063871,7.6660699999999995,30564,37413911,552
23650000,2227108,17091286,7.67421,30599,37544446,546
23700000,2228277,17119004,7.68262,30644,37679046,546
23750000,2229423,17146539,7.69102,30690,37815113,546
23800000,2230598,17174110,7.699330000000001,30722,37950921,536
23850000,2231790,17201574,7.70752,30757,38084022,562
23900000,2233016,17229044,7.71559,30803,38222508,555
23950000,2234090,17256497,7.72417,30842,38358293,555
24000000,2235218,17283962,7.73256,30880,38500478,543
24050000,2236389,17311276,7.74073,30918,38632970,534
24100000,2237563,17338646,7.7489,30954,38767697,555
24150000,2238765,17365935,7.7569300000000005,30995,38902664,557
24200000,2239926,17393303,7.76512,31039,39040934,556
24250000,2241052,17420378,7.7733,31073,39171964,522
24300000,2242187,17447607,7.781510000000001,31105,39308232,531
24350000,2243363,17474694,7.789510000000001,31144,39444536,519
24400000,2244526,17501749,7.79753,31179,39579301,538
24450000,2245709,17528915,7.805510000000001,31220,39715683,551
24500000,2246805,17556086,7.8138,31252,39851208,522
24550000,2247938,17583261,7.82195,31278,39989296,558
24600000,2249056,17610385,7.83012,31311,40126169,544
24650000,2250180,17637588,7.8383,31339,40261658,525
24700000,2251293,17664489,7.846369999999999,31380,40393097,542
24750000,2252450,17691530,7.85435,31420,40531863,552
24800000,2253584,17718505,7.862369999999999,31456,40667191,543
24850000,2254660,17745569,7.87062,31487,40806301,557
24900000,2255765,17772329,7.87863,31526,40944737,546
24950000,2256846,17799088,7.886710000000001,31555,41088155,532
25000000,2257984,17826301,7.8947899999999995,31590,41232399,530
25050000,2259020,17853143,7.90305,31638,41369651,511
25100000,2260152,17880075,7.911010000000001,31669,41512452,553
25150000,2261259,17906890,7.918989999999999,31705,41648147,564
25200000,2262353,17933557,7.92695,31741,41785818,547
25250000,2263449,17960448,7.934989999999999,31787,41924105,553
25300000,2264519,17987344,7.9431199999999995,31825,42063122,560
25350000,2265648,18014077,7.95096,31870,42201391,537
25400000,2266799,18040811,7.95872,31899,42339319,538
25450000,2267878,18067246,7.966589999999999,31936,42476588,546
25500000,2268955,18093994,7.974589999999999,31967,42615620,561
25550000,2270092,18120699,7.982360000000001,31996,42754507,577
25600000,2271192,18147289,7.9902,32041,42889232,515
25650000,2272291,18173944,7.998069999999999,32083,43037571,520
25700000,2273382,18200608,8.00596,32113,43180085,510
25750000,2274411,18227221,8.01404,32141,43317702,558
25800000,2275532,18253912,8.02182,32178,43461263,543
25850000,2276642,18280456,8.02957,32214,43599673,539
25900000,2277731,18307015,8.03739,32241,43736408,523
25950000,2278776,18333502,8.04533,32278,43882225,544
26000000,2279828,18360037,8.05326,32316,44022590,535
26050000,2280853,18386478,8.06123,32347,44165214,527
26100000,2281875,18412924,8.06921,32379,44310274,521
26150000,2282957,18439382,8.07697,32414,44454812,556
26200000,2284070,18465873,8.08464,32454,44597332,531
26250000,2285109,18492268,8.09251,32492,44739233,534
26300000,2286117,18518542,8.100430000000001,32523,44878234,528
26350000,2287151,18544879,8.10829,32551,45014921,496
26400000,2288196,18571374,8.11616,32586,45159583,508
26450000,2289228,18597590,8.12396,32619,45299981,521
26500000,2290285,18623843,8.13167,32659,45446930,535
26550000,2291345,18650039,8.139339999999999,32696,45591990,497
26600000,2292329,18676185,8.14725,32731,45735234,529
26650000,2293402,18702493,8.154910000000001,32761,45877964,508
26700000,2294422,18728635,8.16268,32793,46024010,500
26750000,2295466,18754697,8.17032,32824,46161185,513
26800000,2296493,18780872,8.17807,32848,46306399,521
26850000,2297477,18807114,8.185989999999999,32888,46451682,521
26900000,2298548,18833019,8.193439999999999,32913,46594083,509
26950000,2299581,18859043,8.201080000000001,32962,46740547,544
27000000,2300566,18884932,8.20882,33001,46880508,523
27050000,2301574,18911000,8.21655,33040,47025225,520
27100000,2302582,18936976,8.22424,33074,47168545,557
27150000,2303536,18963158,8.2322,33111,47310974,515
27200000,2304551,18989212,8.23987,33136,47461773,510
27250000,2305571,19015315,8.24755,33160,47606977,515
27300000,2306547,19041147,8.25526,33184,47752344,496
27350000,2307556,19067128,8.26291,33224,47901613,517
27400000,2308497,19093034,8.270760000000001,33253,48043277,527
27450000,2309489,19118879,8.2784,33287,48189270,491
27500000,2310494,19144634,8.28595,33315,48332030,518
27550000,2311553,19170658,8.29341,33351,48477117,507
27600000,2312553,19196339,8.300930000000001,33382,48619981,480
27650000,2313548,19222044,8.30847,33417,48761770,525
27700000,2314530,19247672,8.31602,33456,48903591,498
27750000,2315518,19273453,8.3236,33490,49046461,532
27800000,2316530,19299046,8.331010000000001,33529,49191234,504
27850000,2317479,19324659,8.33866,33560,49338989,525
27900000,2318455,19350175,8.34615,33594,49489090,522
27950000,2319389,19375685,8.35379,33627,49636867,527
28000000,2320341,19401165,8.36134,33655,49782422,512
28050000,2321295,19426822,8.368960000000001,33692,49934316,538
28100000,2322246,19452401,8.37655,33741,50081560,511
28150000,2323209,19477832,8.38402,33764,50226747,505
28200000,2324152,19503370,8.39161,33815,50373287,528
28250000,2325125,19528839,8.39905,33842,50517960,518
28300000,2326012,19554240,8.40677,33872,50664937,494
28350000,2326911,19579537,8.41439,33904,50808578,506
28400000,2327924,19604932,8.42164,33942,50954972,528
28450000,2328870,19630342,8.42913,33973,51098426,504
28500000,2329757,19655578,8.43675,34009,51246837,519
28550000,2330643,19681028,8.444460000000001,34040,51393559,497
28600000,2331550,19706487,8.4521,34068,51547267,507
28650000,2332513,19732004,8.45955,34092,51698164,529
28700000,2333437,19757234,8.46701,34127,51843368,499
28750000,2334348,19782439,8.4745,34157,51991511,489
28800000,2335290,19807699,8.4819,34196,52140342,515
28850000,2336252,19832974,8.489230000000001,34224,52291639,495
28900000,2337227,19858376,8.49655,34252,52445342,512
28950000,2338181,19883504,8.50383,34284,52587531,478
29000000,2339103,19908639,8.51123,34320,52741432,510
29050000,2340024,19933703,8.51859,34341,52887153,507
29100000,2340943,19958791,8.525960000000001,34371,53032076,477
29150000,2341852,19984012,8.53342,34390,53177779,499
29200000,2342773,20009232,8.54083,34420,53330206,500
29250000,2343660,20034410,8.54834,34449,53477427,531
29300000,2344549,20059627,8.555860000000001,34484,53622930,522
29350000,2345474,20084672,8.56316,34510,53773375,512
29400000,2346426,20109625,8.570319999999999,34547,53928446,519
29450000,2347320,20134659,8.57772,34578,54079947,459
29500000,2348228,20159736,8.58508,34609,54231800,500
29550000,2349067,20184727,8.59266,34643,54383576,487
29600000,2349940,20209729,8.6001,34675,54530842,509
29650000,2350830,20234677,8.607460000000001,34712,54681837,505
29700000,2351719,20259489,8.61476,34754,54833159,467
29750000,2352601,20284583,8.62219,34788,54986909,495
29800000,2353507,20309510,8.62947,34817,55139862,485
29850000,2354453,20334520,8.636619999999999,34850,55290257,496
29900000,2355323,20359355,8.64398,34885,55440839,487
29950000,2356202,20384327,8.65135,34919,55586287,511
30000000,2357074,20409343,8.658760000000001,34965,55739107,504
30050000,2357886,20433997,8.66624,35000,55887851,521
30100000,2358756,20458947,8.67362,35020,56039944,490
30150000,2359636,20483505,8.68079,35050,56188307,513
30200000,2360557,20508162,8.68785,35084,56333101,472
30250000,2361433,20532953,8.69512,35106,56478960,507
30300000,2362346,20557617,8.7022,35133,56632802,506
30350000,2363229,20582435,8.70945,35178,56783094,476
30400000,2364113,20607103,8.71663,35213,56934977,485
30450000,2364973,20631734,8.72388,35241,57083541,498
30500000,2365828,20656151,8.73105,35276,57234248,453
30550000,2366678,20680600,8.73824,35297,57392468,500
30600000,2367534,20705117,8.745439999999999,35319,57546806,482
30650000,2368402,20729680,8.7526,35350,57696198,464
30700000,2369222,20754161,8.759910000000001,35384,57848452,482
30750000,2370132,20778659,8.76688,35414,57998285,506
30800000,2370928,20803114,8.77425,35447,58152943,505
30850000,2371785,20827489,8.781360000000001,35476,58306287,517
30900000,2372612,20852022,8.78864,35514,58454283,471
30950000,2373445,20876345,8.7958,35541,58606526,500
31000000,2374297,20900656,8.80288,35573,58763467,499
31050000,2375163,20925007,8.80992,35601,58922065,519
31100000,2376004,20949105,8.81695,35630,59073284,477
31150000,2376827,20973417,8.824119999999999,35666,59221317,503
31200000,2377679,20997671,8.83116,35696,59377228,503
31250000,2378490,21021850,8.83832,35725,59529269,495
31300000,2379304,21046066,8.845469999999999,35754,59678337,483
31350000,2380134,21070460,8.85264,35791,59834960,473
31400000,2380924,21094671,8.859869999999999,35817,59985987,495
31450000,2381763,21118813,8.86688,35856,60134028,506
31500000,2382551,21143107,8.87415,35893,60291077,488
31550000,2383390,21167392,8.881210000000001,35921,60446375,512
31600000,2384231,21191642,8.88825,35946,60601545,488
31650000,2385051,21215772,8.89531,35972,60756725,469
31700000,2385925,21239853,8.90215,35999,60917535,470
31750000,2386740,21263779,8.909130000000001,36029,61068241,480
31800000,2387517,21287797,8.91629,36059,61220881,500
31850000,2388301,21311849,8.92344,36095,61377153,481
31900000,2389145,21335601,8.93022,36126,61531504,466
31950000,2389949,21359779,8.937339999999999,36147,61684590,472
32000000,2390765,21383742,8.94431,36176,61836827,468
32050000,2391550,21407811,8.95144,36209,61990015,464
32100000,2392341,21431979,8.95858,36252,62148258,459
32150000,2393154,21455776,8.96548,36294,62310394,475
32200000,2393943,21479508,8.972439999999999,36318,62460320,493
32250000,2394774,21503522,8.97935,36348,62619027,484
32300000,2395536,21527442,8.98648,36381,62779581,460
32350000,2396377,21551216,8.99325,36404,62934584,466
32400000,2397165,21575031,9.00023,36434,63091047,466
32450000,2397948,21599016,9.00729,36467,63246825,462
32500000,2398754,21622942,9.01424,36491,63403037,481
32550000,2399561,21646698,9.02111,36526,63557559,490
32600000,2400363,21670671,9.028080000000001,36566,63715263,480
32650000,2401194,21694229,9.03477,36599,63868374,473
32700000,2401981,21718035,9.04172,36627,64026680,472
32750000,2402741,21741898,9.048789999999999,36671,64184037,489
32800000,2403505,21765539,9.05575,36699,64340055,473
32850000,2404282,21789292,9.0627,36734,64496064,474
32900000,2405051,21812990,9.06966,36760,64651307,497
32950000,2405831,21836666,9.07656,36792,64807113,478
33000000,2406587,21860244,9.0835,36821,64965601,461
33050000,2407383,21883993,9.09037,36853,65122735,448
33100000,2408186,21907666,9.09717,36872,65283007,493
33150000,2408969,21931175,9.10397,36898,65438012,470
33200000,2409759,21954642,9.11072,36923,65593373,482
33250000,2410525,21978063,9.11754,36942,65746795,483
33300000,2411274,22001400,9.12439,36965,65895459,475
33350000,2412071,22024910,9.13112,36991,66057101,466
33400000,2412801,22048187,9.138,37019,66213123,443
33450000,2413578,22071828,9.144860000000001,37047,66370314,478
33500000,2414343,22095310,9.151689999999999,37079,66534020,457
33550000,2415102,22118627,9.15846,37109,66693091,447
33600000,2415855,22141935,9.16526,37133,66846683,486
33650000,2416631,22165325,9.17199,37166,67002866,440
33700000,2417405,22188615,9.17869,37195,67157416,481
33750000,2418153,22212079,9.18556,37216,67317962,474
33800000,2418888,22235503,9.19245,37244,67480533,485
33850000,2419695,22258745,9.19899,37274,67640201,437
33900000,2420448,22281988,9.20573,37302,67799757,455
33950000,2421232,22305341,9.21239,37325,67960832,460
34000000,2421937,22328553,9.2193,37354,68118011,459
34050000,2422744,22351994,9.2259,37392,68280321,465
34100000,2423430,22374920,9.23275,37423,68433775,464
34150000,2424162,22398201,9.23956,37457,68592549,471
34200000,2424866,22421484,9.24648,37487,68753644,473
34250000,2425575,22444540,9.25329,37518,68912169,456
34300000,2426333,22467734,9.25995,37557,69072684,470
34350000,2427069,22490728,9.26662,37584,69229185,481
34400000,2427790,22513949,9.273430000000001,37621,69387490,464
34450000,2428512,22537196,9.28025,37644,69546015,466
34500000,2429288,22560229,9.286769999999999,37670,69706305,473
34550000,2430007,22583310,9.29352,37702,69862819,479
34600000,2430671,22606520,9.30053,37733,70028538,484
34650000,2431355,22629438,9.30734,37763,70193908,440
34700000,2432065,22652465,9.31409,37800,70354916,476
34750000,2432763,22675406,9.320839999999999,37833,70512898,437
34800000,2433513,22698429,9.32743,37854,70672579,484
34850000,2434239,22721609,9.33417,37877,70834498,485
34900000,2434968,22744540,9.3408,37893,70995206,465
34950000,2435732,22767575,9.34732,37912,71154859,447
35000000,2436446,22790552,9.35401,37946,71317546,471
35050000,2437135,22813222,9.360669999999999,37972,71473191,472
35100000,2437876,22836179,9.367239999999999,37993,71629447,465
35150000,2438598,22859129,9.37388,38020,71788756,471
35200000,2439347,22881884,9.38033,38054,71947577,473
35250000,2440064,22904770,9.38695,38085,72111173,425
35300000,2440780,22927536,9.39353,38111,72267531,433
35350000,2441508,22950338,9.40007,38148,72423609,475
35400000,2442205,22973294,9.40678,38168,72580208,417
35450000,2442931,22996289,9.4134,38195,72743329,436
35500000,2443645,23019002,9.41995,38218,72900806,447
35550000,2444343,23041591,9.4265,38242,73058804,467
35600000,2445032,23064186,9.43308,38274,73219976,462
35650000,2445724,23086765,9.439639999999999,38296,73375478,439
35700000,2446398,23109455,9.44632,38319,73535922,458
35750000,2447167,23132294,9.45268,38346,73693956,464
35800000,2447864,23155000,9.45927,38372,73854441,465
35850000,2448548,23177393,9.46577,38404,74010493,443
35900000,2449273,23200112,9.47224,38430,74170909,447
35950000,2449965,23222732,9.4788,38452,74337500,465
36000000,2450630,23245433,9.485489999999999,38475,74500270,473
36050000,2451297,23267871,9.49207,38497,74653675,459
36100000,2452005,23290147,9.49841,38531,74808870,452
36150000,2452693,23312623,9.50491,38555,74963827,440
36200000,2453318,23335052,9.51163,38578,75122025,449
36250000,2454022,23357718,9.518139999999999,38601,75285261,498
36300000,2454702,23380065,9.5246,38628,75451243,416
36350000,2455368,23402519,9.53117,38650,75608695,474
36400000,2456084,23424825,9.537469999999999,38675,75764837,448
36450000,2456762,23447237,9.54396,38705,75924735,460
36500000,2457467,23469590,9.55032,38733,76084719,431
36550000,2458148,23492063,9.55681,38749,76246607,440
36600000,2458794,23514377,9.56338,38778,76406725,433
36650000,2459434,23536874,9.570039999999999,38804,76566788,465
36700000,2460130,23559330,9.57646,38834,76726664,454
36750000,2460817,23581633,9.58285,38854,76885057,444
36800000,2461447,23603941,9.58946,38876,77048361,460
36850000,2462138,23626291,9.595839999999999,38922,77206156,451
36900000,2462829,23648571,9.6022,38952,77364985,449
36950000,2463487,23670953,9.60872,38979,77529663,428
37000000,2464151,23693224,9.615169999999999,39004,77693000,455
37050000,2464804,23715445,9.62164,39030,77858239,440
37100000,2465491,23737685,9.62797,39052,78023495,435
37150000,2466134,23759849,9.63445,39075,78190455,421
37200000,2466864,23782064,9.64061,39104,78356204,416
37250000,2467497,23804223,9.647110000000001,39129,78516098,425
37300000,2468131,23826300,9.65358,39152,78677125,426
37350000,2468770,23848603,9.66012,39187,78839936,421
37400000,2469407,23870548,9.66651,39217,79003668,427
37450000,2470053,23892742,9.67297,39240,79168750,418
37500000,2470699,23914840,9.67938,39260,79333404,460
37550000,2471407,23936952,9.68556,39286,79498583,444
37600000,2472078,23958975,9.69184,39308,79657620,431
37650000,2472737,23981056,9.69818,39330,79819047,469
37700000,2473384,24003196,9.7046,39355,79980453,449
37750000,2474016,24025170,9.711,39379,80145501,428
37800000,2474697,24047307,9.71727,39401,80310842,447
37850000,2475279,24068944,9.72373,39430,80475589,434
37900000,2475922,24090668,9.72998,39450,80636163,464
37950000,2476584,24112636,9.73625,39479,80801284,448
38000000,2477246,24134679,9.74254,39520,80969566,447
38050000,2477879,24156442,9.74884,39541,81131108,443
38100000,2478526,24178321,9.75512,39565,81293729,429
38150000,2479200,24200127,9.76126,39589,81451908,430
38200000,2479803,24222083,9.76774,39618,81616459,433
38250000,2480460,24244113,9.77404,39635,81782615,454
38300000,2481066,24265940,9.78045,39669,81947359,441
38350000,2481700,24287453,9.78662,39694,82110798,388
38400000,2482318,24309362,9.79301,39723,82271381,461
38450000,2482941,24331154,9.79933,39755,82433461,464
38500000,2483583,24353057,9.80561,39779,82602748,447
38550000,2484210,24374885,9.81193,39812,82770548,453
38600000,2484841,24396616,9.81818,39833,82928830,437
38650000,2485451,24418239,9.82447,39859,83096235,448
38700000,2486014,24439989,9.83099,39884,83258003,457
38750000,2486632,24461442,9.83718,39909,83412113,418
38800000,2487234,24483158,9.84353,39934,83575393,431
38850000,2487846,24504858,9.84983,39961,83743258,448
38900000,2488471,24526392,9.856010000000001,39988,83907732,443
38950000,2489063,24548109,9.86239,40011,84069286,427
39000000,2489644,24569626,9.868730000000001,40042,84235834,449
39050000,2490290,24591096,9.874789999999999,40072,84397783,424
39100000,2490907,24612682,9.88101,40101,84560047,432
39150000,2491474,24634307,9.88744,40126,84723961,432
39200000,2492124,24655957,9.89355,40149,84890902,434
39250000,2492728,24677551,9.89982,40175,85058452,436
39300000,2493377,24699074,9.90587,40198,85220646,437
39350000,2494002,24720517,9.91199,40221,85384245,419
39400000,2494619,24741954,9.91813,40243,85548205,442
39450000,2495189,24763332,9.924430000000001,40267,85711359,409
39500000,2495793,24784713,9.9306,40288,85879454,452
39550000,2496394,24806353,9.936869999999999,40305,86046732,391
39600000,2496984,24827695,9.94307,40328,86224039,423
39650000,2497578,24848971,9.94923,40367,86383548,434
39700000,2498146,24870419,9.95555,40392,86545054,433
39750000,2498774,24891744,9.96158,40413,86706183,445
39800000,2499367,24912896,9.96768,40436,86869954,408
39850000,2499984,24934332,9.9738,40468,87034045,445
39900000,2500562,24955691,9.980030000000001,40490,87198165,427
39950000,2501157,24976970,9.98617,40519,87363703,451
40000000,2501742,24998423,9.992410000000001,40543,87529028,423
40050000,2502326,25019771,9.998610000000001,40571,87692859,469
40100000,2502869,25041023,10.0049,40588,87860136,441
40150000,2503465,25062258,10.011000000000001,40610,88027263,432
40200000,2504060,25083890,10.0173,40635,88192105,445
40250000,2504692,25105071,10.0232,40654,88358011,446
40300000,2505319,25126140,10.0291,40673,88518312,429
40350000,2505928,25147534,10.0352,40706,88691434,430
40400000,2506497,25168590,10.0413,40725,88855034,422
40450000,2507055,25189625,10.0475,40753,89019045,421
40500000,2507608,25210659,10.0537,40784,89185308,412
40550000,2508146,25231811,10.0599,40807,89350281,437
40600000,2508755,25253035,10.066,40833,89519170,440
40650000,2509313,25274106,10.0721,40858,89684991,429
40700000,2509882,25295205,10.0782,40877,89854565,407
40750000,2510402,25316142,10.0845,40901,90023391,408
40800000,2510974,25337113,10.0906,40930,90186956,431
40850000,2511556,25358077,10.0966,40953,90348482,423
40900000,2512168,25379161,10.1025,40977,90514530,444
40950000,2512740,25399895,10.1084,40997,90677466,420
41000000,2513347,25420906,10.1144,41017,90837637,422
41050000,2513920,25441854,10.1204,41041,91005155,461
41100000,2514499,25462900,10.1264,41058,91176066,387
41150000,2515091,25483559,10.1323,41083,91342912,433
41200000,2515636,25504564,10.1384,41107,91514387,411
41250000,2516239,25525444,10.1443,41127,91680137,406
41300000,2516779,25546188,10.1504,41150,91843648,418
41350000,2517381,25567074,10.1562,41175,92008749,442
41400000,2517950,25588006,10.1622,41200,92178253,403
41450000,2518534,25608834,10.1682,41228,92344639,435
41500000,2519117,25629604,10.174,41253,92512352,437
41550000,2519684,25650598,10.1801,41277,92683523,447
41600000,2520226,25671394,10.1861,41302,92857457,393
41650000,2520786,25692209,10.1921,41325,93022723,391
41700000,2521319,25713174,10.1983,41350,93188960,449
41750000,2521894,25733944,10.2042,41373,93355971,371
41800000,2522400,25754552,10.2103,41398,93525431,418
41850000,2522925,25775479,10.2165,41425,93692357,398
41900000,2523462,25796316,10.2226,41448,93862364,414
41950000,2524060,25817269,10.2285,41476,94030649,434
42000000,2524599,25837996,10.2345,41503,94198417,449
42050000,2525121,25858575,10.2405,41525,94362880,429
42100000,2525682,25879239,10.2464,41551,94536533,438
42150000,2526223,25899864,10.2524,41577,94703662,449
42200000,2526745,25920572,10.2585,41606,94873277,420
42250000,2527307,25941286,10.2644,41636,95045156,445
42300000,2527882,25961827,10.2702,41659,95214792,402
42350000,2528417,25982246,10.2761,41691,95385108,409
42400000,2528945,26002790,10.2821,41712,95549214,441
42450000,2529470,26023175,10.288,41743,95715837,399
42500000,2529988,26043640,10.294,41764,95874859,407
42550000,2530526,26064204,10.2999,41789,96045374,382
42600000,2531091,26084611,10.3057,41820,96211050,392
42650000,2531627,26105162,10.3116,41850,96375586,395
42700000,2532187,26125749,10.3175,41878,96547645,397
42750000,2532792,26146178,10.3231,41906,96714340,414
42800000,2533351,26166752,10.3289,41922,96880037,412
42850000,2533908,26187362,10.3348,41936,97045086,418
42900000,2534453,26207718,10.3406,41960,97212119,383
42950000,2534947,26228251,10.3467,41973,97383112,397
43000000,2535460,26248504,10.3526,41985,97559838,410
43050000,2535965,26268956,10.3586,42008,97731687,388
43100000,2536518,26289339,10.3643,42037,97894712,394
43150000,2537048,26309717,10.3702,42066,98058046,410
43200000,2537562,26330030,10.3761,42089,98225117,402
43250000,2538053,26350195,10.3821,42111,98394818,396
43300000,2538588,26370449,10.3878,42133,98565849,416
43350000,2539146,26390815,10.3936,42153,98733313,396
43400000,2539706,26411447,10.3994,42167,98902986,416
43450000,2540248,26431794,10.4052,42187,99071187,393
43500000,2540798,26451973,10.4109,42215,99239492,388
43550000,2541323,26472343,10.4168,42243,99409232,390
43600000,2541868,26492740,10.4225,42263,99580418,381
43650000,2542407,26512942,10.4283,42278,99750474,398
43700000,2542938,26533137,10.434000000000001,42297,99919350,393
43750000,2543491,26553448,10.4398,42319,100089512,407
43800000,2543972,26573377,10.4456,42339,100262726,405
43850000,2544501,26593214,10.4512,42357,100421297,412
43900000,2545005,26613360,10.4571,42377,100589667,395
43950000,2545510,26633316,10.4629,42398,100750955,399
44000000,2546039,26653520,10.4686,42416,100923101,389
44050000,2546591,26673814,10.4743,42447,101085539,416
44100000,2547076,26693867,10.4802,42465,101249186,395
44150000,2547562,26713890,10.4861,42485,101416282,400
44200000,2548120,26734079,10.4917,42514,101585753,398
44250000,2548618,26754087,10.4975,42538,101758434,415
44300000,2549112,26773968,10.5033,42563,101926197,402
44350000,2549625,26793857,10.5089,42590,102089017,403
44400000,2550111,26813963,10.5148,42618,102265256,383
44450000,2550647,26834030,10.5205,42640,102429563,392
44500000,2551151,26853963,10.5262,42661,102598021,391
44550000,2551635,26873903,10.532,42681,102766304,395
44600000,2552142,26893707,10.5377,42702,102934870,391
44650000,2552631,26913775,10.5435,42725,103103424,384
44700000,2553152,26933619,10.5492,42745,103271159,433
44750000,2553690,26953519,10.5547,42755,103437571,385
44800000,2554201,26973402,10.5604,42776,103612641,409
44850000,2554704,26993448,10.5662,42791,103786401,400
44900000,2555206,27013252,10.5718,42813,103957958,403
44950000,2555727,27032992,10.5774,42826,104131862,396
45000000,2556247,27052868,10.583,42851,104307883,415
45050000,2556742,27072624,10.5887,42868,104476388,415
45100000,2557241,27092494,10.5944,42894,104648944,403
45150000,2557739,27112313,10.6001,42916,104819797,389
45200000,2558249,27131960,10.6057,42940,104987733,412
45250000,2558744,27151867,10.6114,42979,105157886,368
45300000,2559196,27171829,10.6173,43000,105329576,381
45350000,2559661,27191523,10.6231,43023,105499271,407
45400000,2560134,27211466,10.6289,43041,105677735,399
45450000,2560627,27231370,10.6346,43063,105847176,400
45500000,2561125,27251207,10.6403,43080,106016313,394
45550000,2561594,27270860,10.6461,43099,106184533,400
45600000,2562091,27290511,10.6517,43126,106351860,386
45650000,2562583,27310233,10.6573,43152,106524976,387
45700000,2563074,27329949,10.663,43181,106691260,415
45750000,2563574,27349436,10.6685,43208,106854648,388
45800000,2564110,27369136,10.6739,43221,107027639,380
45850000,2564609,27388796,10.6795,43242,107204038,373
45900000,2565094,27408457,10.6852,43261,107371158,376
45950000,2565610,27428055,10.6907,43285,107538430,372
46000000,2566130,27447748,10.6962,43302,107715407,387
46050000,2566634,27467180,10.7016,43317,107881242,395
46100000,2567127,27486626,10.7072,43345,108050341,381
46150000,2567612,27506221,10.7128,43371,108217312,396
46200000,2568128,27525830,10.7182,43392,108389638,379
46250000,2568654,27545337,10.7236,43407,108556925,396
46300000,2569121,27564730,10.7292,43433,108727664,411
46350000,2569630,27584075,10.7346,43449,108894728,367
46400000,2570130,27603405,10.7401,43462,109066754,411
46450000,2570584,27622942,10.7458,43484,109240727,369
46500000,2571058,27642344,10.7513,43513,109405589,398
46550000,2571496,27661854,10.7571,43530,109576383,400
46600000,2571975,27681303,10.7627,43558,109742557,402
46650000,2572415,27700695,10.7684,43577,109912968,388
46700000,2572889,27719976,10.7739,43600,110085135,406
46750000,2573408,27739602,10.7793,43627,110254895,397
46800000,2573867,27758945,10.7849,43646,110426523,382
46850000,2574365,27778471,10.7904,43663,110597087,386
46900000,2574852,27797778,10.7959,43681,110761671,397
46950000,2575328,27817249,10.8014,43692,110932825,380
47000000,2575774,27836556,10.8071,43716,111109443,388
47050000,2576262,27855835,10.8125,43736,111276197,395
47100000,2576728,27875123,10.818,43752,111443837,410
47150000,2577196,27894482,10.8236,43775,111615397,394
47200000,2577615,27913740,10.8293,43790,111788961,376
47250000,2578103,27933152,10.8348,43806,111963274,394
47300000,2578563,27952356,10.8403,43824,112133450,397
47350000,2579019,27971617,10.8458,43847,112302905,380
47400000,2579472,27990854,10.8514,43871,112474908,382
47450000,2579937,28009956,10.8568,43892,112645131,390
47500000,2580418,28029359,10.8623,43908,112825301,391
47550000,2580904,28048486,10.8677,43923,112992433,386
47600000,2581380,28067658,10.8731,43937,113169994,360
47650000,2581863,28086899,10.8785,43958,113352082,382
47700000,2582339,28106150,10.884,43981,113523006,400
47750000,2582801,28125372,10.8895,43997,113687009,404
47800000,2583262,28144543,10.895,44028,113854342,375
47850000,2583703,28163520,10.9004,44048,114017936,400
47900000,2584145,28182685,10.905999999999999,44063,114199138,367
