timestep,num_nodes,num_edges,average_degree,max_degree,num_triangles,new_edges
0,1952,1000,0.512295,4,0,1000
50000,70997,50940,0.717495,133,16,998
100000,122377,100742,0.82321,280,108,994
150000,165982,150433,0.9063209999999999,417,352,992
200000,204736,199992,0.9768290000000001,550,764,993
250000,239515,249396,1.04125,709,1343,992
300000,271649,298735,1.09971,849,2244,991
350000,301365,347933,1.15452,986,3241,979
400000,329392,397042,1.20538,1104,4517,976
450000,355531,446002,1.25447,1229,6165,979
500000,380507,494868,1.30055,1350,7824,973
550000,404248,543634,1.3448,1465,9824,985
600000,426995,592324,1.38719,1594,12176,970
650000,448935,640870,1.42753,1714,14925,964
700000,469585,689272,1.46783,1845,18085,973
750000,489929,737638,1.5056,1972,21651,973
800000,509388,785959,1.54295,2079,25184,968
850000,528228,834115,1.5790799999999998,2208,29447,968
900000,546353,882191,1.61469,2337,34028,960
950000,563881,930142,1.6495400000000002,2471,38961,956
1000000,581254,977986,1.6825400000000001,2589,44251,942
1050000,597720,1025747,1.7161,2717,49943,948
1100000,614119,1073410,1.7478900000000002,2823,55782,949
1150000,629530,1120901,1.7805400000000002,2949,62120,956
1200000,644903,1168385,1.81172,3070,68548,950
1250000,659917,1215780,1.8423200000000002,3200,75571,944
1300000,674462,1262967,1.87255,3318,83399,937
1350000,688661,1310104,1.9023900000000002,3432,91107,945
1400000,702642,1357289,1.9316900000000001,3549,98987,944
1450000,716220,1404257,1.96065,3669,108308,946
1500000,729592,1451230,1.9891,3780,117409,934
1550000,742684,1498047,2.01707,3888,127673,954
1600000,755537,1544903,2.04477,3998,137988,940
1650000,768172,1591609,2.07194,4109,148763,934
1700000,780417,1638179,2.09911,4231,159328,940
1750000,792328,1684707,2.12627,4333,170646,936
1800000,804111,1731121,2.1528400000000003,4449,181955,920
1850000,815765,1777494,2.17893,4544,194415,933
1900000,827214,1823757,2.2047,4648,207067,924
1950000,838353,1869861,2.2304,4749,221035,928
2000000,849335,1916016,2.2559,4848,234691,915
2050000,860323,1962095,2.28065,4955,248284,937
2100000,870992,2008117,2.30555,5053,263186,909
2150000,881471,2053958,2.33015,5146,278229,916
2200000,891749,2099767,2.35466,5244,293673,917
2250000,901850,2145404,2.37889,5347,308817,892
2300000,911976,2190957,2.40243,5460,324689,921
2350000,921800,2236495,2.42623,5569,341588,888
2400000,931682,2281874,2.4492,5672,358870,913
2450000,941191,2327201,2.47261,5768,376579,914
2500000,950786,2372526,2.49533,5866,394463,898
2550000,960096,2417686,2.51817,5960,412803,913
2600000,969351,2462893,2.5407599999999997,6053,431377,904
2650000,978467,2507966,2.56316,6143,450631,891
2700000,987353,2552982,2.58568,6241,470763,905
2750000,996294,2597906,2.60757,6344,490738,885
2800000,1005183,2642711,2.62908,6453,511447,898
2850000,1013759,2687359,2.65089,6553,531804,911
2900000,1022355,2732153,2.6724099999999997,6649,553150,890
2950000,1030799,2776772,2.69381,6736,575243,886
3000000,1039197,2821278,2.71486,6824,596937,888
3050000,1047444,2865813,2.73601,6917,619430,872
3100000,1055421,2910216,2.7574,7011,643614,884
3150000,1063520,2954628,2.7781599999999997,7111,667332,887
3200000,1071294,2998933,2.79936,7198,690775,900
3250000,1079112,3043170,2.82007,7297,716646,877
3300000,1086799,3087231,2.8406599999999997,7383,741491,869
3350000,1094474,3131255,2.86097,7489,767839,880
3400000,1102192,3175220,2.88082,7591,793167,869
3450000,1109836,3219117,2.90053,7693,819289,888
3500000,1117198,3262991,2.92069,7781,846352,874
3550000,1124530,3306860,2.94066,7887,873199,873
3600000,1131727,3350624,2.96063,7975,901055,874
3650000,1138819,3394260,2.9805099999999998,8057,929128,863
3700000,1145871,3437950,3.00029,8144,956809,860
3750000,1152910,3481403,3.01967,8238,985890,865
3800000,1159887,3524846,3.03896,8328,1015352,855
3850000,1166770,3568189,3.05818,8412,1044716,866
3900000,1173478,3611472,3.0775799999999998,8505,1075050,865
3950000,1180292,3654742,3.09647,8584,1105693,862
4000000,1187033,3697801,3.11516,8678,1136329,858
4050000,1193685,3740919,3.1339200000000003,8769,1168220,860
4100000,1200331,3783955,3.15243,8855,1200413,866
4150000,1206856,3826886,3.17095,8945,1231969,861
4200000,1213358,3869867,3.18939,9029,1266065,860
4250000,1219906,3912656,3.2073400000000003,9101,1299521,860
4300000,1226255,3955293,3.22551,9208,1334005,877
4350000,1232553,3998127,3.24378,9298,1368699,872
4400000,1238659,4040681,3.26214,9378,1402452,872
4450000,1244683,4083239,3.28055,9455,1436213,848
4500000,1250781,4125721,3.29852,9539,1471276,846
4550000,1256866,4167983,3.3161699999999996,9614,1506514,872
4600000,1262808,4210393,3.33415,9697,1541883,845
4650000,1268727,4252763,3.3519900000000002,9773,1578007,873
4700000,1274603,4294977,3.3696599999999997,9853,1615731,858
4750000,1280516,4337172,3.38705,9944,1653583,837
4800000,1286329,4379089,3.4043300000000003,10021,1691091,849
4850000,1292099,4421269,3.4217699999999995,10093,1729888,853
4900000,1297947,4463180,3.43865,10163,1768380,842
4950000,1303528,4505131,3.45611,10267,1808689,859
5000000,1309181,4546861,3.47306,10348,1848712,820
5050000,1314855,4588613,3.48982,10440,1888259,840
5100000,1320285,4630297,3.50704,10522,1928621,847
5150000,1325841,4672097,3.5238699999999996,10603,1967782,843
5200000,1331238,4713701,3.54084,10686,2007400,836
5250000,1336703,4755319,3.5575,10759,2047732,843
5300000,1342029,4796823,3.5743099999999997,10830,2089304,811
5350000,1347363,4838277,3.5909199999999997,10929,2132427,823
5400000,1352647,4879565,3.60742,11010,2174507,814
5450000,1357829,4920936,3.6241199999999996,11095,2216513,827
5500000,1362949,4962135,3.6407300000000005,11190,2258986,827
5550000,1368175,5003359,3.6569599999999998,11286,2303022,816
5600000,1373332,5044528,3.6732,11372,2347475,830
5650000,1378372,5085627,3.68959,11455,2392462,819
5700000,1383318,5126533,3.7059699999999998,11533,2435475,836
5750000,1388316,5167463,3.72211,11606,2481239,821
5800000,1393381,5208419,3.73797,11672,2527175,838
5850000,1398223,5249292,3.75426,11763,2573358,812
5900000,1403082,5290049,3.77031,11853,2619686,801
5950000,1408023,5330881,3.78608,11936,2667905,804
6000000,1412843,5371539,3.80194,12015,2714608,813
6050000,1417595,5412061,3.8177800000000004,12098,2763339,803
6100000,1422436,5452735,3.8333800000000005,12180,2809938,810
6150000,1427075,5493080,3.84919,12247,2856858,797
6200000,1431587,5533495,3.8652900000000003,12338,2904178,835
6250000,1436326,5573761,3.8805699999999996,12418,2951810,815
6300000,1440981,5614069,3.8960000000000004,12507,3001293,802
6350000,1445523,5654363,3.9116400000000002,12583,3051869,810
6400000,1450136,5694695,3.9270099999999997,12658,3103267,795
6450000,1454746,5734710,3.9420699999999997,12730,3153330,812
6500000,1459267,5774946,3.9574300000000004,12787,3204671,799
6550000,1463537,5814793,3.9731099999999997,12861,3256435,796
6600000,1468067,5854732,3.98806,12941,3309470,800
6650000,1472587,5894723,4.0029699999999995,13012,3361960,818
6700000,1476943,5934570,4.01814,13075,3415220,816
6750000,1481368,5974514,4.03311,13150,3468555,804
6800000,1485726,6014338,4.048080000000001,13228,3522148,805
6850000,1489918,6053943,4.063269999999999,13304,3574824,797
6900000,1494116,6093398,4.07826,13371,3630971,795
6950000,1498306,6132935,4.09325,13439,3686915,779
7000000,1502531,6172435,4.10803,13529,3740540,807
7050000,1506723,6211875,4.12277,13590,3796844,795
7100000,1510855,6251221,4.13754,13657,3853445,766
7150000,1515025,6290559,4.15212,13728,3908155,794
7200000,1519252,6329862,4.16643,13814,3962434,763
7250000,1523230,6368984,4.18124,13905,4019342,788
7300000,1527290,6408150,4.1957699999999996,13984,4075989,770
7350000,1531368,6447228,4.21011,14057,4133882,801
7400000,1535299,6486422,4.22486,14131,4190853,785
7450000,1539341,6525426,4.2391,14218,4251863,777
7500000,1543358,6564454,4.25336,14288,4309579,780
7550000,1547274,6603454,4.2678,14344,4367708,798
7600000,1551179,6642266,4.2820800000000006,14421,4424890,765
7650000,1555052,6681234,4.296469999999999,14480,4484759,784
7700000,1558919,6719911,4.31062,14555,4543897,765
7750000,1562686,6758651,4.325019999999999,14612,4605004,778
7800000,1566636,6797368,4.338830000000001,14696,4666960,776
7850000,1570475,6835963,4.3528,14767,4728321,768
7900000,1574257,6874666,4.36693,14830,4789926,781
7950000,1578016,6913250,4.38098,14888,4851545,786
8000000,1581689,6951801,4.39518,14960,4912562,793
8050000,1585462,6990407,4.40907,15025,4975897,785
8100000,1589150,7028673,4.42291,15089,5038814,781
8150000,1592936,7067197,4.43659,15154,5102570,783
8200000,1596558,7105553,4.45054,15221,5164346,760
8250000,1600242,7143793,4.4642,15290,5228151,792
8300000,1603889,7181982,4.47785,15358,5293014,764
8350000,1607611,7220038,4.49116,15416,5356960,761
8400000,1611182,7258139,4.50485,15486,5421430,760
8450000,1614768,7296137,4.5183800000000005,15565,5486910,754
8500000,1618288,7334115,4.532019999999999,15629,5549692,761
8550000,1621623,7372220,4.5462,15704,5616621,754
8600000,1625222,7410159,4.55947,15767,5682500,755
8650000,1628711,7447960,4.57292,15833,5748316,731
8700000,1632158,7485797,4.5864400000000005,15891,5814496,764
8750000,1635698,7523640,4.59965,15954,5882188,757
8800000,1639042,7561302,4.61324,16030,5952342,772
8850000,1642458,7598825,4.6265,16103,6018977,747
8900000,1645806,7636455,4.63995,16168,6089112,772
8950000,1649156,7673918,4.65324,16232,6157481,757
9000000,1652456,7711637,4.66677,16304,6224609,754
9050000,1655710,7749311,4.68036,16368,6294966,755
9100000,1659054,7786702,4.69346,16426,6365540,752
9150000,1662322,7823933,4.7066300000000005,16478,6433554,748
9200000,1665566,7861426,4.71997,16559,6503871,763
9250000,1668850,7898781,4.73307,16631,6573929,742
9300000,1672227,7936191,4.7458800000000005,16694,6644766,734
9350000,1675387,7973285,4.7590699999999995,16753,6718973,741
9400000,1678576,8010584,4.77225,16821,6792979,746
9450000,1681821,8047684,4.7851,16887,6865181,741
9500000,1685015,8084565,4.7979199999999995,16967,6938776,729
9550000,1688142,8121713,4.81104,17037,7011385,738
9600000,1691280,8158846,4.82407,17103,7085538,765
9650000,1694444,8195755,4.8368400000000005,17165,7159749,758
9700000,1697577,8232793,4.84973,17228,7234318,741
9750000,1700504,8269571,4.86301,17302,7311247,737
9800000,1703634,8306372,4.87568,17365,7384765,734
9850000,1706655,8342934,4.88847,17438,7458413,741
9900000,1709783,8379815,4.9011,17497,7533815,713
9950000,1712880,8416368,4.9135800000000005,17563,7609448,755
10000000,1715954,8452853,4.92604,17620,7682793,724
10050000,1718981,8489353,4.9386,17681,7757808,724
10100000,1722120,8525754,4.95073,17744,7831121,745
10150000,1725212,8562219,4.963,17800,7906942,731
10200000,1728204,8598706,4.9755199999999995,17859,7984655,735
10250000,1731158,8634987,4.98798,17904,8063319,731
10300000,1734159,8671526,5.00042,17971,8142267,747
10350000,1736982,8707955,5.0132699999999994,18022,8220336,721
10400000,1739941,8744193,5.02557,18073,8296890,733
10450000,1742783,8780406,5.03815,18134,8372698,711
10500000,1745606,8816325,5.05058,18195,8451474,709
10550000,1748467,8852473,5.06299,18267,8529962,713
10600000,1751290,8888511,5.07541,18335,8610918,715
10650000,1754152,8924486,5.08764,18384,8687813,678
10700000,1756881,8960546,5.10026,18445,8768951,708
10750000,1759651,8996453,5.11263,18524,8848526,740
10800000,1762389,9032345,5.1250599999999995,18588,8928668,707
10850000,1765193,9068123,5.13718,18653,9012372,714
10900000,1767998,9103895,5.14927,18721,9091593,706
10950000,1770730,9139649,5.16151,18776,9173318,713
11000000,1773458,9175388,5.17373,18845,9254972,714
11050000,1776261,9211082,5.1856599999999995,18895,9336316,726
11100000,1778923,9246645,5.19789,18966,9416231,717
11150000,1781613,9282238,5.21002,19031,9498453,718
11200000,1784265,9317741,5.222169999999999,19090,9580576,707
11250000,1786990,9353164,5.234030000000001,19146,9664222,712
11300000,1789734,9388793,5.24592,19205,9746835,710
11350000,1792443,9424107,5.25769,19265,9834414,700
11400000,1795102,9459412,5.26957,19336,9917791,702
11450000,1797799,9494900,5.2814,19388,10002010,711
11500000,1800523,9530196,5.293019999999999,19441,10084765,711
11550000,1803118,9565521,5.30499,19496,10168967,711
11600000,1805816,9600740,5.31657,19556,10254730,743
11650000,1808402,9636028,5.32848,19608,10340225,716
11700000,1811039,9671140,5.34011,19659,10427400,699
11750000,1813607,9706119,5.3518300000000005,19723,10514411,723
11800000,1816145,9741148,5.36364,19781,10600163,709
11850000,1818709,9776155,5.37533,19838,10686898,676
11900000,1821218,9811185,5.38716,19903,10770487,709
11950000,1823828,9846190,5.39864,19968,10857858,696
12000000,1826380,9881156,5.41024,20028,10945210,685
12050000,1828886,9915862,5.4218,20088,11032300,696
12100000,1831355,9950633,5.43348,20134,11119845,705
12150000,1833817,9985567,5.44524,20189,11205060,684
12200000,1836361,10020267,5.45659,20227,11292094,690
12250000,1838876,10055132,5.46809,20291,11381259,705
12300000,1841365,10089883,5.47957,20334,11470755,690
12350000,1843720,10124373,5.49127,20387,11563364,703
12400000,1846166,10158962,5.502730000000001,20444,11653994,726
12450000,1848605,10193478,5.51415,20497,11739961,701
12500000,1851017,10228056,5.52564,20555,11829735,690
12550000,1853528,10262556,5.53677,20616,11919472,701
12600000,1855947,10296947,5.548080000000001,20679,12010653,677
12650000,1858346,10331298,5.5594,20736,12104723,700
12700000,1860744,10365588,5.57067,20796,12195509,692
12750000,1863068,10400020,5.5822,20850,12286218,681
12800000,1865408,10434243,5.59354,20900,12378037,695
12850000,1867736,10468451,5.60489,20960,12469462,684
12900000,1870035,10502595,5.61626,21007,12562170,658
12950000,1872392,10536839,5.62747,21057,12657123,690
13000000,1874776,10570812,5.63844,21098,12751911,679
13050000,1877144,10605002,5.64954,21151,12843730,666
13100000,1879431,10639221,5.66087,21201,12942706,679
13150000,1881770,10673197,5.67189,21262,13033978,699
13200000,1883985,10707085,5.68321,21322,13124395,700
13250000,1886347,10741043,5.6941,21374,13217915,665
13300000,1888699,10775050,5.70501,21422,13312594,681
13350000,1890981,10808757,5.71595,21480,13408386,671
13400000,1893194,10842465,5.72708,21541,13503936,679
13450000,1895490,10876332,5.73801,21601,13597858,670
13500000,1897803,10910160,5.74884,21657,13693746,650
13550000,1900021,10943777,5.7598199999999995,21713,13791957,662
13600000,1902177,10977399,5.770969999999999,21768,13885384,660
13650000,1904383,11010975,5.78191,21826,13983015,666
13700000,1906713,11044647,5.79251,21873,14080816,683
13750000,1908887,11078240,5.80351,21942,14177915,681
13800000,1911040,11111841,5.81455,22003,14278813,671
13850000,1913228,11145225,5.82535,22054,14381077,646
13900000,1915453,11178753,5.83609,22108,14478058,665
13950000,1917634,11212276,5.84693,22159,14574811,679
14000000,1919820,11245604,5.85763,22219,14668200,683
14050000,1921981,11279008,5.86843,22277,14767927,661
14100000,1924113,11312532,5.87935,22340,14868638,675
14150000,1926250,11345847,5.89012,22381,14970496,672
14200000,1928445,11379227,5.90073,22429,15071931,674
14250000,1930550,11412278,5.91141,22476,15172227,663
14300000,1932695,11445327,5.92195,22523,15270260,653
14350000,1934827,11478389,5.93251,22572,15370741,676
14400000,1936918,11511450,5.94318,22619,15469090,647
14450000,1938954,11544457,5.9539599999999995,22677,15568765,685
14500000,1940979,11577507,5.96478,22735,15669716,671
14550000,1943057,11610418,5.97534,22779,15768500,651
14600000,1945080,11643259,5.98601,22836,15869835,654
14650000,1947142,11676151,5.99656,22888,15969759,636
14700000,1949191,11708912,6.00706,22943,16072476,664
14750000,1951294,11741732,6.01741,22996,16175480,658
14800000,1953379,11774577,6.0278,23052,16275394,644
14850000,1955447,11807353,6.03819,23107,16375993,652
14900000,1957490,11840214,6.0486699999999995,23157,16478706,646
14950000,1959471,11872841,6.05921,23209,16582391,635
15000000,1961436,11905458,6.06977,23267,16687427,635
15050000,1963399,11937973,6.08026,23313,16793592,655
15100000,1965363,11970703,6.09084,23368,16892749,642
15150000,1967352,12003198,6.10119,23427,16996654,669
15200000,1969316,12035825,6.111680000000001,23471,17100291,655
15250000,1971279,12068422,6.12213,23516,17208080,623
15300000,1973219,12100885,6.13256,23569,17312775,644
15350000,1975133,12133323,6.14304,23615,17417604,693
15400000,1977082,12165627,6.15332,23656,17519099,662
15450000,1979023,12198082,6.16369,23687,17620267,639
15500000,1980948,12230333,6.17398,23739,17726679,677
15550000,1982838,12262658,6.1844,23784,17831310,675
15600000,1984822,12295060,6.19454,23838,17938817,629
15650000,1986663,12327103,6.20493,23888,18042598,607
15700000,1988521,12359341,6.21534,23935,18148028,644
15750000,1990415,12391496,6.22558,23983,18251642,653
15800000,1992328,12423724,6.23578,24024,18363198,628
15850000,1994189,12455833,6.24606,24081,18465690,629
15900000,1996053,12488182,6.2564400000000004,24137,18576151,604
15950000,1997936,12520259,6.2666,24189,18681577,626
16000000,1999794,12552097,6.27669,24242,18788465,635
16050000,2001552,12583973,6.28711,24286,18896728,647
16100000,2003379,12615866,6.29729,24331,19010820,626
16150000,2005236,12647626,6.3073,24374,19118288,658
16200000,2007081,12679552,6.31741,24423,19227725,627
16250000,2008879,12711458,6.32764,24466,19336545,641
16300000,2010692,12743396,6.33782,24508,19447124,638
16350000,2012502,12775066,6.34785,24569,19556019,619
16400000,2014281,12806916,6.35806,24624,19668413,621
16450000,2016110,12838702,6.36806,24670,19777519,640
16500000,2017923,12870396,6.37804,24708,19887112,629
16550000,2019773,12902012,6.38785,24754,19998309,611
16600000,2021576,12933769,6.39786,24805,20107610,613
16650000,2023301,12965274,6.40798,24856,20215713,633
16700000,2025111,12996855,6.41785,24893,20324653,615
16750000,2026829,13028404,6.427969999999999,24935,20436653,623
16800000,2028587,13059707,6.43783,24984,20548068,607
16850000,2030389,13091005,6.44754,25037,20658793,640
16900000,2032175,13122491,6.4573599999999995,25094,20770306,625
16950000,2033984,13153842,6.46703,25139,20880398,614
17000000,2035774,13185175,6.47674,25182,20993536,626
17050000,2037493,13216428,6.48661,25214,21105687,621
17100000,2039180,13247541,6.4965,25249,21216650,625
17150000,2040883,13278727,6.50636,25295,21329207,604
17200000,2042640,13309979,6.51607,25342,21441606,624
17250000,2044327,13341035,6.52588,25381,21552779,630
17300000,2046008,13372158,6.53573,25425,21666180,628
17350000,2047694,13403313,6.54556,25470,21778805,615
17400000,2049376,13434452,6.555389999999999,25521,21897225,616
17450000,2051025,13465433,6.56522,25571,22010201,616
17500000,2052676,13496313,6.57498,25634,22120594,636
17550000,2054327,13527294,6.58478,25680,22235707,630
17600000,2056023,13558239,6.5944,25725,22353741,616
17650000,2057702,13589129,6.604030000000001,25767,22467817,603
17700000,2059369,13619884,6.61362,25807,22581326,601
17750000,2061068,13650756,6.62315,25862,22693595,600
17800000,2062627,13681619,6.6331,25921,22806306,599
17850000,2064286,13712400,6.64268,25961,22921277,618
17900000,2065936,13743201,6.65229,25994,23035121,614
17950000,2067651,13773930,6.661630000000001,26036,23149958,606
18000000,2069297,13804759,6.67123,26062,23267263,621
18050000,2070915,13835422,6.68083,26114,23383258,632
18100000,2072539,13866253,6.6904699999999995,26144,23499225,602
18150000,2074178,13896892,6.69995,26189,23614131,635
18200000,2075878,13927356,6.70914,26229,23728271,616
18250000,2077504,13957668,6.7184800000000005,26280,23843126,613
18300000,2079128,13988122,6.72788,26332,23959331,632
18350000,2080752,14018686,6.7373199999999995,26382,24071993,612
18400000,2082353,14049055,6.74672,26430,24189177,625
18450000,2083975,14079639,6.75615,26471,24307278,623
18500000,2085580,14109953,6.76548,26527,24423293,630
18550000,2087094,14140512,6.77522,26565,24541422,597
18600000,2088598,14170943,6.784910000000001,26615,24657814,587
18650000,2090175,14201084,6.7942100000000005,26665,24776974,596
18700000,2091708,14231408,6.803730000000001,26706,24893080,593
18750000,2093341,14261641,6.812860000000001,26759,25010885,590
18800000,2094904,14291898,6.82222,26797,25129066,608
18850000,2096529,14322138,6.831360000000001,26856,25251442,603
18900000,2098175,14352458,6.84045,26901,25374818,618
18950000,2099675,14382669,6.84995,26943,25494069,622
19000000,2101160,14412649,6.859380000000001,26984,25610424,576
19050000,2102837,14442684,6.868189999999999,27023,25727762,631
19100000,2104379,14472695,6.87742,27065,25850027,596
19150000,2105883,14502662,6.88674,27103,25972972,602
19200000,2107306,14532602,6.89629,27151,26095970,618
19250000,2108833,14562361,6.905410000000001,27186,26215675,613
19300000,2110388,14592331,6.91453,27222,26335514,573
19350000,2111857,14622201,6.92386,27260,26458770,602
19400000,2113375,14652123,6.933039999999999,27305,26581122,593
19450000,2114877,14682000,6.94225,27346,26704833,619
19500000,2116351,14711871,6.95153,27387,26827169,632
19550000,2117798,14741621,6.96082,27443,26948446,616
19600000,2119350,14771357,6.969760000000001,27490,27074222,623
19650000,2120845,14801091,6.97887,27539,27193919,593
19700000,2122290,14830719,6.98807,27583,27315653,588
19750000,2123712,14860438,6.997389999999999,27616,27439531,599
19800000,2125205,14890082,7.006419999999999,27660,27561511,595
19850000,2126627,14919587,7.015610000000001,27704,27685997,586
19900000,2128026,14949102,7.02487,27747,27808383,600
19950000,2129518,14978884,7.033930000000001,27797,27932973,588
20000000,2131066,15008556,7.04275,27838,28057270,560
20050000,2132498,15038028,7.051839999999999,27879,28180052,586
20100000,2133949,15067526,7.0608699999999995,27927,28304240,565
20150000,2135422,15096843,7.069719999999999,27971,28427165,578
20200000,2136857,15126147,7.078689999999999,28012,28551131,566
20250000,2138354,15155539,7.08748,28052,28675979,573
20300000,2139748,15184850,7.09656,28099,28803445,565
20350000,2141182,15214052,7.10545,28142,28928097,589
20400000,2142547,15243418,7.1146199999999995,28184,29051212,576
20450000,2143952,15272590,7.12357,28222,29176718,584
20500000,2145422,15301687,7.13225,28262,29302367,572
20550000,2146828,15330728,7.14111,28299,29427337,572
20600000,2148208,15360083,7.150180000000001,28339,29548068,585
20650000,2149632,15389147,7.15897,28382,29675341,592
20700000,2151052,15418293,7.167789999999999,28438,29799890,570
20750000,2152412,15447569,7.1768600000000005,28481,29929979,591
20800000,2153779,15476747,7.185860000000001,28511,30058625,577
20850000,2155173,15505730,7.194660000000001,28545,30185397,602
20900000,2156582,15534968,7.2035100000000005,28601,30317243,589
20950000,2157928,15563941,7.21245,28647,30443679,565
21000000,2159293,15592846,7.22127,28685,30566727,560
21050000,2160694,15621706,7.22995,28719,30696043,566
21100000,2162073,15650659,7.23873,28771,30824441,579
21150000,2163426,15679390,7.24748,28813,30952156,599
21200000,2164723,15708340,7.2565100000000005,28846,31079263,561
21250000,2166107,15737371,7.265280000000001,28893,31211197,582
21300000,2167435,15766344,7.274189999999999,28934,31338231,555
21350000,2168787,15795053,7.2829,28988,31463640,565
21400000,2170191,15823710,7.29139,29030,31588948,588
21450000,2171510,15852244,7.3001,29070,31717340,585
21500000,2172864,15880935,7.30876,29109,31845906,544
21550000,2174193,15909504,7.31743,29145,31971575,575
21600000,2175522,15937996,7.326060000000001,29187,32098266,562
21650000,2176887,15966533,7.334569999999999,29231,32228172,579
21700000,2178174,15995172,7.343389999999999,29284,32358283,571
21750000,2179504,16023852,7.352060000000001,29312,32489724,554
21800000,2180825,16052357,7.36068,29355,32612211,556
21850000,2182165,16080780,7.36919,29385,32743930,583
21900000,2183450,16109140,7.377839999999999,29419,32872763,593
21950000,2184816,16137701,7.3863,29451,33004245,555
22000000,2186103,16166027,7.39491,29492,33133531,579
22050000,2187374,16194377,7.403569999999999,29533,33269280,548
22100000,2188651,16222833,7.41225,29576,33401785,554
22150000,2189920,16251112,7.42087,29618,33528178,545
22200000,2191230,16279512,7.42939,29648,33659992,571
22250000,2192517,16307886,7.43797,29688,33786743,593
22300000,2193822,16336346,7.44652,29747,33921405,581
22350000,2195087,16364438,7.455030000000001,29782,34051797,566
22400000,2196311,16392908,7.463839999999999,29826,34187657,567
22450000,2197511,16421310,7.472689999999999,29880,34326350,577
22500000,2198808,16449418,7.48106,29921,34456955,557
22550000,2200070,16477638,7.4896,29974,34589685,579
22600000,2201354,16505428,7.49785,30018,34719875,563
22650000,2202614,16533571,7.50634,30051,34851069,561
22700000,2203936,16561728,7.51461,30092,34986653,595
22750000,2205170,16589691,7.52309,30128,35117683,554
22800000,2206395,16617845,7.53167,30167,35252687,562
22850000,2207610,16645749,7.54017,30206,35390423,548
22900000,2208833,16673625,7.548610000000001,30243,35525632,577
22950000,2210016,16701531,7.5572,30279,35661206,543
23000000,2211208,16729367,7.56571,30302,35796741,584
23050000,2212471,16757297,7.57402,30340,35931504,590
23100000,2213725,16785162,7.582319999999999,30378,36062524,559
23150000,2214971,16812779,7.59052,30429,36197449,567
23200000,2216208,16840526,7.5988,30461,36333678,552
23250000,2217497,16868258,7.606889999999999,30498,36463856,570
23300000,2218695,16896074,7.61532,30546,36600097,556
23350000,2219917,16923725,7.6235800000000005,30572,36733801,534
23400000,2221211,16951546,7.63167,30604,36872389,527
23450000,2222388,16979271,7.6401,30644,37008533,568
23500000,2223631,17006856,7.6482399999999995,30685,37142818,544
23550000,2224837,17034569,7.65655,30721,37276285,552
23600000,2226003,17062262,7.66498,30769,37407635,543
23650000,2227202,17089886,7.67325,30801,37548027,560
23700000,2228324,17117177,7.68164,30843,37679390,557
23750000,2229493,17144707,7.689960000000001,30880,37810958,555
23800000,2230676,17172379,7.6982800000000005,30921,37944410,560
23850000,2231814,17199741,7.70662,30963,38077342,528
23900000,2232979,17227319,7.71495,30994,38211453,558
23950000,2234156,17254777,7.72317,31025,38346724,519
24000000,2235331,17282155,7.7313600000000005,31062,38484582,560
24050000,2236471,17309607,7.7397,31105,38620216,558
24100000,2237660,17336945,7.7478,31140,38760219,545
24150000,2238847,17364264,7.7559,31179,38901135,543
24200000,2240055,17391509,7.76388,31221,39038407,528
24250000,2241232,17418878,7.772010000000001,31258,39181234,511
24300000,2242388,17446085,7.780139999999999,31294,39316355,543
24350000,2243542,17473395,7.788310000000001,31337,39458766,546
24400000,2244674,17500544,7.796469999999999,31378,39601112,540
24450000,2245850,17527815,7.804539999999999,31429,39740989,545
24500000,2247020,17554869,7.8125100000000005,31472,39880940,538
24550000,2248202,17581812,7.82039,31504,40018974,547
24600000,2249331,17608913,7.8285100000000005,31543,40155952,546
24650000,2250370,17635892,7.8368899999999995,31574,40295343,558
24700000,2251509,17662869,7.8449,31609,40429178,535
24750000,2252720,17689911,7.852689999999999,31629,40565392,552
24800000,2253758,17716816,7.86101,31662,40703102,551
24850000,2254906,17743875,7.86901,31692,40841133,526
24900000,2255971,17770824,7.87724,31732,40980254,526
24950000,2257041,17797853,7.88548,31771,41118742,537
25000000,2258168,17824720,7.893439999999999,31802,41257405,562
25050000,2259278,17851618,7.90147,31839,41396951,541
25100000,2260360,17878487,7.90958,31868,41534586,483
25150000,2261448,17905546,7.917739999999999,31902,41670154,546
25200000,2262552,17932490,7.9257800000000005,31931,41811438,548
25250000,2263704,17959198,7.93355,31960,41957195,519
25300000,2264789,17986029,7.94159,31994,42097822,531
25350000,2265914,18012780,7.94945,32043,42240639,529
25400000,2266988,18039449,7.95745,32078,42380306,522
25450000,2268082,18066274,7.965439999999999,32110,42522837,514
25500000,2269080,18093018,7.97372,32154,42663631,510
25550000,2270242,18119778,7.9814300000000005,32187,42802744,549
25600000,2271351,18146713,7.989389999999999,32224,42949029,528
25650000,2272441,18173270,7.99725,32251,43088724,539
25700000,2273522,18199904,8.00516,32288,43228761,522
25750000,2274565,18226366,8.013119999999999,32311,43366522,545
25800000,2275599,18252784,8.02109,32339,43508369,518
25850000,2276641,18279375,8.0291,32373,43650689,544
25900000,2277687,18306029,8.03711,32390,43789694,538
25950000,2278750,18332484,8.04497,32424,43928790,511
26000000,2279817,18359072,8.05287,32458,44071284,532
26050000,2280843,18385448,8.06081,32487,44211442,523
26100000,2281886,18411917,8.06873,32516,44354729,544
26150000,2282922,18438216,8.07659,32543,44494564,526
26200000,2283918,18464607,8.08462,32567,44635622,496
26250000,2284979,18491089,8.09245,32605,44777134,541
26300000,2285995,18517281,8.10032,32645,44913714,521
26350000,2287069,18543590,8.10802,32680,45055608,513
26400000,2288104,18569839,8.11582,32715,45201862,512
26450000,2289176,18596232,8.12355,32743,45348231,501
26500000,2290219,18622379,8.131269999999999,32779,45492364,571
26550000,2291214,18648520,8.13914,32802,45635041,505
26600000,2292227,18674896,8.14705,32841,45779520,535
26650000,2293350,18701225,8.154539999999999,32881,45923177,544
26700000,2294383,18727464,8.16231,32917,46072848,515
26750000,2295441,18753572,8.16992,32951,46213411,502
26800000,2296449,18779596,8.177669999999999,32982,46357724,506
26850000,2297450,18805673,8.18545,33014,46505305,526
26900000,2298528,18831627,8.192910000000001,33047,46652269,526
26950000,2299621,18857668,8.200339999999999,33084,46792509,516
27000000,2300662,18883575,8.207889999999999,33115,46929250,502
27050000,2301623,18909692,8.215810000000001,33149,47077937,535
27100000,2302606,18935749,8.22362,33177,47218867,522
27150000,2303574,18961710,8.23143,33211,47366594,492
27200000,2304586,18987754,8.23912,33239,47509709,499
27250000,2305623,19013607,8.24662,33269,47656351,497
27300000,2306601,19039451,8.25433,33299,47795963,507
27350000,2307636,19065238,8.2618,33330,47935658,516
27400000,2308637,19091080,8.26942,33365,48080895,525
27450000,2309642,19116877,8.27699,33390,48228852,549
27500000,2310621,19142648,8.28463,33417,48372658,539
27550000,2311538,19168373,8.29248,33444,48518057,497
27600000,2312479,19194141,8.300239999999999,33479,48660929,512
27650000,2313443,19220062,8.30799,33517,48805358,527
27700000,2314417,19245661,8.31555,33560,48946709,508
27750000,2315388,19271353,8.323160000000001,33602,49096652,540
27800000,2316344,19297003,8.3308,33631,49240696,523
27850000,2317280,19322715,8.33853,33660,49391950,520
27900000,2318274,19348263,8.34598,33690,49537755,524
27950000,2319198,19373858,8.35369,33717,49680824,507
28000000,2320204,19399398,8.36107,33754,49824787,480
28050000,2321148,19424967,8.368689999999999,33783,49973171,503
28100000,2322073,19450385,8.3763,33820,50120807,526
28150000,2322973,19475868,8.384030000000001,33857,50267674,503
28200000,2323965,19501505,8.39148,33904,50421588,474
28250000,2324932,19527065,8.39898,33932,50563828,519
28300000,2325871,19552481,8.40652,33949,50706885,510
28350000,2326818,19577891,8.414019999999999,33984,50853853,505
28400000,2327737,19603224,8.42158,34028,51005502,494
28450000,2328717,19628595,8.428930000000001,34063,51153179,522
28500000,2329695,19653959,8.43628,34090,51296512,521
28550000,2330642,19679122,8.44365,34115,51438264,498
28600000,2331544,19704507,8.45127,34143,51580807,529
28650000,2332477,19729955,8.4588,34168,51728008,542
28700000,2333386,19755262,8.46635,34202,51875131,521
28750000,2334340,19780753,8.47381,34237,52018353,505
28800000,2335294,19805910,8.481119999999999,34259,52171418,497
28850000,2336241,19831175,8.4885,34301,52317415,497
28900000,2337173,19856415,8.49591,34340,52468226,498
28950000,2338099,19881605,8.50332,34371,52611337,513
29000000,2339016,19906953,8.510819999999999,34403,52760429,506
29050000,2339930,19932179,8.51828,34425,52907352,532
29100000,2340822,19957397,8.52581,34473,53054370,501
29150000,2341765,19982827,8.53323,34508,53200663,497
29200000,2342697,20007748,8.54048,34538,53339869,498
29250000,2343600,20032696,8.547830000000001,34571,53492424,484
29300000,2344488,20057820,8.55531,34608,53641943,513
29350000,2345400,20082922,8.56269,34642,53791535,484
29400000,2346278,20107938,8.570139999999999,34668,53937770,506
29450000,2347209,20132870,8.57737,34691,54084492,486
29500000,2348141,20157829,8.584589999999999,34711,54233438,491
29550000,2349067,20182861,8.59186,34752,54382021,519
29600000,2349915,20207806,8.59938,34780,54536311,474
29650000,2350761,20232741,8.60689,34811,54683734,499
29700000,2351670,20257485,8.61408,34839,54828867,509
29750000,2352658,20282558,8.62112,34863,54978375,491
29800000,2353573,20307386,8.62832,34892,55129642,521
29850000,2354439,20332165,8.63567,34927,55276083,483
29900000,2355295,20356987,8.64307,34962,55429308,500
29950000,2356192,20381671,8.650260000000001,34992,55581336,497
30000000,2357060,20406376,8.65755,35019,55730582,516
30050000,2357972,20430966,8.66463,35056,55878855,467
30100000,2358801,20455670,8.67206,35086,56025360,484
30150000,2359654,20480353,8.67939,35115,56173583,503
30200000,2360527,20504969,8.68661,35138,56321699,501
30250000,2361416,20529488,8.693719999999999,35169,56473260,496
30300000,2362322,20554180,8.70084,35204,56623386,498
30350000,2363191,20578859,8.70808,35239,56772963,487
30400000,2364062,20603561,8.71532,35273,56925732,489
30450000,2364914,20628277,8.72263,35313,57078331,489
30500000,2365803,20652916,8.72977,35344,57227439,518
30550000,2366616,20677496,8.737160000000001,35384,57378233,505
30600000,2367447,20702153,8.74451,35413,57534296,504
30650000,2368294,20726629,8.751710000000001,35439,57688521,493
30700000,2369139,20751063,8.7589,35472,57837658,491
30750000,2369938,20775474,8.76625,35491,57987275,472
30800000,2370856,20800062,8.77323,35520,58141757,519
30850000,2371689,20824624,8.7805,35556,58295018,494
30900000,2372570,20849088,8.78755,35583,58441485,479
30950000,2373404,20873424,8.79472,35603,58589350,494
31000000,2374234,20897754,8.80189,35630,58742294,477
31050000,2375066,20922111,8.80907,35661,58890485,502
31100000,2375891,20946250,8.81617,35684,59047588,471
31150000,2376711,20970796,8.82345,35714,59196455,491
31200000,2377497,20995092,8.83075,35745,59350217,497
31250000,2378337,21019286,8.837810000000001,35773,59503606,472
31300000,2379201,21043470,8.84476,35807,59655883,515
31350000,2380032,21067734,8.85187,35830,59804837,505
31400000,2380891,21091881,8.85882,35860,59959650,476
31450000,2381725,21116105,8.86589,35890,60109463,495
31500000,2382540,21140501,8.87309,35924,60259384,484
31550000,2383343,21164794,8.8803,35952,60416938,473
31600000,2384201,21188949,8.88723,35979,60571281,464
31650000,2385053,21213054,8.894160000000001,36013,60721871,478
31700000,2385900,21237150,8.901110000000001,36045,60875776,498
31750000,2386774,21261248,8.90794,36070,61029894,455
31800000,2387604,21285463,8.91499,36090,61183937,489
31850000,2388425,21309601,8.92203,36121,61339439,526
31900000,2389264,21333715,8.928989999999999,36159,61501511,475
31950000,2390088,21357768,8.93598,36190,61648192,459
32000000,2390893,21381943,8.94308,36218,61803317,478
32050000,2391636,21405960,8.950339999999999,36238,61959822,499
32100000,2392406,21429957,8.95749,36276,62116214,490
32150000,2393239,21453851,8.964360000000001,36307,62267804,474
32200000,2394052,21477802,8.97132,36330,62417850,463
32250000,2394832,21501659,8.97836,36369,62568586,476
32300000,2395548,21525585,8.985660000000001,36396,62722695,488
32350000,2396337,21549204,8.992560000000001,36422,62875648,490
32400000,2397103,21573040,8.99963,36445,63030273,494
32450000,2397867,21596677,9.00662,36474,63182714,464
32500000,2398671,21620403,9.01349,36512,63336757,478
32550000,2399471,21644256,9.020430000000001,36543,63495747,473
32600000,2400289,21667976,9.027239999999999,36574,63653578,461
32650000,2401042,21691692,9.03428,36600,63812308,499
32700000,2401821,21715520,9.041269999999999,36629,63965148,475
32750000,2402645,21739358,9.04809,36654,64119994,483
32800000,2403447,21763076,9.05494,36675,64280657,480
32850000,2404267,21786679,9.06167,36700,64429503,489
32900000,2405009,21810430,9.06875,36722,64585646,483
32950000,2405813,21833974,9.075510000000001,36758,64743354,459
33000000,2406587,21857697,9.08245,36785,64903595,454
33050000,2407357,21881423,9.0894,36819,65057097,478
33100000,2408123,21904883,9.09625,36863,65217011,466
33150000,2408910,21928485,9.103069999999999,36896,65373136,487
33200000,2409713,21951967,9.10978,36930,65530675,462
33250000,2410502,21975502,9.11657,36960,65688437,486
33300000,2411310,21999321,9.123389999999999,36988,65849108,495
33350000,2412079,22022877,9.13025,37014,66001613,462
33400000,2412898,22046389,9.13689,37045,66153066,481
33450000,2413678,22069783,9.14363,37082,66313747,488
33500000,2414430,22092947,9.15038,37120,66465277,456
33550000,2415164,22116442,9.15733,37154,66620778,473
33600000,2415923,22139952,9.16418,37184,66778012,463
33650000,2416662,22163256,9.17102,37219,66931712,481
33700000,2417405,22186464,9.1778,37248,67089892,477
33750000,2418134,22209823,9.18469,37274,67240033,458
33800000,2418872,22233001,9.191469999999999,37314,67396407,455
33850000,2419650,22256271,9.198139999999999,37339,67556081,489
33900000,2420382,22279493,9.20495,37367,67710473,440
33950000,2421103,22302593,9.21175,37400,67870617,450
34000000,2421893,22325982,9.2184,37430,68024515,476
34050000,2422668,22349091,9.22499,37457,68182834,442
34100000,2423448,22372172,9.23155,37482,68343430,456
34150000,2424164,22395377,9.238389999999999,37506,68496777,466
34200000,2424936,22418598,9.24503,37535,68655949,421
34250000,2425631,22441753,9.25192,37561,68812485,457
34300000,2426367,22464795,9.258610000000001,37589,68973882,453
34350000,2427085,22487958,9.265419999999999,37616,69132714,485
34400000,2427766,22511112,9.27236,37632,69288461,460
34450000,2428475,22534213,9.279160000000001,37658,69444420,454
34500000,2429182,22557292,9.285960000000001,37687,69596201,483
34550000,2429899,22580476,9.292760000000001,37720,69752301,466
34600000,2430641,22603697,9.29948,37740,69916562,424
34650000,2431354,22626798,9.30625,37774,70077518,467
34700000,2432038,22649994,9.31317,37808,70237249,458
34750000,2432730,22673149,9.320039999999999,37842,70395063,468
34800000,2433473,22696201,9.32667,37873,70556745,448
34850000,2434161,22719063,9.33343,37895,70710272,431
34900000,2434896,22741904,9.33999,37919,70867952,471
34950000,2435574,22764892,9.34683,37945,71028802,464
35000000,2436262,22787747,9.35357,37966,71188938,441
35050000,2436934,22810651,9.360389999999999,37991,71344802,474
35100000,2437686,22833686,9.36695,38019,71510064,474
35150000,2438390,22856569,9.37363,38044,71667582,463
35200000,2439094,22879330,9.38026,38069,71821613,475
35250000,2439794,22902222,9.38695,38092,71975564,440
35300000,2440498,22925060,9.3936,38122,72138027,460
35350000,2441262,22947802,9.399980000000001,38147,72294768,447
35400000,2441960,22970486,9.40658,38178,72456040,457
35450000,2442620,22993293,9.41337,38200,72614907,451
35500000,2443334,23015861,9.41986,38219,72775359,465
35550000,2444016,23038656,9.42656,38254,72933100,473
35600000,2444685,23061252,9.43322,38279,73093249,465
35650000,2445393,23083933,9.43976,38317,73250339,474
35700000,2446082,23106631,9.44638,38346,73411108,441
35750000,2446784,23129173,9.45289,38371,73571449,425
35800000,2447463,23151722,9.459480000000001,38399,73728521,464
35850000,2448185,23174360,9.46593,38424,73886135,458
35900000,2448885,23196846,9.47241,38450,74042234,443
35950000,2449549,23219364,9.47904,38476,74200201,462
36000000,2450257,23242076,9.48557,38505,74363258,438
36050000,2450939,23264791,9.4922,38534,74522299,456
36100000,2451565,23287134,9.49888,38568,74684738,458
36150000,2452248,23309688,9.50544,38590,74844932,471
36200000,2452896,23332072,9.51205,38617,75008757,446
36250000,2453534,23354696,9.5188,38649,75172702,440
36300000,2454249,23377101,9.52515,38672,75329524,464
36350000,2454903,23399523,9.53175,38698,75492597,431
36400000,2455590,23421944,9.538210000000001,38723,75655038,413
36450000,2456266,23444355,9.54471,38750,75822008,430
36500000,2456925,23466837,9.5513,38780,75980551,456
36550000,2457599,23489224,9.557789999999999,38801,76140722,475
36600000,2458283,23511434,9.564169999999999,38834,76301745,433
36650000,2458961,23533698,9.57059,38860,76463499,464
36700000,2459659,23556038,9.57695,38882,76627084,431
36750000,2460312,23578385,9.58349,38904,76788354,427
36800000,2461007,23600798,9.589889999999999,38920,76946797,470
36850000,2461695,23623135,9.59629,38947,77107759,443
36900000,2462372,23645190,9.60261,38970,77271797,456
36950000,2463081,23667375,9.60885,39008,77435473,451
37000000,2463779,23689660,9.615169999999999,39041,77598116,455
37050000,2464474,23711948,9.6215,39062,77758355,438
37100000,2465118,23734322,9.62807,39087,77926756,449
37150000,2465805,23756549,9.6344,39120,78091727,444
37200000,2466533,23778637,9.64051,39146,78256912,431
37250000,2467206,23800766,9.64685,39168,78420873,433
37300000,2467822,23823116,9.6535,39189,78582429,422
37350000,2468491,23845320,9.659880000000001,39222,78742869,451
37400000,2469125,23867321,9.666310000000001,39251,78905508,422
37450000,2469754,23889249,9.67272,39281,79071766,449
37500000,2470389,23911307,9.67917,39306,79232611,457
37550000,2471045,23933452,9.68556,39326,79394172,432
37600000,2471748,23955286,9.69164,39350,79555009,448
37650000,2472360,23977335,9.698160000000001,39382,79720989,416
37700000,2472993,23999332,9.70457,39406,79888437,453
37750000,2473639,24021141,9.71085,39423,80050604,433
37800000,2474288,24043203,9.71722,39454,80218328,426
37850000,2474951,24065025,9.72343,39478,80379653,440
37900000,2475597,24086993,9.72977,39500,80543687,457
37950000,2476227,24109042,9.7362,39519,80709062,454
38000000,2476873,24130943,9.7425,39535,80871900,430
38050000,2477547,24152996,9.74875,39558,81034210,459
38100000,2478232,24175024,9.75495,39582,81198778,450
38150000,2478834,24196772,9.76135,39610,81357765,435
38200000,2479440,24218721,9.76782,39639,81519088,417
38250000,2480068,24240795,9.77425,39659,81684600,433
38300000,2480705,24262492,9.78048,39684,81845308,427
38350000,2481380,24284101,9.78653,39705,82013943,428
38400000,2482035,24305973,9.792760000000001,39725,82176512,437
38450000,2482659,24327759,9.79907,39749,82340021,446
38500000,2483284,24349515,9.80537,39774,82509636,431
38550000,2483887,24371322,9.81177,39792,82673077,439
38600000,2484547,24393002,9.81789,39807,82838617,375
38650000,2485202,24414761,9.82405,39831,83003385,414
38700000,2485836,24436602,9.83034,39855,83163398,464
38750000,2486490,24458308,9.83648,39880,83330541,430
38800000,2487171,24480015,9.84251,39905,83493025,446
38850000,2487766,24501556,9.84882,39925,83655955,442
38900000,2488412,24523222,9.85497,39948,83820610,447
38950000,2489069,24544670,9.86098,39973,83984235,441
39000000,2489718,24566307,9.8671,39996,84149252,439
39050000,2490338,24587904,9.87332,40013,84313468,449
39100000,2490922,24609355,9.87962,40045,84472033,416
39150000,2491526,24630776,9.885819999999999,40073,84641708,424
39200000,2492082,24652264,9.89224,40091,84805806,403
39250000,2492676,24673786,9.89851,40122,84972626,423
39300000,2493259,24695409,9.904869999999999,40143,85143850,402
39350000,2493862,24716893,9.91109,40166,85316142,408
39400000,2494464,24738196,9.91724,40189,85480404,410
39450000,2495049,24759614,9.9235,40212,85646914,430
39500000,2495616,24780982,9.92981,40251,85806134,417
39550000,2496235,24802393,9.93592,40274,85971774,436
39600000,2496828,24823744,9.942110000000001,40293,86137430,401
39650000,2497404,24845063,9.948360000000001,40310,86303316,376
39700000,2498008,24866587,9.95457,40330,86473243,422
39750000,2498598,24888024,9.9608,40350,86629727,413
39800000,2499181,24909216,9.96695,40377,86796039,445
39850000,2499794,24930634,9.97308,40399,86964869,406
39900000,2500378,24952017,9.9793,40422,87134342,439
39950000,2500930,24973368,9.98563,40450,87300271,418
40000000,2501528,24994682,9.991769999999999,40474,87464052,433
40050000,2502080,25015840,9.99802,40491,87626438,435
40100000,2502678,25037075,10.0041,40514,87793513,423
40150000,2503257,25058375,10.0103,40542,87952515,450
40200000,2503841,25079559,10.0164,40564,88110929,395
40250000,2504401,25100698,10.0226,40585,88279092,449
40300000,2504996,25121891,10.0287,40607,88439611,431
40350000,2505599,25143156,10.0348,40630,88602185,436
40400000,2506153,25164516,10.0411,40659,88773776,432
40450000,2506757,25185569,10.0471,40673,88936087,412
40500000,2507350,25206888,10.0532,40699,89106434,428
40550000,2507888,25227998,10.0595,40740,89272713,427
40600000,2508458,25248976,10.0655,40762,89432479,430
40650000,2509066,25270025,10.0715,40788,89602583,405
40700000,2509700,25291289,10.0774,40807,89768120,417
40750000,2510280,25312327,10.0835,40827,89928069,412
40800000,2510854,25333495,10.0896,40847,90097066,442
40850000,2511406,25354487,10.0957,40868,90260290,433
40900000,2511944,25375467,10.1019,40903,90426561,423
40950000,2512501,25396359,10.107999999999999,40921,90593499,431
41000000,2513071,25417339,10.1141,40947,90762147,417
41050000,2513642,25438550,10.1202,40974,90935696,421
41100000,2514193,25459534,10.1263,41005,91099166,418
41150000,2514819,25480496,10.1321,41030,91269486,411
41200000,2515365,25501271,10.1382,41053,91438595,416
41250000,2515947,25522263,10.1442,41084,91611014,423
41300000,2516539,25542887,10.15,41113,91776274,432
41350000,2517168,25563873,10.1558,41135,91948511,407
41400000,2517734,25584724,10.1618,41162,92113580,417
41450000,2518293,25605510,10.1678,41194,92281180,428
41500000,2518905,25626332,10.1736,41218,92448518,420
41550000,2519500,25647217,10.1795,41240,92619373,410
41600000,2520062,25667975,10.1855,41267,92782722,406
41650000,2520649,25688822,10.1914,41290,92950081,413
41700000,2521257,25709474,10.1971,41322,93115278,413
41750000,2521827,25730293,10.203,41330,93276289,425
41800000,2522408,25751092,10.2089,41361,93446681,419
41850000,2522994,25771863,10.2148,41379,93615606,420
41900000,2523518,25792661,10.2209,41406,93783753,390
41950000,2524085,25813329,10.2268,41432,93953622,416
42000000,2524621,25833991,10.2328,41454,94122013,399
42050000,2525165,25854462,10.2387,41475,94290028,432
42100000,2525705,25875201,10.2447,41497,94456759,403
42150000,2526246,25895819,10.2507,41520,94622527,391
42200000,2526782,25916523,10.2567,41537,94788852,422
42250000,2527348,25937183,10.2626,41561,94956466,430
42300000,2527856,25957814,10.2687,41586,95127987,426
42350000,2528379,25978331,10.2747,41616,95291623,416
42400000,2528947,25998897,10.2805,41650,95456701,408
42450000,2529500,26019298,10.2863,41673,95626854,409
42500000,2530015,26039852,10.2924,41691,95799783,426
42550000,2530523,26060297,10.2984,41714,95967596,392
42600000,2531087,26080794,10.3042,41730,96137398,429
42650000,2531582,26101320,10.3103,41749,96298409,404
42700000,2532145,26121833,10.3161,41772,96466851,413
42750000,2532688,26142294,10.322000000000001,41792,96634734,404
42800000,2533227,26162824,10.3279,41823,96802812,402
42850000,2533761,26183067,10.3337,41848,96965126,411
42900000,2534307,26203510,10.3395,41870,97129036,368
42950000,2534821,26224159,10.3456,41898,97301703,421
43000000,2535390,26244600,10.3513,41918,97473179,419
43050000,2535955,26265167,10.3571,41938,97639991,432
43100000,2536473,26285621,10.3631,41970,97813206,418
43150000,2537036,26306021,10.3688,41991,97981929,414
43200000,2537625,26326651,10.3745,42017,98154851,401
43250000,2538128,26347154,10.3805,42034,98325525,413
43300000,2538662,26367654,10.3864,42045,98494617,415
43350000,2539205,26387962,10.3922,42075,98664487,427
43400000,2539713,26408349,10.3982,42103,98837447,399
43450000,2540248,26428698,10.404000000000002,42130,99009216,421
43500000,2540806,26449042,10.4097,42156,99179973,410
43550000,2541352,26469569,10.4155,42181,99348963,411
43600000,2541869,26489898,10.4214,42200,99519541,394
43650000,2542398,26510156,10.4272,42227,99690692,423
43700000,2542916,26530381,10.4331,42253,99860606,373
43750000,2543412,26550593,10.439,42274,100031775,419
43800000,2543965,26570852,10.4447,42299,100201037,413
43850000,2544454,26590957,10.4506,42321,100372497,374
43900000,2544954,26611088,10.4564,42348,100548434,403
43950000,2545429,26631280,10.4624,42375,100716312,407
44000000,2545951,26651580,10.4682,42396,100888870,415
44050000,2546468,26671631,10.474,42417,101056520,391
44100000,2546988,26691705,10.4797,42445,101227978,384
44150000,2547488,26711656,10.4855,42474,101392375,412
44200000,2547986,26731815,10.4914,42497,101565668,419
44250000,2548508,26752017,10.4971,42529,101736227,414
44300000,2549012,26772189,10.503,42549,101911409,374
44350000,2549523,26792188,10.5087,42574,102082562,390
44400000,2550049,26812181,10.5144,42598,102253971,391
44450000,2550561,26832253,10.5201,42623,102421412,399
44500000,2551084,26852212,10.5258,42652,102582302,397
44550000,2551612,26872322,10.5315,42670,102753159,414
44600000,2552181,26892439,10.537,42691,102925727,382
44650000,2552673,26912283,10.5428,42711,103093828,379
44700000,2553169,26932146,10.5485,42722,103258729,411
44750000,2553663,26951973,10.5542,42745,103424492,382
44800000,2554146,26972172,10.5602,42770,103600727,388
44850000,2554682,26992102,10.5657,42791,103769859,398
44900000,2555187,27011985,10.5714,42811,103937523,403
44950000,2555679,27031907,10.5772,42838,104108873,404
45000000,2556178,27051881,10.5829,42866,104281964,410
45050000,2556692,27071778,10.5886,42884,104450508,389
45100000,2557218,27091576,10.5942,42906,104620893,402
45150000,2557722,27111462,10.5998,42931,104797667,394
45200000,2558238,27131355,10.6055,42950,104965184,418
45250000,2558773,27151092,10.610999999999999,42967,105135963,381
45300000,2559264,27170788,10.6166,42984,105307613,367
45350000,2559755,27190703,10.6224,43001,105480271,427
45400000,2560260,27210589,10.6281,43021,105645421,412
45450000,2560778,27230346,10.6336,43041,105814124,404
45500000,2561317,27250047,10.6391,43059,105983822,397
45550000,2561817,27270014,10.6448,43087,106154047,405
45600000,2562305,27289578,10.6504,43108,106318928,403
45650000,2562798,27309146,10.655999999999999,43137,106481456,427
45700000,2563304,27329134,10.6617,43165,106649811,413
45750000,2563773,27348667,10.6674,43189,106823906,388
45800000,2564266,27368482,10.673,43208,107001530,413
45850000,2564741,27388066,10.6787,43230,107171372,384
45900000,2565222,27407850,10.6844,43249,107343722,370
45950000,2565732,27427589,10.69,43264,107507994,420
46000000,2566221,27447117,10.6955,43284,107676067,400
46050000,2566715,27466644,10.7011,43304,107844252,406
46100000,2567199,27486287,10.7067,43321,108017005,372
46150000,2567713,27505843,10.7122,43338,108190081,405
46200000,2568212,27525509,10.7178,43360,108367690,402
46250000,2568698,27545060,10.7234,43383,108532225,403
46300000,2569167,27564652,10.729000000000001,43403,108702519,383
46350000,2569664,27584247,10.7346,43421,108871328,399
46400000,2570141,27603567,10.7401,43443,109044152,377
46450000,2570612,27622985,10.7457,43464,109215099,390
46500000,2571102,27642499,10.7512,43487,109391529,387
46550000,2571588,27662076,10.7568,43507,109573049,386
46600000,2572065,27681543,10.7624,43535,109740685,367
46650000,2572523,27701026,10.767999999999999,43558,109916510,405
46700000,2572987,27720464,10.7737,43578,110088120,376
46750000,2573478,27739835,10.7791,43592,110266334,399
46800000,2573966,27759063,10.7845,43608,110434323,376
46850000,2574461,27778451,10.79,43627,110603943,368
46900000,2574894,27797736,10.7957,43653,110772620,376
46950000,2575347,27816979,10.8013,43672,110942474,394
47000000,2575822,27836225,10.8067,43693,111109072,387
47050000,2576262,27855336,10.8123,43716,111277757,397
47100000,2576755,27874668,10.8177,43734,111440721,384
47150000,2577173,27894051,10.8235,43754,111604458,375
47200000,2577667,27913421,10.8289,43778,111775814,412
47250000,2578164,27932700,10.8343,43794,111952496,373
47300000,2578655,27951964,10.8397,43811,112120432,379
47350000,2579105,27971236,10.8453,43831,112289647,357
47400000,2579563,27990519,10.8509,43852,112460924,381
47450000,2579986,28009871,10.8566,43881,112635354,427
47500000,2580496,28029292,10.862,43898,112814026,390
47550000,2580946,28048425,10.8675,43925,112985079,388
47600000,2581383,28067684,10.8731,43942,113158362,375
47650000,2581854,28086933,10.8786,43962,113329855,397
47700000,2582306,28105983,10.8841,43986,113508198,381
47750000,2582768,28125130,10.8895,44010,113680110,379
47800000,2583229,28144336,10.895,44025,113852090,379
47850000,2583682,28163499,10.9005,44047,114023624,370
47900000,2584148,28182653,10.905999999999999,44063,114198336,385
