timestep,num_nodes,num_edges,average_degree,max_degree,num_triangles,new_edges
0,1948,1000,0.513347,4,0,1000
50000,71261,50937,0.714795,132,11,997
100000,122465,100746,0.822651,281,106,998
150000,166046,150407,0.9058149999999999,423,322,992
200000,204181,199960,0.9793270000000001,550,772,988
250000,238991,249398,1.04355,675,1351,986
300000,271277,298713,1.10114,782,2154,988
350000,301037,347917,1.15573,901,3282,986
400000,328829,396983,1.20726,1047,4608,985
450000,355252,445998,1.25544,1176,6232,977
500000,380263,494844,1.30132,1315,8242,974
550000,403991,543531,1.3454,1451,10506,977
600000,426517,592175,1.3884,1563,13068,978
650000,448238,640780,1.42955,1694,15891,971
700000,469066,689297,1.46951,1832,19131,964
750000,489023,737650,1.50842,1949,22496,957
800000,508346,785908,1.54601,2073,26445,959
850000,527027,834014,1.58249,2201,30766,956
900000,545252,882093,1.6177700000000002,2328,35333,951
950000,562761,930085,1.65272,2450,40222,961
1000000,579757,977968,1.6868599999999998,2579,45604,959
1050000,596289,1025714,1.72016,2711,51700,955
1100000,612248,1073424,1.75325,2824,57922,963
1150000,627930,1121034,1.78528,2933,64256,947
1200000,643271,1168555,1.8165799999999999,3051,71363,942
1250000,658046,1215880,1.84771,3163,78398,952
1300000,672578,1263124,1.8780299999999999,3270,86031,946
1350000,686615,1310362,1.9084400000000001,3384,93877,950
1400000,700565,1357427,1.9376200000000001,3504,102273,946
1450000,714118,1404511,1.96678,3617,111227,932
1500000,727400,1451507,1.99547,3726,120518,960
1550000,740525,1498343,2.02335,3823,130140,919
1600000,753281,1545200,2.0512900000000003,3936,140330,947
1650000,765813,1591787,2.07856,4042,150624,942
1700000,778087,1638379,2.10565,4155,161206,940
1750000,790194,1684926,2.1322900000000002,4258,173106,936
1800000,802115,1731299,2.15842,4367,184811,926
1850000,813723,1777704,2.18465,4479,197009,933
1900000,825170,1823974,2.21042,4575,209369,915
1950000,836499,1870191,2.2357400000000003,4680,223002,925
2000000,847691,1916282,2.26059,4787,236581,925
2050000,858493,1962313,2.28576,4896,250879,925
2100000,869203,2008295,2.3105,5007,265477,904
2150000,879753,2054152,2.33492,5144,280493,927
2200000,890093,2099959,2.35926,5246,295596,909
2250000,900387,2145573,2.38295,5361,311144,916
2300000,910483,2191215,2.40665,5455,327765,898
2350000,920295,2236738,2.43046,5577,343860,898
2400000,930223,2282140,2.45333,5697,360574,900
2450000,939842,2327417,2.4763900000000003,5795,377639,902
2500000,949294,2372637,2.49937,5880,395205,900
2550000,958699,2417906,2.5220700000000003,5993,413231,894
2600000,968050,2463107,2.5444,6082,432070,900
2650000,977181,2508188,2.56676,6172,452666,907
2700000,986157,2553160,2.589,6273,471464,896
2750000,995023,2598038,2.61103,6369,492669,890
2800000,1003576,2642907,2.63349,6481,512520,886
2850000,1012242,2687703,2.6552,6578,533814,904
2900000,1020791,2732515,2.67686,6685,555639,904
2950000,1029236,2777131,2.69825,6774,577383,888
3000000,1037614,2821623,2.7193400000000003,6874,598957,887
3050000,1045962,2866068,2.7401299999999997,6974,622692,890
3100000,1054024,2910378,2.7612099999999997,7077,645833,888
3150000,1061935,2954590,2.78227,7165,669114,903
3200000,1069965,2998737,2.80265,7256,692825,882
3250000,1077946,3042922,2.82289,7358,716845,871
3300000,1085755,3087010,2.8431900000000003,7439,742034,867
3350000,1093339,3131000,2.8637,7544,767925,887
3400000,1101035,3174943,2.8836,7632,794036,868
3450000,1108493,3218823,2.90378,7744,819121,870
3500000,1115925,3262779,2.9238299999999997,7831,845557,875
3550000,1123416,3306503,2.94326,7921,872807,876
3600000,1130761,3350153,2.96274,8004,899784,869
3650000,1137988,3393845,2.98232,8100,927569,855
3700000,1145081,3437392,3.00188,8194,955716,877
3750000,1152133,3480843,3.02122,8265,984178,882
3800000,1159081,3524297,3.0406,8347,1015438,884
3850000,1166038,3567553,3.05955,8442,1043737,870
3900000,1172949,3610863,3.07845,8526,1074420,868
3950000,1179654,3654009,3.09753,8614,1105942,869
4000000,1186282,3697141,3.11658,8710,1137845,859
4050000,1192968,3740333,3.13532,8822,1169457,846
4100000,1199387,3783309,3.15437,8923,1201459,851
4150000,1205815,3826287,3.1732,9004,1234180,867
4200000,1212069,3869228,3.19225,9082,1266961,870
4250000,1218471,3911967,3.21055,9167,1300285,863
4300000,1224865,3954654,3.22864,9267,1334126,852
4350000,1231247,3997437,3.24666,9341,1368632,859
4400000,1237422,4040043,3.2648900000000003,9429,1402625,843
4450000,1243560,4082328,3.2827800000000003,9515,1437967,855
4500000,1249750,4124918,3.30059,9590,1473855,859
4550000,1255872,4167249,3.3182099999999997,9657,1507753,838
4600000,1261768,4209476,3.3361699999999996,9740,1543536,816
4650000,1267844,4251738,3.3535199999999996,9824,1579172,853
4700000,1273880,4294052,3.3708400000000003,9903,1615344,845
4750000,1279688,4336189,3.38847,9998,1651554,851
4800000,1285428,4378313,3.40611,10088,1690197,846
4850000,1291214,4420387,3.42343,10180,1727735,841
4900000,1296798,4462413,3.4411,10261,1764953,852
4950000,1302430,4504387,3.45845,10348,1804632,842
5000000,1308012,4546209,3.47566,10423,1843712,840
5050000,1313492,4587967,3.49295,10502,1884829,857
5100000,1319094,4629764,3.50981,10592,1924019,829
5150000,1324563,4671332,3.5267,10679,1965575,848
5200000,1330019,4713022,3.54357,10769,2006090,824
5250000,1335346,4754478,3.56048,10849,2045475,833
5300000,1340779,4796102,3.5771,10916,2088804,843
5350000,1346098,4837589,3.5937900000000003,10985,2130624,843
5400000,1351422,4878909,3.6102,11066,2173542,837
5450000,1356646,4920208,3.6267400000000003,11137,2215298,814
5500000,1361912,4961444,3.6430000000000002,11212,2257860,840
5550000,1367023,5002588,3.6594800000000003,11287,2303724,825
5600000,1372107,5043563,3.6757800000000005,11359,2348084,807
5650000,1377165,5084542,3.69204,11435,2392478,805
5700000,1382270,5125698,3.7081699999999995,11509,2436567,840
5750000,1387252,5166705,3.72442,11574,2481287,829
5800000,1392293,5207814,3.7404599999999997,11661,2527896,805
5850000,1397180,5248928,3.7568,11747,2575361,832
5900000,1402161,5289768,3.7725800000000005,11834,2621463,803
5950000,1407049,5330673,3.78855,11923,2668437,803
6000000,1411798,5371238,3.8045400000000003,11996,2717202,808
6050000,1416540,5411725,3.82038,12062,2763286,803
6100000,1421254,5452235,3.83621,12139,2811242,811
6150000,1425974,5492769,3.8519400000000004,12211,2858502,802
6200000,1430678,5533167,3.86751,12288,2907320,796
6250000,1435378,5573684,3.88308,12361,2956098,810
6300000,1440046,5613971,3.8984699999999997,12434,3006691,803
6350000,1444571,5653936,3.9139199999999996,12521,3055374,792
6400000,1449059,5694174,3.9295699999999996,12599,3105214,783
6450000,1453617,5734391,3.9449099999999997,12677,3155167,773
6500000,1458057,5774456,3.9603800000000002,12763,3205543,792
6550000,1462530,5814464,3.9756199999999997,12853,3257539,795
6600000,1466985,5854354,3.99074,12936,3309137,812
6650000,1471462,5894337,4.00577,12995,3360805,815
6700000,1475864,5934347,4.02093,13060,3413288,782
6750000,1480315,5974069,4.03567,13140,3467371,782
6800000,1484611,6013709,4.0507,13213,3520753,781
6850000,1488988,6053336,4.0654,13295,3575435,798
6900000,1493303,6092982,4.0802,13383,3631565,806
6950000,1497591,6132738,4.09507,13464,3686238,787
7000000,1501705,6172042,4.11002,13539,3740145,760
7050000,1505972,6211555,4.124619999999999,13609,3795273,787
7100000,1510052,6250937,4.13955,13682,3850913,776
7150000,1514205,6290278,4.15418,13757,3908232,797
7200000,1518276,6329668,4.16898,13829,3966821,785
7250000,1522357,6368864,4.18355,13901,4022760,773
7300000,1526420,6408073,4.19811,13970,4080800,757
7350000,1530491,6447296,4.2125699999999995,14034,4139661,808
7400000,1534471,6486393,4.227119999999999,14098,4196922,763
7450000,1538574,6525353,4.241169999999999,14158,4253813,779
7500000,1542532,6564395,4.2556,14241,4314027,789
7550000,1546444,6603605,4.27019,14299,4371140,801
7600000,1550471,6642294,4.28405,14370,4429490,786
7650000,1554453,6681216,4.298109999999999,14458,4488167,786
7700000,1558326,6719967,4.3123,14533,4549541,750
7750000,1562169,6758770,4.32653,14612,4609877,771
7800000,1566068,6797514,4.3405,14681,4670061,789
7850000,1569882,6836207,4.3546,14745,4730120,762
7900000,1573791,6874781,4.36829,14807,4791047,782
7950000,1577486,6913295,4.38248,14888,4853034,763
8000000,1581297,6951811,4.3962699999999995,14954,4914211,742
8050000,1585076,6990239,4.41003,15025,4976062,764
8100000,1588869,7028579,4.42364,15103,5040488,763
8150000,1592379,7066911,4.4379599999999995,15168,5102513,761
8200000,1596097,7105261,4.45165,15247,5166076,771
8250000,1599693,7143394,4.46548,15320,5229790,761
8300000,1603327,7181659,4.47922,15394,5292335,766
8350000,1606930,7219937,4.493,15470,5355483,769
8400000,1610523,7257933,4.50657,15526,5420293,750
8450000,1614082,7295976,4.5202,15591,5486567,754
8500000,1617651,7334048,4.53376,15673,5554355,757
8550000,1621038,7371905,4.54764,15739,5620630,756
8600000,1624541,7409788,4.56116,15799,5687443,760
8650000,1628116,7447539,4.574330000000001,15862,5755114,723
8700000,1631645,7485522,4.5877099999999995,15918,5821444,749
8750000,1635036,7523402,4.601369999999999,15987,5888256,751
8800000,1638481,7561086,4.61469,16069,5955826,745
8850000,1641968,7598663,4.6277800000000004,16129,6024818,729
8900000,1645401,7636435,4.6410800000000005,16194,6095521,766
8950000,1648724,7673888,4.65444,16262,6165690,723
9000000,1651924,7711291,4.668069999999999,16336,6234555,768
9050000,1655247,7748669,4.68128,16404,6304836,749
9100000,1658653,7786297,4.69435,16462,6373503,743
9150000,1662035,7823806,4.70737,16524,6443707,761
9200000,1665368,7861068,4.72032,16582,6513989,754
9250000,1668628,7898432,4.73349,16644,6584655,740
9300000,1671849,7935690,4.74665,16716,6657268,761
9350000,1675016,7972875,4.75988,16783,6728956,728
9400000,1678287,8009884,4.77265,16851,6800617,747
9450000,1681398,8047029,4.78592,16919,6870966,737
9500000,1684529,8084105,4.79903,16981,6943090,742
9550000,1687713,8121322,4.81203,17039,7016549,720
9600000,1690958,8158358,4.8247,17103,7088005,750
9650000,1694183,8195310,4.83732,17155,7162444,744
9700000,1697314,8232102,4.85008,17224,7236918,734
9750000,1700387,8269021,4.86302,17276,7309443,739
9800000,1703451,8305815,4.87588,17349,7382606,739
9850000,1706569,8342405,4.8884099999999995,17402,7455688,711
9900000,1709566,8379171,4.90134,17460,7531986,728
9950000,1712686,8415894,4.91386,17530,7608116,746
10000000,1715665,8452463,4.92664,17597,7683268,746
10050000,1718621,8488902,4.939369999999999,17662,7760277,750
10100000,1721635,8525214,4.95181,17723,7837872,716
10150000,1724629,8561682,4.96436,17780,7913438,721
10200000,1727530,8598107,4.97711,17846,7988254,753
10250000,1730425,8634558,4.98985,17894,8064068,713
10300000,1733431,8670878,5.00215,17954,8143344,717
10350000,1736316,8706926,5.0146,18020,8218495,726
10400000,1739286,8743105,5.02684,18086,8296538,733
10450000,1742150,8779263,5.0393300000000005,18141,8373856,706
10500000,1744991,8815578,5.0519300000000005,18204,8455466,722
10550000,1747884,8851755,5.06427,18270,8534725,738
10600000,1750741,8887782,5.07658,18325,8614131,732
10650000,1753556,8923828,5.08899,18378,8693877,732
10700000,1756347,8959732,5.10135,18428,8775918,716
10750000,1759168,8995662,5.11359,18489,8856141,729
10800000,1762039,9031621,5.12566,18551,8935967,704
10850000,1764840,9067539,5.13788,18617,9014634,710
10900000,1767653,9103257,5.14991,18673,9096281,732
10950000,1770355,9139023,5.16225,18736,9176206,701
11000000,1773112,9174539,5.174259999999999,18810,9257615,718
11050000,1775899,9210205,5.18622,18862,9338207,734
11100000,1778628,9245751,5.19825,18923,9419588,721
11150000,1781380,9281274,5.21016,18978,9500430,693
11200000,1784103,9316980,5.22222,19053,9583601,708
11250000,1786754,9352295,5.23424,19118,9666521,723
11300000,1789438,9387901,5.2462800000000005,19179,9751896,706
11350000,1791990,9423332,5.25859,19237,9835216,699
11400000,1794648,9458793,5.27056,19293,9921403,712
11450000,1797258,9494130,5.28256,19352,10006066,704
11500000,1799943,9529587,5.29438,19415,10089975,720
11550000,1802579,9564986,5.30628,19485,10174551,711
11600000,1805185,9599939,5.31798,19549,10257931,687
11650000,1807855,9635293,5.329680000000001,19605,10341340,713
11700000,1810514,9670475,5.34129,19665,10427885,736
11750000,1813076,9705698,5.3531699999999995,19732,10512823,712
11800000,1815707,9740732,5.3647,19791,10595390,712
11850000,1818260,9775795,5.37646,19854,10683156,712
11900000,1820828,9810798,5.3881,19901,10767128,681
11950000,1823358,9845751,5.39979,19981,10855677,697
12000000,1825874,9880653,5.41146,20039,10945359,689
12050000,1828335,9915615,5.4233,20094,11032511,710
12100000,1830916,9950632,5.43478,20145,11119136,698
12150000,1833454,9985441,5.44625,20201,11206187,704
12200000,1835908,10020214,5.45791,20262,11293395,702
12250000,1838348,10054871,5.46951,20314,11378612,697
12300000,1840853,10089385,5.48082,20371,11469781,693
12350000,1843385,10123926,5.492030000000001,20431,11557877,677
12400000,1845767,10158373,5.50361,20477,11645940,670
12450000,1848225,10193183,5.51512,20535,11736318,686
12500000,1850661,10227526,5.52642,20595,11824335,681
12550000,1853110,10262000,5.537719999999999,20656,11916002,666
12600000,1855486,10296320,5.549119999999999,20707,12006020,689
12650000,1857839,10330562,5.56053,20766,12096988,683
12700000,1860279,10364903,5.57169,20826,12185782,667
12750000,1862657,10399120,5.58295,20884,12275854,695
12800000,1864976,10433398,5.59439,20930,12368475,675
12850000,1867305,10467564,5.60571,20989,12461566,688
12900000,1869568,10501770,5.61722,21044,12556778,674
12950000,1871867,10536088,5.62865,21090,12648825,708
13000000,1874150,10570196,5.63999,21148,12743524,682
13050000,1876529,10604103,5.65091,21195,12836916,683
13100000,1878866,10638085,5.661969999999999,21246,12930225,674
13150000,1881186,10672126,5.673080000000001,21297,13024739,675
13200000,1883490,10706155,5.68421,21348,13117764,704
13250000,1885818,10740039,5.69516,21403,13212448,655
13300000,1888129,10773817,5.70608,21447,13307779,681
13350000,1890480,10807696,5.7169099999999995,21502,13401025,682
13400000,1892728,10841300,5.727869999999999,21562,13493569,677
13450000,1894980,10875070,5.73888,21620,13589158,684
13500000,1897241,10908770,5.74981,21672,13683983,686
13550000,1899478,10942529,5.76081,21729,13779006,683
13600000,1901706,10976188,5.77176,21780,13876560,683
13650000,1903942,11009761,5.78261,21830,13971477,704
13700000,1906186,11043336,5.793419999999999,21892,14068311,669
13750000,1908386,11076975,5.80437,21947,14167753,659
13800000,1910591,11110707,5.81532,22004,14264163,690
13850000,1912775,11143994,5.82609,22049,14359949,678
13900000,1914998,11177424,5.83678,22093,14454843,666
13950000,1917231,11210748,5.84736,22150,14553769,665
14000000,1919379,11244001,5.85815,22202,14651406,644
14050000,1921507,11277177,5.86892,22255,14748150,683
14100000,1923664,11310374,5.8796,22311,14843642,667
14150000,1925803,11343692,5.89037,22373,14942331,666
14200000,1927924,11376787,5.90106,22423,15037463,662
14250000,1930012,11410080,5.911919999999999,22466,15137417,660
14300000,1932152,11443274,5.92255,22520,15235495,682
14350000,1934235,11476531,5.93337,22576,15333178,672
14400000,1936313,11509576,5.94407,22634,15435542,658
14450000,1938403,11542709,5.95475,22692,15538930,683
14500000,1940479,11575596,5.965330000000001,22742,15641522,656
14550000,1942537,11608532,5.97596,22797,15744149,680
14600000,1944570,11641646,5.98675,22849,15845649,650
14650000,1946671,11674673,5.99725,22894,15945865,647
14700000,1948721,11707703,6.00789,22943,16046633,658
14750000,1950710,11740516,6.0185900000000006,22969,16146707,669
14800000,1952828,11773252,6.02882,23018,16247918,655
14850000,1954751,11806179,6.03974,23085,16349663,668
14900000,1956788,11838853,6.05015,23141,16451750,659
14950000,1958755,11871558,6.06077,23187,16553422,632
15000000,1960668,11904315,6.07156,23237,16659749,647
15050000,1962633,11936794,6.0820300000000005,23297,16764847,640
15100000,1964626,11969431,6.09247,23346,16868084,645
15150000,1966627,12002094,6.10288,23402,16975285,647
15200000,1968623,12034484,6.11315,23452,17074071,660
15250000,1970641,12066948,6.12336,23508,17177205,682
15300000,1972591,12099457,6.13379,23556,17282790,663
15350000,1974537,12131862,6.14416,23603,17386382,659
15400000,1976532,12164302,6.15437,23649,17493295,639
15450000,1978520,12196570,6.16449,23704,17598895,656
15500000,1980519,12228851,6.17457,23766,17701414,648
15550000,1982453,12261228,6.184880000000001,23813,17806710,632
15600000,1984278,12293200,6.1953,23853,17912455,635
15650000,1986179,12325490,6.20563,23909,18019997,649
15700000,1988129,12357746,6.21577,23963,18126734,604
15750000,1990060,12390059,6.225969999999999,24018,18234347,642
15800000,1991929,12422282,6.23631,24077,18342698,652
15850000,1993823,12454505,6.24654,24126,18450868,657
15900000,1995626,12486264,6.256819999999999,24181,18562650,656
15950000,1997475,12518241,6.26703,24234,18667104,644
16000000,1999341,12550201,6.27717,24286,18775375,641
16050000,2001189,12582248,6.28739,24331,18884187,638
16100000,2003070,12614199,6.29743,24379,18989481,652
16150000,2004954,12646118,6.30744,24442,19095983,633
16200000,2006769,12678068,6.31765,24479,19208773,605
16250000,2008591,12709845,6.32774,24519,19311961,647
16300000,2010490,12741641,6.33758,24555,19422842,635
16350000,2012302,12773237,6.347569999999999,24617,19529367,627
16400000,2014109,12804836,6.35757,24666,19637164,623
16450000,2015885,12836584,6.367719999999999,24713,19747475,636
16500000,2017729,12868397,6.37766,24762,19857103,632
16550000,2019568,12900211,6.38761,24816,19966131,653
16600000,2021337,12931702,6.3976,24862,20077392,641
16650000,2023118,12963375,6.40762,24916,20190016,661
16700000,2024920,12994950,6.41751,24969,20304979,620
16750000,2026607,13026507,6.42774,25020,20415263,641
16800000,2028373,13058090,6.43772,25081,20525458,622
16850000,2030186,13089513,6.44745,25128,20638402,621
16900000,2032040,13120874,6.457000000000001,25177,20750999,618
16950000,2033734,13152239,6.46704,25226,20863230,667
17000000,2035569,13183563,6.4766,25283,20978616,631
17050000,2037302,13214820,6.48643,25315,21091181,601
17100000,2039014,13245995,6.49627,25365,21206512,635
17150000,2040788,13277226,6.50593,25408,21318670,618
17200000,2042509,13308523,6.51577,25456,21434273,624
17250000,2044219,13339760,6.5256,25491,21543801,655
17300000,2045900,13370928,6.53547,25529,21654825,633
17350000,2047604,13401967,6.54519,25576,21769060,621
17400000,2049316,13433050,6.554889999999999,25619,21883534,607
17450000,2051022,13464158,6.564610000000001,25672,22001044,614
17500000,2052748,13495312,6.574269999999999,25713,22114628,634
17550000,2054447,13526198,6.5838600000000005,25774,22230696,614
17600000,2056050,13557022,6.593719999999999,25818,22346125,612
17650000,2057713,13588005,6.60345,25859,22460352,604
17700000,2059329,13618870,6.61326,25921,22572983,637
17750000,2060977,13649636,6.6229,25974,22688482,613
17800000,2062587,13680452,6.63267,26013,22805161,596
17850000,2064251,13711311,6.64227,26068,22920396,599
17900000,2065897,13742018,6.651839999999999,26120,23038835,627
17950000,2067525,13772864,6.661519999999999,26161,23157814,598
18000000,2069174,13803643,6.6710899999999995,26216,23276373,610
18050000,2070824,13834290,6.6805699999999995,26259,23390531,621
18100000,2072435,13864729,6.6900699999999995,26296,23504535,594
18150000,2074082,13895549,6.699610000000001,26342,23622140,602
18200000,2075760,13926074,6.7089,26384,23739075,593
18250000,2077284,13956409,6.71858,26438,23855708,596
18300000,2078891,13986974,6.728089999999999,26474,23974112,627
18350000,2080489,14017476,6.737589999999999,26509,24092632,612
18400000,2082084,14047762,6.74697,26547,24212186,596
18450000,2083675,14078353,6.7565,26595,24329397,580
18500000,2085269,14108778,6.76593,26636,24447534,628
18550000,2086854,14138994,6.77527,26683,24566917,628
18600000,2088413,14169336,6.784739999999999,26729,24682677,610
18650000,2089920,14199681,6.79437,26763,24800632,601
18700000,2091538,14230073,6.80364,26805,24915685,603
18750000,2093066,14260183,6.813060000000001,26855,25033905,586
18800000,2094597,14290342,6.8224800000000005,26899,25149409,614
18850000,2096153,14320443,6.83177,26937,25267856,594
18900000,2097658,14350596,6.84125,26976,25385476,616
18950000,2099248,14380660,6.850389999999999,27018,25505900,609
19000000,2100794,14410637,6.859610000000001,27061,25629208,607
19050000,2102358,14440881,6.8689,27095,25745769,607
19100000,2103909,14471058,6.87818,27141,25867597,625
19150000,2105530,14500990,6.8871,27182,25984809,584
19200000,2107073,14531067,6.89633,27232,26104935,578
19250000,2108580,14561063,6.90563,27284,26230297,603
19300000,2110019,14591078,6.915139999999999,27334,26355239,593
19350000,2111526,14620920,6.924339999999999,27371,26474605,581
19400000,2112967,14650839,6.9337800000000005,27416,26592036,587
19450000,2114432,14680643,6.94307,27468,26714500,570
19500000,2115903,14710266,6.95224,27505,26834888,604
19550000,2117421,14740015,6.961310000000001,27556,26958317,592
19600000,2118923,14769788,6.97042,27597,27080405,645
19650000,2120375,14799307,6.97957,27639,27201934,593
19700000,2121869,14829054,6.9886800000000004,27681,27320613,583
19750000,2123386,14858622,6.997610000000001,27732,27443546,607
19800000,2124761,14888248,7.00702,27793,27570995,575
19850000,2126262,14917769,7.015960000000001,27835,27688934,562
19900000,2127689,14947211,7.02509,27877,27809714,591
19950000,2129175,14976736,7.03406,27917,27930788,615
20000000,2130610,15006249,7.04317,27960,28057715,597
20050000,2132041,15035688,7.05225,28002,28181840,606
20100000,2133420,15065009,7.061439999999999,28041,28304719,574
20150000,2134827,15094468,7.0705800000000005,28083,28428260,584
20200000,2136347,15123973,7.07936,28122,28552391,591
20250000,2137815,15153268,7.0882,28156,28673857,589
20300000,2139273,15182730,7.09714,28197,28800069,568
20350000,2140721,15211907,7.10597,28233,28922088,581
20400000,2142101,15241216,7.11508,28267,29044807,592
20450000,2143561,15270378,7.1238399999999995,28314,29173875,610
20500000,2144947,15299677,7.13289,28364,29296583,588
20550000,2146371,15328882,7.141769999999999,28400,29419739,547
20600000,2147738,15358208,7.15088,28444,29544347,595
20650000,2149105,15387438,7.15993,28491,29670031,559
20700000,2150507,15416491,7.168769999999999,28528,29793092,608
20750000,2151878,15445467,7.17767,28569,29919150,631
20800000,2153292,15474637,7.1865,28604,30044737,589
20850000,2154684,15503842,7.195410000000001,28641,30171904,551
20900000,2156054,15532851,7.2043,28681,30301400,579
20950000,2157413,15561724,7.213139999999999,28707,30426703,583
21000000,2158794,15590765,7.22198,28753,30553450,559
21050000,2160198,15619776,7.23071,28786,30678074,578
21100000,2161632,15648489,7.2392,28826,30805276,566
21150000,2163010,15677359,7.24794,28867,30933716,564
21200000,2164377,15706190,7.25668,28903,31058770,576
21250000,2165706,15735015,7.26554,28941,31184242,552
21300000,2167051,15763602,7.27422,28976,31317314,567
21350000,2168472,15792452,7.282760000000001,29030,31446560,602
21400000,2169847,15821185,7.29138,29067,31574264,581
21450000,2171157,15850009,7.300260000000001,29106,31701630,569
21500000,2172435,15878897,7.309260000000001,29148,31836414,589
21550000,2173776,15907513,7.31792,29183,31966691,569
21600000,2175139,15936350,7.3265899999999995,29222,32098315,592
21650000,2176516,15964834,7.335039999999999,29266,32226728,603
21700000,2177891,15993441,7.34355,29299,32357272,567
21750000,2179176,16022002,7.35232,29336,32484003,582
21800000,2180523,16050455,7.36083,29372,32611944,572
21850000,2181866,16078917,7.369339999999999,29399,32739759,553
21900000,2183137,16107197,7.378010000000001,29442,32867277,551
21950000,2184481,16135777,7.38655,29481,32994727,591
22000000,2185860,16164213,7.3949,29509,33121737,555
22050000,2187098,16192762,7.40377,29548,33253282,551
22100000,2188359,16221088,7.412439999999999,29583,33381164,555
22150000,2189621,16249390,7.4211,29624,33511622,567
22200000,2190903,16277727,7.429689999999999,29669,33642232,584
22250000,2192194,16306032,7.438219999999999,29705,33771907,580
22300000,2193440,16334330,7.4469,29750,33900419,564
22350000,2194743,16362570,7.45535,29786,34033850,560
22400000,2196003,16390809,7.46393,29827,34160235,574
22450000,2197284,16418926,7.47237,29871,34291131,553
22500000,2198538,16447081,7.480919999999999,29908,34421656,545
22550000,2199825,16475186,7.489319999999999,29942,34552194,552
22600000,2201074,16503348,7.49786,29983,34684055,566
22650000,2202337,16531590,7.50639,30016,34814668,525
22700000,2203566,16559597,7.51491,30054,34948717,564
22750000,2204805,16587668,7.52342,30099,35083883,556
22800000,2206035,16615730,7.53194,30139,35218607,578
22850000,2207275,16643823,7.540439999999999,30173,35352895,552
22900000,2208517,16671481,7.548719999999999,30220,35487252,568
22950000,2209771,16699430,7.55709,30260,35618564,549
23000000,2211022,16727387,7.56545,30288,35754260,574
23050000,2212187,16755261,7.57407,30314,35885498,559
23100000,2213394,16783148,7.58254,30343,36017500,554
23150000,2214635,16811194,7.59095,30372,36151549,552
23200000,2215833,16838904,7.599360000000001,30408,36283881,568
23250000,2217065,16866560,7.60761,30448,36422421,565
23300000,2218288,16894319,7.6159300000000005,30481,36556273,551
23350000,2219533,16922116,7.62418,30530,36694146,552
23400000,2220744,16949912,7.63254,30558,36827879,580
23450000,2221959,16977638,7.64084,30588,36955170,557
23500000,2223169,17005493,7.649210000000001,30620,37093191,572
23550000,2224403,17033095,7.65738,30654,37226520,567
23600000,2225666,17060748,7.66546,30685,37369566,544
23650000,2226828,17088177,7.673769999999999,30719,37501762,531
23700000,2227988,17115854,7.6822,30757,37637532,573
23750000,2229140,17143442,7.69061,30812,37773839,576
23800000,2230287,17170999,7.69901,30847,37913535,553
23850000,2231431,17198455,7.70737,30882,38052938,517
23900000,2232629,17225886,7.71552,30911,38191677,557
23950000,2233792,17253388,7.72381,30936,38322712,563
24000000,2234954,17280741,7.73203,30973,38461986,569
24050000,2236085,17308131,7.7403699999999995,31020,38594018,549
24100000,2237258,17335572,7.7485800000000005,31049,38726351,522
24150000,2238427,17362932,7.756760000000001,31098,38861175,571
24200000,2239630,17390135,7.76474,31140,38999054,545
24250000,2240791,17417371,7.772869999999999,31175,39137760,534
24300000,2242014,17444643,7.78079,31201,39274147,527
24350000,2243154,17471781,7.788939999999999,31244,39408943,533
24400000,2244244,17498933,7.79725,31275,39541816,553
24450000,2245452,17526152,7.80518,31312,39671545,565
24500000,2246573,17553430,7.81343,31352,39812871,546
24550000,2247695,17580719,7.82167,31385,39950859,551
24600000,2248793,17607743,7.829860000000001,31420,40090770,554
24650000,2249945,17634882,7.8379199999999996,31456,40228402,569
24700000,2251087,17662229,7.846089999999999,31497,40369550,532
24750000,2252206,17689211,7.85417,31533,40507547,534
24800000,2253362,17716186,7.86211,31577,40649088,544
24850000,2254519,17743266,7.870089999999999,31613,40790666,521
24900000,2255634,17770192,7.878139999999999,31648,40925661,519
24950000,2256735,17797082,7.88621,31682,41067590,527
25000000,2257824,17824030,7.89434,31720,41205611,531
25050000,2258927,17851204,7.90251,31752,41348570,532
25100000,2260039,17877984,7.910480000000001,31783,41485274,531
25150000,2261187,17905057,7.91843,31812,41627434,538
25200000,2262321,17931802,7.92629,31853,41768293,537
25250000,2263427,17958854,7.934360000000001,31885,41912043,551
25300000,2264510,17985650,7.9424,31936,42054729,525
25350000,2265637,18012407,7.950260000000001,31966,42190153,531
25400000,2266769,18039089,7.958060000000001,32015,42332873,565
25450000,2267873,18065805,7.9659699999999996,32046,42472709,570
25500000,2268961,18092451,7.973889999999999,32071,42610882,504
25550000,2270101,18119122,7.98164,32121,42749425,541
25600000,2271232,18146021,7.989510000000001,32154,42893787,547
25650000,2272295,18172579,7.99746,32192,43039192,514
25700000,2273327,18199081,8.00548,32226,43174966,539
25750000,2274320,18225729,8.0137,32257,43317616,522
25800000,2275378,18252437,8.02172,32300,43460708,543
25850000,2276401,18278898,8.029739999999999,32337,43604329,507
25900000,2277499,18305251,8.03744,32370,43747709,528
25950000,2278575,18331913,8.04534,32407,43888500,518
26000000,2279646,18358438,8.0532,32449,44031169,510
26050000,2280664,18384672,8.061110000000001,32492,44174521,564
26100000,2281739,18411293,8.06897,32523,44316682,504
26150000,2282801,18437810,8.076839999999999,32543,44455030,501
26200000,2283874,18464284,8.08463,32570,44595990,545
26250000,2284886,18490594,8.09257,32599,44740427,513
26300000,2285943,18517141,8.100439999999999,32632,44883205,523
26350000,2287000,18543520,8.10823,32660,45028668,520
26400000,2288107,18569704,8.11575,32695,45167317,518
26450000,2289145,18596018,8.123560000000001,32719,45311861,487
26500000,2290138,18622206,8.13148,32759,45459741,532
26550000,2291125,18648390,8.1394,32792,45600917,524
26600000,2292197,18674702,8.14708,32840,45745908,534
26650000,2293243,18700899,8.15478,32874,45889042,539
26700000,2294280,18727142,8.16254,32913,46032905,508
26750000,2295343,18753400,8.1702,32951,46179970,538
26800000,2296422,18779587,8.177760000000001,32987,46323004,537
26850000,2297390,18805797,8.18572,33016,46468794,526
26900000,2298359,18831828,8.1936,33047,46610815,518
26950000,2299348,18857788,8.201360000000001,33076,46750174,520
27000000,2300349,18883852,8.20912,33112,46892559,542
27050000,2301372,18909746,8.21673,33137,47036251,516
27100000,2302385,18935765,8.22441,33164,47181388,549
27150000,2303375,18961623,8.2321,33199,47328837,533
27200000,2304398,18987625,8.23973,33228,47474140,526
27250000,2305356,19013528,8.24755,33254,47621580,501
27300000,2306367,19039425,8.25516,33299,47763667,530
27350000,2307353,19065222,8.26281,33330,47907518,501
27400000,2308403,19091167,8.27029,33356,48051332,544
27450000,2309405,19117029,8.2779,33392,48200334,509
27500000,2310398,19142979,8.28558,33424,48340443,512
27550000,2311351,19168736,8.2933,33451,48486964,529
27600000,2312299,19194374,8.300989999999999,33485,48632521,482
27650000,2313279,19220238,8.30866,33525,48781806,516
27700000,2314256,19246123,8.31633,33559,48931112,531
27750000,2315210,19271938,8.324060000000001,33592,49081085,535
27800000,2316193,19297732,8.331660000000001,33618,49233351,525
27850000,2317117,19323685,8.33954,33651,49380619,505
27900000,2318100,19349355,8.34708,33686,49529315,513
27950000,2319015,19375042,8.35486,33724,49679195,497
28000000,2319978,19400801,8.36249,33751,49826259,498
28050000,2320975,19426516,8.36998,33781,49978459,491
28100000,2321913,19451945,8.37755,33815,50120378,507
28150000,2322883,19477397,8.385010000000001,33838,50271620,515
28200000,2323860,19502964,8.392489999999999,33865,50419654,509
28250000,2324775,19528509,8.40017,33904,50564712,518
28300000,2325753,19554034,8.40761,33933,50710120,518
28350000,2326616,19579494,8.41544,33967,50861465,548
28400000,2327587,19604861,8.422830000000001,33996,51009086,540
28450000,2328484,19630205,8.43047,34027,51163095,515
28500000,2329444,19655517,8.43786,34069,51306625,510
28550000,2330339,19680778,8.44546,34095,51451966,489
28600000,2331230,19706226,8.45315,34132,51599150,516
28650000,2332151,19731363,8.46059,34164,51737952,494
28700000,2333041,19756697,8.46822,34201,51885083,493
28750000,2333954,19782069,8.47578,34237,52036906,485
28800000,2334943,19807171,8.48294,34271,52184545,513
28850000,2335866,19832360,8.49037,34302,52329578,507
28900000,2336767,19857759,8.49796,34340,52468855,492
28950000,2337621,19883016,8.50566,34375,52620905,511
29000000,2338491,19908287,8.5133,34410,52771700,494
29050000,2339390,19933415,8.520769999999999,34444,52923003,481
29100000,2340362,19958660,8.52802,34476,53071957,498
29150000,2341296,19983476,8.535219999999999,34503,53221810,497
29200000,2342183,20008474,8.54266,34537,53375646,498
29250000,2343151,20033560,8.54984,34568,53528666,514
29300000,2344012,20058606,8.55738,34597,53682979,481
29350000,2344919,20083665,8.56476,34630,53831791,536
29400000,2345864,20108888,8.57206,34653,53979747,522
29450000,2346787,20133946,8.579369999999999,34689,54130029,466
29500000,2347694,20158849,8.58666,34709,54276023,485
29550000,2348682,20183932,8.59373,34737,54428253,509
29600000,2349606,20208899,8.60097,34771,54583924,517
29650000,2350493,20233709,8.60828,34800,54735110,491
29700000,2351364,20258553,8.61566,34826,54884180,470
29750000,2352276,20283362,8.622869999999999,34855,55028329,498
29800000,2353123,20308083,8.63027,34896,55178506,482
29850000,2354046,20332716,8.63735,34924,55325130,501
29900000,2354941,20357321,8.64451,34949,55475140,513
29950000,2355823,20382196,8.65184,34972,55632806,496
30000000,2356705,20406915,8.659089999999999,34997,55781837,484
30050000,2357582,20431705,8.66638,35031,55932396,510
30100000,2358482,20456359,8.67353,35066,56079489,489
30150000,2359370,20481025,8.680719999999999,35091,56227083,490
30200000,2360236,20505756,8.68801,35123,56378299,470
30250000,2361077,20530496,8.69539,35160,56527111,495
30300000,2361931,20555059,8.70265,35188,56673176,499
30350000,2362803,20579771,8.7099,35229,56822175,472
30400000,2363706,20604290,8.71694,35261,56972121,504
30450000,2364620,20628954,8.724,35294,57126060,498
30500000,2365464,20653440,8.73124,35336,57273295,496
30550000,2366322,20677899,8.73841,35367,57424590,489
30600000,2367232,20702356,8.745389999999999,35392,57573085,480
30650000,2368110,20726932,8.75252,35420,57726444,488
30700000,2368921,20751388,8.75985,35455,57885496,482
30750000,2369816,20775875,8.766869999999999,35490,58034913,500
30800000,2370643,20800358,8.77414,35522,58188186,480
30850000,2371504,20824732,8.78123,35549,58338007,478
30900000,2372363,20849110,8.78833,35572,58484743,476
30950000,2373218,20873439,8.79542,35600,58634242,498
31000000,2374064,20897840,8.80256,35629,58790379,516
31050000,2375009,20922267,8.809339999999999,35662,58944665,504
31100000,2375829,20946506,8.8165,35687,59100873,491
31150000,2376684,20970879,8.82359,35725,59258693,475
31200000,2377494,20995258,8.83084,35757,59415786,484
31250000,2378355,21019701,8.83792,35792,59569513,477
31300000,2379147,21043962,8.84517,35822,59723543,481
31350000,2380002,21068241,8.85219,35842,59874638,490
31400000,2380784,21092565,8.8595,35876,60027301,489
31450000,2381666,21116777,8.866389999999999,35901,60184415,488
31500000,2382472,21141085,8.87359,35929,60339121,518
31550000,2383285,21165198,8.88068,35952,60491664,478
31600000,2384113,21189258,8.88769,35974,60641819,486
31650000,2384940,21213317,8.8947,36013,60791788,494
31700000,2385785,21237497,8.90168,36037,60948870,489
31750000,2386659,21261448,8.90846,36072,61103808,465
31800000,2387525,21285662,8.91537,36099,61260684,507
31850000,2388338,21309549,8.92233,36127,61415835,467
31900000,2389146,21333581,8.92938,36158,61573530,478
31950000,2389923,21357942,8.93667,36187,61732973,496
32000000,2390736,21381989,8.94368,36213,61881908,455
32050000,2391557,21406047,8.95067,36245,62030420,511
32100000,2392347,21430098,8.95777,36276,62186959,474
32150000,2393090,21454128,8.96503,36298,62341639,499
32200000,2393875,21478087,8.9721,36327,62503117,482
32250000,2394612,21502071,8.97935,36355,62659801,466
32300000,2395383,21526042,8.986469999999999,36382,62814083,474
32350000,2396208,21549911,8.99334,36414,62971146,488
32400000,2397062,21573788,9.0001,36445,63131936,490
32450000,2397921,21597769,9.00687,36476,63289289,466
32500000,2398714,21621698,9.013869999999999,36523,63442371,501
32550000,2399499,21645495,9.02084,36548,63601387,463
32600000,2400303,21669341,9.02775,36576,63756619,475
32650000,2401098,21692947,9.03459,36596,63909943,466
32700000,2401805,21716712,9.041830000000001,36621,64064810,516
32750000,2402533,21740313,9.048910000000001,36652,64224834,493
32800000,2403341,21764129,9.05578,36677,64379495,480
32850000,2404146,21787994,9.06268,36703,64535453,508
32900000,2404941,21811747,9.069560000000001,36737,64691872,473
32950000,2405732,21835477,9.07644,36762,64851738,467
33000000,2406559,21858943,9.08307,36790,65005118,443
33050000,2407344,21882746,9.09,36823,65166786,459
33100000,2408108,21906139,9.09683,36851,65326013,450
33150000,2408944,21929698,9.10345,36873,65486224,497
33200000,2409738,21953373,9.11027,36906,65642727,489
33250000,2410583,21976920,9.11685,36930,65798931,435
33300000,2411291,22000366,9.1239,36961,65954964,482
33350000,2412081,22024025,9.13072,36987,66115132,464
33400000,2412819,22047578,9.13768,37015,66269447,482
33450000,2413559,22071048,9.14461,37047,66423370,464
33500000,2414317,22094302,9.15137,37083,66580746,433
33550000,2415041,22117595,9.15827,37103,66734903,470
33600000,2415787,22141059,9.16515,37126,66889004,470
33650000,2416534,22164507,9.17202,37156,67045000,495
33700000,2417274,22188118,9.178980000000001,37183,67209088,487
33750000,2418016,22211451,9.18582,37216,67365746,473
33800000,2418783,22234710,9.19252,37243,67522879,479
33850000,2419526,22258082,9.19936,37268,67674836,493
33900000,2420265,22281487,9.20622,37297,67830182,479
33950000,2420934,22304441,9.21316,37326,67978790,468
34000000,2421696,22327552,9.2198,37354,68139123,461
34050000,2422454,22351063,9.22662,37382,68302463,488
34100000,2423199,22374180,9.233319999999999,37409,68457161,472
34150000,2423943,22397456,9.240089999999999,37438,68616636,453
34200000,2424674,22420499,9.24681,37463,68775458,467
34250000,2425390,22443676,9.253639999999999,37483,68937582,455
34300000,2426150,22466754,9.26025,37516,69096273,462
34350000,2426893,22490021,9.267000000000001,37543,69256008,464
34400000,2427600,22513217,9.27386,37572,69418352,462
34450000,2428322,22536266,9.28059,37606,69572946,445
34500000,2429097,22559460,9.287180000000001,37636,69733458,461
34550000,2429801,22582503,9.29397,37663,69889046,473
34600000,2430543,22605650,9.30066,37686,70044823,443
34650000,2431250,22628623,9.3074,37708,70204881,470
34700000,2431994,22651515,9.31397,37736,70360523,460
34750000,2432684,22674557,9.3208,37762,70523046,461
34800000,2433421,22697520,9.32741,37795,70688308,461
34850000,2434122,22720498,9.33417,37827,70850871,445
34900000,2434893,22743283,9.34057,37848,71009273,433
34950000,2435609,22766335,9.34729,37879,71168599,439
35000000,2436349,22789270,9.353860000000001,37905,71326491,440
35050000,2437065,22812032,9.36045,37927,71483450,473
35100000,2437821,22834830,9.3669,37951,71643592,460
35150000,2438514,22857748,9.37364,37978,71802302,459
35200000,2439206,22880438,9.38028,38004,71957751,454
35250000,2440001,22903444,9.38665,38033,72111504,452
35300000,2440733,22926212,9.39317,38057,72268931,449
35350000,2441455,22948988,9.39972,38089,72432395,471
35400000,2442175,22971932,9.40634,38111,72595928,441
35450000,2442878,22994688,9.41295,38139,72759709,485
35500000,2443571,23017454,9.4196,38163,72918130,440
35550000,2444300,23040064,9.426039999999999,38188,73073686,463
35600000,2444959,23062573,9.4327,38212,73230499,439
35650000,2445670,23085262,9.43924,38243,73391756,451
35700000,2446329,23108188,9.446069999999999,38268,73552628,438
35750000,2446987,23130755,9.45275,38293,73709229,452
35800000,2447691,23153328,9.45925,38313,73867768,462
35850000,2448389,23175931,9.46579,38336,74029761,454
35900000,2449066,23198464,9.47237,38356,74186698,461
35950000,2449797,23221018,9.47875,38378,74346389,480
36000000,2450488,23243725,9.48535,38405,74510662,473
36050000,2451158,23266175,9.49191,38433,74670520,432
36100000,2451800,23288583,9.498569999999999,38456,74834042,436
36150000,2452469,23311013,9.50512,38486,74997098,440
36200000,2453169,23333279,9.51148,38508,75152661,455
36250000,2453875,23355746,9.5179,38532,75316773,488
36300000,2454573,23378305,9.524389999999999,38564,75479904,443
36350000,2455248,23400822,9.53094,38592,75640023,471
36400000,2455953,23423337,9.53737,38622,75801496,420
36450000,2456648,23445704,9.54378,38647,75959173,435
36500000,2457333,23468168,9.55026,38679,76123266,465
36550000,2458060,23490633,9.556569999999999,38712,76281298,443
36600000,2458759,23512929,9.56293,38743,76444808,450
36650000,2459429,23535155,9.569360000000001,38772,76612429,456
36700000,2460106,23557447,9.57579,38797,76774280,442
36750000,2460775,23579584,9.582180000000001,38821,76938390,458
36800000,2461462,23601912,9.588569999999999,38855,77101739,457
36850000,2462114,23624415,9.595180000000001,38873,77264230,447
36900000,2462745,23646506,9.60169,38896,77423329,411
36950000,2463407,23668895,9.6082,38915,77588521,430
37000000,2464072,23691184,9.61465,38945,77752494,439
37050000,2464729,23713184,9.62101,38969,77907106,422
37100000,2465381,23735413,9.62748,38997,78068770,423
37150000,2466033,23757557,9.63392,39024,78236227,442
37200000,2466624,23779567,9.64053,39051,78400142,455
37250000,2467270,23801655,9.64696,39069,78559033,440
37300000,2467953,23823918,9.653310000000001,39094,78725581,491
37350000,2468581,23846044,9.65982,39124,78891349,424
37400000,2469230,23868130,9.66622,39153,79053855,423
37450000,2469877,23890130,9.6726,39176,79217401,441
37500000,2470538,23912436,9.679039999999999,39202,79383926,435
37550000,2471188,23934431,9.68539,39215,79550508,438
37600000,2471842,23956443,9.69174,39243,79706361,453
37650000,2472488,23978549,9.69815,39274,79869060,451
37700000,2473135,24000496,9.70448,39301,80037999,434
37750000,2473799,24022243,9.71067,39323,80204096,458
37800000,2474442,24044165,9.717,39350,80367131,443
37850000,2475101,24066237,9.723339999999999,39372,80535121,450
37900000,2475794,24088298,9.729519999999999,39397,80696939,456
37950000,2476397,24110272,9.73603,39429,80859976,463
38000000,2477073,24132397,9.7423,39456,81018675,459
38050000,2477703,24154325,9.74868,39480,81184424,448
38100000,2478368,24176043,9.75482,39500,81349644,423
38150000,2478999,24197989,9.76119,39531,81511302,457
38200000,2479620,24219693,9.7675,39554,81667056,430
38250000,2480278,24241547,9.773719999999999,39573,81831067,405
38300000,2480927,24263388,9.77997,39595,81993730,412
38350000,2481578,24285160,9.78618,39620,82155459,462
38400000,2482181,24306903,9.79256,39649,82317457,437
38450000,2482848,24328547,9.79865,39675,82481816,438
38500000,2483462,24350306,9.80498,39693,82645955,411
38550000,2484094,24372104,9.81126,39714,82805942,443
38600000,2484719,24393850,9.81755,39747,82968120,439
38650000,2485363,24415463,9.8237,39771,83134774,429
38700000,2486006,24436851,9.82976,39797,83293107,443
38750000,2486637,24458590,9.83601,39821,83461293,423
38800000,2487285,24480267,9.84216,39847,83623882,413
38850000,2487912,24501715,9.8483,39868,83785323,404
38900000,2488529,24523460,9.8546,39899,83946832,437
38950000,2489117,24545065,9.86095,39921,84109982,426
39000000,2489763,24566788,9.86712,39942,84264061,448
39050000,2490363,24588448,9.873439999999999,39967,84429626,446
39100000,2490998,24610078,9.879610000000001,39996,84592380,419
39150000,2491601,24631861,9.88596,40021,84761026,421
39200000,2492202,24653552,9.89228,40044,84921551,443
39250000,2492830,24675021,9.8984,40062,85081198,426
39300000,2493403,24696442,9.904710000000001,40087,85249274,447
39350000,2493991,24718040,9.91104,40111,85418909,450
39400000,2494588,24739586,9.9173,40140,85581782,462
39450000,2495202,24760911,9.92341,40171,85746618,430
39500000,2495831,24782455,9.92954,40194,85906231,446
39550000,2496440,24804051,9.93577,40224,86071340,424
39600000,2497059,24825551,9.94192,40244,86238446,435
39650000,2497662,24846955,9.948089999999999,40264,86405956,435
39700000,2498273,24868354,9.95422,40294,86571341,423
39750000,2498895,24889774,9.96031,40329,86738517,424
39800000,2499430,24911091,9.96671,40358,86905608,386
39850000,2500042,24932632,9.97289,40394,87077376,427
39900000,2500603,24953738,9.97909,40416,87239892,418
39950000,2501204,24975050,9.98521,40439,87407499,424
40000000,2501763,24996251,9.99145,40461,87565490,423
40050000,2502349,25017498,9.99761,40488,87734885,426
40100000,2502909,25038725,10.0038,40511,87902562,400
40150000,2503566,25059900,10.0097,40530,88062343,454
40200000,2504181,25081167,10.0157,40552,88228668,417
40250000,2504777,25102181,10.0217,40574,88392663,412
40300000,2505368,25123662,10.0279,40605,88566060,446
40350000,2505933,25144884,10.0341,40635,88733229,423
40400000,2506496,25166026,10.0403,40660,88902895,421
40450000,2507084,25187030,10.0463,40697,89067707,418
40500000,2507649,25208130,10.0525,40716,89229132,396
40550000,2508220,25229277,10.0586,40746,89398837,415
40600000,2508782,25250403,10.0648,40771,89558456,428
40650000,2509318,25271581,10.0711,40785,89730641,390
40700000,2509899,25292572,10.0771,40810,89899523,428
40750000,2510489,25313878,10.0832,40835,90065911,424
40800000,2511106,25334887,10.0891,40856,90229927,426
40850000,2511708,25355949,10.0951,40887,90394250,409
40900000,2512279,25376952,10.1012,40912,90558293,420
40950000,2512841,25397953,10.1073,40925,90729825,433
41000000,2513360,25418900,10.1135,40952,90895192,386
41050000,2513915,25439812,10.1196,40972,91051562,431
41100000,2514480,25460864,10.1257,40993,91220564,436
41150000,2515063,25481980,10.1317,41019,91382664,439
41200000,2515626,25502870,10.1378,41046,91556426,400
41250000,2516167,25523878,10.144,41064,91726033,423
41300000,2516697,25544848,10.1501,41096,91892474,421
41350000,2517277,25565531,10.156,41124,92066695,414
41400000,2517843,25586262,10.162,41142,92228780,417
41450000,2518402,25606835,10.1679,41178,92386583,415
41500000,2518928,25627623,10.174,41207,92556331,411
41550000,2519464,25648408,10.1801,41232,92716891,425
41600000,2520059,25669265,10.186,41260,92879012,380
41650000,2520601,25690011,10.192,41283,93043450,451
41700000,2521193,25710847,10.1979,41299,93204575,447
41750000,2521772,25731747,10.2038,41324,93377476,393
41800000,2522320,25752406,10.2098,41358,93541958,398
41850000,2522870,25773132,10.2158,41367,93706868,433
41900000,2523467,25793868,10.2216,41390,93873552,436
41950000,2524019,25814579,10.2276,41414,94035780,407
42000000,2524574,25835262,10.2335,41432,94199720,393
42050000,2525113,25855916,10.2395,41454,94367541,443
42100000,2525660,25876589,10.2455,41477,94533040,427
42150000,2526189,25897115,10.2515,41500,94704618,437
42200000,2526677,25917682,10.2576,41517,94875216,409
42250000,2527221,25938112,10.2635,41539,95038143,400
42300000,2527788,25958785,10.2694,41561,95205254,403
42350000,2528339,25979549,10.2753,41589,95375179,433
42400000,2528929,26000205,10.2811,41618,95543612,427
42450000,2529468,26020864,10.2871,41642,95712503,435
42500000,2530062,26041464,10.2928,41661,95881097,407
42550000,2530611,26062063,10.2987,41686,96052486,421
42600000,2531111,26082567,10.3048,41709,96219900,407
42650000,2531648,26103060,10.3107,41736,96390925,421
42700000,2532237,26123772,10.3165,41762,96556712,424
42750000,2532799,26144378,10.3223,41790,96725203,430
42800000,2533368,26165104,10.3282,41820,96896481,403
42850000,2533909,26185332,10.334000000000001,41840,97065525,410
42900000,2534422,26205668,10.3399,41857,97235276,421
42950000,2534970,26225962,10.3457,41878,97400222,422
43000000,2535500,26246410,10.3516,41904,97568298,434
43050000,2536062,26266759,10.3573,41927,97737586,413
43100000,2536548,26287272,10.3634,41942,97905905,413
43150000,2537082,26307552,10.3692,41968,98073338,428
43200000,2537614,26327852,10.375,41988,98246246,386
43250000,2538145,26348274,10.3809,42003,98411925,398
43300000,2538730,26368461,10.3865,42034,98584050,388
43350000,2539296,26389027,10.3923,42059,98752032,416
43400000,2539839,26409398,10.3981,42079,98925044,395
43450000,2540370,26429550,10.4038,42111,99094225,409
43500000,2540877,26449986,10.4098,42141,99267757,390
43550000,2541436,26470202,10.4155,42164,99432941,422
43600000,2541963,26490271,10.4212,42175,99597571,424
43650000,2542484,26510697,10.4271,42201,99771426,432
43700000,2543002,26531030,10.433,42230,99934736,422
43750000,2543537,26551197,10.4387,42247,100103134,388
43800000,2544067,26571385,10.4445,42266,100267672,403
43850000,2544570,26591570,10.4503,42289,100439981,406
43900000,2545139,26611852,10.456,42314,100611828,409
43950000,2545611,26632087,10.462,42335,100782239,381
44000000,2546143,26652328,10.4677,42360,100950878,396
44050000,2546670,26672452,10.4735,42386,101114237,381
44100000,2547201,26692689,10.4792,42405,101289769,405
44150000,2547664,26712730,10.4852,42427,101452767,403
44200000,2548182,26732698,10.4909,42446,101614105,381
44250000,2548738,26752853,10.4965,42463,101784119,428
44300000,2549273,26772877,10.5022,42482,101954396,394
44350000,2549801,26793035,10.5079,42507,102123197,381
44400000,2550338,26812881,10.5135,42524,102287610,407
44450000,2550816,26833012,10.5194,42549,102459480,402
44500000,2551333,26853069,10.5251,42573,102628737,379
44550000,2551855,26872972,10.5308,42598,102797999,408
44600000,2552391,26892992,10.5364,42622,102968599,398
44650000,2552911,26912947,10.5421,42649,103137683,392
44700000,2553431,26932788,10.5477,42661,103305949,385
44750000,2553918,26952850,10.5535,42680,103475531,414
44800000,2554405,26972895,10.5594,42702,103643155,399
44850000,2554922,26992781,10.565,42721,103814389,390
44900000,2555459,27012644,10.5706,42751,103982383,375
44950000,2555930,27032537,10.5764,42760,104151866,375
45000000,2556446,27052312,10.582,42787,104328869,397
45050000,2556961,27072329,10.5877,42808,104502189,428
45100000,2557473,27092183,10.5933,42834,104672496,408
45150000,2557971,27112041,10.599,42862,104835332,384
45200000,2558482,27131838,10.6047,42886,105003811,392
45250000,2558949,27151770,10.6105,42912,105174615,406
45300000,2559426,27171623,10.6163,42942,105341423,400
45350000,2559899,27191334,10.622,42967,105510452,401
45400000,2560394,27211180,10.6277,42996,105676270,399
45450000,2560884,27230974,10.6334,43011,105843144,396
45500000,2561372,27250728,10.6391,43039,106015400,421
45550000,2561863,27270345,10.6447,43060,106181793,411
45600000,2562389,27290198,10.6503,43084,106350858,385
45650000,2562878,27309900,10.655999999999999,43107,106519857,401
45700000,2563380,27329689,10.6616,43135,106683125,412
45750000,2563868,27349325,10.6672,43154,106858859,408
45800000,2564341,27368875,10.6729,43177,107028371,394
45850000,2564830,27388412,10.6785,43196,107201822,388
45900000,2565269,27407803,10.6842,43220,107369261,397
45950000,2565764,27427504,10.6898,43241,107537111,397
46000000,2566214,27447241,10.6956,43258,107713146,406
46050000,2566696,27466777,10.7012,43283,107880027,394
46100000,2567155,27486505,10.707,43301,108041248,389
46150000,2567641,27505988,10.7126,43330,108214704,366
46200000,2568151,27525519,10.718,43351,108381904,374
46250000,2568642,27545176,10.7236,43374,108554549,380
46300000,2569092,27564796,10.7294,43395,108735674,403
46350000,2569556,27584292,10.735,43417,108907972,392
46400000,2570013,27603614,10.7407,43436,109079951,404
46450000,2570487,27623160,10.7463,43450,109256055,428
46500000,2570947,27642555,10.7519,43466,109424142,391
46550000,2571462,27661939,10.7573,43489,109598491,390
46600000,2571960,27681440,10.7628,43510,109773086,401
46650000,2572444,27700935,10.7683,43523,109944421,376
46700000,2572959,27720416,10.7737,43548,110114686,379
46750000,2573432,27739727,10.7793,43565,110283302,371
46800000,2573863,27759133,10.785,43584,110450519,386
46850000,2574332,27778467,10.7906,43613,110630574,401
46900000,2574832,27797823,10.796,43636,110798677,372
46950000,2575276,27817045,10.8016,43651,110971491,399
47000000,2575756,27836488,10.8071,43665,111142665,382
47050000,2576236,27855983,10.8127,43680,111317240,420
47100000,2576748,27875556,10.8181,43710,111495150,361
47150000,2577183,27894870,10.8238,43729,111669228,381
47200000,2577646,27914135,10.8293,43755,111840925,425
47250000,2578091,27933276,10.8349,43776,112008314,389
47300000,2578559,27952500,10.8404,43801,112183525,356
47350000,2579020,27971749,10.8459,43825,112348987,369
47400000,2579469,27991066,10.8515,43848,112526281,388
47450000,2579947,28010213,10.8569,43876,112691824,358
47500000,2580421,28029338,10.8623,43899,112856590,373
47550000,2580884,28048654,10.8678,43919,113027085,383
47600000,2581337,28067977,10.8734,43938,113193614,361
47650000,2581817,28087173,10.8788,43958,113366648,357
47700000,2582292,28106477,10.8843,43979,113528251,394
47750000,2582785,28125415,10.8896,43999,113692787,370
47800000,2583236,28144628,10.8951,44019,113866570,408
47850000,2583671,28163586,10.9006,44037,114031559,396
47900000,2584148,28182633,10.905999999999999,44063,114199046,389
