timestep,num_nodes,num_edges,average_degree,max_degree,num_triangles,new_edges
0,1943,999,0.514153,3,0,999
50000,71043,50931,0.716904,135,18,999
100000,122564,100728,0.82184,281,99,994
150000,165887,150401,0.906647,396,324,995
200000,204399,199956,0.9782629999999999,506,734,987
250000,239314,249400,1.04215,632,1317,988
300000,271289,298714,1.10109,773,2061,984
350000,301192,347870,1.15498,892,3060,977
400000,329042,396947,1.2063700000000002,1011,4300,980
450000,355355,445939,1.25491,1146,5840,981
500000,380054,494828,1.30199,1285,7591,975
550000,404014,543579,1.34545,1384,9698,977
600000,426674,592293,1.38816,1514,12103,965
650000,448458,640926,1.42918,1640,14872,965
700000,469295,689318,1.46884,1758,18132,960
750000,489299,737651,1.50757,1868,21530,969
800000,508541,785858,1.54532,1967,25038,971
850000,527375,834032,1.58148,2086,29226,952
900000,545463,882132,1.61722,2215,33812,959
950000,563251,930115,1.65133,2339,38629,961
1000000,580443,977930,1.6848,2467,43977,954
1050000,597008,1025742,1.7181400000000002,2569,49624,949
1100000,613110,1073435,1.7508,2686,55467,959
1150000,629009,1121016,1.7821900000000002,2797,61843,947
1200000,644418,1168489,1.81325,2916,68576,956
1250000,659313,1215881,1.8441599999999998,3045,75949,934
1300000,673731,1263179,1.8749,3158,83481,942
1350000,688209,1310461,1.9041599999999999,3272,91643,941
1400000,702137,1357547,1.93345,3400,100183,933
1450000,715670,1404637,1.96269,3503,108790,931
1500000,729016,1451694,1.99131,3605,118197,950
1550000,742046,1498539,2.01947,3709,128156,928
1600000,754731,1545298,2.0474799999999997,3821,138088,935
1650000,767193,1591884,2.07495,3921,148331,918
1700000,779423,1638561,2.10227,4026,159321,939
1750000,791594,1685115,2.1287599999999998,4121,170649,920
1800000,803417,1731593,2.15529,4224,182210,932
1850000,814907,1777890,2.18171,4337,194527,928
1900000,826279,1824119,2.20763,4458,207425,929
1950000,837568,1870194,2.2328900000000003,4547,220359,926
2000000,848750,1916260,2.25774,4648,234186,914
2050000,859663,1962256,2.2825900000000003,4753,248212,916
2100000,870288,2008216,2.30753,4875,262531,913
2150000,880725,2054008,2.33218,4985,276661,923
2200000,891076,2099799,2.35648,5084,291730,917
2250000,901289,2145448,2.38042,5194,307180,926
2300000,911498,2190976,2.40371,5309,322955,918
2350000,921603,2236610,2.42687,5406,339938,910
2400000,931340,2282126,2.45037,5515,356066,904
2450000,941065,2327496,2.47326,5628,373211,898
2500000,950524,2372728,2.4962299999999997,5720,390226,899
2550000,959985,2418012,2.5188,5821,408116,914
2600000,969315,2463238,2.54122,5929,427462,904
2650000,978382,2508142,2.56356,6045,447139,895
2700000,987417,2553187,2.5857200000000002,6137,466120,906
2750000,996278,2598164,2.60787,6228,485804,897
2800000,1004939,2642957,2.62997,6327,506203,908
2850000,1013581,2687754,2.65174,6423,527407,892
2900000,1022185,2732544,2.6732400000000003,6514,548518,901
2950000,1030679,2777131,2.69447,6631,569762,886
3000000,1038992,2821618,2.7157299999999998,6735,591866,900
3050000,1047163,2866052,2.73697,6828,613981,904
3100000,1055331,2910541,2.75794,6923,637485,881
3150000,1063416,2954811,2.7786,7012,660782,878
3200000,1071278,2998994,2.79945,7102,684564,899
3250000,1079162,3043217,2.8199799999999997,7188,708696,895
3300000,1086862,3087349,2.84061,7276,733177,877
3350000,1094586,3131484,2.86088,7354,758023,879
3400000,1102081,3175340,2.88122,7457,782917,866
3450000,1109728,3219254,2.9009400000000003,7561,807688,887
3500000,1117139,3263050,2.9209,7637,834049,876
3550000,1124489,3306830,2.9407400000000004,7737,860444,869
3600000,1131819,3350529,2.9603,7844,887655,846
3650000,1139065,3394220,2.9798299999999998,7935,916191,870
3700000,1146161,3437706,2.99932,8024,943908,885
3750000,1153201,3481246,3.01877,8110,972482,860
3800000,1160165,3524779,3.03817,8182,1001368,866
3850000,1167057,3568054,3.0573099999999998,8286,1031200,859
3900000,1173985,3611323,3.07612,8375,1061092,873
3950000,1180812,3654711,3.09508,8469,1092198,881
4000000,1187669,3698003,3.11366,8558,1124436,880
4050000,1194243,3741115,3.13262,8643,1155366,848
4100000,1200794,3784161,3.15138,8741,1188058,861
4150000,1207278,3826995,3.16994,8841,1219794,846
4200000,1213846,3869890,3.18812,8947,1252095,868
4250000,1220202,3912614,3.20653,9045,1285627,845
4300000,1226553,3955332,3.22475,9121,1319646,861
4350000,1232653,3998031,3.24344,9220,1354076,858
4400000,1239028,4040649,3.26114,9305,1387608,862
4450000,1245110,4083168,3.27936,9388,1421952,865
4500000,1251212,4125656,3.29733,9472,1456863,848
4550000,1257289,4168111,3.3151599999999997,9542,1492917,853
4600000,1263132,4210262,3.33319,9626,1528842,835
4650000,1268890,4252495,3.35135,9707,1565039,856
4700000,1274858,4294711,3.36878,9811,1600583,825
4750000,1280567,4336859,3.3866699999999996,9881,1640476,828
4800000,1286404,4379066,3.4041099999999997,9965,1678952,842
4850000,1292129,4421142,3.42159,10037,1716318,840
4900000,1297768,4463128,3.43908,10119,1753480,839
4950000,1303504,4505077,3.4561300000000004,10207,1793368,852
5000000,1309156,4546917,3.4731699999999996,10299,1834023,838
5050000,1314694,4588702,3.4903199999999996,10378,1871844,835
5100000,1320234,4630457,3.5073,10455,1912309,823
5150000,1325666,4672144,3.52437,10534,1952998,836
5200000,1331080,4713731,3.5412800000000004,10617,1993234,842
5250000,1336428,4755374,3.55827,10696,2034604,833
5300000,1341832,4796771,3.57479,10791,2076924,813
5350000,1347108,4838151,3.59151,10859,2119243,841
5400000,1352524,4879518,3.60771,10940,2162313,827
5450000,1357740,4920785,3.62425,11029,2205213,822
5500000,1362934,4961989,3.6406699999999996,11103,2248401,816
5550000,1368067,5003084,3.65705,11188,2290627,814
5600000,1373139,5044154,3.67345,11261,2334375,834
5650000,1378234,5085188,3.6896400000000003,11330,2378133,826
5700000,1383227,5126085,3.70589,11409,2422948,800
5750000,1388033,5166998,3.7225300000000003,11482,2467913,821
5800000,1393018,5208003,3.73865,11560,2513656,816
5850000,1398016,5248755,3.75443,11640,2560077,812
5900000,1402897,5289512,3.7704199999999997,11721,2605999,833
5950000,1407637,5330218,3.7866400000000002,11802,2651989,820
6000000,1412497,5370947,3.80245,11870,2698998,810
6050000,1417193,5411316,3.8183300000000004,11952,2746010,813
6100000,1421862,5451898,3.83434,12046,2793036,818
6150000,1426550,5492329,3.85008,12119,2840932,806
6200000,1431337,5532701,3.86541,12194,2889542,817
6250000,1435969,5573070,3.88105,12266,2938277,807
6300000,1440597,5613389,3.8965699999999996,12341,2988162,805
6350000,1445265,5653656,3.91185,12419,3036861,793
6400000,1449794,5693822,3.9273300000000004,12509,3087015,792
6450000,1454419,5733896,3.9424,12592,3138382,804
6500000,1458867,5774065,3.95791,12672,3189358,795
6550000,1463328,5814096,3.9732,12760,3242462,782
6600000,1467807,5854198,3.9884,12851,3295153,798
6650000,1472252,5894139,4.00349,12933,3347558,813
6700000,1476582,5933967,4.01872,13013,3400910,812
6750000,1480946,5973837,4.0338,13081,3452442,802
6800000,1485348,6013609,4.04862,13152,3504276,813
6850000,1489706,6053419,4.0635,13235,3558929,796
6900000,1493993,6093092,4.07839,13293,3610731,812
6950000,1498175,6132720,4.093459999999999,13362,3665546,804
7000000,1502422,6172352,4.10827,13432,3720770,813
7050000,1506631,6211716,4.12292,13506,3776658,800
7100000,1510765,6251099,4.1377,13577,3832933,783
7150000,1514815,6290347,4.15255,13651,3891310,782
7200000,1518952,6329574,4.16707,13728,3947475,788
7250000,1522959,6368758,4.181830000000001,13803,4003622,770
7300000,1527034,6408099,4.19644,13869,4061658,792
7350000,1531104,6447324,4.2109,13924,4119985,790
7400000,1535075,6486567,4.225569999999999,14001,4178370,783
7450000,1539006,6525558,4.24011,14083,4234527,767
7500000,1542939,6564568,4.25459,14159,4293205,798
7550000,1546782,6603565,4.26923,14225,4353734,784
7600000,1550711,6642377,4.283440000000001,14288,4411473,760
7650000,1554617,6681144,4.29761,14368,4471811,776
7700000,1558388,6719927,4.3121,14450,4529834,767
7750000,1562172,6758681,4.32646,14529,4591441,777
7800000,1566084,6797330,4.34034,14591,4652363,757
7850000,1569909,6836025,4.35441,14662,4715216,786
7900000,1573655,6874578,4.36854,14734,4778607,759
7950000,1577464,6913160,4.38245,14794,4842772,803
8000000,1581042,6951782,4.39696,14867,4905037,785
8050000,1584772,6990294,4.410909999999999,14958,4966705,806
8100000,1588344,7028543,4.42508,15026,5030610,761
8150000,1591898,7066866,4.43927,15090,5093497,754
8200000,1595628,7105227,4.45293,15142,5157038,756
8250000,1599316,7143400,4.4665300000000006,15218,5219909,780
8300000,1602915,7181706,4.4804,15282,5282678,776
8350000,1606446,7219888,4.49432,15363,5347661,754
8400000,1610024,7257995,4.508,15449,5412694,763
8450000,1613607,7295933,4.52151,15510,5477848,770
8500000,1617184,7333895,4.53498,15574,5542053,779
8550000,1620673,7371975,4.54871,15644,5607790,780
8600000,1624218,7410009,4.5622,15704,5673926,758
8650000,1627730,7447915,4.57565,15782,5742132,774
8700000,1631194,7485811,4.58916,15854,5809408,766
8750000,1634619,7523696,4.60272,15910,5875467,768
8800000,1637947,7561468,4.61643,15982,5943566,726
8850000,1641322,7599267,4.62997,16046,6009891,764
8900000,1644702,7636891,4.643330000000001,16121,6077129,756
8950000,1648089,7674489,4.6566,16190,6146583,737
9000000,1651460,7712131,4.6698900000000005,16267,6217403,752
9050000,1654802,7749652,4.68313,16328,6284901,763
9100000,1658143,7787172,4.69632,16391,6353149,774
9150000,1661349,7824491,4.70972,16459,6424043,755
9200000,1664598,7861699,4.72288,16524,6493857,746
9250000,1667815,7898982,4.73613,16589,6564797,743
9300000,1671013,7936152,4.7493099999999995,16655,6636489,748
9350000,1674204,7973572,4.7626,16717,6710452,739
9400000,1677491,8010650,4.77538,16783,6783111,704
9450000,1680695,8047877,4.7884199999999995,16846,6856617,747
9500000,1683887,8084945,4.80136,16909,6930320,740
9550000,1687093,8122057,4.81423,16970,7001276,741
9600000,1690268,8159084,4.82709,17034,7073041,748
9650000,1693346,8196158,4.84021,17091,7148129,733
9700000,1696455,8233032,4.85308,17143,7222453,733
9750000,1699609,8269725,4.86566,17210,7295481,740
9800000,1702721,8306484,4.87836,17277,7369069,726
9850000,1705757,8343372,4.8913,17356,7445535,763
9900000,1708867,8380157,4.90393,17411,7518581,725
9950000,1711953,8416912,4.91656,17463,7593653,735
10000000,1714991,8453448,4.92915,17531,7668179,735
10050000,1718025,8490010,4.941730000000001,17599,7743555,747
10100000,1721035,8526307,4.9541699999999995,17680,7822522,750
10150000,1724042,8562930,4.96678,17748,7902633,736
10200000,1727049,8599325,4.9792,17802,7978117,737
10250000,1729975,8635636,4.99177,17877,8056937,745
10300000,1732866,8671898,5.00437,17939,8135671,718
10350000,1735764,8708086,5.016859999999999,17993,8214336,690
10400000,1738723,8744250,5.02912,18051,8294664,729
10450000,1741737,8780440,5.0412,18106,8373929,725
10500000,1744683,8816561,5.05339,18153,8450095,711
10550000,1747487,8852643,5.065930000000001,18225,8527355,691
10600000,1750384,8888728,5.07816,18280,8604091,724
10650000,1753238,8924843,5.09049,18330,8681694,716
10700000,1755963,8960764,5.10305,18374,8760612,724
10750000,1758751,8996660,5.1153699999999995,18441,8840235,734
10800000,1761536,9032578,5.127669999999999,18489,8919758,691
10850000,1764381,9068444,5.13973,18552,9002372,716
10900000,1767140,9104023,5.15184,18609,9086185,734
10950000,1769919,9139687,5.1639,18676,9165948,722
11000000,1772756,9175558,5.17587,18736,9248493,717
11050000,1775595,9211066,5.18759,18797,9327165,721
11100000,1778283,9246662,5.19977,18853,9409019,706
11150000,1781069,9282298,5.21164,18910,9491198,704
11200000,1783724,9317983,5.22389,18983,9576556,698
11250000,1786407,9353516,5.23594,19034,9661997,710
11300000,1789148,9388984,5.24774,19091,9744098,730
11350000,1791772,9424515,5.25989,19162,9829482,725
11400000,1794316,9459974,5.27219,19229,9913297,720
11450000,1797044,9495129,5.28375,19281,9997503,714
11500000,1799745,9530593,5.29552,19341,10080634,718
11550000,1802400,9565788,5.30725,19404,10162032,720
11600000,1805018,9601016,5.31907,19459,10247138,706
11650000,1807680,9636341,5.33078,19529,10333905,702
11700000,1810197,9671469,5.34277,19591,10419344,694
11750000,1812816,9706600,5.354430000000001,19642,10503336,705
11800000,1815489,9741735,5.3659,19698,10589011,728
11850000,1817958,9776680,5.37784,19762,10677232,703
11900000,1820508,9811649,5.38951,19825,10761595,712
11950000,1823106,9846483,5.40094,19884,10847944,685
12000000,1825652,9881321,5.41249,19935,10935406,696
12050000,1828209,9916065,5.42392,19987,11022891,688
12100000,1830723,9950855,5.43548,20048,11112449,692
12150000,1833222,9985780,5.44712,20113,11202988,703
12200000,1835726,10020466,5.45858,20169,11288769,685
12250000,1838145,10055141,5.470269999999999,20247,11382198,687
12300000,1840584,10089836,5.48187,20314,11471100,693
12350000,1843088,10124217,5.4930699999999995,20367,11559032,712
12400000,1845642,10158896,5.5042599999999995,20413,11649863,687
12450000,1848067,10193454,5.51574,20472,11740619,704
12500000,1850607,10228006,5.52684,20519,11834134,701
12550000,1852974,10262458,5.53837,20578,11925015,681
12600000,1855427,10296977,5.54965,20624,12015282,675
12650000,1857838,10331357,5.56096,20676,12103662,692
12700000,1860191,10365713,5.57239,20737,12193359,688
12750000,1862574,10400042,5.58369,20779,12282064,692
12800000,1864902,10434292,5.59509,20835,12376214,698
12850000,1867207,10468542,5.60652,20885,12467032,659
12900000,1869606,10502847,5.61768,20936,12558531,701
12950000,1871937,10536769,5.62881,20989,12650857,695
13000000,1874248,10570981,5.64012,21057,12739118,685
13050000,1876534,10604979,5.65137,21113,12832279,688
13100000,1878862,10639024,5.66248,21170,12923220,680
13150000,1881204,10673092,5.67354,21231,13015072,664
13200000,1883420,10706767,5.68475,21294,13113289,669
13250000,1885676,10740492,5.69583,21346,13206080,680
13300000,1887971,10774535,5.70694,21407,13302585,675
13350000,1890308,10808334,5.71776,21448,13398508,651
13400000,1892599,10842136,5.7287,21493,13491499,676
13450000,1894895,10876035,5.73965,21552,13588235,657
13500000,1897101,10909548,5.75064,21595,13686338,688
13550000,1899330,10943217,5.76162,21661,13780844,697
13600000,1901574,10976898,5.772530000000001,21712,13877973,679
13650000,1903699,11010543,5.78376,21771,13975939,656
13700000,1905940,11043967,5.7945,21823,14070751,683
13750000,1908230,11077528,5.80513,21875,14167009,678
13800000,1910454,11111118,5.81596,21929,14263821,679
13850000,1912711,11144659,5.826630000000001,21986,14361346,653
13900000,1914905,11178045,5.83739,22037,14454857,656
13950000,1917032,11211399,5.84831,22088,14551870,656
14000000,1919254,11244744,5.85891,22133,14649345,667
14050000,1921402,11278130,5.86974,22189,14747846,693
14100000,1923513,11311608,5.8807,22235,14847972,676
14150000,1925653,11344795,5.8914,22288,14946897,660
14200000,1927812,11378097,5.902080000000001,22326,15043945,685
14250000,1929888,11411381,5.91298,22379,15144376,679
14300000,1932003,11444412,5.9236,22430,15241742,672
14350000,1934046,11477503,5.93445,22488,15342750,668
14400000,1936210,11510496,5.94486,22531,15440680,662
14450000,1938237,11543598,5.9557199999999995,22584,15542157,656
14500000,1940370,11576560,5.9661599999999995,22634,15641157,663
14550000,1942406,11609408,5.97682,22675,15743017,657
14600000,1944457,11642226,5.98739,22732,15842301,642
14650000,1946491,11675202,5.99808,22787,15945674,696
14700000,1948533,11708217,6.00873,22826,16051977,677
14750000,1950576,11741074,6.01929,22889,16154175,670
14800000,1952632,11773953,6.02979,22942,16255658,657
14850000,1954797,11806921,6.039969999999999,22981,16360978,670
14900000,1956921,11839673,6.05015,23031,16464934,636
14950000,1958990,11872325,6.06043,23089,16567227,660
15000000,1961011,11904918,6.07081,23142,16669223,645
15050000,1963065,11937565,6.08108,23193,16771349,687
15100000,1965046,11970251,6.09159,23246,16874568,673
15150000,1967117,12002749,6.1017,23285,16976894,636
15200000,1969107,12035030,6.11192,23337,17082633,646
15250000,1971081,12067488,6.122269999999999,23392,17185200,645
15300000,1973113,12099873,6.13238,23442,17290443,633
15350000,1975056,12132320,6.14277,23489,17395909,635
15400000,1976975,12164881,6.1532800000000005,23547,17502523,626
15450000,1978930,12197262,6.1635599999999995,23595,17605478,654
15500000,1980859,12229561,6.17387,23647,17707322,619
15550000,1982779,12261865,6.1841800000000005,23694,17814285,625
15600000,1984780,12294234,6.19426,23745,17920874,665
15650000,1986654,12326242,6.20452,23802,18029162,635
15700000,1988571,12358551,6.21479,23846,18136757,616
15750000,1990438,12390597,6.22506,23893,18244177,628
15800000,1992388,12422548,6.235,23924,18350756,632
15850000,1994317,12454648,6.24507,23992,18459162,635
15900000,1996228,12486765,6.25518,24049,18567761,649
15950000,1998126,12518694,6.265219999999999,24096,18673202,625
16000000,1999971,12550739,6.27546,24144,18778144,637
16050000,2001812,12582704,6.28566,24185,18888755,623
16100000,2003695,12614518,6.29563,24225,18996769,635
16150000,2005531,12646395,6.30576,24276,19107123,671
16200000,2007405,12678304,6.31577,24335,19216290,646
16250000,2009266,12710138,6.32576,24386,19326168,645
16300000,2011119,12741939,6.33575,24424,19434481,626
16350000,2013013,12773751,6.3455900000000005,24469,19541061,642
16400000,2014848,12805539,6.35559,24521,19650008,630
16450000,2016623,12837218,6.3657,24579,19760160,633
16500000,2018420,12868965,6.37576,24627,19872524,623
16550000,2020197,12900638,6.38583,24685,19983127,643
16600000,2021957,12932195,6.39588,24735,20092489,633
16650000,2023771,12963600,6.40567,24781,20200551,633
16700000,2025513,12995117,6.415719999999999,24824,20308604,625
16750000,2027298,13026343,6.42547,24862,20417526,631
16800000,2029047,13057747,6.43541,24912,20528112,622
16850000,2030773,13089017,6.44534,24966,20640389,622
16900000,2032565,13120363,6.455080000000001,25017,20752944,628
16950000,2034359,13151761,6.46482,25066,20870305,653
17000000,2036129,13183197,6.47464,25118,20980764,652
17050000,2037926,13214561,6.484319999999999,25160,21090789,632
17100000,2039585,13245927,6.49442,25219,21207781,633
17150000,2041312,13277143,6.50422,25274,21324741,611
17200000,2043030,13308217,6.51396,25317,21434604,627
17250000,2044820,13339359,6.52349,25361,21547868,639
17300000,2046584,13370430,6.53305,25410,21660509,612
17350000,2048256,13401658,6.54296,25444,21774417,635
17400000,2049894,13432805,6.55293,25491,21887137,627
17450000,2051515,13463847,6.562880000000001,25538,22000897,630
17500000,2053204,13494882,6.5726,25584,22112082,604
17550000,2054927,13525902,6.58218,25645,22223804,608
17600000,2056701,13556867,6.59156,25688,22340859,644
17650000,2058373,13587765,6.60122,25734,22455388,597
17700000,2060076,13618687,6.61077,25777,22575776,625
17750000,2061773,13649567,6.620310000000001,25811,22688859,639
17800000,2063358,13680330,6.63013,25856,22801146,616
17850000,2065053,13710902,6.6394899999999994,25884,22913262,611
17900000,2066750,13741731,6.648960000000001,25924,23032060,582
17950000,2068377,13772538,6.65862,25970,23150584,618
18000000,2070012,13803286,6.66822,26018,23270020,612
18050000,2071635,13834092,6.677860000000001,26055,23385680,624
18100000,2073249,13864629,6.68739,26096,23499658,603
18150000,2074895,13895356,6.6969,26143,23617696,638
18200000,2076558,13925850,6.70622,26180,23732598,617
18250000,2078248,13956381,6.71546,26220,23850161,623
18300000,2079903,13986878,6.7247699999999995,26268,23966883,597
18350000,2081512,14017220,6.73415,26322,24087632,596
18400000,2083068,14047658,6.74373,26361,24202903,607
18450000,2084661,14078201,6.75323,26411,24323120,615
18500000,2086297,14108772,6.762589999999999,26458,24438825,621
18550000,2087931,14139406,6.77197,26497,24558344,633
18600000,2089538,14169764,6.781289999999999,26545,24678939,621
18650000,2091094,14200158,6.790780000000001,26596,24797882,575
18700000,2092660,14230392,6.80015,26637,24916816,605
18750000,2094163,14260533,6.809660000000001,26686,25031455,593
18800000,2095659,14290778,6.81923,26717,25152085,618
18850000,2097209,14320996,6.8286,26763,25270510,590
18900000,2098793,14351142,6.83781,26808,25390399,585
18950000,2100345,14381407,6.847160000000001,26848,25509969,614
19000000,2101826,14411561,6.8566899999999995,26878,25628836,596
19050000,2103377,14441532,6.865880000000001,26908,25747732,591
19100000,2104979,14471436,6.874860000000001,26953,25866193,597
19150000,2106555,14501398,6.883939999999999,26999,25986926,610
19200000,2108060,14531511,6.8933100000000005,27047,26106002,599
19250000,2109579,14561768,6.90269,27083,26229977,609
19300000,2111053,14591678,6.912039999999999,27128,26352030,598
19350000,2112552,14621802,6.92139,27178,26480206,592
19400000,2114110,14651554,6.93037,27216,26604638,583
19450000,2115614,14681390,6.939539999999999,27258,26725768,603
19500000,2117092,14711205,6.94878,27294,26850501,617
19550000,2118601,14740879,6.957839999999999,27334,26971676,595
19600000,2120106,14770724,6.96697,27374,27092015,567
19650000,2121594,14800288,6.97602,27425,27210651,580
19700000,2123029,14829741,6.985180000000001,27466,27332593,595
19750000,2124489,14859507,6.994389999999999,27527,27457954,608
19800000,2126029,14889178,7.00328,27569,27578663,601
19850000,2127437,14918891,7.0126100000000005,27613,27700839,613
19900000,2128920,14948798,7.021780000000001,27645,27824703,595
19950000,2130365,14978281,7.03085,27683,27949749,580
20000000,2131840,15007724,7.0398,27722,28069732,591
20050000,2133345,15037200,7.04865,27772,28192015,570
20100000,2134802,15066525,7.05757,27821,28314263,608
20150000,2136294,15095917,7.0664,27855,28440277,588
20200000,2137718,15125246,7.075419999999999,27895,28563580,596
20250000,2139075,15154606,7.08465,27946,28690335,599
20300000,2140484,15184046,7.0937399999999995,27987,28813400,567
20350000,2141903,15213420,7.102760000000001,28032,28940442,587
20400000,2143299,15242768,7.11183,28080,29067654,578
20450000,2144704,15272074,7.120830000000001,28120,29195585,612
20500000,2146106,15301323,7.129810000000001,28173,29321816,585
20550000,2147561,15330558,7.13859,28208,29447266,563
20600000,2148980,15359527,7.147360000000001,28247,29572653,581
20650000,2150431,15388833,7.156160000000001,28291,29698971,592
20700000,2151825,15418013,7.165089999999999,28343,29827583,565
20750000,2153258,15447010,7.1737899999999994,28378,29954114,577
20800000,2154697,15475971,7.18243,28413,30079752,581
20850000,2156043,15504852,7.19135,28454,30206737,597
20900000,2157388,15533842,7.2003,28489,30333204,573
20950000,2158771,15562723,7.20907,28523,30463517,595
21000000,2160107,15591689,7.21802,28565,30593317,593
21050000,2161479,15620616,7.22682,28605,30721045,535
21100000,2162930,15649581,7.235360000000001,28641,30847737,593
21150000,2164236,15678454,7.244339999999999,28681,30975948,582
21200000,2165560,15707400,7.25327,28723,31105180,579
21250000,2166925,15736233,7.262010000000001,28764,31232929,590
21300000,2168243,15765107,7.270910000000001,28803,31361374,554
21350000,2169627,15793848,7.27952,28835,31490507,600
21400000,2170941,15822708,7.288410000000001,28865,31618058,586
21450000,2172294,15851459,7.297110000000001,28902,31747546,572
21500000,2173666,15880207,7.3057300000000005,28950,31877512,570
21550000,2175008,15908954,7.314430000000001,28987,32001211,588
21600000,2176335,15937711,7.323189999999999,29035,32129179,554
21650000,2177645,15966276,7.3319,29062,32258533,589
21700000,2178963,15994822,7.34057,29105,32392498,574
21750000,2180244,16023361,7.34934,29145,32527035,567
21800000,2181571,16051909,7.35796,29189,32659385,564
21850000,2182833,16080517,7.366810000000001,29238,32791813,577
21900000,2184178,16109051,7.37534,29294,32921502,600
21950000,2185468,16137294,7.38391,29346,33044630,553
22000000,2186790,16165708,7.39244,29393,33168937,576
22050000,2188137,16194192,7.4009,29430,33299174,574
22100000,2189401,16222631,7.409619999999999,29470,33429733,584
22150000,2190769,16250916,7.4179,29505,33557019,593
22200000,2192017,16279450,7.4267,29555,33685468,560
22250000,2193243,16307696,7.43543,29596,33820103,544
22300000,2194516,16335932,7.443980000000001,29638,33948974,570
22350000,2195803,16364256,7.45252,29681,34080117,545
22400000,2197090,16392521,7.461010000000001,29728,34209288,585
22450000,2198381,16420682,7.46944,29753,34342378,591
22500000,2199635,16448808,7.47797,29803,34470836,543
22550000,2200862,16476765,7.486510000000001,29835,34602006,541
22600000,2202049,16504931,7.495260000000001,29882,34732285,599
22650000,2203316,16533145,7.503760000000001,29928,34865937,565
22700000,2204531,16561115,7.51231,29978,34994631,555
22750000,2205768,16589174,7.52082,30014,35120850,568
22800000,2206967,16617238,7.52945,30065,35251622,581
22850000,2208180,16645333,7.53803,30095,35382335,584
22900000,2209400,16673236,7.5465,30131,35513001,546
22950000,2210572,16701006,7.555060000000001,30163,35649920,569
23000000,2211839,16728911,7.56335,30207,35785598,579
23050000,2213076,16756582,7.57163,30243,35914534,566
23100000,2214271,16784372,7.580089999999999,30279,36045026,560
23150000,2215531,16812317,7.5883899999999995,30317,36178948,539
23200000,2216705,16840121,7.59692,30363,36313473,542
23250000,2217907,16867800,7.6052800000000005,30405,36445259,561
23300000,2219108,16895589,7.6136800000000004,30441,36573911,551
23350000,2220326,16923443,7.62205,30483,36706926,555
23400000,2221540,16951268,7.63041,30521,36846951,540
23450000,2222728,16979057,7.638839999999999,30548,36979539,580
23500000,2223921,17006815,7.64722,30593,37114813,540
23550000,2225116,17034497,7.65555,30626,37252914,514
23600000,2226273,17062260,7.66405,30664,37390181,572
23650000,2227496,17089853,7.67223,30703,37528811,564
23700000,2228684,17117420,7.680510000000001,30737,37661355,553
23750000,2229785,17145085,7.68912,30775,37798720,549
23800000,2230906,17172481,7.697539999999999,30822,37928153,537
23850000,2232099,17200078,7.7057899999999995,30858,38065615,516
23900000,2233236,17227487,7.7141399999999996,30892,38199933,562
23950000,2234410,17255018,7.7224,30939,38338700,526
24000000,2235636,17282473,7.73045,30977,38474091,554
24050000,2236813,17310035,7.7387,31021,38612782,546
24100000,2237981,17337501,7.7469399999999995,31054,38750630,534
24150000,2239159,17364894,7.7551,31100,38888906,585
24200000,2240277,17392216,7.76342,31134,39022117,534
24250000,2241419,17419461,7.7716199999999995,31161,39159977,548
24300000,2242579,17446829,7.77981,31187,39299428,515
24350000,2243704,17473969,7.787999999999999,31227,39432320,532
24400000,2244802,17501160,7.7963,31264,39570112,534
24450000,2245940,17528245,7.804410000000001,31307,39711969,538
24500000,2247085,17555285,7.812469999999999,31346,39847628,541
24550000,2248211,17582499,7.82066,31370,39983778,534
24600000,2249319,17609637,7.828869999999999,31421,40119995,584
24650000,2250478,17636974,7.836989999999999,31467,40263729,542
24700000,2251596,17663920,7.84507,31505,40405263,544
24750000,2252714,17690976,7.85318,31545,40544258,545
24800000,2253849,17717896,7.8611699999999995,31582,40679237,530
24850000,2254973,17744954,7.86925,31634,40816647,558
24900000,2256121,17771909,7.8772,31666,40956435,565
24950000,2257254,17798867,7.88519,31695,41094836,520
25000000,2258365,17825930,7.8932899999999995,31722,41233624,556
25050000,2259524,17852783,7.90113,31752,41368544,552
25100000,2260619,17879621,7.90917,31778,41505431,539
25150000,2261775,17906597,7.91705,31817,41645931,536
25200000,2262876,17933275,7.924989999999999,31846,41787245,517
25250000,2263974,17960037,7.93297,31883,41924970,553
25300000,2265018,17986730,7.9411,31919,42060187,526
25350000,2266066,18013599,7.94928,31959,42201375,535
25400000,2267167,18040373,7.95723,31990,42340981,561
25450000,2268273,18067173,7.96517,32026,42480020,522
25500000,2269324,18093730,7.97318,32057,42622706,527
25550000,2270405,18120456,7.981160000000001,32099,42758498,555
25600000,2271474,18146925,7.98905,32136,42900684,554
25650000,2272484,18173508,7.9972,32168,43043026,506
25700000,2273547,18199931,8.00508,32210,43184752,527
25750000,2274667,18226826,8.012960000000001,32246,43328233,553
25800000,2275731,18253339,8.02087,32283,43468241,542
25850000,2276771,18279906,8.02887,32316,43615277,562
25900000,2277818,18306526,8.03687,32345,43759203,540
25950000,2278893,18333087,8.04473,32373,43898203,504
26000000,2279973,18359432,8.052480000000001,32408,44040983,523
26050000,2281011,18385823,8.06038,32440,44179936,511
26100000,2282096,18412270,8.06814,32483,44319665,537
26150000,2283134,18438702,8.07605,32512,44463557,522
26200000,2284165,18464973,8.083910000000001,32545,44606737,522
26250000,2285155,18491283,8.09192,32581,44749163,509
26300000,2286220,18517564,8.099639999999999,32613,44889536,508
26350000,2287288,18543835,8.10735,32647,45027114,546
26400000,2288326,18570146,8.115169999999999,32672,45173370,530
26450000,2289328,18596299,8.12304,32710,45317760,516
26500000,2290333,18622409,8.13087,32753,45458013,524
26550000,2291382,18648524,8.13855,32786,45603827,554
26600000,2292333,18674693,8.14659,32819,45746941,529
26650000,2293351,18700905,8.1544,32850,45890392,526
26700000,2294370,18726952,8.16213,32882,46036014,541
26750000,2295390,18753218,8.16995,32910,46179554,545
26800000,2296436,18779408,8.17763,32938,46321817,524
26850000,2297476,18805666,8.185360000000001,32963,46461788,501
26900000,2298497,18831776,8.19308,33005,46607607,524
26950000,2299553,18857982,8.20072,33043,46750689,538
27000000,2300502,18883931,8.20861,33074,46894852,499
27050000,2301493,18910004,8.21641,33113,47038700,526
27100000,2302474,18936031,8.224210000000001,33148,47184520,502
27150000,2303498,18961882,8.23178,33176,47328905,539
27200000,2304507,18987811,8.239419999999999,33203,47474356,508
27250000,2305468,19013453,8.247110000000001,33236,47616427,520
27300000,2306447,19039471,8.25489,33260,47757868,534
27350000,2307455,19065495,8.26256,33289,47896041,489
27400000,2308411,19091585,8.270439999999999,33323,48042707,511
27450000,2309377,19117263,8.2781,33354,48188077,525
27500000,2310350,19143212,8.28585,33393,48333284,525
27550000,2311265,19168846,8.293660000000001,33430,48485173,509
27600000,2312237,19194426,8.30124,33473,48631840,519
27650000,2313265,19220085,8.308639999999999,33511,48775467,535
27700000,2314236,19245802,8.31627,33539,48920877,526
27750000,2315198,19271371,8.32385,33577,49063056,522
27800000,2316197,19297016,8.331339999999999,33607,49207951,481
27850000,2317249,19322682,8.33863,33635,49346721,484
27900000,2318246,19348454,8.346160000000001,33674,49491702,506
27950000,2319246,19374040,8.353589999999999,33706,49636789,508
28000000,2320245,19399690,8.36105,33744,49782822,538
28050000,2321203,19425412,8.36868,33791,49936373,523
28100000,2322142,19450970,8.37631,33816,50088157,516
28150000,2323129,19476609,8.38378,33849,50234229,526
28200000,2324087,19501998,8.39125,33880,50377877,483
28250000,2325035,19527524,8.398810000000001,33908,50527176,493
28300000,2325964,19552984,8.4064,33943,50677985,512
28350000,2326922,19578357,8.413839999999999,33971,50820743,528
28400000,2327885,19603856,8.42132,34000,50968473,482
28450000,2328908,19629292,8.42854,34029,51111058,505
28500000,2329850,19654592,8.435989999999999,34057,51260677,501
28550000,2330781,19679910,8.443480000000001,34090,51403700,499
28600000,2331721,19705286,8.45096,34132,51550293,500
28650000,2332703,19730521,8.458219999999999,34171,51702181,524
28700000,2333646,19755697,8.465589999999999,34202,51847486,480
28750000,2334589,19780911,8.47297,34238,51992384,497
28800000,2335509,19806050,8.4804,34276,52142224,503
28850000,2336428,19831281,8.487860000000001,34302,52289692,547
28900000,2337323,19856707,8.49549,34338,52434007,509
28950000,2338249,19881853,8.502880000000001,34376,52586672,511
29000000,2339214,19907047,8.51014,34405,52736672,528
29050000,2340153,19932325,8.51753,34435,52883743,509
29100000,2341066,19957546,8.524980000000001,34476,53031903,512
29150000,2341975,19982705,8.53242,34518,53180644,495
29200000,2342857,20007920,8.53997,34549,53327507,531
29250000,2343758,20032935,8.547360000000001,34583,53477225,501
29300000,2344679,20057967,8.554680000000001,34619,53628734,504
29350000,2345605,20082900,8.56193,34650,53781330,499
29400000,2346537,20108002,8.56922,34668,53933702,490
29450000,2347432,20132883,8.57656,34697,54086250,491
29500000,2348336,20157931,8.583919999999999,34723,54237778,500
29550000,2349258,20182820,8.59115,34755,54383186,487
29600000,2350146,20207797,8.59853,34784,54534760,501
29650000,2351016,20232558,8.60588,34812,54677918,500
29700000,2351891,20257545,8.6133,34839,54828844,514
29750000,2352791,20282234,8.6205,34876,54977228,500
29800000,2353736,20307171,8.62763,34905,55128529,506
29850000,2354567,20332042,8.63515,34938,55278693,499
29900000,2355415,20356727,8.64252,34969,55429863,499
29950000,2356310,20381569,8.64978,34991,55580064,509
30000000,2357220,20406302,8.656939999999999,35019,55728243,505
30050000,2358076,20430951,8.66425,35055,55880309,498
30100000,2358944,20455811,8.6716,35084,56031316,501
30150000,2359795,20480489,8.678930000000001,35122,56185202,484
30200000,2360668,20505252,8.68621,35150,56334964,448
30250000,2361564,20529967,8.69338,35190,56484239,481
30300000,2362415,20554646,8.70069,35226,56638125,500
30350000,2363217,20579079,8.70808,35257,56789953,510
30400000,2364153,20603643,8.715019999999999,35283,56936009,495
30450000,2364979,20628124,8.72233,35310,57087250,504
30500000,2365861,20652631,8.729439999999999,35345,57236339,498
30550000,2366713,20677281,8.73671,35376,57387921,496
30600000,2367578,20701805,8.74387,35403,57540850,476
30650000,2368407,20726285,8.75115,35439,57693066,450
30700000,2369265,20750860,8.75835,35474,57843624,485
30750000,2370117,20775341,8.76553,35510,57995337,486
30800000,2371009,20799748,8.77253,35545,58151725,509
30850000,2371883,20824339,8.77967,35573,58304758,488
30900000,2372710,20848693,8.78687,35613,58460729,484
30950000,2373594,20873016,8.79384,35646,58612645,511
31000000,2374422,20897392,8.801039999999999,35682,58758817,499
31050000,2375263,20921725,8.80817,35709,58912427,476
31100000,2376064,20945872,8.81537,35739,59062449,475
31150000,2376898,20970171,8.8225,35767,59215247,508
31200000,2377770,20994463,8.82948,35792,59365864,478
31250000,2378621,21018818,8.83656,35826,59527081,479
31300000,2379463,21043179,8.84367,35848,59677995,466
31350000,2380282,21067693,8.85092,35880,59834392,476
31400000,2381156,21091943,8.85786,35913,59988042,449
31450000,2382013,21116309,8.8649,35945,60136619,466
31500000,2382848,21140362,8.871889999999999,35974,60286153,486
31550000,2383693,21164679,8.87894,36001,60436164,474
31600000,2384564,21188781,8.885810000000001,36034,60592077,515
31650000,2385372,21212576,8.89277,36062,60743764,471
31700000,2386183,21236499,8.89978,36099,60900219,484
31750000,2386977,21260470,8.90686,36130,61055810,509
31800000,2387781,21284434,8.9139,36165,61208694,515
31850000,2388592,21308279,8.92085,36190,61366391,488
31900000,2389347,21332209,8.92805,36220,61525786,439
31950000,2390143,21356364,8.93518,36236,61684400,492
32000000,2390916,21380315,8.94231,36261,61835600,511
32050000,2391706,21404668,8.949539999999999,36282,61989113,489
32100000,2392498,21428654,8.9566,36316,62139843,479
32150000,2393309,21452586,8.963569999999999,36342,62301140,490
32200000,2394088,21476620,8.97069,36374,62458083,472
32250000,2394897,21500483,8.97762,36393,62608377,492
32300000,2395705,21524413,8.984580000000001,36424,62759510,504
32350000,2396516,21548234,8.991480000000001,36456,62913221,487
32400000,2397325,21572096,8.9984,36487,63070812,502
32450000,2398088,21595862,9.00545,36513,63231468,460
32500000,2398890,21619755,9.0124,36543,63382940,477
32550000,2399721,21643579,9.019210000000001,36566,63532491,483
32600000,2400560,21667337,9.02595,36591,63689251,474
32650000,2401390,21691105,9.03273,36614,63839104,485
32700000,2402212,21714953,9.03957,36645,63992982,468
32750000,2403019,21738645,9.046389999999999,36669,64150404,449
32800000,2403834,21762206,9.05312,36702,64302715,464
32850000,2404637,21786099,9.060039999999999,36726,64459554,493
32900000,2405449,21809775,9.06682,36758,64614143,467
32950000,2406253,21833596,9.07369,36785,64770188,479
33000000,2406980,21857120,9.08072,36805,64932905,476
33050000,2407767,21880673,9.087539999999999,36839,65092998,470
33100000,2408505,21904223,9.09453,36869,65251812,489
33150000,2409292,21927990,9.10142,36901,65407450,500
33200000,2410055,21951538,9.108310000000001,36929,65563082,463
33250000,2410853,21975070,9.11506,36968,65718576,459
33300000,2411620,21998514,9.12188,36996,65877615,460
33350000,2412381,22021976,9.128730000000001,37018,66034240,461
33400000,2413117,22045540,9.135710000000001,37047,66191583,467
33450000,2413877,22068870,9.1425,37076,66347164,472
33500000,2414649,22092317,9.149289999999999,37102,66505805,464
33550000,2415463,22115569,9.15583,37130,66662003,460
33600000,2416248,22138986,9.16255,37149,66820041,458
33650000,2417012,22162294,9.16929,37177,66977360,471
33700000,2417762,22185692,9.17613,37210,67132102,477
33750000,2418473,22208910,9.18303,37232,67286754,425
33800000,2419228,22232366,9.189860000000001,37258,67447195,485
33850000,2419956,22255749,9.196760000000001,37296,67604521,494
33900000,2420708,22278910,9.20347,37327,67765254,466
33950000,2421450,22302193,9.21026,37359,67920411,477
34000000,2422212,22325680,9.21706,37386,68077051,481
34050000,2422961,22349102,9.22388,37413,68237790,438
34100000,2423661,22372316,9.230789999999999,37440,68395904,433
34150000,2424428,22395458,9.23742,37458,68551907,478
34200000,2425216,22418692,9.244,37483,68711992,449
34250000,2425903,22441652,9.25084,37507,68873667,459
34300000,2426646,22464832,9.25756,37534,69033015,484
34350000,2427373,22488161,9.2644,37554,69188964,464
34400000,2428044,22511190,9.27133,37582,69347135,444
34450000,2428754,22534344,9.27815,37599,69504832,458
34500000,2429511,22557541,9.28481,37631,69657642,456
34550000,2430234,22580830,9.29163,37661,69821764,454
34600000,2431022,22604007,9.29815,37701,69985208,477
34650000,2431720,22626971,9.30492,37724,70143413,439
34700000,2432454,22650023,9.311589999999999,37742,70302596,437
34750000,2433150,22673153,9.318439999999999,37767,70463645,471
34800000,2433876,22696228,9.32514,37798,70627925,465
34850000,2434590,22719446,9.33194,37821,70791285,472
34900000,2435307,22742331,9.33859,37850,70948726,487
34950000,2436026,22765158,9.3452,37877,71106361,455
35000000,2436754,22788259,9.35189,37908,71270636,474
35050000,2437462,22811122,9.35855,37936,71427814,460
35100000,2438240,22834001,9.36495,37959,71588221,474
35150000,2438932,22856945,9.3717,37985,71746835,461
35200000,2439675,22879697,9.378169999999999,38017,71912462,457
35250000,2440384,22902418,9.38476,38050,72071324,446
35300000,2441139,22925143,9.391169999999999,38077,72230894,457
35350000,2441871,22947745,9.39761,38103,72384830,453
35400000,2442596,22970625,9.40419,38133,72548723,458
35450000,2443258,22993340,9.41093,38162,72705596,465
35500000,2443963,23016063,9.41752,38189,72866091,423
35550000,2444680,23038776,9.42405,38221,73028596,448
35600000,2445339,23061471,9.43079,38245,73188443,460
35650000,2446031,23084251,9.43743,38276,73351579,457
35700000,2446704,23106771,9.44404,38303,73508329,470
35750000,2447418,23129450,9.45055,38323,73668079,446
35800000,2448103,23152223,9.45721,38348,73821544,453
35850000,2448769,23174829,9.46387,38366,73979503,432
35900000,2449491,23197452,9.47032,38400,74139564,452
35950000,2450171,23220303,9.47701,38417,74296207,455
36000000,2450871,23242794,9.48348,38448,74455358,455
36050000,2451564,23265339,9.49,38479,74615281,452
36100000,2452244,23287866,9.49655,38512,74777560,453
36150000,2452977,23310247,9.502839999999999,38544,74941547,450
36200000,2453688,23332881,9.509310000000001,38575,75102006,436
36250000,2454388,23355439,9.515789999999999,38594,75263831,454
36300000,2455065,23377916,9.52232,38623,75426033,450
36350000,2455747,23400360,9.52882,38648,75588396,483
36400000,2456456,23422661,9.53514,38672,75746067,440
36450000,2457130,23445158,9.54168,38693,75909667,463
36500000,2457827,23467789,9.54819,38718,76070163,460
36550000,2458511,23490007,9.55457,38742,76230559,450
36600000,2459204,23512343,9.560960000000001,38771,76393974,452
36650000,2459850,23534682,9.56753,38811,76552879,444
36700000,2460481,23556905,9.574110000000001,38844,76718567,443
36750000,2461133,23579121,9.5806,38868,76881153,454
36800000,2461817,23601323,9.58695,38888,77047556,438
36850000,2462433,23623552,9.593580000000001,38911,77211385,441
36900000,2463081,23645717,9.600060000000001,38938,77373147,444
36950000,2463746,23668132,9.60656,38967,77533663,440
37000000,2464443,23690328,9.61285,38991,77695789,460
37050000,2465091,23712589,9.61936,39026,77855694,441
37100000,2465777,23734839,9.6257,39041,78027159,433
37150000,2466413,23756992,9.6322,39074,78190668,434
37200000,2467041,23779271,9.63878,39089,78343870,441
37250000,2467698,23801333,9.64516,39109,78503920,420
37300000,2468351,23823343,9.65152,39135,78665866,451
37350000,2469004,23845463,9.65793,39158,78825434,450
37400000,2469678,23867721,9.6643,39177,78984836,484
37450000,2470332,23889788,9.67068,39207,79150100,412
37500000,2471005,23912042,9.67705,39241,79311913,431
37550000,2471701,23934070,9.68324,39266,79480535,479
37600000,2472355,23956097,9.689589999999999,39297,79639533,464
37650000,2472995,23978009,9.69594,39323,79802551,432
37700000,2473656,23999988,9.70223,39352,79963968,422
37750000,2474318,24022019,9.70854,39382,80125955,422
37800000,2474947,24044051,9.71498,39409,80290506,418
37850000,2475582,24066038,9.72137,39434,80450186,449
37900000,2476180,24087953,9.72787,39464,80610327,424
37950000,2476807,24109902,9.73427,39480,80773427,456
38000000,2477435,24131690,9.74059,39504,80932067,410
38050000,2478050,24153511,9.74698,39528,81096264,448
38100000,2478669,24175284,9.75333,39546,81267185,399
38150000,2479325,24197000,9.75951,39572,81428696,439
38200000,2479995,24218840,9.76568,39598,81592583,416
38250000,2480591,24240664,9.77213,39625,81755732,429
38300000,2481206,24262630,9.77856,39653,81915317,442
38350000,2481876,24284298,9.78465,39683,82075320,396
38400000,2482508,24306157,9.79097,39714,82241632,458
38450000,2483134,24327864,9.797239999999999,39737,82410690,432
38500000,2483695,24349467,9.80373,39761,82575989,422
38550000,2484299,24371264,9.81012,39783,82738205,425
38600000,2484943,24392959,9.816310000000001,39813,82901573,421
38650000,2485581,24414652,9.822510000000001,39839,83061742,437
38700000,2486211,24436191,9.82869,39870,83229873,451
38750000,2486814,24457684,9.83495,39904,83392816,438
38800000,2487473,24479379,9.84106,39925,83555651,432
38850000,2488095,24501029,9.8473,39961,83717252,418
38900000,2488688,24522562,9.85361,39982,83879800,408
38950000,2489282,24544226,9.859960000000001,40006,84048081,426
39000000,2489872,24565795,9.86629,40030,84211941,428
39050000,2490478,24587450,9.872580000000001,40055,84379722,445
39100000,2491112,24609012,9.878730000000001,40085,84544849,439
39150000,2491731,24630639,9.88495,40109,84713510,419
39200000,2492347,24652018,9.89109,40132,84877138,456
39250000,2492975,24673489,9.897210000000001,40154,85040251,435
39300000,2493597,24694871,9.903310000000001,40181,85202630,397
39350000,2494231,24716154,9.90933,40206,85365147,417
39400000,2494877,24737687,9.915389999999999,40228,85524843,417
39450000,2495479,24759104,9.92158,40243,85689645,392
39500000,2496052,24780583,9.92791,40265,85852581,437
39550000,2496693,24802089,9.93398,40287,86017649,430
39600000,2497306,24823596,9.94015,40324,86187702,436
39650000,2497929,24844938,9.94621,40356,86353150,429
39700000,2498544,24866366,9.95234,40386,86521825,441
39750000,2499132,24887541,9.95847,40405,86687621,430
39800000,2499733,24908893,9.96462,40428,86855147,434
39850000,2500319,24929994,9.97073,40447,87015507,427
39900000,2500904,24951348,9.97693,40471,87179277,404
39950000,2501482,24972584,9.98312,40500,87346162,410
40000000,2502072,24993817,9.98925,40520,87508267,411
40050000,2502665,25015134,9.9954,40549,87676255,416
40100000,2503233,25036573,10.0017,40565,87837295,424
40150000,2503796,25057765,10.0079,40587,88001611,417
40200000,2504352,25078952,10.0141,40610,88166572,450
40250000,2504989,25100251,10.0201,40638,88330428,414
40300000,2505567,25121388,10.0262,40655,88493430,455
40350000,2506160,25142445,10.0323,40680,88658482,426
40400000,2506779,25163674,10.0382,40706,88828236,384
40450000,2507366,25184848,10.0443,40730,88992863,448
40500000,2507935,25206038,10.0505,40756,89160161,427
40550000,2508519,25227206,10.0566,40782,89334567,428
40600000,2509062,25248469,10.0629,40796,89502750,436
40650000,2509641,25269785,10.0691,40828,89664347,432
40700000,2510221,25290910,10.0752,40850,89834422,438
40750000,2510801,25311917,10.0812,40868,90000265,397
40800000,2511381,25333032,10.0873,40891,90171490,415
40850000,2511981,25353983,10.0932,40920,90336394,412
40900000,2512573,25374946,10.0992,40944,90499688,432
40950000,2513171,25395935,10.1051,40972,90663386,407
41000000,2513747,25416936,10.1112,40993,90831165,427
41050000,2514316,25437927,10.1172,41029,90994057,379
41100000,2514889,25458931,10.1233,41046,91162399,403
41150000,2515477,25479995,10.1293,41070,91328749,437
41200000,2516039,25500638,10.1352,41095,91497190,419
41250000,2516644,25521745,10.1412,41111,91661812,443
41300000,2517177,25542504,10.1473,41137,91830010,412
41350000,2517719,25563415,10.1534,41163,91991341,441
41400000,2518280,25584157,10.1594,41185,92157439,372
41450000,2518825,25605071,10.1655,41212,92319256,415
41500000,2519391,25626089,10.1715,41238,92481290,443
41550000,2519934,25646910,10.1776,41270,92647373,410
41600000,2520475,25667690,10.1837,41293,92813780,435
41650000,2521009,25688694,10.1898,41314,92979643,415
41700000,2521544,25709294,10.1959,41331,93149615,395
41750000,2522109,25730123,10.2018,41361,93316148,429
41800000,2522649,25750862,10.2079,41380,93484956,397
41850000,2523231,25771580,10.2137,41403,93651127,422
41900000,2523777,25792315,10.2197,41428,93825890,438
41950000,2524346,25812882,10.2256,41457,93989017,409
42000000,2524909,25833659,10.2315,41476,94156623,420
42050000,2525492,25854477,10.2374,41505,94328496,401
42100000,2526032,25875370,10.2435,41532,94495334,404
42150000,2526619,25895944,10.2492,41565,94664781,419
42200000,2527133,25916783,10.2554,41595,94836867,424
42250000,2527714,25937361,10.2612,41622,95006083,404
42300000,2528251,25958011,10.2672,41643,95172112,416
42350000,2528800,25978518,10.2731,41660,95341603,422
42400000,2529349,25999207,10.279000000000002,41686,95518404,417
42450000,2529858,26019795,10.2851,41708,95687965,409
42500000,2530423,26040414,10.2909,41735,95861265,416
42550000,2530961,26061017,10.2969,41762,96031452,412
42600000,2531510,26081516,10.3028,41784,96201495,424
42650000,2532047,26102004,10.3087,41802,96369776,424
42700000,2532573,26122324,10.3145,41820,96538416,417
42750000,2533115,26142712,10.3204,41845,96707849,412
42800000,2533678,26163024,10.3261,41866,96873606,388
42850000,2534187,26183439,10.3321,41886,97038736,385
42900000,2534752,26203712,10.3378,41908,97206691,387
42950000,2535256,26224195,10.3438,41930,97375878,420
43000000,2535803,26244662,10.3496,41961,97548352,409
43050000,2536347,26265179,10.3555,41985,97715079,377
43100000,2536866,26285553,10.3614,42007,97881104,413
43150000,2537412,26306048,10.3673,42021,98049746,416
43200000,2537947,26326412,10.3731,42044,98216519,435
43250000,2538448,26346877,10.3791,42067,98390380,417
43300000,2538916,26367203,10.3852,42091,98561642,381
43350000,2539499,26387549,10.3908,42110,98727628,401
43400000,2540043,26407873,10.3966,42139,98901549,408
43450000,2540500,26428296,10.4028,42161,99071564,406
43500000,2541034,26448730,10.4086,42185,99247587,423
43550000,2541523,26469059,10.4146,42205,99417920,397
43600000,2542032,26489354,10.4205,42232,99585955,426
43650000,2542588,26509439,10.4262,42252,99750226,414
43700000,2543101,26529709,10.432,42278,99911728,434
43750000,2543589,26549812,10.4379,42297,100079533,401
43800000,2544090,26570108,10.4439,42322,100252150,410
43850000,2544629,26590437,10.4496,42348,100421164,406
43900000,2545142,26610636,10.4555,42365,100586283,392
43950000,2545704,26630744,10.4611,42392,100757460,396
44000000,2546230,26651027,10.4669,42407,100925752,413
44050000,2546773,26671217,10.4726,42437,101095545,390
44100000,2547276,26691414,10.4784,42455,101261549,392
44150000,2547803,26711620,10.4842,42472,101433948,406
44200000,2548338,26731574,10.4898,42492,101605536,427
44250000,2548860,26751549,10.4955,42502,101769271,400
44300000,2549386,26771643,10.5012,42531,101938892,413
44350000,2549880,26791738,10.5071,42558,102112720,419
44400000,2550388,26811795,10.5128,42578,102283378,411
44450000,2550885,26831737,10.5186,42597,102450264,378
44500000,2551389,26851539,10.5243,42615,102613826,384
44550000,2551863,26871570,10.5302,42634,102781572,413
44600000,2552359,26891591,10.536,42663,102947880,395
44650000,2552852,26911695,10.5418,42687,103119243,404
44700000,2553359,26931527,10.5475,42714,103283912,391
44750000,2553840,26951430,10.5533,42732,103456721,403
44800000,2554332,26971454,10.5591,42744,103627269,386
44850000,2554805,26991284,10.5649,42765,103797763,404
44900000,2555282,27011185,10.5707,42786,103971017,431
44950000,2555763,27031018,10.5765,42809,104142620,392
45000000,2556232,27050706,10.5823,42828,104310182,391
45050000,2556699,27070487,10.5881,42852,104483775,388
45100000,2557179,27090423,10.5939,42874,104653103,429
45150000,2557593,27110173,10.5999,42890,104822226,418
45200000,2558122,27130002,10.6054,42918,104986451,420
45250000,2558610,27149704,10.6111,42939,105157261,408
45300000,2559118,27169473,10.6167,42958,105329658,405
45350000,2559616,27189229,10.6224,42978,105503289,389
45400000,2560103,27209065,10.6281,42994,105676285,396
45450000,2560620,27228805,10.6337,43015,105840672,398
45500000,2561161,27248718,10.6392,43037,106006429,399
45550000,2561652,27268153,10.6448,43063,106173942,393
45600000,2562142,27287973,10.6505,43089,106343572,373
45650000,2562637,27307636,10.6561,43110,106513734,408
45700000,2563157,27327251,10.6616,43136,106684070,372
45750000,2563647,27346846,10.6672,43166,106852246,405
45800000,2564139,27366431,10.6728,43180,107025534,404
45850000,2564639,27386216,10.6784,43204,107196300,378
45900000,2565186,27405931,10.6838,43230,107373291,382
45950000,2565715,27425825,10.6893,43257,107545264,397
46000000,2566175,27445484,10.6951,43280,107714236,389
46050000,2566668,27465292,10.7008,43302,107883657,398
46100000,2567157,27484938,10.7064,43325,108051202,392
46150000,2567644,27504518,10.712,43348,108224046,413
46200000,2568149,27524311,10.7176,43366,108388085,395
46250000,2568618,27543707,10.7232,43388,108555656,393
46300000,2569147,27563206,10.7285,43412,108725771,373
46350000,2569630,27582858,10.7342,43429,108892312,413
46400000,2570127,27602548,10.7398,43445,109070674,405
46450000,2570609,27621918,10.7453,43464,109241931,385
46500000,2571087,27641302,10.7508,43485,109411614,381
46550000,2571542,27660846,10.7565,43510,109584299,367
46600000,2572004,27680475,10.7622,43527,109752767,390
46650000,2572492,27700037,10.7678,43544,109921255,403
46700000,2572947,27719437,10.7734,43564,110094391,411
46750000,2573424,27738933,10.779000000000002,43580,110265322,402
46800000,2573888,27758233,10.7846,43596,110428353,377
46850000,2574359,27777692,10.7901,43617,110601843,382
46900000,2574840,27796914,10.7956,43639,110768976,395
46950000,2575307,27816241,10.8011,43656,110938509,407
47000000,2575770,27835668,10.8067,43673,111102445,397
47050000,2576252,27855009,10.8122,43694,111277597,387
47100000,2576722,27874372,10.8178,43715,111453127,392
47150000,2577172,27893657,10.8234,43736,111620089,394
47200000,2577625,27913110,10.829,43764,111788304,402
47250000,2578084,27932514,10.8346,43781,111961099,361
47300000,2578542,27951956,10.8402,43797,112134674,391
47350000,2579032,27971408,10.8457,43824,112312441,368
47400000,2579538,27990690,10.850999999999999,43849,112485245,380
47450000,2580023,28009982,10.8565,43867,112657520,408
47500000,2580480,28029120,10.862,43887,112833509,370
47550000,2580950,28048281,10.8674,43909,113008073,372
47600000,2581388,28067405,10.873,43929,113178895,384
47650000,2581825,28086797,10.8787,43954,113357654,378
47700000,2582305,28105976,10.8841,43979,113524560,368
47750000,2582776,28125097,10.8895,43998,113693508,393
47800000,2583244,28144342,10.895,44018,113862029,382
47850000,2583711,28163503,10.9004,44041,114032462,365
47900000,2584148,28182661,10.905999999999999,44065,114199226,385
