timestep,num_nodes,num_edges,average_degree,max_degree,num_triangles,new_edges
0,1938,1000,0.515996,3,0,1000
50000,70989,50928,0.717407,148,24,998
100000,122417,100736,0.822892,279,128,992
150000,165890,150398,0.9066129999999999,432,371,991
200000,204362,199963,0.978474,568,734,993
250000,239348,249412,1.04205,710,1342,989
300000,271226,298730,1.10141,831,2142,986
350000,300968,347931,1.15604,961,3246,984
400000,328628,396949,1.2079,1087,4430,974
450000,354898,445928,1.2565,1214,6086,975
500000,380119,494835,1.30179,1328,7960,980
550000,403910,543600,1.34584,1474,10069,971
600000,426721,592289,1.3880000000000001,1600,12546,980
650000,448472,640894,1.42906,1728,15345,963
700000,469396,689388,1.4686700000000001,1838,18553,970
750000,489574,737763,1.50695,1983,22053,969
800000,508775,786029,1.54494,2123,26065,960
850000,527375,834184,1.5817700000000001,2225,30508,964
900000,545803,882190,1.61632,2353,35072,959
950000,563470,930208,1.6508599999999998,2475,40227,964
1000000,580446,978016,1.68494,2609,45650,957
1050000,596998,1025750,1.7181799999999998,2714,51411,956
1100000,613046,1073427,1.7509700000000001,2826,57736,959
1150000,628769,1121012,1.7828700000000002,2966,64593,952
1200000,644117,1168494,1.8141,3091,71710,951
1250000,659212,1215965,1.84457,3221,79421,937
1300000,673832,1263225,1.8746900000000002,3336,87552,942
1350000,688030,1310437,1.90462,3451,95635,941
1400000,702087,1357485,1.9335,3545,104365,951
1450000,715802,1404535,1.96218,3658,113482,944
1500000,729150,1451503,1.99068,3760,122906,928
1550000,742371,1498368,2.01835,3862,132613,942
1600000,755020,1545211,2.04658,3988,142878,931
1650000,767449,1592023,2.07443,4083,153227,937
1700000,779504,1638624,2.1021400000000003,4192,164101,933
1750000,791560,1685192,2.12895,4311,176124,924
1800000,803355,1731614,2.15548,4428,188136,919
1850000,814990,1777982,2.1816,4512,200344,933
1900000,826553,1824211,2.20701,4632,213731,912
1950000,837786,1870411,2.23256,4734,226616,928
2000000,848933,1916602,2.25766,4834,240507,918
2050000,859859,1962828,2.28273,4926,254574,911
2100000,870644,2008739,2.3071900000000003,5040,269602,918
2150000,881062,2054598,2.33196,5148,284319,911
2200000,891626,2100469,2.35577,5240,299401,896
2250000,901759,2146210,2.38003,5359,314900,907
2300000,911799,2191800,2.40382,5458,331250,910
2350000,921784,2237358,2.4272,5568,347826,910
2400000,931461,2282815,2.45079,5672,365126,919
2450000,940998,2328098,2.47407,5768,383053,902
2500000,950561,2373338,2.4967799999999998,5861,401299,909
2550000,959991,2418489,2.5192799999999997,5956,419519,876
2600000,969058,2463644,2.54231,6057,438004,905
2650000,978118,2508871,2.565,6166,457025,902
2700000,987046,2553763,2.58728,6259,477027,892
2750000,995831,2598722,2.6096,6362,497689,885
2800000,1004640,2643558,2.63135,6452,518245,891
2850000,1013356,2688389,2.6529599999999998,6549,540195,892
2900000,1021865,2733051,2.67457,6655,561524,898
2950000,1030338,2777628,2.69584,6750,584035,890
3000000,1038725,2822292,2.71707,6848,606921,890
3050000,1047048,2866762,2.73795,6963,630076,889
3100000,1055310,2911210,2.75863,7047,653136,895
3150000,1063420,2955494,2.77923,7147,676275,898
3200000,1071343,2999834,2.8000700000000003,7223,699835,881
3250000,1079107,3043987,2.82084,7301,723670,887
3300000,1086829,3088059,2.84135,7393,748198,880
3350000,1094498,3132115,2.8616900000000003,7475,773160,862
3400000,1102140,3176173,2.8818200000000003,7571,799485,892
3450000,1109669,3220098,2.90185,7667,825775,867
3500000,1117254,3263870,2.9213299999999998,7765,852726,876
3550000,1124498,3307658,2.94145,7868,879902,876
3600000,1131907,3351389,2.96083,7950,907289,871
3650000,1139013,3395068,2.9807099999999997,8039,935392,862
3700000,1146173,3438693,3.00015,8117,962699,873
3750000,1153194,3482235,3.0196400000000003,8189,990130,871
3800000,1160056,3525642,3.0392,8280,1019544,864
3850000,1166950,3568962,3.05837,8370,1047819,865
3900000,1173814,3612351,3.07745,8452,1078461,860
3950000,1180585,3655624,3.09645,8549,1109603,868
4000000,1187388,3698757,3.11504,8629,1140498,857
4050000,1193980,3741740,3.13384,8730,1171256,868
4100000,1200645,3784655,3.15218,8801,1201726,847
4150000,1207119,3827630,3.17088,8892,1234506,862
4200000,1213727,3870531,3.18896,8985,1267597,859
4250000,1220090,3913295,3.20738,9075,1301159,833
4300000,1226300,3956017,3.22598,9151,1334429,838
4350000,1232565,3998538,3.24408,9253,1369719,831
4400000,1238901,4041083,3.26183,9327,1403874,848
4450000,1244932,4083710,3.28027,9412,1438649,836
4500000,1251065,4126252,3.29819,9505,1473830,849
4550000,1257135,4168723,3.31605,9595,1508470,851
4600000,1263100,4211161,3.33399,9669,1545229,842
4650000,1269102,4253520,3.3516,9757,1581236,836
4700000,1274969,4295851,3.3693800000000005,9851,1617960,827
4750000,1280724,4337923,3.38709,9934,1656183,848
4800000,1286769,4379933,3.4038199999999996,10010,1693270,829
4850000,1292555,4421999,3.4211300000000002,10105,1732095,843
4900000,1298210,4464035,3.4386099999999997,10181,1770789,822
4950000,1303757,4505934,3.45611,10268,1811460,845
5000000,1309337,4547721,3.4733,10356,1851246,872
5050000,1314750,4589363,3.4906699999999997,10451,1889948,841
5100000,1320320,4631039,3.50751,10550,1930564,851
5150000,1325809,4672653,3.5243800000000003,10639,1972509,825
5200000,1331295,4714199,3.54106,10724,2013782,838
5250000,1336620,4755619,3.5579400000000003,10812,2054303,820
5300000,1342010,4797146,3.5746,10884,2096338,852
5350000,1347292,4838607,3.59136,10970,2138839,812
5400000,1352493,4879838,3.6080300000000003,11035,2179247,839
5450000,1357735,4921150,3.6245300000000005,11116,2221441,820
5500000,1362933,4962446,3.6410099999999996,11198,2264068,818
5550000,1368089,5003593,3.6573599999999997,11280,2307582,831
5600000,1373182,5044691,3.67372,11366,2352710,817
5650000,1378257,5085735,3.6899800000000003,11453,2397712,814
5700000,1383357,5126745,3.7060199999999996,11537,2444352,829
5750000,1388415,5167813,3.7221,11617,2490313,820
5800000,1393299,5208623,3.73834,11705,2535359,811
5850000,1398230,5249429,3.75434,11787,2582271,807
5900000,1403109,5290200,3.77034,11845,2628245,802
5950000,1408090,5330956,3.78595,11912,2675185,815
6000000,1412842,5371620,3.802,11975,2723863,833
6050000,1417568,5412133,3.8179,12045,2770692,803
6100000,1422404,5452697,3.83344,12153,2816933,813
6150000,1427178,5493126,3.8489400000000002,12236,2867277,803
6200000,1431848,5533645,3.86469,12309,2915934,811
6250000,1436525,5573854,3.8801,12391,2962779,809
6300000,1441168,5614056,3.89549,12480,3012722,825
6350000,1445665,5654391,3.9112699999999996,12565,3063096,808
6400000,1450211,5694537,3.9267,12640,3114906,780
6450000,1454732,5734725,3.9421199999999996,12709,3165373,814
6500000,1459236,5774815,3.9574199999999995,12792,3216512,818
6550000,1463634,5814870,3.9729,12869,3268362,806
6600000,1468075,5854760,3.98805,12964,3321930,808
6650000,1472525,5894689,4.00312,13052,3373567,790
6700000,1477041,5934667,4.01794,13138,3425130,812
6750000,1481355,5974313,4.03301,13208,3478818,785
6800000,1485691,6014045,4.04798,13287,3532280,803
6850000,1489993,6053861,4.06301,13354,3586435,777
6900000,1494312,6093494,4.07779,13432,3639621,795
6950000,1498522,6133028,4.09272,13507,3694411,803
7000000,1502641,6172384,4.10769,13583,3748501,802
7050000,1506902,6211988,4.12236,13659,3804509,775
7100000,1510990,6251479,4.13734,13729,3861797,780
7150000,1515241,6290917,4.1517599999999995,13803,3917863,800
7200000,1519403,6330380,4.16636,13856,3974437,799
7250000,1523355,6369613,4.18131,13913,4031303,783
7300000,1527308,6408987,4.19626,13984,4086887,794
7350000,1531418,6448155,4.21058,14049,4143466,787
7400000,1535507,6487309,4.22486,14128,4200416,781
7450000,1539612,6526395,4.23899,14216,4256917,785
7500000,1543594,6565516,4.2534,14292,4314351,786
7550000,1547434,6604468,4.268009999999999,14348,4373635,779
7600000,1551387,6643325,4.28218,14407,4432872,772
7650000,1555299,6682245,4.2964400000000005,14486,4494868,783
7700000,1559174,6721025,4.310630000000001,14555,4554558,768
7750000,1563037,6759875,4.32483,14617,4614859,782
7800000,1566858,6798611,4.33901,14692,4676349,792
7850000,1570698,6837219,4.3529800000000005,14772,4737665,762
7900000,1574573,6875925,4.36685,14843,4800641,775
7950000,1578468,6914583,4.38057,14899,4862465,792
8000000,1582081,6952993,4.39484,14967,4925390,759
8050000,1585808,6991383,4.40872,15029,4987725,750
8100000,1589504,7029883,4.42269,15089,5051563,805
8150000,1593143,7068184,4.43663,15154,5114191,765
8200000,1596802,7106567,4.4505,15210,5176983,769
8250000,1600344,7144767,4.464519999999999,15291,5239841,779
8300000,1603901,7183027,4.47847,15364,5304939,744
8350000,1607570,7221185,4.49199,15433,5369083,758
8400000,1611135,7259205,4.50565,15499,5435695,773
8450000,1614724,7297334,4.51925,15551,5502362,783
8500000,1618315,7335410,4.53275,15615,5566844,767
8550000,1621804,7373375,4.5464,15680,5633990,784
8600000,1625349,7411243,4.5597900000000005,15733,5702443,774
8650000,1628877,7449173,4.5732,15789,5767870,764
8700000,1632303,7486849,4.58668,15844,5835561,756
8750000,1635653,7524611,4.60037,15898,5902539,744
8800000,1639111,7562332,4.6136800000000004,15950,5969564,752
8850000,1642630,7600054,4.62676,16023,6039699,753
8900000,1645991,7637515,4.64007,16088,6107196,740
8950000,1649374,7674888,4.65321,16151,6175841,763
9000000,1652697,7712571,4.66666,16208,6246131,763
9050000,1656039,7749900,4.67978,16274,6314044,733
9100000,1659450,7787309,4.6927,16339,6382111,760
9150000,1662635,7824789,4.706259999999999,16399,6451987,726
9200000,1665912,7862129,4.71941,16462,6520628,746
9250000,1669260,7899376,4.73226,16511,6591162,736
9300000,1672501,7936576,4.74533,16573,6659504,733
9350000,1675784,7973706,4.75819,16640,6729611,757
9400000,1678950,8010910,4.771380000000001,16715,6804053,728
9450000,1682052,8047836,4.78453,16786,6875518,749
9500000,1685268,8085085,4.79751,16851,6948752,769
9550000,1688471,8122101,4.81033,16914,7020644,751
9600000,1691604,8159054,4.823259999999999,16964,7096123,737
9650000,1694817,8196017,4.83593,17025,7170764,731
9700000,1697908,8232767,4.84877,17103,7243507,734
9750000,1701041,8269669,4.86153,17170,7316994,764
9800000,1704081,8306389,4.87441,17238,7393101,738
9850000,1707221,8343011,4.8869,17304,7467237,725
9900000,1710264,8379784,4.8997,17365,7542431,728
9950000,1713369,8416500,4.91225,17435,7620156,737
10000000,1716395,8453056,4.92489,17507,7694206,742
10050000,1719376,8489810,4.93773,17578,7773704,750
10100000,1722345,8526305,4.9504,17650,7851461,724
10150000,1725283,8562781,4.96312,17720,7930441,726
10200000,1728241,8599211,4.9757,17775,8006179,710
10250000,1731332,8635620,4.98785,17842,8084224,719
10300000,1734362,8672063,5.00015,17901,8162594,715
10350000,1737309,8708382,5.012569999999999,17967,8241718,728
10400000,1740267,8744565,5.02484,18034,8321385,739
10450000,1743088,8780643,5.0374099999999995,18104,8400884,704
10500000,1746034,8816845,5.04964,18160,8479626,721
10550000,1748963,8852952,5.0618300000000005,18221,8557867,708
10600000,1751924,8889032,5.073869999999999,18284,8636227,696
10650000,1754736,8924931,5.0862,18335,8715721,709
10700000,1757620,8961012,5.098380000000001,18400,8795060,723
10750000,1760414,8996775,5.1106,18452,8877568,716
10800000,1763249,9032686,5.12275,18519,8957229,704
10850000,1766030,9068494,5.1349599999999995,18579,9038623,705
10900000,1768925,9104160,5.146719999999999,18634,9119688,710
10950000,1771638,9139848,5.158980000000001,18686,9199042,727
11000000,1774467,9175468,5.1708300000000005,18743,9281786,683
11050000,1777281,9211331,5.1828199999999995,18806,9367159,749
11100000,1780022,9247148,5.19496,18872,9447462,723
11150000,1782741,9282664,5.20696,18918,9527463,720
11200000,1785513,9318313,5.21884,18981,9611896,714
11250000,1788249,9353995,5.23081,19043,9695232,701
11300000,1791002,9389582,5.24264,19108,9778212,718
11350000,1793755,9425172,5.25444,19162,9860594,712
11400000,1796458,9460574,5.26624,19225,9945224,705
11450000,1799162,9495928,5.27797,19278,10033762,704
11500000,1801876,9531522,5.28978,19335,10120090,712
11550000,1804386,9566747,5.30194,19401,10205624,683
11600000,1807046,9602070,5.313680000000001,19469,10291859,721
11650000,1809767,9637414,5.32522,19517,10375949,728
11700000,1812342,9672545,5.33704,19571,10460688,701
11750000,1814908,9707430,5.34872,19625,10547755,667
11800000,1817475,9742408,5.36041,19689,10633448,684
11850000,1820001,9777405,5.3722,19750,10718783,706
11900000,1822548,9812238,5.3838,19803,10805879,701
11950000,1825175,9847183,5.3952,19860,10890799,729
12000000,1827703,9882008,5.40679,19920,10977612,700
12050000,1830138,9916964,5.4187,19980,11066556,692
12100000,1832624,9951710,5.4303099999999995,20045,11154772,711
12150000,1835131,9986538,5.44187,20105,11245720,705
12200000,1837575,10021331,5.4535599999999995,20177,11335264,712
12250000,1840031,10056123,5.46519,20218,11424611,713
12300000,1842465,10090683,5.47673,20289,11515738,675
12350000,1844967,10125578,5.48822,20344,11607158,686
12400000,1847398,10160030,5.49964,20392,11696714,687
12450000,1849859,10194441,5.51093,20443,11785765,700
12500000,1852352,10228896,5.52211,20493,11874912,696
12550000,1854675,10263250,5.53372,20545,11968815,667
12600000,1857136,10297743,5.54496,20603,12056357,691
12650000,1859582,10332161,5.55617,20652,12147227,690
12700000,1862038,10366682,5.56738,20707,12236629,699
12750000,1864352,10400987,5.578880000000001,20773,12326180,693
12800000,1866674,10435240,5.59029,20829,12416721,687
12850000,1869041,10469574,5.60158,20880,12512568,702
12900000,1871430,10503850,5.6127400000000005,20932,12603808,705
12950000,1873873,10538128,5.62372,20989,12696980,682
13000000,1876152,10572174,5.63503,21050,12791395,688
13050000,1878468,10605966,5.64607,21110,12881172,694
13100000,1880712,10640026,5.65745,21168,12976739,679
13150000,1883040,10674050,5.66852,21235,13072436,651
13200000,1885309,10707923,5.67966,21294,13166636,701
13250000,1887559,10741968,5.690930000000001,21340,13264328,667
13300000,1889849,10775675,5.7018699999999995,21401,13356763,665
13350000,1892048,10809734,5.71325,21449,13452851,663
13400000,1894249,10843566,5.724469999999999,21489,13547165,698
13450000,1896507,10877504,5.73555,21540,13643408,705
13500000,1898802,10911300,5.74641,21588,13741017,685
13550000,1900993,10944818,5.75742,21645,13837903,649
13600000,1903217,10978582,5.76843,21706,13934723,678
13650000,1905451,11012293,5.77936,21756,14033051,698
13700000,1907608,11045682,5.79033,21803,14130636,663
13750000,1909825,11079293,5.80121,21855,14227637,684
13800000,1912092,11112891,5.8119,21913,14326966,684
13850000,1914275,11146426,5.82279,21983,14425261,661
13900000,1916525,11179999,5.833469999999999,22034,14525555,677
13950000,1918594,11213370,5.8445800000000006,22087,14619483,682
14000000,1920743,11246763,5.85542,22144,14715513,660
14050000,1922901,11280031,5.86615,22193,14816263,654
14100000,1925040,11313283,5.87691,22244,14913773,667
14150000,1927188,11346645,5.88767,22292,15012672,654
14200000,1929325,11379648,5.89825,22353,15112014,664
14250000,1931456,11412726,5.908869999999999,22397,15210644,661
14300000,1933608,11445979,5.919490000000001,22447,15310770,658
14350000,1935699,11478945,5.93013,22517,15411025,662
14400000,1937740,11511908,5.9408900000000004,22561,15508210,637
14450000,1939892,11544933,5.9513300000000005,22613,15607422,653
14500000,1942002,11577884,5.96183,22646,15706466,651
14550000,1944095,11610859,5.97237,22706,15806549,668
14600000,1946085,11643656,5.9831199999999995,22755,15908329,688
14650000,1948182,11676586,5.993580000000001,22805,16011783,665
14700000,1950197,11709452,6.00424,22857,16111762,667
14750000,1952246,11742290,6.01476,22900,16212680,666
14800000,1954214,11775091,6.0254900000000005,22957,16315544,648
14850000,1956230,11807827,6.03601,23010,16417122,653
14900000,1958252,11840639,6.046530000000001,23055,16520972,662
14950000,1960319,11873374,6.0568599999999995,23103,16623251,654
15000000,1962298,11906231,6.06749,23142,16725263,648
15050000,1964300,11938897,6.07794,23199,16825720,656
15100000,1966267,11971601,6.08849,23253,16931683,646
15150000,1968255,12004103,6.09886,23300,17032248,663
15200000,1970203,12036559,6.1093,23343,17139702,659
15250000,1972134,12069081,6.11981,23388,17243648,622
15300000,1974110,12101581,6.13015,23436,17348556,644
15350000,1976090,12133880,6.14035,23487,17451426,649
15400000,1978111,12166433,6.150530000000001,23537,17556740,646
15450000,1980043,12198681,6.160819999999999,23580,17659559,641
15500000,1982063,12231039,6.17086,23640,17765262,647
15550000,1983968,12263186,6.18114,23683,17866614,648
15600000,1985893,12295448,6.1914,23737,17975834,646
15650000,1987742,12327621,6.20182,23789,18085841,638
15700000,1989680,12359820,6.2119599999999995,23832,18192957,629
15750000,1991565,12392100,6.22229,23870,18303375,628
15800000,1993495,12424289,6.232419999999999,23925,18413039,652
15850000,1995417,12456600,6.2426,23960,18519072,642
15900000,1997263,12488636,6.25288,24017,18628230,631
15950000,1999139,12520705,6.26305,24060,18739757,643
16000000,2001017,12552650,6.27314,24105,18849319,643
16050000,2002950,12584687,6.28308,24152,18957577,622
16100000,2004754,12616608,6.29334,24197,19068609,649
16150000,2006634,12648502,6.30334,24243,19179437,624
16200000,2008479,12680391,6.31343,24283,19285938,651
16250000,2010306,12712248,6.32354,24327,19395274,620
16300000,2012210,12744218,6.33344,24368,19504475,634
16350000,2014064,12776161,6.34347,24415,19617411,635
16400000,2015869,12807880,6.35353,24455,19723928,625
16450000,2017597,12839688,6.36385,24506,19831834,628
16500000,2019334,12871381,6.37407,24544,19940340,633
16550000,2021136,12902955,6.38401,24578,20046213,610
16600000,2022934,12934416,6.39389,24619,20159972,619
16650000,2024676,12965938,6.40396,24672,20271793,639
16700000,2026465,12997393,6.41383,24707,20384689,618
16750000,2028247,13029020,6.423780000000001,24755,20496233,649
16800000,2030007,13060522,6.433730000000001,24813,20607810,622
16850000,2031750,13092037,6.44372,24860,20721016,627
16900000,2033535,13123442,6.45351,24923,20833690,618
16950000,2035267,13154863,6.4634599999999995,24961,20944887,625
17000000,2036966,13186152,6.4734300000000005,25018,21060563,618
17050000,2038706,13217467,6.48326,25058,21175425,607
17100000,2040406,13248819,6.4932300000000005,25093,21287059,625
17150000,2042187,13280248,6.50295,25137,21399135,612
17200000,2043854,13311332,6.51286,25192,21510244,616
17250000,2045597,13342618,6.5226,25229,21625286,620
17300000,2047328,13373689,6.53226,25283,21736022,628
17350000,2049052,13404856,6.541980000000001,25326,21846951,601
17400000,2050727,13435944,6.5518,25385,21964589,595
17450000,2052397,13467050,6.56162,25433,22077137,611
17500000,2054068,13498108,6.5714,25492,22189332,599
17550000,2055750,13529089,6.5811,25547,22307735,628
17600000,2057443,13559967,6.5906899999999995,25590,22421781,579
17650000,2059040,13590641,6.60047,25634,22534077,606
17700000,2060696,13621410,6.6101,25688,22647297,614
17750000,2062425,13652246,6.619510000000001,25727,22763052,625
17800000,2064073,13682977,6.629110000000001,25772,22882704,620
17850000,2065722,13713601,6.63865,25814,22996216,599
17900000,2067372,13744559,6.64832,25862,23117241,614
17950000,2068979,13775212,6.65798,25913,23233550,623
18000000,2070657,13806048,6.66747,25948,23353177,626
18050000,2072310,13836736,6.67696,25991,23469926,639
18100000,2073945,13867430,6.6865,26032,23588391,608
18150000,2075638,13898057,6.6958,26069,23702936,647
18200000,2077226,13928665,6.705419999999999,26112,23813394,599
18250000,2078823,13959316,6.71501,26144,23929443,607
18300000,2080386,13989743,6.724589999999999,26191,24047047,602
18350000,2082021,14020231,6.73395,26231,24161928,649
18400000,2083665,14050765,6.743289999999999,26283,24279226,636
18450000,2085243,14081312,6.752839999999999,26335,24396390,595
18500000,2086831,14111619,6.76222,26371,24512613,610
18550000,2088482,14142115,6.77148,26437,24632265,616
18600000,2090053,14172504,6.780930000000001,26468,24751664,608
18650000,2091649,14202798,6.79024,26525,24869417,588
18700000,2093230,14233222,6.79965,26569,24988335,616
18750000,2094771,14263546,6.80912,26613,25106213,611
18800000,2096303,14293789,6.818569999999999,26656,25221355,619
18850000,2097814,14323993,6.828060000000001,26713,25339151,629
18900000,2099344,14354100,6.83742,26758,25456714,570
18950000,2100932,14384406,6.84668,26795,25576122,599
19000000,2102505,14414510,6.8558699999999995,26837,25696658,601
19050000,2104078,14444471,6.86499,26888,25814178,587
19100000,2105624,14474443,6.87418,26937,25935939,597
19150000,2107191,14504552,6.883360000000001,26979,26063855,621
19200000,2108712,14534475,6.892580000000001,27030,26181050,593
19250000,2110222,14564312,6.901789999999999,27073,26304096,596
19300000,2111754,14594311,6.910989999999999,27131,26428972,598
19350000,2113232,14624337,6.92037,27181,26551054,590
19400000,2114715,14654099,6.929589999999999,27230,26669797,615
19450000,2116251,14684061,6.93871,27274,26792280,592
19500000,2117788,14714018,6.94782,27322,26913660,594
19550000,2119333,14743700,6.956760000000001,27365,27033643,587
19600000,2120826,14773514,6.96592,27407,27155247,599
19650000,2122340,14803376,6.97503,27443,27277264,591
19700000,2123775,14833155,6.98433,27481,27403143,587
19750000,2125228,14862746,6.99348,27532,27528354,584
19800000,2126675,14892315,7.00263,27569,27649504,614
19850000,2128133,14922132,7.011839999999999,27620,27770684,584
19900000,2129612,14951727,7.0208699999999995,27661,27893117,586
19950000,2131029,14981144,7.03,27711,28014608,615
20000000,2132498,15010533,7.038939999999999,27757,28138499,563
20050000,2133955,15039988,7.04794,27810,28258677,562
20100000,2135378,15069424,7.05703,27846,28379160,577
20150000,2136795,15098776,7.066089999999999,27889,28507396,578
20200000,2138226,15128125,7.075080000000001,27926,28629861,562
20250000,2139617,15157528,7.084219999999999,27974,28758890,585
20300000,2141072,15187020,7.093189999999999,28013,28882391,557
20350000,2142539,15216380,7.10203,28049,29006256,563
20400000,2143936,15245645,7.11105,28077,29132078,568
20450000,2145402,15275000,7.11988,28131,29261960,581
20500000,2146808,15304235,7.128830000000001,28175,29389725,575
20550000,2148250,15333411,7.137630000000001,28219,29513308,598
20600000,2149595,15362714,7.146789999999999,28250,29637315,589
20650000,2151017,15391894,7.155639999999999,28293,29762372,590
20700000,2152448,15420889,7.16435,28319,29888279,567
20750000,2153830,15450087,7.173310000000001,28366,30014591,592
20800000,2155301,15479191,7.18192,28413,30139556,602
20850000,2156694,15508427,7.19083,28450,30266813,609
20900000,2158120,15537402,7.199510000000001,28496,30394645,565
20950000,2159536,15566275,7.20816,28534,30524264,583
21000000,2160890,15595434,7.21713,28568,30651960,595
21050000,2162146,15624177,7.22624,28615,30777553,547
21100000,2163578,15653204,7.23487,28649,30902267,553
21150000,2164901,15682226,7.24385,28701,31029897,542
21200000,2166205,15711250,7.25289,28731,31156499,569
21250000,2167598,15740191,7.26158,28778,31281078,563
21300000,2168933,15769003,7.2704,28820,31410940,583
21350000,2170340,15797852,7.278980000000001,28864,31535734,576
21400000,2171551,15826747,7.28822,28903,31664538,570
21450000,2172895,15855414,7.2969100000000005,28933,31794948,578
21500000,2174258,15884267,7.3056,28969,31919108,581
21550000,2175593,15913101,7.314369999999999,29023,32047271,534
21600000,2176899,15941774,7.323160000000001,29060,32175385,610
21650000,2178201,15970365,7.331910000000001,29115,32311792,593
21700000,2179526,15998976,7.34058,29166,32438565,564
21750000,2180901,16027584,7.349069999999999,29208,32565540,601
21800000,2182265,16056167,7.35757,29240,32697611,565
21850000,2183525,16084822,7.36645,29282,32829500,571
21900000,2184749,16113399,7.3754,29321,32959151,568
21950000,2186055,16141929,7.38405,29352,33088195,539
22000000,2187321,16170364,7.39277,29396,33222779,581
22050000,2188642,16198812,7.4013100000000005,29441,33351857,572
22100000,2189941,16227108,7.409839999999999,29485,33483448,540
22150000,2191248,16255454,7.41835,29531,33617330,550
22200000,2192575,16283832,7.426810000000001,29572,33750650,565
22250000,2193893,16312059,7.4352100000000005,29608,33885197,554
22300000,2195160,16340400,7.44383,29651,34014905,574
22350000,2196468,16368605,7.45224,29700,34143866,554
22400000,2197791,16397024,7.46068,29749,34275821,553
22450000,2199034,16425236,7.4693,29804,34409865,586
22500000,2200258,16453162,7.47783,29843,34539618,571
22550000,2201486,16481398,7.486489999999999,29885,34671994,574
22600000,2202726,16509455,7.495010000000001,29916,34806100,557
22650000,2204009,16537647,7.503439999999999,29956,34938159,558
22700000,2205227,16565502,7.51193,29989,35072529,570
22750000,2206510,16593676,7.52033,30019,35205029,603
22800000,2207731,16621859,7.52893,30064,35341049,544
22850000,2208925,16649812,7.53752,30101,35470904,569
22900000,2210236,16677800,7.545710000000001,30131,35597045,567
22950000,2211473,16705835,7.55417,30165,35732303,548
23000000,2212721,16733689,7.5624899999999995,30197,35866533,537
23050000,2213947,16761631,7.570930000000001,30246,35999929,540
23100000,2215155,16789525,7.579389999999999,30287,36133536,554
23150000,2216445,16817605,7.58765,30329,36265992,551
23200000,2217665,16845444,7.596030000000001,30370,36400433,546
23250000,2218884,16873306,7.604410000000001,30412,36535741,520
23300000,2220075,16901113,7.61286,30457,36672786,548
23350000,2221273,16928971,7.621289999999999,30499,36807568,547
23400000,2222490,16956876,7.62967,30540,36940067,547
23450000,2223664,16984493,7.63807,30567,37073566,550
23500000,2224875,17011985,7.6462699999999995,30601,37205309,570
23550000,2226029,17039560,7.6546899999999996,30641,37341164,526
23600000,2227205,17067272,7.6630899999999995,30676,37478350,552
23650000,2228383,17094778,7.67138,30712,37615413,542
23700000,2229556,17122209,7.67965,30753,37750192,517
23750000,2230756,17149779,7.687880000000001,30777,37888533,531
23800000,2231907,17177251,7.696219999999999,30812,38024534,551
23850000,2233090,17204917,7.70453,30847,38161274,557
23900000,2234269,17232162,7.7126600000000005,30875,38296610,531
23950000,2235413,17259602,7.72099,30905,38434899,511
24000000,2236540,17286923,7.7293199999999995,30936,38566448,532
24050000,2237732,17314166,7.737369999999999,30973,38702166,548
24100000,2238886,17341401,7.74555,31014,38836660,531
24150000,2240058,17368604,7.753639999999999,31049,38975128,564
24200000,2241211,17396196,7.76196,31088,39112995,561
24250000,2242346,17423559,7.770239999999999,31130,39250459,564
24300000,2243532,17450855,7.7783,31168,39385202,559
24350000,2244661,17478181,7.786560000000001,31215,39525374,546
24400000,2245775,17505487,7.79485,31243,39668001,563
24450000,2246927,17532800,7.8030100000000004,31278,39802679,534
24500000,2248056,17559823,7.81111,31307,39939562,536
24550000,2249263,17587055,7.819030000000001,31343,40076334,578
24600000,2250322,17614329,7.82747,31389,40214881,507
24650000,2251481,17641370,7.83545,31430,40353872,549
24700000,2252593,17668414,7.84359,31462,40490436,535
24750000,2253729,17695523,7.851660000000001,31501,40630425,551
24800000,2254858,17722525,7.859710000000001,31531,40766158,542
24850000,2255988,17749384,7.86768,31566,40906817,520
24900000,2257115,17776427,7.87573,31608,41043572,556
24950000,2258239,17803272,7.8837,31648,41183445,506
25000000,2259321,17830053,7.891780000000001,31689,41325965,558
25050000,2260398,17857055,7.899960000000001,31722,41465045,544
25100000,2261497,17883912,7.9079999999999995,31757,41603135,541
25150000,2262628,17911041,7.91603,31796,41745658,551
25200000,2263726,17937872,7.92405,31838,41883837,533
25250000,2264822,17964879,7.9321399999999995,31868,42021264,562
25300000,2265889,17991661,7.94022,31910,42160668,571
25350000,2266931,18018307,7.94833,31944,42303296,515
25400000,2268024,18044939,7.956239999999999,31980,42439233,505
25450000,2269108,18071760,7.96426,32026,42577373,564
25500000,2270218,18098305,7.972060000000001,32057,42715139,532
25550000,2271314,18125082,7.98,32087,42853040,553
25600000,2272419,18151739,7.98785,32114,42995095,541
25650000,2273565,18178365,7.9955300000000005,32152,43134929,539
25700000,2274631,18204957,8.00348,32190,43277699,531
25750000,2275683,18231445,8.01142,32231,43422033,529
25800000,2276787,18258050,8.019219999999999,32267,43564508,537
25850000,2277859,18284534,8.02707,32306,43703238,534
25900000,2278984,18311016,8.03473,32336,43840192,534
25950000,2280074,18337848,8.04265,32382,43979832,513
26000000,2281163,18364287,8.050410000000001,32418,44124553,510
26050000,2282250,18390786,8.05818,32447,44268268,515
26100000,2283298,18417204,8.06605,32473,44409954,525
26150000,2284346,18443584,8.0739,32503,44551604,520
26200000,2285436,18469860,8.08155,32533,44691650,532
26250000,2286475,18495969,8.08929,32572,44835029,520
26300000,2287498,18522146,8.09712,32609,44978099,526
26350000,2288549,18548381,8.10487,32639,45120235,531
26400000,2289587,18574731,8.1127,32672,45260571,540
26450000,2290606,18601098,8.1206,32698,45400832,516
26500000,2291638,18627248,8.12836,32733,45548962,540
26550000,2292688,18653542,8.1361,32771,45691827,530
26600000,2293760,18679912,8.1438,32797,45833499,518
26650000,2294714,18705943,8.15175,32831,45973816,501
26700000,2295753,18732174,8.15949,32869,46115849,526
26750000,2296846,18758415,8.16703,32920,46265997,536
26800000,2297850,18784590,8.17485,32957,46412992,531
26850000,2298873,18810696,8.18257,32998,46552577,533
26900000,2299902,18836786,8.19026,33044,46695149,532
26950000,2300899,18862682,8.19796,33074,46841631,524
27000000,2301919,18888765,8.20566,33105,46984980,534
27050000,2302923,18914579,8.213289999999999,33132,47127703,537
27100000,2303921,18940721,8.22108,33165,47273954,540
27150000,2304916,18966683,8.2288,33195,47417220,487
27200000,2305930,18992558,8.2364,33234,47558739,510
27250000,2306923,19018525,8.244110000000001,33270,47705261,524
27300000,2307895,19044303,8.25181,33307,47849809,506
27350000,2308910,19070259,8.25942,33348,47998401,537
27400000,2309890,19096253,8.26717,33368,48142944,500
27450000,2310868,19121951,8.27479,33409,48283779,514
27500000,2311813,19147666,8.28253,33443,48433606,494
27550000,2312785,19173447,8.2902,33478,48576741,511
27600000,2313817,19199202,8.29763,33513,48724835,550
27650000,2314780,19224879,8.30527,33543,48869407,516
27700000,2315709,19250619,8.31306,33576,49014474,505
27750000,2316697,19276355,8.32062,33605,49159771,534
27800000,2317659,19302018,8.32824,33636,49299705,531
27850000,2318588,19327686,8.33597,33665,49444748,504
27900000,2319575,19353387,8.34351,33702,49590291,485
27950000,2320530,19378924,8.35108,33736,49732303,504
28000000,2321532,19404504,8.35849,33766,49876870,514
28050000,2322450,19430192,8.36625,33796,50023983,496
28100000,2323382,19455664,8.37386,33839,50173255,528
28150000,2324348,19481402,8.38145,33868,50320644,524
28200000,2325292,19506957,8.38904,33909,50467247,504
28250000,2326264,19532518,8.396519999999999,33943,50616495,506
28300000,2327220,19558203,8.404110000000001,33979,50768703,528
28350000,2328210,19583809,8.41153,34006,50915221,495
28400000,2329153,19609218,8.419030000000001,34036,51058524,505
28450000,2330101,19634703,8.42655,34068,51205410,514
28500000,2331015,19660273,8.43421,34098,51354843,473
28550000,2331947,19685693,8.44174,34119,51499942,502
28600000,2332864,19710998,8.44927,34145,51651421,510
28650000,2333767,19736206,8.4568,34183,51796250,514
28700000,2334693,19761338,8.464210000000001,34220,51947979,522
28750000,2335671,19786476,8.47143,34261,52094902,478
28800000,2336560,19811888,8.47908,34295,52240738,510
28850000,2337487,19837243,8.48657,34324,52390635,522
28900000,2338366,19862381,8.49413,34352,52538356,480
28950000,2339269,19887477,8.50158,34384,52687227,506
29000000,2340166,19912698,8.5091,34415,52837885,482
29050000,2341063,19937760,8.516539999999999,34450,52983799,453
29100000,2341989,19962762,8.52385,34484,53130838,518
29150000,2342842,19987807,8.53144,34518,53278765,506
29200000,2343724,20012951,8.53895,34548,53423673,515
29250000,2344588,20037982,8.54648,34581,53571001,525
29300000,2345535,20062994,8.5537,34607,53722414,495
29350000,2346452,20087969,8.561,34647,53875971,504
29400000,2347358,20112936,8.56833,34685,54028327,509
29450000,2348247,20138033,8.57577,34715,54179144,499
29500000,2349136,20163081,8.58319,34747,54328073,500
29550000,2350029,20188061,8.59056,34788,54474353,488
29600000,2350953,20213040,8.59781,34824,54622103,501
29650000,2351819,20237968,8.60524,34854,54771018,495
29700000,2352748,20262800,8.6124,34886,54921583,511
29750000,2353608,20287495,8.61974,34914,55064778,504
29800000,2354467,20312236,8.62711,34942,55212230,482
29850000,2355373,20337145,8.634360000000001,34973,55362385,489
29900000,2356254,20361904,8.641639999999999,35004,55511346,487
29950000,2357099,20386730,8.64908,35037,55661512,497
30000000,2357954,20411448,8.656419999999999,35074,55814271,509
30050000,2358800,20436038,8.663739999999999,35102,55967928,509
30100000,2359686,20460665,8.67093,35132,56122473,500
30150000,2360556,20485353,8.678189999999999,35160,56276921,500
30200000,2361436,20509834,8.685319999999999,35191,56422668,508
30250000,2362346,20534465,8.6924,35220,56571519,479
30300000,2363221,20558951,8.69955,35247,56722099,484
30350000,2364080,20583815,8.7069,35273,56875978,516
30400000,2364928,20608397,8.71418,35311,57029500,499
30450000,2365775,20632958,8.72144,35332,57178821,476
30500000,2366652,20657507,8.728580000000001,35371,57331156,496
30550000,2367547,20682333,8.73576,35399,57481501,494
30600000,2368394,20706892,8.74301,35439,57629642,502
30650000,2369238,20731509,8.75029,35470,57778381,471
30700000,2370079,20756106,8.75756,35507,57928092,475
30750000,2370877,20780552,8.76492,35539,58078737,496
30800000,2371734,20804926,8.77203,35567,58228075,489
30850000,2372594,20829456,8.77919,35595,58377223,523
30900000,2373483,20853895,8.7862,35626,58530190,485
30950000,2374358,20878287,8.79323,35661,58679240,506
31000000,2375209,20902727,8.80037,35688,58834522,507
31050000,2376024,20926918,8.80754,35718,58979690,509
31100000,2376849,20951206,8.8147,35749,59131620,506
31150000,2377635,20975657,8.82207,35780,59290332,502
31200000,2378480,21000188,8.82925,35808,59444833,510
31250000,2379283,21024504,8.83649,35834,59594158,471
31300000,2380087,21048862,8.843739999999999,35864,59749078,514
31350000,2380976,21073024,8.85058,35892,59903284,484
31400000,2381817,21097209,8.857610000000001,35924,60059884,466
31450000,2382640,21121205,8.86462,35941,60211657,482
31500000,2383461,21145299,8.87168,35968,60363826,511
31550000,2384292,21169472,8.87872,36000,60521839,479
31600000,2385106,21193567,8.8858,36028,60677697,473
31650000,2385927,21217626,8.89282,36065,60830952,485
31700000,2386764,21241743,8.89981,36105,60984825,502
31750000,2387594,21265640,8.90672,36151,61138354,482
31800000,2388393,21289465,8.91372,36181,61293046,460
31850000,2389245,21313656,8.92067,36206,61445642,491
31900000,2390091,21337680,8.92756,36228,61603127,479
31950000,2390916,21361934,8.934619999999999,36261,61760699,448
32000000,2391710,21385845,8.94165,36290,61915413,489
32050000,2392521,21409797,8.94863,36313,62066921,486
32100000,2393377,21433672,8.95541,36347,62220539,463
32150000,2394189,21457549,8.96235,36371,62377537,474
32200000,2394988,21481321,8.96928,36404,62533820,490
32250000,2395830,21505165,8.97608,36430,62687092,493
32300000,2396629,21528927,8.982999999999999,36460,62841920,486
32350000,2397459,21553077,8.98997,36485,62996813,459
32400000,2398297,21576759,8.9967,36503,63147598,472
32450000,2399116,21600514,9.00353,36532,63305649,467
32500000,2399914,21624337,9.01046,36566,63459887,468
32550000,2400703,21648242,9.01746,36600,63614566,476
32600000,2401504,21672020,9.02435,36634,63770264,462
32650000,2402251,21695873,9.03148,36653,63918704,486
32700000,2403017,21719698,9.03851,36674,64081292,467
32750000,2403759,21743367,9.04557,36696,64234668,475
32800000,2404504,21767096,9.05263,36724,64391497,464
32850000,2405293,21790774,9.059510000000001,36752,64547632,465
32900000,2406023,21814250,9.06652,36782,64699002,481
32950000,2406777,21837956,9.07353,36813,64853490,495
33000000,2407551,21861515,9.0804,36837,65004772,506
33050000,2408320,21885034,9.08726,36866,65157999,456
33100000,2409069,21908728,9.09427,36896,65319815,463
33150000,2409849,21932268,9.1011,36922,65472931,475
33200000,2410618,21955749,9.10793,36949,65629020,471
33250000,2411434,21979114,9.11454,36971,65780714,478
33300000,2412212,22002726,9.12139,37006,65944719,466
33350000,2412946,22026126,9.12831,37036,66112635,465
33400000,2413698,22049703,9.13524,37058,66264046,445
33450000,2414513,22073296,9.141919999999999,37095,66420607,484
33500000,2415270,22096778,9.14878,37123,66581576,464
33550000,2415990,22120071,9.1557,37139,66739876,475
33600000,2416745,22143456,9.162510000000001,37163,66900344,457
33650000,2417498,22166887,9.16935,37197,67055388,488
33700000,2418245,22190271,9.17619,37224,67210819,469
33750000,2418988,22213764,9.18308,37251,67363937,454
33800000,2419774,22237178,9.18977,37276,67520806,482
33850000,2420520,22260248,9.19647,37297,67678544,464
33900000,2421284,22283467,9.20316,37315,67833453,482
33950000,2422018,22306687,9.20996,37344,67982715,489
34000000,2422748,22329798,9.21672,37374,68140709,481
34050000,2423473,22353116,9.22359,37399,68294520,475
34100000,2424216,22376382,9.230360000000001,37424,68447181,449
34150000,2424959,22399667,9.23713,37451,68608627,450
34200000,2425753,22422915,9.243689999999999,37474,68774617,469
34250000,2426470,22446167,9.250539999999999,37504,68934869,467
34300000,2427190,22469254,9.25731,37527,69088480,479
34350000,2427939,22492264,9.26393,37559,69240129,472
34400000,2428681,22515361,9.270610000000001,37582,69401602,461
34450000,2429454,22538537,9.2772,37612,69561122,494
34500000,2430219,22561632,9.28379,37642,69717130,496
34550000,2430913,22584659,9.290610000000001,37665,69870039,441
34600000,2431653,22607599,9.29721,37693,70025387,440
34650000,2432395,22630746,9.303889999999999,37721,70187833,455
34700000,2433067,22653677,9.31075,37759,70347438,453
34750000,2433816,22676622,9.31731,37793,70508105,458
34800000,2434524,22699782,9.324119999999999,37824,70660027,462
34850000,2435275,22722579,9.3306,37845,70818440,470
34900000,2436003,22745628,9.33727,37874,70979240,491
34950000,2436721,22768598,9.34395,37900,71135061,457
35000000,2437387,22791575,9.35082,37938,71299082,453
35050000,2438118,22814302,9.357339999999999,37965,71453904,447
35100000,2438860,22837157,9.36387,37995,71609779,472
35150000,2439563,22860070,9.370560000000001,38029,71770694,460
35200000,2440257,22882921,9.37726,38055,71934830,447
35250000,2440945,22905587,9.3839,38079,72092931,456
35300000,2441676,22928380,9.39043,38108,72256061,470
35350000,2442359,22951022,9.39707,38139,72417446,450
35400000,2443045,22973791,9.40375,38172,72576749,446
35450000,2443728,22996697,9.4105,38209,72735589,468
35500000,2444415,23019434,9.41715,38232,72890487,486
35550000,2445119,23042076,9.4237,38255,73051026,446
35600000,2445798,23064764,9.43036,38283,73215688,454
35650000,2446450,23087302,9.43706,38310,73379064,459
35700000,2447167,23109851,9.44351,38338,73541827,444
35750000,2447852,23132412,9.45009,38369,73702348,442
35800000,2448521,23154763,9.45663,38390,73857289,452
35850000,2449177,23177311,9.46331,38412,74019535,456
35900000,2449831,23199826,9.46997,38432,74176805,448
35950000,2450545,23222631,9.476519999999999,38461,74341090,441
36000000,2451269,23245287,9.48296,38489,74502778,460
36050000,2451931,23267831,9.48959,38514,74663757,439
36100000,2452608,23290230,9.49611,38548,74824065,452
36150000,2453298,23312719,9.5026,38575,74984642,434
36200000,2453997,23335182,9.50905,38610,75146164,442
36250000,2454679,23357671,9.51557,38632,75308532,491
36300000,2455318,23380061,9.522210000000001,38666,75466344,448
36350000,2456039,23402545,9.52857,38692,75629452,431
36400000,2456738,23425074,9.53503,38718,75791177,442
36450000,2457390,23447550,9.54165,38742,75955625,471
36500000,2458082,23469930,9.54807,38759,76110283,455
36550000,2458761,23492312,9.55453,38789,76270924,441
36600000,2459456,23514591,9.560889999999999,38821,76434738,470
36650000,2460141,23536913,9.5673,38844,76593812,447
36700000,2460810,23559283,9.573789999999999,38867,76760832,450
36750000,2461480,23581527,9.580219999999999,38904,76924611,444
36800000,2462147,23603751,9.58665,38931,77085199,433
36850000,2462781,23626053,9.59324,38950,77243419,450
36900000,2463450,23648033,9.59956,38980,77404816,463
36950000,2464143,23670428,9.60595,39004,77571311,458
37000000,2464814,23692626,9.61234,39036,77731397,432
37050000,2465452,23714836,9.61886,39072,77894025,458
37100000,2466085,23737201,9.62546,39100,78060062,420
37150000,2466734,23759398,9.63193,39128,78224435,394
37200000,2467426,23781601,9.63822,39149,78386956,440
37250000,2468038,23803583,9.644739999999999,39171,78549674,470
37300000,2468698,23825689,9.65112,39197,78704493,438
37350000,2469350,23847896,9.65756,39227,78864075,453
37400000,2470029,23869975,9.663839999999999,39252,79026861,420
37450000,2470684,23891998,9.6702,39280,79189578,431
37500000,2471327,23913993,9.67658,39315,79346902,438
37550000,2471968,23936048,9.68299,39337,79515453,462
37600000,2472628,23958103,9.68933,39366,79679521,465
37650000,2473242,23980165,9.695839999999999,39387,79840145,435
37700000,2473885,24002040,9.702160000000001,39423,80014755,414
37750000,2474557,24023930,9.70838,39448,80175764,447
37800000,2475210,24045768,9.71464,39473,80337752,442
37850000,2475847,24067771,9.72103,39504,80496364,411
37900000,2476461,24089866,9.72754,39526,80662420,439
37950000,2477156,24111637,9.7336,39553,80821019,438
38000000,2477778,24133646,9.740039999999999,39569,80992628,439
38050000,2478424,24155552,9.74634,39597,81157349,411
38100000,2479059,24177227,9.75258,39621,81312579,434
38150000,2479674,24199074,9.75897,39646,81474521,420
38200000,2480253,24220710,9.765419999999999,39672,81637177,429
38250000,2480853,24242650,9.7719,39693,81798210,435
38300000,2481448,24264463,9.77835,39723,81958693,437
38350000,2482059,24286288,9.78473,39744,82124771,419
38400000,2482707,24308156,9.790989999999999,39762,82288697,422
38450000,2483307,24329955,9.7974,39788,82452540,380
38500000,2483933,24351774,9.80372,39817,82615049,427
38550000,2484539,24373393,9.810030000000001,39847,82778297,414
38600000,2485140,24395144,9.816410000000001,39865,82946395,425
38650000,2485776,24416845,9.82262,39897,83110959,436
38700000,2486419,24438639,9.82885,39921,83276340,441
38750000,2487016,24460426,9.83525,39943,83444061,385
38800000,2487654,24482254,9.8415,39960,83604654,468
38850000,2488288,24503851,9.847669999999999,39979,83762851,418
38900000,2488908,24525264,9.85383,40011,83924275,439
38950000,2489542,24546991,9.86004,40039,84087077,419
39000000,2490169,24568538,9.86621,40062,84252445,431
39050000,2490808,24590104,9.87234,40083,84407004,415
39100000,2491384,24611628,9.8787,40095,84568046,442
39150000,2491995,24633017,9.88486,40125,84736890,432
39200000,2492596,24654635,9.89115,40154,84905158,426
39250000,2493215,24676047,9.89728,40169,85071131,440
39300000,2493828,24697619,9.9035,40196,85236775,422
39350000,2494438,24719151,9.90971,40219,85404783,434
39400000,2495029,24740638,9.91597,40241,85568979,440
39450000,2495633,24762037,9.92215,40257,85731579,423
39500000,2496201,24783355,9.92843,40280,85899816,422
39550000,2496783,24804609,9.93463,40303,86069010,420
39600000,2497434,24826085,9.94064,40325,86235156,417
39650000,2497977,24847507,9.94705,40348,86400773,438
39700000,2498600,24868730,9.95307,40363,86558878,428
39750000,2499176,24890009,9.95929,40392,86727255,432
39800000,2499771,24911298,9.96543,40410,86891633,425
39850000,2500350,24932565,9.971630000000001,40436,87052590,417
39900000,2500993,24953821,9.97757,40453,87217435,429
39950000,2501550,24975114,9.98386,40472,87377836,431
40000000,2502163,24996667,9.99002,40499,87539802,423
40050000,2502735,25018019,9.996269999999999,40517,87708261,413
40100000,2503323,25039421,10.0025,40544,87881861,424
40150000,2503925,25060564,10.0085,40564,88050454,421
40200000,2504499,25081704,10.0147,40592,88216051,396
40250000,2505069,25102862,10.0208,40612,88376905,430
40300000,2505644,25123839,10.0269,40634,88538010,412
40350000,2506214,25145045,10.0331,40656,88696028,429
40400000,2506809,25166163,10.0391,40684,88855073,436
40450000,2507385,25187326,10.0453,40710,89021845,430
40500000,2507965,25208462,10.0514,40737,89186364,421
40550000,2508554,25229755,10.0575,40757,89353369,419
40600000,2509127,25250897,10.0636,40784,89522041,431
40650000,2509721,25272149,10.0697,40804,89692574,428
40700000,2510295,25293338,10.0758,40826,89852983,414
40750000,2510850,25314238,10.0819,40845,90015124,398
40800000,2511435,25335321,10.088,40862,90180242,420
40850000,2512011,25356330,10.094,40882,90349524,448
40900000,2512636,25377322,10.0999,40899,90511194,416
40950000,2513201,25398533,10.106,40941,90678942,451
41000000,2513806,25419394,10.1119,40966,90843141,434
41050000,2514398,25440445,10.1179,40984,91006873,449
41100000,2515005,25461414,10.1238,41007,91173930,404
41150000,2515567,25482393,10.1299,41026,91333538,406
41200000,2516137,25503237,10.1359,41053,91504325,438
41250000,2516712,25524088,10.1418,41073,91669254,453
41300000,2517249,25544876,10.1479,41097,91834887,435
41350000,2517842,25565639,10.1538,41122,91998029,424
41400000,2518412,25586658,10.1598,41143,92168831,414
41450000,2518944,25607498,10.166,41169,92332124,405
41500000,2519496,25628353,10.172,41192,92500655,428
41550000,2520060,25649113,10.177999999999999,41210,92667129,419
41600000,2520602,25669974,10.1841,41233,92830952,421
41650000,2521119,25690777,10.1902,41262,93002912,406
41700000,2521640,25711603,10.1964,41286,93167469,420
41750000,2522216,25732399,10.2023,41305,93333734,390
41800000,2522777,25753249,10.2083,41333,93498421,405
41850000,2523326,25773917,10.2143,41346,93666199,426
41900000,2523888,25794807,10.2203,41366,93836178,409
41950000,2524450,25815395,10.2261,41390,94004275,365
42000000,2525034,25836131,10.232000000000001,41415,94171071,421
42050000,2525577,25856657,10.2379,41433,94338769,401
42100000,2526167,25877227,10.2437,41451,94503631,394
42150000,2526743,25898055,10.2496,41476,94669692,417
42200000,2527295,25918615,10.2555,41499,94839538,392
42250000,2527854,25939245,10.2614,41518,95009398,385
42300000,2528377,25959884,10.2674,41544,95174935,401
42350000,2528916,25980445,10.2734,41576,95336823,426
42400000,2529475,26000976,10.2792,41595,95504492,422
42450000,2530029,26021704,10.2851,41620,95674132,412
42500000,2530559,26042259,10.2911,41643,95839187,427
42550000,2531116,26062870,10.297,41668,96008788,411
42600000,2531658,26083295,10.3029,41691,96174778,407
42650000,2532182,26103785,10.3088,41711,96339176,421
42700000,2532704,26124278,10.3148,41734,96507100,406
42750000,2533228,26144889,10.3208,41763,96670947,407
42800000,2533780,26165411,10.3266,41786,96841386,397
42850000,2534337,26185958,10.3325,41813,97011777,406
42900000,2534897,26206299,10.3382,41832,97187494,415
42950000,2535431,26226838,10.3441,41861,97352951,424
43000000,2535962,26247303,10.35,41889,97523439,415
43050000,2536505,26267948,10.356,41916,97689746,420
43100000,2537030,26288314,10.3618,41942,97862839,405
43150000,2537565,26308523,10.3676,41966,98034559,412
43200000,2538105,26329039,10.3735,41994,98207086,411
43250000,2538610,26349317,10.3794,42017,98372976,414
43300000,2539138,26369626,10.3853,42035,98536481,405
43350000,2539698,26389945,10.390999999999998,42058,98704800,408
43400000,2540265,26410303,10.3967,42083,98865515,413
43450000,2540803,26430525,10.4024,42105,99036717,428
43500000,2541327,26450700,10.4082,42130,99197154,426
43550000,2541855,26470893,10.414000000000001,42151,99361542,401
43600000,2542384,26491206,10.4198,42176,99527976,432
43650000,2542887,26511490,10.4257,42199,99702362,428
43700000,2543442,26531662,10.4314,42215,99869396,392
43750000,2543961,26551933,10.4372,42235,100043981,385
43800000,2544439,26572089,10.4432,42257,100214647,428
43850000,2544956,26592259,10.449000000000002,42281,100379587,433
43900000,2545486,26612277,10.4547,42307,100550334,400
43950000,2546002,26632580,10.4605,42328,100722112,377
44000000,2546499,26652635,10.4664,42347,100895610,405
44050000,2547023,26672662,10.4721,42368,101066328,415
44100000,2547522,26692863,10.478,42389,101244349,413
44150000,2548040,26713043,10.4838,42406,101412660,419
44200000,2548552,26733141,10.4895,42431,101581510,401
44250000,2549000,26753128,10.4955,42451,101759333,405
44300000,2549493,26773107,10.5013,42474,101922917,404
44350000,2550041,26793156,10.507,42491,102094516,387
44400000,2550574,26813211,10.5126,42510,102261221,414
44450000,2551052,26833085,10.5184,42528,102429273,401
44500000,2551556,26852952,10.5241,42552,102595046,407
44550000,2552081,26872934,10.5298,42575,102762988,384
44600000,2552574,26892966,10.5356,42601,102935154,410
44650000,2553028,26912783,10.5415,42630,103108243,412
44700000,2553513,26932923,10.5474,42657,103279778,384
44750000,2554003,26953008,10.5532,42677,103452947,385
44800000,2554491,26972794,10.559000000000001,42704,103629148,366
44850000,2555011,26992577,10.5646,42727,103791027,375
44900000,2555528,27012404,10.5702,42752,103962770,380
44950000,2555995,27032282,10.575999999999999,42778,104131797,393
45000000,2556464,27052069,10.5818,42801,104299660,378
45050000,2556970,27072146,10.5876,42824,104469898,380
45100000,2557452,27091995,10.5934,42850,104639100,407
45150000,2557910,27111771,10.5992,42873,104815329,405
45200000,2558425,27131753,10.6049,42892,104983995,391
45250000,2558935,27151707,10.6105,42914,105156623,395
45300000,2559456,27171447,10.6161,42933,105323388,401
45350000,2559930,27191274,10.6219,42961,105498405,396
45400000,2560435,27210956,10.6275,42981,105667139,391
45450000,2560922,27230692,10.6332,43007,105838208,402
45500000,2561416,27250268,10.6388,43019,106007251,380
45550000,2561925,27270152,10.6444,43037,106173878,393
45600000,2562427,27289935,10.65,43057,106342628,392
45650000,2562909,27309517,10.6557,43080,106511174,415
45700000,2563391,27329061,10.6613,43106,106687262,401
45750000,2563890,27348569,10.6668,43133,106862913,382
45800000,2564396,27368289,10.6724,43159,107036001,365
45850000,2564854,27387939,10.6782,43181,107201959,368
45900000,2565365,27407574,10.6837,43201,107377511,393
45950000,2565850,27427135,10.6893,43220,107545323,412
46000000,2566300,27446772,10.6951,43250,107714742,398
46050000,2566780,27466391,10.7007,43273,107880474,363
46100000,2567273,27485937,10.7063,43293,108050800,369
46150000,2567746,27505406,10.7119,43309,108221259,385
46200000,2568260,27524918,10.7173,43325,108389829,378
46250000,2568737,27544505,10.722999999999999,43352,108560220,396
46300000,2569243,27563924,10.7284,43367,108728545,392
46350000,2569717,27583466,10.734000000000002,43397,108901984,415
46400000,2570176,27603062,10.7398,43422,109079416,384
46450000,2570674,27622458,10.7452,43439,109251914,391
46500000,2571180,27641895,10.7507,43469,109419062,406
46550000,2571677,27661437,10.7562,43488,109593669,392
46600000,2572153,27680766,10.7617,43505,109761253,341
46650000,2572640,27700225,10.7672,43521,109934496,392
46700000,2573114,27719593,10.7728,43541,110099677,372
46750000,2573578,27739019,10.7784,43559,110268761,379
46800000,2574036,27758381,10.784,43586,110435505,380
46850000,2574503,27777881,10.7896,43597,110601326,388
46900000,2574960,27797405,10.7953,43622,110771815,379
46950000,2575408,27816705,10.8009,43642,110944455,391
47000000,2575843,27836140,10.8066,43658,111116359,391
47050000,2576337,27855453,10.812000000000001,43680,111290801,413
47100000,2576806,27874859,10.8176,43702,111462178,408
47150000,2577265,27894349,10.8232,43726,111637442,395
47200000,2577699,27913628,10.8289,43750,111811480,411
47250000,2578157,27932902,10.8344,43764,111977913,376
47300000,2578586,27952064,10.8401,43781,112149602,373
47350000,2579039,27971372,10.8457,43804,112327119,381
47400000,2579537,27990762,10.8511,43829,112500216,382
47450000,2580019,28010047,10.8565,43852,112672887,385
47500000,2580441,28029373,10.8622,43873,112847310,399
47550000,2580890,28048551,10.8678,43892,113012685,393
47600000,2581354,28067872,10.8733,43917,113181688,378
47650000,2581812,28087046,10.8788,43933,113349703,401
47700000,2582249,28106079,10.8843,43953,113523806,368
47750000,2582701,28125388,10.8899,43981,113698891,408
47800000,2583178,28144489,10.8953,44006,113872745,376
47850000,2583629,28163698,10.9008,44034,114038751,377
47900000,2584146,28182642,10.905999999999999,44063,114199047,391
