timestep,num_nodes,num_edges,average_degree,max_degree,num_triangles,new_edges
0,1945,1000,0.514139,5,0,1000
50000,71161,50925,0.715631,157,12,996
100000,122424,100730,0.8227959999999999,303,97,993
150000,166031,150425,0.906006,439,284,994
200000,204510,199994,0.9779180000000001,602,680,985
250000,239528,249433,1.04135,731,1258,989
300000,271561,298781,1.1002399999999999,875,2120,983
350000,301038,347946,1.15582,1000,3165,979
400000,328802,397066,1.20761,1125,4546,980
450000,355173,446047,1.25586,1252,6189,977
500000,380122,494909,1.30197,1386,8067,976
550000,403896,543710,1.34616,1533,10307,978
600000,426660,592386,1.3884299999999998,1648,12777,981
650000,448377,640938,1.42946,1757,15526,971
700000,469370,689376,1.4687299999999999,1880,18613,961
750000,489487,737678,1.50704,2000,22224,964
800000,508906,785908,1.54431,2128,26205,957
850000,527516,834105,1.5811899999999999,2245,30489,961
900000,545591,882164,1.6169,2380,35294,950
950000,563307,930151,1.65123,2512,40296,962
1000000,580280,977977,1.68535,2637,45783,951
1050000,596884,1025738,1.71849,2751,51261,945
1100000,612964,1073473,1.75128,2870,57257,953
1150000,628523,1121036,1.7836,2981,63789,941
1200000,643956,1168509,1.8145799999999999,3098,70924,953
1250000,658890,1215823,1.84526,3215,78033,945
1300000,673517,1263175,1.87549,3344,85752,946
1350000,687789,1310479,1.90535,3465,94283,955
1400000,701659,1357615,1.9348599999999998,3582,102710,941
1450000,715293,1404615,1.9636900000000002,3684,111459,934
1500000,728588,1451518,1.99223,3796,121198,946
1550000,741726,1498394,2.02014,3904,130918,936
1600000,754556,1545129,2.04773,4006,140822,933
1650000,767048,1591858,2.0753,4116,151546,936
1700000,779298,1638392,2.10239,4233,162170,923
1750000,791409,1684875,2.1289599999999997,4339,173822,929
1800000,803332,1731294,2.1551400000000003,4457,185849,932
1850000,814988,1777575,2.18111,4549,198154,925
1900000,826518,1823727,2.2065200000000003,4643,210991,920
1950000,837572,1869881,2.2325,4746,223649,918
2000000,848535,1915885,2.25787,4838,237385,928
2050000,859484,1961943,2.2827,4945,251183,908
2100000,870252,2007920,2.30729,5038,265818,927
2150000,880726,2053799,2.3319400000000003,5140,281299,910
2200000,891105,2099587,2.35616,5229,296449,919
2250000,901191,2145275,2.38049,5314,311956,905
2300000,911177,2190832,2.4044,5407,328107,908
2350000,921122,2236365,2.42787,5499,343925,903
2400000,930794,2281884,2.45155,5596,361108,933
2450000,940453,2327225,2.47458,5710,378037,904
2500000,949999,2372525,2.4974,5808,396145,906
2550000,959269,2417849,2.52051,5923,414177,891
2600000,968520,2463101,2.54316,6027,433451,894
2650000,977570,2508098,2.56565,6132,452305,899
2700000,986709,2552946,2.58733,6238,471365,902
2750000,995657,2597796,2.60913,6347,490126,895
2800000,1004408,2642604,2.63101,6449,510400,879
2850000,1012985,2687345,2.6529,6555,530671,901
2900000,1021534,2732058,2.67447,6659,552485,879
2950000,1030104,2776667,2.69552,6771,574539,904
3000000,1038591,2821179,2.71635,6869,596881,892
3050000,1046867,2865628,2.73734,6956,618830,882
3100000,1054873,2909943,2.75857,7037,641170,882
3150000,1062963,2954355,2.77936,7114,664349,891
3200000,1070899,2998488,2.79997,7212,688968,889
3250000,1078736,3042693,2.82061,7310,712830,893
3300000,1086438,3086773,2.84119,7393,736729,873
3350000,1094084,3130840,2.8616099999999998,7486,762019,897
3400000,1101585,3174738,2.88197,7565,788715,876
3450000,1109213,3218724,2.90181,7660,814263,867
3500000,1116627,3262494,2.9217400000000002,7746,840242,864
3550000,1124050,3306256,2.94138,7838,868096,878
3600000,1131411,3350071,2.96097,7931,895319,871
3650000,1138572,3393667,2.98063,8009,922720,875
3700000,1145677,3437274,3.00021,8092,950965,863
3750000,1152920,3480759,3.0190799999999998,8181,978210,870
3800000,1159886,3524063,3.03828,8272,1006744,865
3850000,1166817,3567275,3.05727,8372,1036255,877
3900000,1173777,3610604,3.07606,8460,1065606,870
3950000,1180627,3653838,3.09483,8554,1096314,871
4000000,1187182,3696947,3.11405,8644,1127547,875
4050000,1193934,3740084,3.13257,8735,1159210,854
4100000,1200499,3783274,3.15142,8821,1190722,848
4150000,1207006,3826220,3.17001,8912,1222403,852
4200000,1213531,3869067,3.18827,8991,1255664,868
4250000,1220130,3911820,3.20607,9112,1289080,861
4300000,1226359,3954666,3.22472,9191,1322082,847
4350000,1232679,3997355,3.24282,9275,1357211,856
4400000,1238783,4039957,3.26123,9354,1391855,857
4450000,1245035,4082427,3.2789699999999997,9433,1426485,847
4500000,1251085,4124806,3.2969800000000005,9527,1461734,856
4550000,1257164,4167131,3.31471,9596,1495937,849
4600000,1263247,4209389,3.3322,9681,1531812,834
4650000,1269226,4251665,3.3498099999999997,9761,1567785,849
4700000,1275130,4293961,3.3674699999999995,9848,1604256,841
4750000,1281009,4336079,3.38489,9928,1640505,850
4800000,1286732,4378143,3.4025300000000005,10022,1678552,853
4850000,1292515,4420231,3.4198699999999995,10104,1717129,821
4900000,1298281,4462301,3.4370800000000004,10191,1755720,820
4950000,1304028,4504257,3.45411,10273,1794007,827
5000000,1309582,4546092,3.4714099999999997,10353,1834965,862
5050000,1315161,4587923,3.48849,10423,1874863,844
5100000,1320714,4629739,3.5054800000000004,10508,1915842,845
5150000,1326233,4671450,3.5223400000000002,10596,1957988,844
5200000,1331702,4713130,3.5391800000000004,10687,2000256,859
5250000,1337022,4754713,3.5562,10771,2042196,816
5300000,1342381,4796261,3.57295,10862,2083800,839
5350000,1347639,4837638,3.5897099999999997,10945,2126438,822
5400000,1352832,4878927,3.60645,11019,2168053,823
5450000,1357999,4920097,3.62305,11099,2210532,804
5500000,1363285,4961320,3.63924,11164,2252973,799
5550000,1368461,5002485,3.65556,11244,2296854,824
5600000,1373543,5043678,3.67202,11319,2341068,831
5650000,1378675,5084659,3.6880800000000002,11392,2385485,812
5700000,1383652,5125677,3.7044599999999996,11469,2429199,826
5750000,1388686,5166649,3.72053,11559,2474172,817
5800000,1393654,5207530,3.7366,11634,2518603,808
5850000,1398652,5248433,3.7524900000000003,11707,2565817,802
5900000,1403580,5289182,3.76835,11795,2608898,826
5950000,1408372,5330075,3.78456,11873,2655096,832
6000000,1413152,5370707,3.8005199999999997,11942,2702303,806
6050000,1417967,5411360,3.8162800000000003,12031,2749248,788
6100000,1422805,5451981,3.83185,12106,2796645,809
6150000,1427511,5492583,3.84766,12184,2845476,816
6200000,1432104,5532950,3.8635099999999998,12258,2893295,798
6250000,1436799,5573412,3.87905,12341,2941113,804
6300000,1441497,5613940,3.8945199999999995,12406,2990697,815
6350000,1446019,5654171,3.91016,12481,3040336,785
6400000,1450646,5694432,3.92545,12559,3090830,800
6450000,1455148,5734611,3.9409099999999997,12642,3141224,787
6500000,1459541,5774552,3.9564199999999996,12707,3191909,798
6550000,1464013,5814661,3.9717300000000004,12767,3242962,789
6600000,1468460,5854593,3.9868900000000003,12851,3293572,820
6650000,1472858,5894568,4.00213,12922,3345826,806
6700000,1477295,5934565,4.017180000000001,12989,3398224,797
6750000,1481608,5974448,4.03241,13059,3452266,771
6800000,1485939,6014256,4.04744,13126,3505518,777
6850000,1490139,6054023,4.06272,13188,3559571,801
6900000,1494437,6093751,4.07762,13258,3613345,795
6950000,1498598,6133286,4.0926800000000005,13326,3665459,785
7000000,1502823,6172794,4.107469999999999,13407,3722060,795
7050000,1506981,6212385,4.1224,13484,3777753,783
7100000,1511150,6251861,4.13715,13544,3833014,781
7150000,1515309,6291213,4.15177,13611,3887630,776
7200000,1519396,6330472,4.166440000000001,13691,3941366,763
7250000,1523499,6369826,4.18105,13751,3996461,798
7300000,1527530,6409124,4.19574,13824,4053633,783
7350000,1531466,6448244,4.2105,13897,4111736,779
7400000,1535431,6487413,4.225140000000001,13982,4168489,765
7450000,1539361,6526559,4.2397800000000005,14048,4225930,796
7500000,1543413,6565539,4.253909999999999,14117,4284776,791
7550000,1547253,6604651,4.26863,14187,4344352,761
7600000,1551061,6643690,4.28332,14262,4403353,779
7650000,1555021,6682445,4.2973300000000005,14339,4461348,772
7700000,1558926,6721236,4.31145,14415,4522843,779
7750000,1562650,6760049,4.32602,14476,4582000,799
7800000,1566473,6798756,4.34017,14556,4643948,770
7850000,1570284,6837463,4.35428,14627,4705309,767
7900000,1574103,6875985,4.36819,14700,4768877,796
7950000,1577885,6914724,4.38227,14781,4830014,776
8000000,1581639,6953396,4.396319999999999,14851,4891525,763
8050000,1585369,6991950,4.4103,14915,4952689,778
8100000,1589169,7030448,4.42398,14970,5015548,744
8150000,1592898,7068830,4.43772,15043,5076434,776
8200000,1596587,7107108,4.45144,15107,5140591,754
8250000,1600190,7145357,4.465319999999999,15177,5204370,772
8300000,1603725,7183245,4.4791,15246,5267810,760
8350000,1607359,7221333,4.4926699999999995,15319,5331791,761
8400000,1610931,7259434,4.50636,15388,5394611,742
8450000,1614345,7297604,4.5204699999999995,15445,5459698,751
8500000,1617900,7335434,4.533919999999999,15502,5523526,746
8550000,1621440,7373206,4.54732,15580,5589273,738
8600000,1624936,7411164,4.5609,15644,5656360,746
8650000,1628345,7449183,4.5747,15721,5724512,743
8700000,1631722,7487053,4.58844,15799,5792170,756
8750000,1635143,7524858,4.60196,15865,5857335,750
8800000,1638562,7562361,4.61524,15925,5925070,738
8850000,1642008,7600053,4.6285099999999995,16005,5993917,730
8900000,1645375,7637596,4.641859999999999,16068,6062437,758
8950000,1648729,7675225,4.65524,16141,6132234,736
9000000,1652122,7712770,4.6684,16199,6200740,768
9050000,1655325,7750319,4.68205,16261,6270321,734
9100000,1658672,7787726,4.69516,16333,6338186,743
9150000,1661972,7825157,4.70836,16413,6407715,750
9200000,1665230,7862441,4.7215300000000004,16475,6478717,750
9250000,1668491,7899791,4.7346900000000005,16544,6552452,744
9300000,1671616,7936920,4.74805,16615,6627114,759
9350000,1674872,7974226,4.7611,16676,6698409,754
9400000,1678015,8011416,4.7743400000000005,16740,6769071,743
9450000,1681138,8048574,4.78757,16817,6840854,737
9500000,1684257,8085649,4.80072,16898,6912129,760
9550000,1687493,8122656,4.81345,16966,6983485,728
9600000,1690654,8159515,4.82625,17022,7057211,775
9650000,1693886,8196493,4.83887,17078,7131479,734
9700000,1696971,8233356,4.8518,17141,7204348,769
9750000,1700099,8270385,4.86465,17197,7278016,743
9800000,1703118,8307182,4.87763,17253,7350451,741
9850000,1706143,8343942,4.89053,17310,7423314,753
9900000,1709167,8380732,4.9034,17374,7498517,730
9950000,1712180,8417524,4.91626,17434,7573664,715
10000000,1715144,8454204,4.92915,17503,7650309,711
10050000,1718275,8490812,4.94147,17570,7727058,746
10100000,1721178,8527415,4.95441,17636,7802548,734
10150000,1724223,8563831,4.96678,17689,7879256,724
10200000,1727248,8600284,4.97918,17749,7958109,715
10250000,1730243,8636779,4.9916599999999995,17821,8034118,725
10300000,1733129,8672993,5.00424,17883,8113439,720
10350000,1736207,8709113,5.01617,17934,8191502,713
10400000,1739153,8745355,5.02851,17994,8268121,712
10450000,1742050,8781675,5.041,18056,8346488,713
10500000,1744909,8817820,5.05346,18123,8426613,747
10550000,1747836,8854015,5.0657,18185,8505080,723
10600000,1750723,8890053,5.07793,18242,8585306,700
10650000,1753588,8925902,5.09008,18311,8663354,714
10700000,1756538,8962015,5.1020900000000005,18373,8741947,737
10750000,1759356,8998121,5.11444,18429,8821339,710
10800000,1762207,9033976,5.12651,18499,8900142,723
10850000,1764982,9069890,5.1388,18568,8982159,692
10900000,1767873,9105813,5.15072,18646,9064835,735
10950000,1770634,9141576,5.16288,18702,9145587,705
11000000,1773398,9177378,5.17502,18774,9226765,702
11050000,1776167,9213053,5.1870400000000005,18819,9310060,686
11100000,1778888,9248787,5.1992,18868,9393051,739
11150000,1781604,9284379,5.21125,18926,9475752,714
11200000,1784204,9320073,5.22366,18988,9558586,693
11250000,1786940,9355559,5.235519999999999,19062,9639659,720
11300000,1789650,9390885,5.247330000000001,19105,9722865,711
11350000,1792357,9426396,5.25922,19160,9806131,706
11400000,1794909,9461822,5.27148,19214,9894255,718
11450000,1797574,9497253,5.28337,19272,9982271,708
11500000,1800170,9532623,5.2954,19332,10070780,717
11550000,1802823,9567887,5.307169999999999,19388,10157025,700
11600000,1805371,9603158,5.31922,19444,10240667,721
11650000,1807976,9638407,5.33105,19508,10328749,711
11700000,1810549,9673628,5.34293,19568,10418172,679
11750000,1813151,9708972,5.35475,19612,10507209,699
11800000,1815743,9743938,5.36636,19662,10591054,696
11850000,1818354,9778872,5.37787,19708,10677852,709
11900000,1820803,9813862,5.38985,19760,10763659,701
11950000,1823282,9848693,5.40163,19815,10850711,687
12000000,1825792,9883582,5.41331,19883,10936879,704
12050000,1828328,9918486,5.42489,19947,11027459,673
12100000,1830753,9953563,5.43687,20008,11118117,690
12150000,1833262,9988340,5.4484,20062,11204361,708
12200000,1835740,10023056,5.45995,20119,11292547,696
12250000,1838254,10057654,5.47131,20176,11380958,684
12300000,1840714,10092221,5.48278,20234,11470797,709
12350000,1843120,10126714,5.494330000000001,20276,11559051,687
12400000,1845612,10161313,5.50566,20313,11647251,706
12450000,1848037,10195641,5.51701,20368,11734376,686
12500000,1850496,10230047,5.52827,20431,11824079,678
12550000,1852856,10264403,5.53977,20483,11916024,668
12600000,1855212,10298883,5.55132,20537,12004867,708
12650000,1857551,10333121,5.5627699999999995,20597,12096594,694
12700000,1859989,10367425,5.573919999999999,20646,12187423,687
12750000,1862328,10401832,5.58539,20709,12279441,676
12800000,1864818,10436169,5.59635,20758,12371917,683
12850000,1867134,10470568,5.60783,20821,12464913,664
12900000,1869494,10504832,5.61908,20877,12556647,693
12950000,1871915,10539009,5.63007,20939,12649426,660
13000000,1874181,10573240,5.64153,20997,12745533,686
13050000,1876526,10607448,5.65271,21046,12839659,674
13100000,1878854,10641514,5.66383,21105,12931996,685
13150000,1881184,10675562,5.674919999999999,21156,13023593,693
13200000,1883431,10709559,5.6862,21206,13115998,690
13250000,1885651,10743668,5.69759,21273,13211217,674
13300000,1887975,10777648,5.70858,21347,13307437,650
13350000,1890191,10811492,5.71979,21408,13400180,663
13400000,1892440,10845381,5.7309,21470,13497118,659
13450000,1894648,10879260,5.7421,21520,13591953,679
13500000,1896938,10913121,5.753019999999999,21584,13687937,673
13550000,1899083,10946887,5.7643,21644,13785534,674
13600000,1901284,10980384,5.77525,21699,13884246,689
13650000,1903533,11013993,5.78608,21743,13979797,659
13700000,1905744,11047574,5.79699,21795,14074317,673
13750000,1907967,11081027,5.80777,21851,14172081,656
13800000,1910231,11114660,5.81849,21909,14266260,683
13850000,1912413,11148152,5.829359999999999,21969,14361869,638
13900000,1914547,11181671,5.84037,22044,14460349,650
13950000,1916670,11214941,5.85126,22102,14558180,691
14000000,1918841,11248435,5.8621,22144,14656404,653
14050000,1920964,11281665,5.87292,22190,14752721,680
14100000,1923087,11314893,5.88371,22240,14853777,659
14150000,1925221,11348193,5.89449,22295,14956007,654
14200000,1927394,11381481,5.90511,22341,15059471,659
14250000,1929425,11414661,5.9160900000000005,22386,15158181,664
14300000,1931598,11447767,5.92658,22454,15262062,676
14350000,1933670,11480809,5.93732,22504,15359600,660
14400000,1935702,11513984,5.94822,22562,15458920,655
14450000,1937746,11547165,5.95907,22617,15559557,686
14500000,1939831,11580293,5.96974,22665,15659213,658
14550000,1941931,11613079,5.980169999999999,22707,15762552,651
14600000,1943941,11645938,5.99089,22770,15863682,653
14650000,1945961,11678949,6.00164,22807,15968333,666
14700000,1947991,11711789,6.01224,22856,16072108,653
14750000,1949993,11744585,6.02289,22906,16173829,660
14800000,1951967,11777554,6.03368,22954,16273566,642
14850000,1953938,11810167,6.04429,23009,16375663,646
14900000,1955894,11842919,6.05499,23060,16477569,624
14950000,1957888,11875677,6.06555,23094,16578906,665
15000000,1959854,11908475,6.07621,23135,16683484,622
15050000,1961827,11941126,6.08674,23173,16784587,622
15100000,1963796,11973827,6.09729,23226,16888058,669
15150000,1965799,12006503,6.1077,23270,16989443,633
15200000,1967779,12039012,6.1180699999999995,23310,17093541,643
15250000,1969774,12071487,6.12836,23366,17196979,664
15300000,1971771,12103834,6.13856,23419,17303689,643
15350000,1973636,12136232,6.14917,23474,17408570,648
15400000,1975535,12168460,6.15958,23523,17511955,639
15450000,1977491,12200589,6.16973,23570,17618834,626
15500000,1979486,12233025,6.1799,23634,17723555,657
15550000,1981490,12265198,6.18989,23677,17827192,635
15600000,1983370,12297365,6.20024,23727,17934592,653
15650000,1985360,12329822,6.210369999999999,23777,18037957,651
15700000,1987376,12362025,6.220269999999999,23817,18143002,659
15750000,1989270,12394223,6.23054,23880,18252230,637
15800000,1991134,12426347,6.24084,23935,18360942,652
15850000,1993002,12458425,6.2510900000000005,23976,18470561,622
15900000,1994949,12490685,6.26116,24031,18579921,660
15950000,1996871,12522524,6.27107,24085,18688515,654
16000000,1998743,12554310,6.2811,24125,18794330,623
16050000,2000627,12586399,6.2912300000000005,24174,18900977,661
16100000,2002545,12618274,6.30112,24221,19009381,642
16150000,2004374,12650095,6.31124,24263,19115216,639
16200000,2006164,12681843,6.32144,24317,19221130,657
16250000,2008028,12713490,6.33133,24372,19331481,627
16300000,2009871,12745185,6.3413,24422,19440419,648
16350000,2011732,12777059,6.3512699999999995,24467,19552428,620
16400000,2013532,12808709,6.36131,24509,19663312,655
16450000,2015336,12840479,6.37138,24556,19770916,602
16500000,2017181,12872201,6.38128,24606,19885461,654
16550000,2018947,12903742,6.3913199999999994,24655,19995474,612
16600000,2020799,12935231,6.40105,24698,20105837,624
16650000,2022654,12966863,6.410819999999999,24753,20214689,618
16700000,2024441,12998365,6.420719999999999,24815,20326452,620
16750000,2026233,13029867,6.4305900000000005,24867,20437535,618
16800000,2028056,13061351,6.44033,24915,20546386,639
16850000,2029811,13092837,6.45027,24964,20659742,628
16900000,2031621,13124283,6.46001,25012,20770320,627
16950000,2033348,13155670,6.46995,25055,20879198,628
17000000,2035175,13186973,6.4795300000000005,25102,20987890,622
17050000,2036940,13218128,6.48921,25153,21100392,634
17100000,2038675,13249264,6.49896,25184,21215505,607
17150000,2040459,13280450,6.50856,25221,21327305,623
17200000,2042234,13311728,6.5182199999999995,25261,21436532,629
17250000,2043990,13342774,6.52781,25316,21549597,649
17300000,2045653,13373978,6.53775,25364,21662177,600
17350000,2047381,13405010,6.54739,25415,21775195,641
17400000,2049056,13436011,6.557169999999999,25479,21891478,630
17450000,2050741,13466893,6.566839999999999,25521,22003603,625
17500000,2052488,13498060,6.57644,25572,22119636,617
17550000,2054182,13529084,6.586119999999999,25615,22233935,608
17600000,2055895,13559912,6.595619999999999,25665,22348686,647
17650000,2057546,13590814,6.60535,25718,22462400,619
17700000,2059239,13621643,6.614889999999999,25772,22578881,613
17750000,2060890,13652470,6.62455,25812,22692858,634
17800000,2062516,13683369,6.63431,25851,22808845,637
17850000,2064161,13714161,6.64394,25908,22920834,598
17900000,2065747,13744971,6.65375,25958,23035851,621
17950000,2067363,13775562,6.66335,26010,23150873,607
18000000,2068984,13806051,6.67287,26057,23267872,635
18050000,2070546,13836486,6.68253,26088,23380320,624
18100000,2072112,13867143,6.69227,26132,23495865,613
18150000,2073752,13897804,6.70177,26169,23611896,596
18200000,2075353,13928321,6.7113,26219,23730887,627
18250000,2077000,13959024,6.72076,26267,23850577,621
18300000,2078577,13989705,6.73042,26324,23968301,585
18350000,2080150,14020232,6.740010000000001,26352,24083189,600
18400000,2081802,14050707,6.7493,26390,24202448,610
18450000,2083393,14081006,6.75869,26430,24322084,620
18500000,2085037,14111412,6.767939999999999,26475,24441903,608
18550000,2086755,14141948,6.777,26520,24563198,642
18600000,2088419,14172402,6.7861899999999995,26553,24683699,619
18650000,2090029,14202628,6.79542,26601,24801499,606
18700000,2091590,14232771,6.804760000000001,26639,24919689,616
18750000,2093193,14262886,6.81394,26675,25040498,605
18800000,2094789,14292905,6.82308,26713,25161458,614
18850000,2096343,14323055,6.8324,26776,25284270,608
18900000,2097882,14353018,6.84167,26812,25405728,624
18950000,2099478,14383236,6.850860000000001,26855,25523624,599
19000000,2101016,14413454,6.8602300000000005,26896,25646309,607
19050000,2102547,14443592,6.8695699999999995,26938,25763233,601
19100000,2104098,14473557,6.87875,26976,25882205,590
19150000,2105605,14503406,6.888,27018,26001426,609
19200000,2107152,14533463,6.89721,27074,26119172,606
19250000,2108691,14563565,6.90645,27116,26240158,634
19300000,2110220,14593558,6.915660000000001,27159,26363888,593
19350000,2111746,14623476,6.92483,27220,26485232,642
19400000,2113202,14653376,6.93421,27256,26606213,597
19450000,2114771,14683251,6.9431899999999995,27297,26729362,585
19500000,2116317,14713265,6.9523,27345,26848160,596
19550000,2117819,14743194,6.9615,27379,26969531,625
19600000,2119268,14772992,6.9708,27419,27090369,588
19650000,2120701,14802621,6.980060000000001,27463,27210290,580
19700000,2122165,14832343,6.98925,27500,27331866,583
19750000,2123619,14861903,6.99838,27550,27452275,599
19800000,2125088,14891597,7.0075199999999995,27602,27575139,592
19850000,2126561,14921463,7.016710000000001,27646,27699548,591
19900000,2128030,14950912,7.025710000000001,27684,27821745,591
19950000,2129546,14980489,7.03459,27742,27941537,580
20000000,2131046,15010079,7.0435300000000005,27785,28070596,568
20050000,2132522,15039628,7.052510000000001,27823,28193087,581
20100000,2133888,15069023,7.06177,27865,28319322,599
20150000,2135321,15098584,7.070869999999999,27913,28444584,583
20200000,2136747,15127934,7.07989,27971,28569801,583
20250000,2138227,15157492,7.0888100000000005,28012,28698173,615
20300000,2139609,15186829,7.09795,28052,28823042,574
20350000,2141121,15216117,7.106610000000001,28096,28949357,574
20400000,2142549,15245278,7.115489999999999,28145,29073127,557
20450000,2144067,15274582,7.12412,28175,29196699,603
20500000,2145467,15303699,7.133039999999999,28229,29319801,574
20550000,2146871,15333011,7.14203,28274,29450195,582
20600000,2148239,15362233,7.15108,28328,29579158,619
20650000,2149748,15391429,7.15964,28363,29702950,589
20700000,2151096,15420656,7.16874,28414,29826305,589
20750000,2152567,15449966,7.177460000000001,28457,29954245,586
20800000,2153914,15479109,7.1865,28507,30081821,585
20850000,2155276,15508277,7.1954899999999995,28548,30209117,585
20900000,2156701,15537485,7.204280000000001,28596,30335384,580
20950000,2158103,15566459,7.213030000000001,28636,30461721,584
21000000,2159525,15595293,7.22163,28678,30587645,564
21050000,2160914,15624129,7.23033,28732,30710878,595
21100000,2162273,15653218,7.23924,28770,30837683,581
21150000,2163676,15681982,7.247839999999999,28801,30965683,568
21200000,2165089,15711049,7.256539999999999,28845,31094737,610
21250000,2166449,15739881,7.265289999999999,28886,31221354,610
21300000,2167771,15768644,7.27413,28934,31351002,596
21350000,2169055,15797356,7.283060000000001,28963,31479893,585
21400000,2170406,15826128,7.29178,29010,31608125,560
21450000,2171724,15854937,7.300619999999999,29046,31736321,594
21500000,2172980,15883556,7.30957,29078,31863752,589
21550000,2174282,15912195,7.31837,29123,31988950,583
21600000,2175721,15940915,7.32673,29160,32118205,558
21650000,2177082,15969517,7.33529,29205,32245701,584
21700000,2178441,15998064,7.34381,29246,32374036,544
21750000,2179796,16026519,7.3523,29285,32508304,565
21800000,2181144,16055162,7.3608899999999995,29325,32641259,557
21850000,2182434,16083766,7.36965,29367,32764513,572
21900000,2183789,16112429,7.3782,29402,32900495,571
21950000,2185030,16140854,7.38702,29439,33030126,584
22000000,2186317,16169148,7.3956100000000005,29478,33163569,564
22050000,2187679,16197470,7.40395,29522,33291976,570
22100000,2188950,16225802,7.4126,29559,33421756,533
22150000,2190238,16254124,7.42117,29603,33556461,571
22200000,2191497,16282424,7.429819999999999,29638,33684778,581
22250000,2192874,16310744,7.43807,29676,33815717,581
22300000,2194161,16338911,7.44654,29718,33943669,576
22350000,2195410,16367248,7.455210000000001,29746,34073702,545
22400000,2196696,16395615,7.463760000000001,29791,34205820,557
22450000,2197931,16423749,7.47237,29838,34336429,554
22500000,2199165,16451940,7.480989999999999,29887,34470646,567
22550000,2200384,16480119,7.489660000000001,29940,34601575,555
22600000,2201619,16508308,7.49826,29985,34731743,563
22650000,2202904,16536315,7.5066,30026,34861765,594
22700000,2204196,16564483,7.51498,30067,34997098,564
22750000,2205469,16592366,7.523280000000001,30110,35129234,567
22800000,2206794,16620568,7.53154,30142,35264585,530
22850000,2208039,16648551,7.539969999999999,30191,35399238,595
22900000,2209275,16676472,7.5483899999999995,30238,35533280,534
22950000,2210494,16704450,7.556889999999999,30282,35667619,563
23000000,2211684,16732357,7.56544,30316,35800331,589
23050000,2212853,16760288,7.57406,30355,35933070,553
23100000,2214100,16788275,7.582439999999999,30396,36063896,549
23150000,2215365,16816180,7.5907,30430,36198231,567
23200000,2216621,16843986,7.59895,30463,36331142,538
23250000,2217854,16871898,7.607310000000001,30509,36464276,548
23300000,2219099,16899636,7.615539999999999,30546,36595464,538
23350000,2220292,16927409,7.62396,30583,36729537,540
23400000,2221480,16955114,7.63235,30619,36866287,544
23450000,2222670,16982850,7.640739999999999,30661,37006535,582
23500000,2223913,17010533,7.6489199999999995,30688,37141432,562
23550000,2225020,17038127,7.65752,30736,37285439,544
23600000,2226217,17065778,7.66582,30781,37421772,540
23650000,2227416,17093322,7.674060000000001,30829,37562421,552
23700000,2228624,17120845,7.68225,30860,37697171,555
23750000,2229790,17148595,7.69068,30895,37830207,549
23800000,2230956,17176037,7.6989600000000005,30929,37964500,548
23850000,2232177,17203469,7.707039999999999,30967,38100724,571
23900000,2233418,17230979,7.71507,31004,38238716,523
23950000,2234577,17258331,7.723310000000001,31046,38371808,564
24000000,2235786,17285983,7.7315,31087,38511347,563
24050000,2236961,17313421,7.7397100000000005,31122,38647385,550
24100000,2238149,17340627,7.74775,31154,38780990,550
24150000,2239291,17367918,7.75599,31190,38914577,533
24200000,2240457,17395258,7.76416,31215,39054012,546
24250000,2241562,17422600,7.772530000000001,31255,39188664,524
24300000,2242747,17450039,7.78065,31289,39325106,579
24350000,2243880,17477183,7.788819999999999,31326,39461184,565
24400000,2245058,17504222,7.79678,31356,39600959,553
24450000,2246191,17531301,7.8049,31397,39734569,531
24500000,2247367,17558450,7.8129,31430,39870486,539
24550000,2248486,17585609,7.821089999999999,31474,40008112,546
24600000,2249643,17612869,7.82918,31516,40150030,560
24650000,2250774,17639759,7.8372,31553,40281970,528
24700000,2251910,17666871,7.845280000000001,31590,40420255,542
24750000,2253008,17693701,7.85337,31620,40564101,522
24800000,2254121,17720725,7.86148,31654,40699512,541
24850000,2255240,17747659,7.86952,31691,40837881,516
24900000,2256379,17774598,7.877489999999999,31727,40974607,525
24950000,2257538,17801326,7.885280000000001,31758,41109153,537
25000000,2258694,17828449,7.893260000000001,31784,41245397,558
25050000,2259852,17855453,7.901160000000001,31817,41384499,533
25100000,2261006,17882276,7.908989999999999,31846,41521012,542
25150000,2262174,17909131,7.91678,31880,41659535,516
25200000,2263251,17935987,7.92488,31920,41800501,538
25250000,2264333,17962857,7.9329600000000005,31959,41942226,502
25300000,2265452,17989635,7.940860000000001,31995,42081587,559
25350000,2266520,18016395,7.948919999999999,32035,42220496,537
25400000,2267597,18043132,7.9569399999999995,32071,42365713,526
25450000,2268624,18069833,7.965110000000001,32104,42505845,532
25500000,2269666,18096503,7.9732,32143,42648494,521
25550000,2270729,18123225,7.98124,32177,42794436,519
25600000,2271820,18149766,7.989089999999999,32202,42929567,519
25650000,2272917,18176403,7.99695,32229,43067993,545
25700000,2273968,18202776,8.00485,32263,43206376,536
25750000,2275079,18229403,8.01265,32297,43353098,525
25800000,2276122,18256117,8.020710000000001,32331,43492645,526
25850000,2277179,18282751,8.02868,32358,43636702,541
25900000,2278236,18309176,8.03656,32393,43770657,522
25950000,2279335,18335562,8.044260000000001,32423,43907474,525
26000000,2280416,18362156,8.05211,32456,44046660,513
26050000,2281457,18388651,8.06005,32492,44185041,547
26100000,2282466,18415087,8.06807,32526,44326375,516
26150000,2283496,18441551,8.07602,32557,44468623,538
26200000,2284485,18467831,8.084019999999999,32596,44612343,527
26250000,2285510,18494201,8.09194,32631,44756260,545
26300000,2286542,18520494,8.09978,32664,44893938,541
26350000,2287613,18547005,8.10758,32708,45041498,538
26400000,2288702,18573373,8.11524,32750,45189677,535
26450000,2289725,18599657,8.1231,32784,45334486,522
26500000,2290753,18625974,8.130939999999999,32816,45481530,495
26550000,2291836,18652301,8.138580000000001,32851,45630296,503
26600000,2292852,18678538,8.146419999999999,32882,45775328,526
26650000,2293859,18704643,8.15423,32913,45916589,504
26700000,2294949,18730885,8.16179,32946,46057404,527
26750000,2296003,18756869,8.169360000000001,32983,46203361,532
26800000,2296990,18782833,8.17715,33016,46343184,548
26850000,2298012,18808825,8.18482,33061,46487573,511
26900000,2299037,18835011,8.19257,33102,46632052,508
26950000,2300099,18861183,8.20016,33139,46772675,537
27000000,2301113,18887229,8.20787,33176,46919279,520
27050000,2302101,18913160,8.21561,33204,47065029,520
27100000,2303124,18939363,8.223339999999999,33237,47207663,545
27150000,2304135,18965334,8.231,33266,47348784,494
27200000,2305131,18991204,8.238669999999999,33297,47490582,517
27250000,2306147,19017091,8.246260000000001,33328,47633346,513
27300000,2307172,19042913,8.253789999999999,33363,47779242,500
27350000,2308210,19068990,8.26138,33399,47930675,533
27400000,2309182,19094936,8.26913,33435,48073817,540
27450000,2310185,19120646,8.27667,33464,48217599,509
27500000,2311140,19146565,8.284469999999999,33497,48366451,484
27550000,2312075,19172268,8.29223,33534,48508473,517
27600000,2313032,19198057,8.29995,33559,48651818,514
27650000,2313981,19223808,8.30768,33602,48799208,517
27700000,2315005,19249487,8.3151,33643,48946760,493
27750000,2315967,19275184,8.32274,33679,49089383,526
27800000,2316936,19301137,8.33046,33717,49239349,520
27850000,2317889,19326871,8.33813,33754,49391259,537
27900000,2318833,19352503,8.34579,33782,49538283,521
27950000,2319810,19378159,8.35334,33811,49683870,509
28000000,2320802,19403593,8.36073,33842,49826888,512
28050000,2321736,19429200,8.36839,33874,49972511,532
28100000,2322684,19454803,8.376,33917,50117931,508
28150000,2323607,19480207,8.383610000000001,33959,50268601,522
28200000,2324535,19505837,8.39129,33986,50417380,499
28250000,2325487,19531336,8.398819999999999,34013,50560579,494
28300000,2326447,19556796,8.40629,34043,50712203,524
28350000,2327403,19582216,8.41376,34077,50857940,500
28400000,2328310,19607895,8.421510000000001,34100,51007916,501
28450000,2329300,19633316,8.42885,34137,51157740,525
28500000,2330213,19658807,8.43648,34166,51306605,506
28550000,2331199,19684255,8.44383,34198,51459347,513
28600000,2332174,19709684,8.451210000000001,34222,51606013,498
28650000,2333162,19735098,8.45852,34255,51752253,490
28700000,2334146,19760506,8.46584,34282,51896664,498
28750000,2335043,19785714,8.47338,34317,52044811,496
28800000,2336005,19811043,8.480739999999999,34348,52194979,527
28850000,2336905,19836298,8.48828,34383,52339978,504
28900000,2337818,19861417,8.49571,34412,52486087,509
28950000,2338806,19886652,8.50291,34441,52633994,507
29000000,2339716,19911819,8.51036,34473,52778699,525
29050000,2340614,19936912,8.51781,34497,52927015,511
29100000,2341568,19962170,8.52513,34537,53072958,512
29150000,2342490,19987271,8.53249,34564,53217435,492
29200000,2343335,20012375,8.54013,34599,53365983,481
29250000,2344231,20037191,8.54745,34626,53514267,498
29300000,2345079,20062257,8.55505,34664,53661820,468
29350000,2345920,20087345,8.562669999999999,34703,53813024,489
29400000,2346818,20112347,8.57005,34745,53960221,496
29450000,2347682,20137516,8.57762,34780,54109894,519
29500000,2348511,20162419,8.585189999999999,34805,54266241,470
29550000,2349439,20187395,8.59243,34840,54415730,510
29600000,2350309,20212087,8.59976,34870,54566406,513
29650000,2351194,20237139,8.60718,34890,54716734,483
29700000,2352109,20261989,8.61439,34921,54862931,504
29750000,2352968,20286863,8.62182,34953,55013053,506
29800000,2353846,20311686,8.62915,34984,55160284,479
29850000,2354729,20336680,8.63653,35026,55317578,509
29900000,2355547,20361568,8.64409,35058,55473465,456
29950000,2356504,20386316,8.65108,35105,55623567,506
30000000,2357366,20411047,8.65841,35138,55768377,504
30050000,2358229,20435806,8.66574,35166,55920850,470
30100000,2359098,20460454,8.673,35196,56074706,513
30150000,2359972,20485152,8.68025,35236,56229821,474
30200000,2360853,20510126,8.68759,35278,56388302,480
30250000,2361725,20534822,8.69484,35314,56545163,477
30300000,2362621,20559409,8.70195,35348,56694440,501
30350000,2363506,20583950,8.70907,35377,56840226,518
30400000,2364394,20608569,8.71622,35408,56986325,495
30450000,2365282,20633114,8.72332,35434,57135334,511
30500000,2366100,20657803,8.730739999999999,35459,57287651,493
30550000,2366931,20682393,8.73806,35488,57443660,506
30600000,2367785,20706927,8.74527,35519,57599084,507
30650000,2368604,20731431,8.75259,35556,57753383,488
30700000,2369425,20755813,8.75985,35589,57906846,518
30750000,2370308,20780195,8.76688,35623,58058522,492
30800000,2371146,20804665,8.7741,35655,58209331,471
30850000,2372004,20829213,8.78127,35690,58361141,491
30900000,2372882,20853572,8.78829,35718,58515428,484
30950000,2373778,20878085,8.7953,35748,58667090,485
31000000,2374594,20902435,8.80253,35778,58816529,484
31050000,2375446,20926623,8.809560000000001,35801,58968242,495
31100000,2376271,20951046,8.81677,35830,59118243,446
31150000,2377061,20975206,8.824010000000001,35857,59273850,521
31200000,2377875,20999298,8.83112,35892,59424308,473
31250000,2378747,21023724,8.83815,35933,59587096,479
31300000,2379588,21047683,8.8451,35956,59734328,492
31350000,2380406,21071882,8.852219999999999,35982,59884080,482
31400000,2381205,21096222,8.85947,36016,60041719,458
31450000,2382008,21120441,8.86665,36053,60197833,462
31500000,2382808,21144691,8.87385,36083,60349710,467
31550000,2383603,21169038,8.881110000000001,36116,60508250,482
31600000,2384467,21193163,8.888010000000001,36147,60663146,490
31650000,2385327,21217132,8.89485,36175,60819280,495
31700000,2386130,21241304,8.90199,36206,60973443,480
31750000,2386955,21265392,8.908999999999999,36234,61127554,485
31800000,2387738,21289263,8.916080000000001,36263,61285891,477
31850000,2388595,21313400,8.922989999999999,36296,61438652,481
31900000,2389379,21337407,8.93011,36325,61593763,498
31950000,2390182,21361321,8.93711,36356,61748156,496
32000000,2390962,21385211,8.944189999999999,36380,61901562,518
32050000,2391806,21409258,8.951080000000001,36407,62054530,494
32100000,2392646,21432989,8.95786,36440,62211743,457
32150000,2393441,21456867,8.96486,36472,62362146,475
32200000,2394259,21480983,8.97187,36504,62518402,453
32250000,2395042,21504842,8.9789,36518,62678763,481
32300000,2395840,21528545,8.9858,36552,62830702,449
32350000,2396617,21552409,8.99285,36584,62984233,459
32400000,2397411,21576173,8.99978,36630,63138829,488
32450000,2398205,21599937,9.00671,36666,63293624,456
32500000,2398952,21623684,9.0138,36703,63454578,471
32550000,2399706,21647139,9.02075,36734,63601639,475
32600000,2400456,21670841,9.0278,36766,63756992,495
32650000,2401265,21694250,9.034510000000001,36794,63907202,496
32700000,2402007,21717767,9.04151,36815,64060672,462
32750000,2402801,21741564,9.04842,36846,64220427,479
32800000,2403569,21765284,9.0554,36873,64381341,483
32850000,2404363,21788717,9.06216,36903,64537983,485
32900000,2405162,21812489,9.06903,36930,64693558,467
32950000,2405959,21836011,9.0758,36951,64849685,454
33000000,2406736,21859807,9.08276,36980,65008863,488
33050000,2407522,21883313,9.08956,37012,65167810,469
33100000,2408275,21906820,9.09648,37039,65326488,496
33150000,2409044,21930470,9.10339,37065,65485140,456
33200000,2409833,21954006,9.11018,37095,65644318,462
33250000,2410607,21977723,9.11709,37119,65800156,459
33300000,2411392,22001258,9.12388,37159,65956567,444
33350000,2412194,22024915,9.13066,37184,66115615,483
33400000,2412953,22048252,9.13746,37221,66274287,470
33450000,2413699,22071798,9.14439,37248,66428344,473
33500000,2414489,22095513,9.15122,37277,66587430,426
33550000,2415246,22118818,9.158,37318,66744884,483
33600000,2415986,22142278,9.1649,37341,66901219,451
33650000,2416701,22165956,9.17199,37363,67058786,480
33700000,2417431,22189215,9.17884,37395,67211676,477
33750000,2418176,22212520,9.18565,37428,67366861,497
33800000,2418913,22235989,9.19255,37454,67523850,468
33850000,2419650,22259367,9.19942,37477,67674510,449
33900000,2420390,22282662,9.20623,37507,67833434,461
33950000,2421077,22306034,9.21327,37535,67994794,472
34000000,2421810,22329360,9.22011,37560,68154186,462
34050000,2422547,22352617,9.22691,37584,68308721,469
34100000,2423269,22375739,9.2337,37608,68464822,449
34150000,2424031,22399011,9.2404,37629,68624747,464
34200000,2424765,22422095,9.247119999999999,37658,68783545,464
34250000,2425489,22445291,9.253919999999999,37680,68943589,454
34300000,2426221,22468435,9.26067,37708,69103941,478
34350000,2426982,22491610,9.26732,37736,69263511,455
34400000,2427702,22514758,9.2741,37764,69424098,424
34450000,2428457,22537999,9.28079,37791,69584531,452
34500000,2429186,22560861,9.28742,37817,69742206,459
34550000,2429881,22584201,9.294369999999999,37839,69901687,451
34600000,2430599,22607210,9.30109,37877,70056705,442
34650000,2431304,22630051,9.307780000000001,37908,70216613,481
34700000,2432023,22652924,9.31444,37942,70377026,432
34750000,2432741,22675731,9.321060000000001,37961,70535321,429
34800000,2433476,22698633,9.32766,37992,70693320,446
34850000,2434216,22721514,9.33422,38017,70850290,492
34900000,2434957,22744566,9.34085,38039,71008594,461
34950000,2435631,22767386,9.34763,38057,71166819,470
35000000,2436251,22790283,9.35465,38080,71324535,438
35050000,2436953,22813317,9.361410000000001,38106,71481904,487
35100000,2437626,22836096,9.36817,38131,71639260,435
35150000,2438416,22858866,9.37447,38166,71794581,474
35200000,2439083,22881636,9.38125,38191,71953984,457
35250000,2439819,22904356,9.38773,38223,72116134,431
35300000,2440544,22927189,9.39429,38248,72275771,451
35350000,2441293,22950050,9.400780000000001,38274,72433926,454
35400000,2441984,22972874,9.40746,38300,72595941,459
35450000,2442689,22995630,9.414060000000001,38332,72758091,474
35500000,2443442,23018462,9.42051,38351,72925990,462
35550000,2444184,23041212,9.42695,38371,73086287,444
35600000,2444891,23063823,9.43348,38396,73241636,467
35650000,2445586,23086743,9.44017,38429,73408702,449
35700000,2446302,23109578,9.44674,38447,73570661,478
35750000,2447004,23132307,9.45332,38471,73731713,480
35800000,2447677,23154975,9.45998,38505,73889328,462
35850000,2448408,23177627,9.46641,38528,74054675,448
35900000,2449111,23200182,9.4729,38549,74217142,476
35950000,2449848,23222747,9.47926,38570,74374964,465
36000000,2450556,23245369,9.48575,38596,74536624,463
36050000,2451233,23267976,9.492360000000001,38625,74695887,465
36100000,2451906,23290496,9.49894,38659,74857490,438
36150000,2452638,23312986,9.50527,38682,75018469,461
36200000,2453337,23335225,9.51163,38705,75174352,444
36250000,2454014,23357649,9.518139999999999,38732,75332431,449
36300000,2454700,23380025,9.5246,38757,75493038,458
36350000,2455407,23402216,9.53089,38775,75652311,415
36400000,2456054,23424432,9.53743,38810,75816221,463
36450000,2456709,23446734,9.54396,38840,75977660,464
36500000,2457385,23469026,9.550410000000001,38871,76139813,428
36550000,2458056,23491291,9.55686,38908,76299742,452
36600000,2458720,23513621,9.563360000000001,38942,76461418,457
36650000,2459372,23536097,9.56996,38960,76625388,442
36700000,2460048,23558311,9.576360000000001,38985,76788512,427
36750000,2460704,23580712,9.58291,39013,76950774,447
36800000,2461402,23602787,9.589160000000001,39039,77112180,418
36850000,2462083,23625075,9.59556,39063,77270104,447
36900000,2462756,23647214,9.60193,39085,77429283,445
36950000,2463449,23669464,9.608260000000001,39118,77592155,463
37000000,2464076,23691567,9.61479,39146,77753719,456
37050000,2464770,23713866,9.62113,39168,77918091,418
37100000,2465433,23735976,9.627510000000001,39194,78080528,459
37150000,2466114,23758247,9.63388,39227,78244279,473
37200000,2466771,23780421,9.6403,39251,78411547,451
37250000,2467453,23802548,9.64661,39284,78577157,439
37300000,2468149,23824828,9.65291,39307,78732391,459
37350000,2468795,23846947,9.65935,39331,78893678,413
37400000,2469459,23869020,9.66569,39357,79051219,437
37450000,2470079,23891070,9.672189999999999,39387,79216940,462
37500000,2470696,23913014,9.67865,39406,79381636,428
37550000,2471382,23935159,9.68493,39428,79545978,441
37600000,2472044,23957092,9.69121,39449,79706580,427
37650000,2472701,23979103,9.69753,39476,79866596,446
37700000,2473361,24000928,9.70377,39487,80032954,396
37750000,2474039,24022969,9.71002,39513,80196429,464
37800000,2474664,24045027,9.71648,39536,80360211,412
37850000,2475305,24066963,9.72283,39562,80524835,431
37900000,2475921,24089084,9.729339999999999,39587,80686316,449
37950000,2476589,24111223,9.735660000000001,39609,80857105,478
38000000,2477202,24133089,9.74208,39645,81018650,418
38050000,2477842,24155043,9.74842,39675,81181352,423
38100000,2478469,24177061,9.75484,39703,81345531,447
38150000,2479093,24199069,9.76126,39721,81505345,421
38200000,2479681,24220888,9.76774,39744,81662824,460
38250000,2480315,24242755,9.77406,39761,81819554,466
38300000,2480928,24264401,9.78037,39785,81979152,418
38350000,2481580,24286197,9.786589999999999,39807,82142655,422
38400000,2482216,24307862,9.792810000000001,39829,82304196,429
38450000,2482801,24329686,9.79929,39851,82470919,445
38500000,2483498,24351573,9.80535,39874,82633199,451
38550000,2484105,24373144,9.811639999999999,39906,82798406,426
38600000,2484694,24395006,9.81811,39936,82960660,457
38650000,2485361,24416707,9.82421,39965,83123611,408
38700000,2485951,24438228,9.83053,39995,83291113,405
38750000,2486554,24459949,9.836889999999999,40013,83459179,428
38800000,2487133,24481547,9.84328,40038,83625631,432
38850000,2487751,24503220,9.84955,40063,83787950,430
38900000,2488357,24524884,9.85585,40096,83949822,421
38950000,2488946,24546473,9.8622,40115,84110269,417
39000000,2489589,24568185,9.86837,40142,84272807,433
39050000,2490218,24589934,9.87461,40170,84436930,437
39100000,2490788,24611506,9.88101,40196,84603815,429
39150000,2491419,24633141,9.887189999999999,40225,84772015,432
39200000,2492026,24654600,9.8934,40263,84940411,416
39250000,2492610,24676154,9.89973,40298,85103027,440
39300000,2493187,24697603,9.906039999999999,40321,85264204,455
39350000,2493830,24718961,9.91205,40355,85428894,427
39400000,2494521,24740401,9.9179,40380,85590403,438
39450000,2495152,24761812,9.923969999999999,40405,85755381,436
39500000,2495759,24783106,9.93009,40422,85918207,426
39550000,2496367,24804555,9.93626,40458,86079805,418
39600000,2496965,24826039,9.94249,40479,86246687,427
39650000,2497558,24847345,9.94866,40507,86414645,439
39700000,2498164,24868576,9.95474,40517,86585155,433
39750000,2498786,24889980,9.96083,40536,86748946,417
39800000,2499382,24911334,9.967,40568,86922048,426
39850000,2499964,24932602,9.973180000000001,40582,87079315,423
39900000,2500560,24954029,9.97938,40602,87247019,432
39950000,2501168,24975404,9.9855,40625,87412787,424
40000000,2501756,24996608,9.99163,40644,87580274,422
40050000,2502338,25017950,9.99783,40665,87746909,433
40100000,2502884,25039411,10.0042,40684,87917148,419
40150000,2503492,25060789,10.0103,40705,88085423,455
40200000,2504107,25081963,10.0163,40726,88244806,461
40250000,2504684,25103514,10.0226,40746,88413564,457
40300000,2505316,25124709,10.0286,40768,88578554,444
40350000,2505924,25145970,10.0346,40792,88746223,422
40400000,2506518,25167155,10.0407,40820,88907362,399
40450000,2507137,25188550,10.0467,40833,89076031,422
40500000,2507725,25209712,10.0528,40855,89242736,433
40550000,2508324,25230754,10.0588,40876,89415389,417
40600000,2508904,25251730,10.0648,40890,89580466,421
40650000,2509520,25272694,10.0707,40911,89740564,403
40700000,2510111,25293703,10.0767,40931,89905926,439
40750000,2510690,25314708,10.0828,40954,90074226,453
40800000,2511299,25335788,10.0887,40982,90232990,455
40850000,2511855,25356781,10.0948,41005,90391580,454
40900000,2512411,25377893,10.101,41032,90558088,448
40950000,2513007,25398760,10.1069,41050,90723768,414
41000000,2513565,25419732,10.113,41076,90890768,411
41050000,2514166,25441051,10.1191,41103,91059890,419
41100000,2514759,25462170,10.1251,41121,91223816,456
41150000,2515317,25483246,10.1312,41144,91393588,406
41200000,2515910,25504222,10.1372,41173,91560369,431
41250000,2516474,25525011,10.1432,41185,91722363,420
41300000,2517025,25545858,10.1492,41208,91890219,413
41350000,2517614,25566791,10.1552,41233,92057265,431
41400000,2518189,25587677,10.1611,41259,92220213,418
41450000,2518737,25608579,10.1672,41279,92385538,435
41500000,2519332,25629515,10.1731,41295,92555665,399
41550000,2519885,25650062,10.1791,41313,92713937,445
41600000,2520444,25670841,10.185,41333,92877513,418
41650000,2521014,25691731,10.191,41361,93054218,422
41700000,2521587,25712398,10.1969,41384,93225545,393
41750000,2522114,25733168,10.203,41408,93396416,434
41800000,2522649,25753989,10.2091,41437,93563577,429
41850000,2523182,25774855,10.2152,41449,93729992,420
41900000,2523737,25795531,10.2212,41468,93895701,429
41950000,2524286,25816270,10.2272,41482,94062999,406
42000000,2524862,25836974,10.232999999999999,41503,94234830,432
42050000,2525411,25857657,10.238999999999999,41529,94405002,416
42100000,2525966,25878534,10.245,41564,94578308,409
42150000,2526499,25899054,10.251,41592,94740656,420
42200000,2527057,25919741,10.2569,41608,94912666,434
42250000,2527612,25940343,10.2628,41635,95082705,410
42300000,2528146,25961114,10.2688,41656,95245697,409
42350000,2528745,25981623,10.2745,41683,95411015,409
42400000,2529289,26002288,10.2805,41709,95583304,424
42450000,2529828,26022912,10.2864,41727,95750571,410
42500000,2530315,26043500,10.2926,41753,95917536,398
42550000,2530841,26064099,10.2986,41770,96084941,421
42600000,2531361,26084507,10.3045,41789,96246726,406
42650000,2531883,26104891,10.3105,41819,96410246,386
42700000,2532421,26125450,10.3164,41832,96576428,420
42750000,2532999,26145746,10.3221,41859,96743559,384
42800000,2533575,26166203,10.3278,41886,96909526,416
42850000,2534065,26186439,10.3338,41918,97074821,441
42900000,2534567,26206796,10.3398,41945,97240102,392
42950000,2535130,26227175,10.3455,41964,97411716,404
43000000,2535680,26247592,10.3513,41987,97572544,418
43050000,2536172,26267916,10.3573,42011,97738978,413
43100000,2536739,26288295,10.363,42027,97908607,409
43150000,2537263,26308728,10.3689,42054,98080623,408
43200000,2537790,26329058,10.3748,42079,98247832,406
43250000,2538316,26349499,10.3807,42103,98413325,401
43300000,2538870,26369830,10.3864,42115,98580064,424
43350000,2539412,26389975,10.3922,42143,98746590,383
43400000,2539969,26410397,10.3979,42168,98919695,397
43450000,2540530,26430788,10.4037,42188,99088094,437
43500000,2541091,26451077,10.4093,42207,99249955,429
43550000,2541607,26471374,10.4152,42229,99414769,401
43600000,2542123,26491819,10.4211,42255,99587667,438
43650000,2542659,26511968,10.4269,42276,99754408,381
43700000,2543231,26532498,10.4326,42304,99931763,403
43750000,2543766,26552729,10.4384,42324,100099225,417
43800000,2544263,26572662,10.4441,42338,100265174,377
43850000,2544789,26592756,10.4499,42362,100430662,396
43900000,2545320,26612923,10.4556,42386,100598508,391
43950000,2545845,26632921,10.4613,42408,100768715,413
44000000,2546374,26653155,10.4671,42432,100934704,389
44050000,2546921,26673359,10.4728,42457,101106952,383
44100000,2547396,26693481,10.4787,42480,101272400,420
44150000,2547911,26713569,10.4845,42501,101440418,380
44200000,2548429,26733524,10.4902,42531,101609078,421
44250000,2548954,26753772,10.495999999999999,42554,101779718,410
44300000,2549489,26773855,10.5017,42580,101945515,406
44350000,2549983,26793949,10.5075,42593,102113177,396
44400000,2550505,26813951,10.5132,42619,102279676,406
44450000,2551033,26834028,10.5189,42634,102447993,401
44500000,2551504,26854096,10.5248,42655,102618576,396
44550000,2551981,26874188,10.5307,42679,102785103,406
44600000,2552494,26893964,10.5363,42705,102951709,389
44650000,2552989,26914011,10.5422,42723,103124303,423
44700000,2553484,26933983,10.5479,42741,103291948,373
44750000,2553971,26953857,10.5537,42762,103463375,401
44800000,2554482,26973805,10.5594,42787,103636287,392
44850000,2554970,26993771,10.5652,42809,103804997,399
44900000,2555495,27013637,10.5708,42831,103974731,385
44950000,2556001,27033363,10.5764,42846,104146045,401
45000000,2556486,27053517,10.5823,42860,104321379,407
45050000,2556993,27073294,10.5879,42881,104494527,378
45100000,2557517,27093171,10.5935,42895,104663138,369
45150000,2558007,27112994,10.5993,42912,104827715,381
45200000,2558531,27132688,10.6048,42924,104992068,399
45250000,2558999,27152292,10.6105,42951,105154536,357
45300000,2559472,27172287,10.6164,42967,105329165,402
45350000,2559964,27191945,10.622,42982,105497164,395
45400000,2560453,27211734,10.6277,43007,105663562,403
45450000,2560940,27231413,10.6334,43021,105831684,372
45500000,2561473,27251158,10.6389,43040,106000316,397
45550000,2561970,27270725,10.6444,43063,106166936,388
45600000,2562460,27290572,10.6501,43086,106333576,386
45650000,2562936,27310257,10.6558,43098,106506642,370
45700000,2563462,27329930,10.6613,43126,106683518,392
45750000,2563924,27349501,10.667,43146,106847154,371
45800000,2564366,27369080,10.6728,43174,107021253,382
45850000,2564818,27388769,10.6786,43200,107197979,386
45900000,2565304,27408369,10.6843,43228,107367205,419
45950000,2565781,27428012,10.6899,43248,107540487,435
46000000,2566236,27447442,10.6956,43274,107708685,397
46050000,2566687,27466866,10.7013,43296,107883376,382
46100000,2567192,27486472,10.7068,43310,108058816,401
46150000,2567692,27506061,10.7124,43333,108227479,399
46200000,2568184,27525657,10.7179,43357,108399323,405
46250000,2568670,27545180,10.7235,43376,108565182,378
46300000,2569108,27564658,10.7293,43398,108732292,423
46350000,2569607,27584291,10.7348,43415,108899074,370
46400000,2570106,27603821,10.7403,43434,109070032,381
46450000,2570604,27623287,10.7458,43462,109241515,381
46500000,2571098,27642703,10.7513,43480,109416293,407
46550000,2571589,27662016,10.7568,43501,109582567,406
46600000,2572084,27681506,10.7623,43529,109750380,388
46650000,2572502,27701043,10.7681,43550,109921741,399
46700000,2572941,27720265,10.7738,43570,110092998,395
46750000,2573403,27739471,10.7793,43584,110254731,372
46800000,2573885,27758839,10.7848,43606,110430295,366
46850000,2574356,27778393,10.7904,43632,110602813,361
46900000,2574808,27797724,10.796,43660,110781653,384
46950000,2575321,27817095,10.8014,43685,110947532,422
47000000,2575769,27836312,10.807,43709,111112605,369
47050000,2576241,27855687,10.8125,43731,111280901,401
47100000,2576730,27874974,10.818,43751,111450179,379
47150000,2577176,27894161,10.8235,43764,111621486,401
47200000,2577652,27913418,10.829,43779,111785567,399
47250000,2578081,27932767,10.8347,43803,111957044,379
47300000,2578513,27951920,10.8403,43819,112121383,378
47350000,2578955,27971288,10.845999999999998,43834,112294679,395
47400000,2579425,27990762,10.8516,43850,112472247,396
47450000,2579907,28010053,10.857000000000001,43871,112642085,377
47500000,2580350,28029307,10.8626,43882,112815573,407
47550000,2580802,28048464,10.8681,43910,112988203,383
47600000,2581305,28067767,10.8735,43935,113163455,402
47650000,2581761,28086940,10.879000000000001,43951,113331544,360
47700000,2582254,28106205,10.8844,43970,113502874,381
47750000,2582763,28125286,10.8896,43989,113675633,392
47800000,2583201,28144466,10.8952,44021,113856161,379
47850000,2583671,28163544,10.9006,44038,114028325,366
47900000,2584141,28182633,10.905999999999999,44065,114198648,388
