timestep,num_nodes,num_edges,average_degree,max_degree,num_triangles,new_edges
0,1950,999,0.512308,3,0,999
50000,70970,50939,0.717754,149,18,999
100000,122477,100742,0.8225379999999999,282,127,992
150000,166206,150404,0.904925,403,331,998
200000,204581,199959,0.977407,526,768,991
250000,239181,249364,1.04257,648,1351,986
300000,271398,298685,1.10054,755,2166,987
350000,301063,347880,1.15551,892,3193,988
400000,329170,396954,1.20592,1009,4435,984
450000,355757,445942,1.2535,1132,6011,976
500000,380656,494821,1.29992,1264,7934,974
550000,404440,543557,1.34397,1378,10039,976
600000,427134,592283,1.3866399999999999,1498,12400,968
650000,449184,640834,1.42666,1611,15207,973
700000,469991,689366,1.46676,1725,18101,968
750000,489860,737727,1.506,1863,21670,948
800000,509222,786005,1.54354,1981,25381,963
850000,527924,834168,1.58009,2126,29595,964
900000,546234,882190,1.61504,2256,34115,950
950000,563905,930186,1.6495400000000002,2362,39131,957
1000000,581088,978045,1.68313,2489,44684,952
1050000,597743,1025779,1.7160900000000001,2593,50309,952
1100000,613888,1073409,1.7485400000000002,2713,56358,940
1150000,629530,1120923,1.78057,2819,62625,946
1200000,644911,1168405,1.8117299999999998,2932,69531,951
1250000,659864,1215821,1.84253,3057,76668,950
1300000,674363,1263151,1.8731,3161,84675,957
1350000,688762,1310460,1.9026299999999998,3278,92100,946
1400000,702677,1357661,1.93213,3377,100332,943
1450000,716218,1404784,1.9613900000000002,3478,108974,931
1500000,729692,1451716,1.9894900000000002,3587,117872,928
1550000,742732,1498643,2.0177400000000003,3678,127202,924
1600000,755500,1545442,2.0455900000000002,3793,136919,930
1650000,768049,1592080,2.07289,3907,147373,931
1700000,780310,1638771,2.10015,4020,157870,946
1750000,792324,1685271,2.127,4140,169396,936
1800000,804242,1731636,2.15313,4250,181195,922
1850000,816010,1777943,2.17883,4370,193333,924
1900000,827451,1824314,2.20474,4481,205629,919
1950000,838794,1870496,2.22998,4580,218749,926
2000000,849732,1916633,2.25557,4686,232519,910
2050000,860711,1962612,2.28022,4800,245895,920
2100000,871402,2008600,2.3050200000000003,4895,260379,897
2150000,882042,2054410,2.32915,4986,274557,909
2200000,892297,2100238,2.35374,5070,289616,926
2250000,902391,2145912,2.37803,5175,305121,930
2300000,912624,2191501,2.40132,5291,321801,913
2350000,922597,2236936,2.42461,5396,338573,897
2400000,932275,2282338,2.44814,5502,355593,915
2450000,941787,2327688,2.4715700000000003,5607,372620,917
2500000,951175,2372910,2.49471,5707,390006,911
2550000,960645,2418187,2.51725,5815,408618,906
2600000,969995,2463349,2.53955,5930,427371,898
2650000,979098,2508334,2.56188,6035,446465,907
2700000,988092,2553469,2.5842400000000003,6137,467046,888
2750000,996889,2598378,2.60649,6230,486511,903
2800000,1005776,2643208,2.62803,6314,506961,888
2850000,1014418,2687994,2.6497900000000003,6405,528197,890
2900000,1023023,2732671,2.67117,6498,549879,888
2950000,1031572,2777209,2.6922099999999998,6601,571617,876
3000000,1039917,2821758,2.71345,6701,593795,911
3050000,1048045,2866213,2.73482,6785,615465,895
3100000,1056001,2910642,2.7562900000000004,6881,638239,887
3150000,1064023,2954978,2.77717,6988,661335,884
3200000,1071999,2999352,2.79791,7077,684434,875
3250000,1079838,3043506,2.81848,7165,708293,874
3300000,1087456,3087768,2.83944,7270,733187,877
3350000,1095078,3131866,2.85995,7372,759253,875
3400000,1102445,3175684,2.88058,7457,784672,865
3450000,1109944,3219565,2.90066,7549,810508,872
3500000,1117369,3263327,2.92055,7653,837167,893
3550000,1124637,3307051,2.94055,7744,864090,871
3600000,1131911,3350831,2.96033,7835,891618,860
3650000,1139093,3394560,2.98006,7945,918517,869
3700000,1146234,3438102,2.99948,8030,946845,868
3750000,1153238,3481531,3.01892,8129,975934,858
3800000,1160125,3524754,3.03825,8214,1007025,867
3850000,1167041,3567999,3.0573,8304,1036632,857
3900000,1173859,3611239,3.07638,8414,1066702,863
3950000,1180492,3654390,3.09565,8501,1096858,868
4000000,1187167,3697461,3.11452,8591,1127661,852
4050000,1193801,3740497,3.13327,8686,1158723,857
4100000,1200426,3783428,3.15174,8778,1189677,847
4150000,1206967,3826502,3.17035,8875,1222047,847
4200000,1213491,3869412,3.18866,8959,1253812,857
4250000,1219828,3912215,3.20719,9056,1286289,861
4300000,1226040,3954966,3.22581,9147,1318753,855
4350000,1232229,3997554,3.24416,9242,1352761,851
4400000,1238327,4040211,3.26264,9329,1386734,863
4450000,1244570,4082767,3.2804599999999997,9415,1422325,861
4500000,1250640,4125202,3.2984699999999996,9493,1457286,848
4550000,1256767,4167461,3.3160199999999995,9586,1493488,845
4600000,1262777,4209695,3.33368,9691,1529333,853
4650000,1268561,4251986,3.3518199999999996,9790,1566589,854
4700000,1274598,4294316,3.36915,9893,1602351,835
4750000,1280428,4336536,3.38679,9968,1638801,872
4800000,1286153,4378711,3.4045,10079,1676557,849
4850000,1291879,4420868,3.42204,10166,1714511,831
4900000,1297582,4462835,3.43935,10241,1753535,831
4950000,1303423,4504776,3.45611,10318,1792941,843
5000000,1309047,4546693,3.4732800000000004,10397,1833288,848
5050000,1314701,4588537,3.4901800000000005,10465,1872153,838
5100000,1320227,4630190,3.5071199999999996,10549,1912985,833
5150000,1325672,4671729,3.52405,10635,1953184,837
5200000,1331176,4713308,3.54071,10724,1994344,823
5250000,1336499,4754938,3.55776,10792,2034722,829
5300000,1341991,4796416,3.5741,10880,2078209,814
5350000,1347307,4837885,3.59078,10963,2119880,833
5400000,1352660,4879220,3.60713,11038,2161818,818
5450000,1358023,4920580,3.6233400000000002,11118,2203856,836
5500000,1363280,4961951,3.6397199999999996,11210,2247876,842
5550000,1368448,5003245,3.65615,11293,2291491,831
5600000,1373611,5044327,3.67231,11361,2333898,802
5650000,1378822,5085332,3.6881699999999995,11442,2378171,824
5700000,1383815,5126317,3.70448,11512,2423659,809
5750000,1388853,5167305,3.72056,11599,2469069,840
5800000,1393949,5208210,3.7363,11672,2515328,817
5850000,1398820,5249032,3.7524699999999998,11751,2560268,828
5900000,1403670,5289746,3.76851,11826,2608892,808
5950000,1408508,5330426,3.78445,11894,2655890,808
6000000,1413299,5371062,3.8003699999999996,11964,2703345,820
6050000,1418113,5411473,3.8159699999999996,12049,2752018,790
6100000,1422869,5451907,3.83163,12123,2799962,816
6150000,1427524,5492387,3.84749,12183,2848414,817
6200000,1432244,5533112,3.86325,12262,2898877,819
6250000,1436885,5573397,3.8788099999999996,12347,2946795,810
6300000,1441435,5613637,3.89448,12440,2995918,802
6350000,1445930,5653908,3.91022,12524,3046242,799
6400000,1450456,5694180,3.92579,12619,3098539,812
6450000,1454993,5734166,3.9410300000000005,12698,3147403,783
6500000,1459474,5774124,3.9563,12776,3197613,776
6550000,1463915,5814029,3.9715599999999998,12849,3248669,788
6600000,1468423,5853967,3.9865699999999995,12913,3298668,798
6650000,1472739,5893853,4.00197,12987,3350873,800
6700000,1477069,5933700,4.0172099999999995,13050,3401563,805
6750000,1481588,5973520,4.03184,13127,3452824,798
6800000,1485973,6013230,4.04666,13213,3507541,814
6850000,1490246,6052885,4.0616699999999994,13299,3562108,805
6900000,1494566,6092488,4.07643,13361,3615493,777
6950000,1498795,6132188,4.09141,13434,3669270,811
7000000,1503065,6171750,4.10611,13513,3722604,782
7050000,1507365,6211375,4.12068,13606,3777341,804
7100000,1511417,6250722,4.135669999999999,13674,3832607,802
7150000,1515555,6290106,4.15036,13751,3888471,788
7200000,1519597,6329600,4.16531,13831,3946154,787
7250000,1523719,6368800,4.1797699999999995,13903,4005351,789
7300000,1527802,6407913,4.1942,13995,4061345,754
7350000,1531797,6446942,4.20874,14067,4118000,781
7400000,1535769,6485847,4.22319,14131,4175866,791
7450000,1539787,6524980,4.23759,14207,4233121,798
7500000,1543790,6564068,4.25192,14286,4291590,767
7550000,1547809,6603121,4.26611,14350,4349298,781
7600000,1551700,6642195,4.28059,14420,4406977,797
7650000,1555586,6681113,4.294919999999999,14485,4466798,776
7700000,1559390,6719958,4.30935,14543,4529823,779
7750000,1563361,6758584,4.32311,14605,4590305,796
7800000,1567163,6797432,4.33741,14668,4651476,785
7850000,1570970,6836250,4.35161,14741,4711849,770
7900000,1574629,6874826,4.3660000000000005,14807,4774569,780
7950000,1578411,6913462,4.3800099999999995,14861,4835930,770
8000000,1582147,6951909,4.3939699999999995,14931,4898072,780
8050000,1585852,6990468,4.40802,14993,4960651,775
8100000,1589569,7028829,4.42185,15070,5021959,759
8150000,1593180,7067117,4.43586,15144,5083685,768
8200000,1596817,7105422,4.44974,15210,5146293,764
8250000,1600486,7143810,4.46353,15264,5210242,766
8300000,1604173,7182015,4.47708,15321,5273297,758
8350000,1607792,7220117,4.4907,15389,5337915,760
8400000,1611513,7258397,4.50409,15463,5400365,761
8450000,1615079,7296505,4.51774,15541,5466709,749
8500000,1618587,7334441,4.53139,15614,5534064,776
8550000,1622121,7372498,4.544969999999999,15678,5600731,775
8600000,1625524,7410337,4.55874,15752,5664527,767
8650000,1629033,7448227,4.57218,15812,5731626,732
8700000,1632471,7486112,4.58575,15866,5799082,755
8750000,1635934,7523968,4.59919,15932,5868435,737
8800000,1639398,7561675,4.61247,15998,5938194,760
8850000,1642747,7599217,4.62592,16071,6008194,754
8900000,1646106,7636781,4.6393,16134,6077260,753
8950000,1649403,7674220,4.65273,16200,6145804,766
9000000,1652762,7711592,4.6658800000000005,16267,6215916,758
9050000,1656089,7749011,4.6791,16332,6286414,740
9100000,1659525,7786445,4.6919699999999995,16404,6355535,739
9150000,1662810,7823841,4.70519,16477,6424685,766
9200000,1666082,7861203,4.718380000000001,16551,6494136,765
9250000,1669319,7898488,4.73156,16623,6562969,774
9300000,1672582,7935793,4.74464,16692,6637238,738
9350000,1675808,7972983,4.75769,16751,6708367,755
9400000,1679008,8010276,4.77084,16825,6781508,749
9450000,1682209,8047399,4.78383,16889,6854798,746
9500000,1685319,8084469,4.797,16970,6930053,720
9550000,1688501,8121399,4.809830000000001,17022,7003705,747
9600000,1691545,8158419,4.82306,17077,7078186,725
9650000,1694707,8195369,4.83586,17146,7151379,741
9700000,1697791,8232287,4.84882,17225,7225526,726
9750000,1700853,8269116,4.86175,17279,7299656,756
9800000,1703990,8305853,4.87436,17346,7376238,741
9850000,1707139,8342637,4.886909999999999,17404,7449531,724
9900000,1710249,8379598,4.89964,17469,7529074,719
9950000,1713343,8416138,4.91212,17514,7604833,734
10000000,1716303,8452519,4.9248400000000006,17605,7678003,761
10050000,1719310,8489232,4.9375800000000005,17678,7756241,719
10100000,1722306,8525717,4.9501800000000005,17734,7829776,727
10150000,1725251,8562083,4.9628,17792,7906647,712
10200000,1728312,8598552,4.9751199999999995,17848,7983785,742
10250000,1731313,8634981,4.9875300000000005,17909,8059437,720
10300000,1734312,8671311,4.99986,17965,8136669,744
10350000,1737405,8707654,5.01187,18021,8213465,724
10400000,1740322,8743800,5.02424,18081,8293478,713
10450000,1743227,8780072,5.0366800000000005,18134,8373294,706
10500000,1746076,8816177,5.04914,18192,8453486,707
10550000,1748974,8852213,5.06137,18246,8533538,716
10600000,1751814,8888351,5.0738,18295,8612044,739
10650000,1754619,8924446,5.08626,18360,8692526,732
10700000,1757445,8960509,5.0986,18420,8769628,725
10750000,1760264,8996290,5.11076,18492,8851308,707
10800000,1763127,9032162,5.122809999999999,18549,8935130,735
10850000,1765943,9068038,5.1349599999999995,18599,9013217,720
10900000,1768705,9103919,5.14722,18669,9097251,710
10950000,1771539,9139790,5.1592400000000005,18727,9177148,718
11000000,1774355,9175553,5.1712,18778,9257592,725
11050000,1777110,9211122,5.1832,18831,9337799,703
11100000,1779799,9246773,5.1954,18881,9421734,684
11150000,1782520,9282329,5.20742,18927,9506544,712
11200000,1785242,9317844,5.21937,18977,9587521,738
11250000,1787906,9353370,5.23147,19025,9672345,720
11300000,1790540,9389055,5.2437,19090,9754460,719
11350000,1793185,9424606,5.25579,19139,9837809,686
11400000,1795911,9460047,5.26755,19214,9918881,730
11450000,1798581,9495501,5.27944,19273,10001280,727
11500000,1801214,9530946,5.2914,19344,10087494,719
11550000,1803893,9566449,5.30322,19413,10172077,741
11600000,1806558,9601627,5.31487,19483,10256464,703
11650000,1809128,9636674,5.3267,19543,10337734,702
11700000,1811823,9671938,5.33824,19605,10423499,729
11750000,1814439,9706890,5.3498,19660,10506833,696
11800000,1817008,9741941,5.36153,19724,10593191,712
11850000,1819526,9776963,5.37336,19779,10680770,701
11900000,1822053,9811899,5.38508,19838,10766565,701
11950000,1824631,9846831,5.39661,19885,10853020,724
12000000,1827266,9881916,5.40803,19938,10942582,706
12050000,1829780,9916764,5.41965,19996,11030338,706
12100000,1832379,9951688,5.431019999999999,20063,11118627,692
12150000,1834800,9986551,5.44286,20126,11208247,686
12200000,1837299,10021403,5.45442,20182,11293777,714
12250000,1839634,10056108,5.46636,20245,11381907,670
12300000,1842074,10090874,5.478,20297,11469399,693
12350000,1844476,10125379,5.48957,20370,11559196,704
12400000,1846845,10159811,5.50117,20426,11647021,652
12450000,1849359,10194349,5.51237,20488,11738691,695
12500000,1851817,10228755,5.523630000000001,20553,11828135,682
12550000,1854171,10263057,5.53512,20612,11915860,677
12600000,1856627,10297458,5.54633,20689,12006108,666
12650000,1859007,10331951,5.55778,20739,12099837,687
12700000,1861358,10366530,5.56934,20786,12191065,695
12750000,1863734,10401031,5.58075,20835,12283992,679
12800000,1866056,10435138,5.59208,20890,12374502,671
12850000,1868442,10469459,5.60331,20946,12466112,677
12900000,1870795,10503711,5.61457,20990,12560964,689
12950000,1873150,10537825,5.625719999999999,21052,12651124,683
13000000,1875454,10571948,5.63701,21098,12747580,680
13050000,1877761,10605984,5.64821,21151,12840403,701
13100000,1880021,10640000,5.65951,21215,12935429,680
13150000,1882257,10673991,5.67085,21265,13027710,667
13200000,1884447,10707897,5.68225,21332,13122439,668
13250000,1886784,10742038,5.693309999999999,21390,13217368,676
13300000,1888981,10775945,5.70463,21438,13310866,676
13350000,1891222,10809813,5.7157800000000005,21492,13406768,655
13400000,1893463,10843482,5.7268,21546,13501858,669
13450000,1895697,10877176,5.73782,21599,13597136,690
13500000,1897893,10910816,5.7489099999999995,21650,13691336,666
13550000,1900013,10944358,5.76015,21711,13790556,653
13600000,1902209,10978134,5.77126,21762,13883188,692
13650000,1904449,11011781,5.78213,21810,13979375,649
13700000,1906697,11045519,5.79301,21873,14078296,690
13750000,1908884,11079125,5.80398,21917,14175947,654
13800000,1911108,11112567,5.8147199999999994,21969,14273238,671
13850000,1913244,11146132,5.82578,22019,14375724,700
13900000,1915474,11179664,5.8365,22087,14475700,631
13950000,1917657,11213179,5.84733,22150,14572340,649
14000000,1919803,11246606,5.85821,22198,14672762,650
14050000,1921967,11279950,5.8689599999999995,22245,14773666,677
14100000,1924164,11313032,5.87945,22296,14871712,647
14150000,1926330,11346502,5.890219999999999,22348,14973134,664
14200000,1928424,11379620,5.90099,22405,15071486,651
14250000,1930518,11412789,5.91178,22464,15174095,662
14300000,1932687,11445818,5.92223,22517,15274193,639
14350000,1934831,11478732,5.93268,22573,15372078,657
14400000,1936927,11511659,5.9432599999999995,22618,15469290,685
14450000,1938950,11544664,5.95408,22667,15567355,665
14500000,1941056,11577667,5.96462,22713,15667003,663
14550000,1943064,11610694,5.97546,22764,15767615,642
14600000,1945130,11643757,5.98611,22800,15867197,663
14650000,1947171,11676615,5.99671,22845,15971278,668
14700000,1949266,11709689,6.00723,22899,16071754,637
14750000,1951291,11742516,6.0178199999999995,22943,16173152,681
14800000,1953350,11775263,6.02824,22990,16273125,642
14850000,1955410,11808050,6.03866,23044,16373057,660
14900000,1957454,11840952,6.04916,23097,16473892,664
14950000,1959456,11873692,6.05969,23146,16575135,643
15000000,1961440,11906254,6.07016,23193,16680633,667
15050000,1963492,11939011,6.0805,23245,16780171,659
15100000,1965473,11971648,6.09098,23298,16880767,646
15150000,1967459,12004247,6.1014,23352,16984496,634
15200000,1969449,12036765,6.11174,23402,17088474,622
15250000,1971449,12069198,6.12199,23443,17189918,648
15300000,1973401,12101665,6.13239,23488,17296926,659
15350000,1975387,12134315,6.14275,23533,17402019,649
15400000,1977297,12166781,6.15324,23596,17505014,656
15450000,1979234,12199217,6.16361,23645,17612854,637
15500000,1981144,12231495,6.17396,23686,17716909,645
15550000,1983073,12263910,6.1843,23741,17821547,640
15600000,1985049,12296262,6.19444,23777,17928049,644
15650000,1987000,12328562,6.20461,23832,18033510,652
15700000,1988875,12360708,6.214919999999999,23876,18140588,644
15750000,1990794,12392696,6.225,23917,18246530,654
15800000,1992731,12424851,6.2350900000000005,23962,18350125,648
15850000,1994673,12457088,6.24518,24012,18458074,665
15900000,1996626,12489107,6.25511,24053,18568922,631
15950000,1998541,12521248,6.2651900000000005,24105,18675474,648
16000000,2000403,12553064,6.27527,24157,18783587,638
16050000,2002260,12584997,6.2854,24202,18890416,661
16100000,2004133,12616871,6.2954300000000005,24252,18998695,641
16150000,2006006,12648715,6.30542,24302,19103240,641
16200000,2007813,12680584,6.31562,24363,19207718,618
16250000,2009619,12712383,6.3257699999999994,24405,19314822,628
16300000,2011438,12744114,6.33582,24446,19422048,629
16350000,2013180,12775746,6.34605,24488,19525909,647
16400000,2015077,12807572,6.3558699999999995,24540,19637822,641
16450000,2016908,12839103,6.36574,24596,19742857,620
16500000,2018708,12870724,6.375719999999999,24647,19848846,650
16550000,2020454,12902383,6.38588,24698,19960164,643
16600000,2022250,12933832,6.39576,24748,20070382,652
16650000,2024043,12965157,6.40557,24803,20180078,615
16700000,2025811,12996778,6.41559,24854,20293455,626
16750000,2027587,13028320,6.42553,24904,20407142,629
16800000,2029406,13059648,6.43521,24957,20520121,633
16850000,2031158,13090788,6.44499,25001,20629611,639
16900000,2032899,13122335,6.4549900000000004,25040,20743264,647
16950000,2034561,13153864,6.46521,25084,20855387,641
17000000,2036245,13185131,6.475219999999999,25137,20970384,627
17050000,2037991,13216513,6.4850699999999994,25190,21085498,638
17100000,2039739,13247766,6.49483,25234,21198292,601
17150000,2041506,13279069,6.50455,25288,21306842,632
17200000,2043158,13310184,6.51452,25334,21420743,617
17250000,2044885,13341279,6.52422,25373,21530740,625
17300000,2046611,13372237,6.5338400000000005,25417,21646239,603
17350000,2048272,13403307,6.54371,25460,21758782,630
17400000,2049954,13434335,6.55348,25496,21874570,606
17450000,2051686,13465367,6.56307,25535,21984068,607
17500000,2053370,13496435,6.57282,25583,22095441,621
17550000,2055027,13527464,6.5826199999999995,25614,22206463,619
17600000,2056744,13558555,6.592239999999999,25658,22321066,634
17650000,2058469,13589415,6.601710000000001,25693,22436637,603
17700000,2060125,13620314,6.6114,25752,22555002,625
17750000,2061781,13651307,6.6211199999999995,25789,22668556,655
17800000,2063431,13682127,6.63077,25829,22786439,635
17850000,2065168,13712926,6.6401,25886,22902791,592
17900000,2066828,13743784,6.6497,25933,23018536,595
17950000,2068472,13774560,6.6592899999999995,25976,23133424,656
18000000,2070125,13805219,6.6687899999999996,26022,23251462,603
18050000,2071760,13835946,6.67835,26068,23367285,618
18100000,2073467,13866469,6.6875800000000005,26115,23484452,596
18150000,2075072,13897200,6.697210000000001,26154,23598482,610
18200000,2076609,13927684,6.7069399999999995,26197,23719951,605
18250000,2078217,13958251,6.7164600000000005,26244,23834022,636
18300000,2079805,13988698,6.725969999999999,26310,23948996,596
18350000,2081380,14019183,6.735519999999999,26364,24068286,590
18400000,2082964,14049704,6.74505,26409,24189788,588
18450000,2084566,14079943,6.75438,26449,24306964,604
18500000,2086184,14110250,6.763669999999999,26491,24429082,592
18550000,2087731,14140580,6.77318,26539,24549480,607
18600000,2089382,14171043,6.7824100000000005,26586,24667915,627
18650000,2090981,14201351,6.79172,26619,24787354,616
18700000,2092565,14231509,6.80099,26679,24904735,646
18750000,2094162,14261805,6.81027,26734,25024682,610
18800000,2095649,14291848,6.81977,26785,25143593,569
18850000,2097211,14322073,6.8291,26821,25263619,612
18900000,2098744,14352279,6.83851,26872,25382683,593
18950000,2100237,14382314,6.84795,26914,25500035,597
19000000,2101707,14412338,6.8574399999999995,26970,25618211,599
19050000,2103266,14442349,6.866630000000001,27011,25737532,607
19100000,2104726,14472614,6.87625,27054,25856748,604
19150000,2106247,14502620,6.88553,27093,25975689,632
19200000,2107728,14532417,6.894830000000001,27141,26096228,605
19250000,2109259,14562439,6.90405,27190,26216346,598
19300000,2110755,14592286,6.9133,27240,26336245,587
19350000,2112206,14622218,6.92272,27279,26459573,584
19400000,2113729,14652216,6.93193,27316,26583205,586
19450000,2115236,14681937,6.941039999999999,27356,26706180,594
19500000,2116707,14711760,6.950310000000001,27399,26825670,578
19550000,2118212,14741601,6.95945,27436,26948547,589
19600000,2119705,14771374,6.9686,27495,27068053,583
19650000,2121136,14801039,6.97788,27548,27191150,596
19700000,2122621,14830829,6.9870399999999995,27597,27313129,609
19750000,2124016,14860446,6.996389999999999,27638,27438753,592
19800000,2125548,14890249,7.00537,27677,27561679,591
19850000,2127028,14919898,7.01443,27725,27684379,604
19900000,2128480,14949471,7.02354,27773,27805680,604
19950000,2129965,14978864,7.03245,27816,27927865,599
20000000,2131483,15008357,7.04127,27866,28049823,584
20050000,2132968,15037708,7.05013,27903,28177882,623
20100000,2134400,15067048,7.05915,27939,28305119,578
20150000,2135812,15096414,7.068230000000001,27978,28425884,624
20200000,2137245,15125747,7.07722,28027,28547038,603
20250000,2138679,15155164,7.0862300000000005,28058,28672802,617
20300000,2140098,15184536,7.09525,28107,28795097,570
20350000,2141562,15213672,7.104010000000001,28150,28919648,581
20400000,2142988,15242887,7.11291,28183,29044020,582
20450000,2144354,15272035,7.12197,28222,29168287,602
20500000,2145685,15301134,7.13112,28265,29292695,580
20550000,2147137,15330252,7.1398600000000005,28299,29417574,627
20600000,2148524,15359439,7.14883,28338,29541784,557
20650000,2149897,15388687,7.15787,28386,29664459,579
20700000,2151315,15417710,7.166639999999999,28432,29792374,591
20750000,2152666,15446700,7.175610000000001,28471,29917936,533
20800000,2154028,15475894,7.18463,28513,30044561,605
20850000,2155413,15504839,7.19344,28558,30169258,557
20900000,2156751,15533864,7.202439999999999,28602,30294309,560
20950000,2158125,15562830,7.21127,28635,30420318,596
21000000,2159477,15591806,7.22018,28675,30549175,622
21050000,2160784,15620620,7.229139999999999,28712,30678681,566
21100000,2162156,15649483,7.23791,28742,30803258,571
21150000,2163551,15678491,7.24665,28785,30931070,558
21200000,2164981,15707219,7.25513,28825,31054916,587
21250000,2166290,15735928,7.263999999999999,28870,31184099,576
21300000,2167610,15764845,7.27292,28919,31311446,599
21350000,2168935,15793716,7.28178,28956,31439216,578
21400000,2170279,15822501,7.290539999999999,28995,31567049,613
21450000,2171624,15851175,7.2992300000000006,29047,31699559,570
21500000,2172961,15879924,7.30797,29088,31830476,570
21550000,2174336,15908898,7.316669999999999,29116,31964228,560
21600000,2175702,15937455,7.3252,29154,32092657,563
21650000,2177047,15965969,7.3337699999999995,29203,32226629,574
21700000,2178307,15994529,7.342639999999999,29254,32356223,595
21750000,2179692,16023218,7.351139999999999,29288,32487045,564
21800000,2181010,16051731,7.35977,29332,32615454,581
21850000,2182276,16080358,7.36862,29374,32750406,581
21900000,2183543,16108700,7.37732,29407,32880573,584
21950000,2184909,16137149,7.385730000000001,29451,33010154,569
22000000,2186189,16165816,7.39452,29484,33134918,566
22050000,2187448,16194103,7.4031899999999995,29533,33266892,562
22100000,2188801,16222544,7.4116100000000005,29565,33397818,592
22150000,2190085,16250841,7.42019,29608,33533220,560
22200000,2191350,16279292,7.428889999999999,29641,33663755,575
22250000,2192693,16307532,7.43722,29678,33790886,584
22300000,2194028,16335852,7.4456,29707,33921490,569
22350000,2195388,16364186,7.4538899999999995,29754,34051495,551
22400000,2196639,16392529,7.46255,29795,34184605,539
22450000,2197929,16420934,7.471089999999999,29830,34320721,569
22500000,2199205,16449267,7.47964,29868,34454917,588
22550000,2200486,16477756,7.488230000000001,29903,34592339,575
22600000,2201769,16505940,7.49667,29947,34722047,567
22650000,2203058,16534086,7.50506,29981,34856463,538
22700000,2204327,16562108,7.51345,30022,34988784,562
22750000,2205566,16590146,7.52194,30065,35124210,600
22800000,2206842,16618206,7.530310000000001,30097,35256820,567
22850000,2208117,16646114,7.5386,30126,35392753,542
22900000,2209374,16674108,7.5469800000000005,30162,35524904,572
22950000,2210596,16701837,7.55535,30199,35662369,550
23000000,2211796,16729721,7.563860000000001,30234,35796258,556
23050000,2213024,16757702,7.572310000000001,30271,35926961,539
23100000,2214214,16785628,7.58085,30320,36062192,560
23150000,2215414,16813499,7.58933,30353,36194323,539
23200000,2216626,16841209,7.59768,30390,36327842,523
23250000,2217843,16868993,7.606039999999999,30418,36462732,556
23300000,2219042,16896626,7.614380000000001,30459,36595950,548
23350000,2220301,16924432,7.62258,30499,36730836,580
23400000,2221480,16951875,7.630889999999999,30536,36860546,522
23450000,2222678,16979634,7.63927,30575,36993675,574
23500000,2223838,17007320,7.64773,30617,37126569,561
23550000,2225028,17034947,7.656060000000001,30660,37263261,591
23600000,2226161,17062632,7.6646,30692,37399473,556
23650000,2227396,17090228,7.672739999999999,30716,37536670,530
23700000,2228599,17117972,7.68105,30750,37676972,557
23750000,2229716,17145661,7.68962,30783,37814636,558
23800000,2230927,17173319,7.697839999999999,30826,37951806,564
23850000,2232114,17200958,7.70613,30862,38086493,542
23900000,2233308,17228378,7.714289999999999,30894,38223961,513
23950000,2234488,17255784,7.72248,30936,38361234,552
24000000,2235722,17283332,7.7305399999999995,30969,38497458,566
24050000,2236903,17310810,7.738739999999999,31015,38634989,577
24100000,2238043,17338365,7.74711,31049,38773885,545
24150000,2239165,17365423,7.755310000000001,31069,38907080,536
24200000,2240282,17392602,7.76358,31108,39044382,538
24250000,2241465,17419943,7.77168,31144,39180465,499
24300000,2242573,17447194,7.77999,31189,39316552,542
24350000,2243734,17474435,7.7881,31225,39451413,520
24400000,2244873,17501702,7.7963,31259,39593586,536
24450000,2245968,17529024,7.80466,31300,39732697,574
24500000,2247164,17556286,7.812639999999999,31334,39874462,531
24550000,2248288,17583329,7.820760000000001,31363,40010796,529
24600000,2249390,17610664,7.82908,31396,40147742,564
24650000,2250485,17637917,7.8373800000000005,31431,40287738,541
24700000,2251525,17665086,7.84583,31476,40427658,522
24750000,2252657,17692103,7.85388,31526,40563102,539
24800000,2253858,17719243,7.861739999999999,31567,40698876,558
24850000,2254973,17746201,7.86981,31603,40837882,548
24900000,2256135,17773120,7.877680000000001,31649,40974679,552
24950000,2257235,17800075,7.885789999999999,31673,41114205,588
25000000,2258375,17826974,7.89372,31707,41248385,561
25050000,2259506,17853856,7.901660000000001,31742,41389065,538
25100000,2260613,17880755,7.909689999999999,31781,41527827,546
25150000,2261735,17907793,7.91772,31818,41667875,536
25200000,2262828,17934440,7.925680000000001,31857,41807465,555
25250000,2263925,17961222,7.933660000000001,31883,41946830,502
25300000,2265063,17988066,7.94153,31928,42083662,533
25350000,2266179,18014914,7.94947,31962,42222940,536
25400000,2267260,18041846,7.95755,31997,42363155,537
25450000,2268334,18068294,7.96545,32020,42502666,516
25500000,2269388,18095018,7.97352,32050,42642870,513
25550000,2270453,18121669,7.98152,32086,42781286,538
25600000,2271631,18148451,7.98917,32119,42923935,533
25650000,2272652,18175107,7.997310000000001,32159,43070877,525
25700000,2273680,18201441,8.00528,32191,43213378,563
25750000,2274706,18227774,8.01324,32223,43350729,516
25800000,2275735,18254404,8.02132,32255,43487392,528
25850000,2276783,18280849,8.02925,32298,43624114,518
25900000,2277894,18307420,8.03699,32330,43766999,532
25950000,2278923,18333784,8.04493,32354,43912003,523
26000000,2280051,18360328,8.0526,32379,44055116,524
26050000,2281056,18386562,8.06055,32406,44193721,523
26100000,2282100,18412947,8.06842,32439,44338773,528
26150000,2283154,18439168,8.07618,32475,44483692,526
26200000,2284237,18465423,8.08385,32510,44622483,534
26250000,2285263,18491614,8.09168,32546,44763317,517
26300000,2286298,18517916,8.09952,32572,44907436,524
26350000,2287371,18544228,8.10722,32600,45046514,516
26400000,2288407,18570375,8.114980000000001,32635,45190202,495
26450000,2289433,18596763,8.122869999999999,32671,45331829,557
26500000,2290503,18623096,8.13057,32703,45475464,498
26550000,2291589,18649337,8.13817,32741,45619625,535
26600000,2292615,18675662,8.14601,32783,45761951,501
26650000,2293606,18701855,8.15391,32825,45904554,535
26700000,2294653,18728150,8.16165,32866,46047414,536
26750000,2295712,18754447,8.16934,32897,46191595,520
26800000,2296688,18780646,8.17727,32934,46335797,531
26850000,2297685,18806681,8.18506,32957,46478181,534
26900000,2298670,18832604,8.19283,32991,46624964,524
26950000,2299668,18858696,8.200619999999999,33025,46769654,515
27000000,2300690,18884925,8.20837,33060,46909490,518
27050000,2301685,18911010,8.21616,33098,47055144,543
27100000,2302649,18936777,8.22391,33129,47199388,536
27150000,2303643,18962642,8.231589999999999,33160,47340893,543
27200000,2304632,18988480,8.23927,33200,47488568,505
27250000,2305630,19014332,8.24691,33236,47636169,534
27300000,2306662,19040510,8.25457,33273,47784605,516
27350000,2307658,19066248,8.26216,33312,47929370,490
27400000,2308644,19091879,8.269739999999999,33344,48076288,481
27450000,2309611,19117540,8.277389999999999,33371,48222297,521
27500000,2310665,19143407,8.2848,33407,48365032,505
27550000,2311684,19169087,8.29226,33438,48510999,505
27600000,2312691,19194808,8.29977,33470,48649316,489
27650000,2313617,19220696,8.30764,33504,48793363,539
27700000,2314542,19246394,8.31542,33530,48937273,521
27750000,2315529,19272196,8.32302,33569,49084546,522
27800000,2316470,19298098,8.33082,33611,49230687,537
27850000,2317452,19323655,8.33832,33641,49377980,543
27900000,2318430,19349254,8.345839999999999,33676,49528525,509
27950000,2319389,19374881,8.353439999999999,33725,49678093,514
28000000,2320376,19400517,8.36094,33777,49825134,508
28050000,2321360,19426288,8.36849,33810,49970142,517
28100000,2322357,19451854,8.375910000000001,33850,50119100,507
28150000,2323284,19477233,8.38349,33886,50266478,521
28200000,2324219,19502842,8.39114,33909,50416941,514
28250000,2325176,19528391,8.39867,33938,50564376,496
28300000,2326124,19553928,8.40623,33965,50707792,517
28350000,2327074,19579474,8.41377,33997,50854306,527
28400000,2328053,19604934,8.42117,34030,51002208,482
28450000,2329019,19630306,8.42857,34054,51151540,501
28500000,2329941,19655550,8.436069999999999,34078,51297321,514
28550000,2330898,19681007,8.44353,34110,51446386,493
28600000,2331861,19706382,8.45092,34137,51593260,514
28650000,2332771,19731716,8.45849,34175,51742153,496
28700000,2333668,19757139,8.46613,34197,51890141,514
28750000,2334604,19782470,8.47359,34226,52040773,519
28800000,2335509,19807645,8.48108,34251,52189581,519
28850000,2336394,19832998,8.488719999999999,34291,52343855,526
28900000,2337332,19858356,8.49616,34322,52489536,498
28950000,2338276,19883462,8.50347,34349,52635544,508
29000000,2339182,19908625,8.51093,34379,52782010,522
29050000,2340113,19933865,8.51833,34403,52927544,532
29100000,2341025,19958921,8.52572,34431,53076917,504
29150000,2341961,19983826,8.53295,34466,53224356,514
29200000,2342934,20008887,8.5401,34486,53375644,509
29250000,2343839,20033986,8.54751,34525,53522507,510
29300000,2344746,20059021,8.55488,34562,53670933,521
29350000,2345678,20083842,8.56206,34585,53821102,501
29400000,2346583,20109024,8.56949,34609,53973054,527
29450000,2347433,20134132,8.57708,34642,54121276,510
29500000,2348346,20159035,8.58435,34669,54272091,494
29550000,2349227,20184165,8.59183,34706,54421782,497
29600000,2350114,20209182,8.59923,34744,54575491,488
29650000,2351028,20233970,8.60644,34779,54724828,478
29700000,2351926,20258773,8.61369,34816,54875919,498
29750000,2352836,20283655,8.62094,34843,55024337,504
29800000,2353690,20308488,8.62836,34871,55167895,474
29850000,2354588,20333406,8.63565,34904,55322404,476
29900000,2355499,20358177,8.64283,34938,55472934,500
29950000,2356391,20382834,8.65002,34970,55622427,499
30000000,2357242,20407457,8.65734,35006,55773929,477
30050000,2358127,20432084,8.664539999999999,35032,55926675,474
30100000,2358970,20456833,8.67193,35069,56080980,468
30150000,2359866,20481683,8.67917,35095,56237490,470
30200000,2360734,20506266,8.68639,35137,56387703,485
30250000,2361563,20530886,8.693769999999999,35162,56538172,478
30300000,2362404,20555453,8.70107,35192,56689786,485
30350000,2363228,20580082,8.70846,35221,56838499,510
30400000,2364079,20604773,8.71577,35258,56991403,493
30450000,2364925,20629312,8.72303,35285,57141928,485
30500000,2365895,20653975,8.72988,35317,57291687,508
30550000,2366680,20678546,8.73736,35344,57445742,487
30600000,2367526,20703219,8.744660000000001,35371,57601749,484
30650000,2368379,20727769,8.75188,35397,57755060,489
30700000,2369238,20752210,8.75902,35430,57913272,540
30750000,2370074,20776870,8.76634,35457,58064640,469
30800000,2370983,20801445,8.77334,35498,58217903,513
30850000,2371858,20825957,8.780439999999999,35523,58371135,503
30900000,2372704,20850240,8.78754,35560,58524191,482
30950000,2373550,20874782,8.79475,35580,58682323,504
31000000,2374438,20899047,8.801680000000001,35612,58834299,453
31050000,2375298,20923397,8.80875,35644,58985710,483
31100000,2376174,20947823,8.81578,35676,59137907,496
31150000,2377018,20972139,8.82288,35704,59289478,497
31200000,2377849,20996390,8.829989999999999,35721,59444434,469
31250000,2378705,21020748,8.837060000000001,35751,59592830,489
31300000,2379532,21044924,8.84414,35773,59746579,482
31350000,2380350,21069010,8.85122,35804,59893446,497
31400000,2381120,21093408,8.85861,35831,60044134,491
31450000,2381947,21117448,8.86562,35849,60197178,464
31500000,2382760,21141563,8.87272,35870,60350918,489
31550000,2383591,21165801,8.8798,35892,60509386,464
31600000,2384350,21190040,8.88713,35924,60665999,483
31650000,2385167,21214231,8.89423,35957,60821807,492
31700000,2386029,21238145,8.90104,35988,60972344,465
31750000,2386823,21262262,8.90819,36020,61127727,475
31800000,2387647,21286530,8.915280000000001,36058,61279550,488
31850000,2388457,21310364,8.92223,36094,61428029,451
31900000,2389219,21334527,8.9295,36125,61586105,477
31950000,2390039,21358602,8.93651,36161,61738270,470
32000000,2390802,21382603,8.94369,36198,61889455,496
32050000,2391616,21406593,8.95068,36221,62045854,478
32100000,2392445,21430627,8.95763,36260,62204040,486
32150000,2393329,21454370,8.96424,36296,62355793,474
32200000,2394140,21478325,8.971210000000001,36321,62513080,458
32250000,2394981,21502250,8.97805,36345,62672263,477
32300000,2395843,21526216,8.98482,36374,62827623,465
32350000,2396680,21550008,8.991610000000001,36397,62983984,467
32400000,2397500,21573868,8.998489999999999,36428,63140007,475
32450000,2398278,21597638,9.00548,36464,63293971,469
32500000,2399137,21621643,9.012260000000001,36492,63452310,488
32550000,2399975,21645551,9.01907,36523,63607358,479
32600000,2400782,21669079,9.025839999999999,36548,63759557,516
32650000,2401538,21692876,9.032910000000001,36583,63912032,503
32700000,2402332,21716593,9.0398,36615,64066081,469
32750000,2403113,21740335,9.04674,36647,64223073,453
32800000,2403920,21764003,9.05355,36679,64383645,495
32850000,2404669,21787571,9.06053,36707,64545431,476
32900000,2405424,21811111,9.06747,36743,64697239,458
32950000,2406175,21834571,9.07439,36771,64854299,447
33000000,2406935,21858067,9.08129,36796,65012066,467
33050000,2407687,21881777,9.0883,36825,65170491,475
33100000,2408475,21905362,9.09512,36853,65328917,464
33150000,2409271,21928751,9.10182,36881,65488096,431
33200000,2410040,21952289,9.10868,36910,65641995,466
33250000,2410836,21975880,9.11546,36939,65800510,468
33300000,2411620,21999351,9.12223,36963,65955376,488
33350000,2412388,22022838,9.12906,37003,66111051,481
33400000,2413167,22046327,9.13585,37027,66271384,446
33450000,2413925,22069821,9.142710000000001,37056,66422434,476
33500000,2414663,22093226,9.149610000000001,37072,66576448,461
33550000,2415423,22116916,9.15654,37109,66739369,490
33600000,2416200,22140410,9.16332,37140,66897752,463
33650000,2416907,22163880,9.17035,37173,67058903,481
33700000,2417677,22187120,9.17704,37206,67215696,466
33750000,2418463,22210483,9.18372,37222,67370347,458
33800000,2419255,22233817,9.19036,37255,67530238,443
33850000,2419981,22257012,9.19718,37282,67687472,438
33900000,2420711,22280054,9.20393,37307,67846627,442
33950000,2421508,22303441,9.210560000000001,37347,68002236,490
34000000,2422259,22326717,9.217310000000001,37369,68162370,467
34050000,2423010,22349921,9.22403,37402,68322484,427
34100000,2423709,22373077,9.23093,37429,68476923,441
34150000,2424417,22396212,9.23777,37452,68633229,469
34200000,2425091,22419353,9.24475,37479,68794486,470
34250000,2425830,22442732,9.25157,37505,68955353,474
34300000,2426578,22465837,9.258239999999999,37533,69108176,459
34350000,2427322,22489097,9.26498,37566,69267491,428
34400000,2428057,22512024,9.27162,37595,69421981,474
34450000,2428818,22535382,9.27833,37614,69579687,484
34500000,2429526,22558416,9.285110000000001,37645,69735302,445
34550000,2430257,22581670,9.291889999999999,37677,69898866,475
34600000,2430962,22604796,9.2987,37708,70057763,462
34650000,2431716,22627815,9.30529,37729,70213638,433
34700000,2432480,22650669,9.311760000000001,37756,70374453,448
34750000,2433193,22673392,9.31837,37781,70533211,469
34800000,2433917,22696384,9.32504,37810,70694880,465
34850000,2434671,22719279,9.331560000000001,37834,70850816,473
34900000,2435375,22742105,9.338239999999999,37862,71011285,467
34950000,2436100,22765005,9.34486,37887,71171296,469
35000000,2436811,22788100,9.35161,37908,71328714,445
35050000,2437536,22810995,9.35822,37931,71488632,456
35100000,2438239,22833811,9.36488,37957,71646995,467
35150000,2438985,22856746,9.37142,37993,71805769,476
35200000,2439701,22879672,9.378060000000001,38024,71967453,427
35250000,2440387,22902365,9.384730000000001,38047,72126777,471
35300000,2441097,22925053,9.39129,38070,72287897,450
35350000,2441838,22947728,9.397730000000001,38098,72449766,447
35400000,2442525,22970481,9.4044,38126,72607000,442
35450000,2443195,22993244,9.41114,38154,72765440,470
35500000,2443892,23016100,9.417810000000001,38181,72928776,452
35550000,2444598,23038639,9.42431,38206,73084147,446
35600000,2445340,23061626,9.43085,38241,73247102,476
35650000,2446031,23084121,9.437380000000001,38263,73411629,453
35700000,2446770,23106738,9.443769999999999,38298,73568083,451
35750000,2447445,23129370,9.45041,38329,73727837,451
35800000,2448125,23151933,9.45701,38357,73888653,482
35850000,2448837,23174700,9.46355,38379,74049952,447
35900000,2449576,23197246,9.4699,38402,74206759,435
35950000,2450258,23219798,9.476469999999999,38429,74361511,442
36000000,2450942,23242369,9.483039999999999,38457,74523802,471
36050000,2451627,23264907,9.48958,38484,74678288,454
36100000,2452290,23287374,9.49617,38508,74835297,451
36150000,2452943,23309740,9.50276,38539,74990937,441
36200000,2453613,23332251,9.50934,38568,75154099,457
36250000,2454285,23354662,9.51587,38602,75321525,469
36300000,2454944,23377191,9.52249,38630,75481867,462
36350000,2455628,23399699,9.529010000000001,38658,75641844,453
36400000,2456322,23422283,9.53551,38680,75802689,444
36450000,2456995,23444718,9.54203,38710,75962292,450
36500000,2457653,23467100,9.548580000000001,38734,76120219,436
36550000,2458356,23489440,9.55494,38765,76278914,440
36600000,2459039,23511876,9.56141,38795,76443181,415
36650000,2459701,23534230,9.567919999999999,38810,76604410,419
36700000,2460384,23556666,9.57439,38840,76774090,460
36750000,2461078,23579023,9.58077,38871,76934918,413
36800000,2461732,23601493,9.58735,38896,77094147,463
36850000,2462442,23623843,9.59366,38913,77258140,435
36900000,2463092,23645682,9.6,38943,77413075,440
36950000,2463781,23668001,9.60637,38968,77578873,450
37000000,2464445,23690176,9.61278,38997,77738690,442
37050000,2465097,23712319,9.61922,39019,77900315,459
37100000,2465746,23734545,9.62571,39048,78064155,450
37150000,2466439,23756597,9.63194,39062,78221502,427
37200000,2467117,23778735,9.63827,39084,78380123,430
37250000,2467763,23800871,9.64472,39107,78539137,429
37300000,2468436,23822945,9.65103,39126,78698535,443
37350000,2469095,23845096,9.65742,39148,78862629,458
37400000,2469787,23867391,9.663739999999999,39174,79026368,450
37450000,2470398,23889620,9.67035,39190,79196679,433
37500000,2471053,23911708,9.676730000000001,39209,79360274,442
37550000,2471694,23933658,9.6831,39236,79524171,452
37600000,2472308,23955619,9.68958,39267,79681309,433
37650000,2472984,23977914,9.69594,39297,79843856,440
37700000,2473662,24000084,9.70225,39324,80012738,436
37750000,2474254,24022008,9.708789999999999,39349,80178015,423
37800000,2474928,24043993,9.71503,39381,80337456,417
37850000,2475585,24065720,9.72123,39401,80497152,455
37900000,2476186,24087726,9.72775,39432,80658846,452
37950000,2476805,24109670,9.73418,39446,80821712,441
38000000,2477490,24131666,9.74037,39473,80984841,419
38050000,2478115,24153587,9.74676,39500,81151035,444
38100000,2478794,24175489,9.75292,39525,81316498,447
38150000,2479387,24197426,9.75944,39548,81480767,450
38200000,2479978,24219314,9.765939999999999,39568,81649853,416
38250000,2480566,24241092,9.7724,39581,81808738,432
38300000,2481252,24262846,9.77847,39610,81965798,420
38350000,2481926,24284726,9.78463,39629,82129998,452
38400000,2482582,24306408,9.79078,39659,82291587,409
38450000,2483199,24328161,9.7971,39682,82452702,454
38500000,2483838,24350015,9.80338,39710,82615925,447
38550000,2484467,24371811,9.80967,39740,82783568,423
38600000,2485081,24393515,9.81598,39776,82943458,394
38650000,2485695,24415332,9.822339999999999,39797,83108358,442
38700000,2486286,24437044,9.82873,39826,83275731,411
38750000,2486918,24458549,9.83488,39859,83436343,435
38800000,2487530,24480117,9.84113,39889,83592887,450
38850000,2488150,24501612,9.84732,39926,83755599,425
38900000,2488736,24523251,9.8537,39951,83917527,435
38950000,2489327,24544914,9.86006,39974,84083176,416
39000000,2489951,24566626,9.86631,39998,84248611,445
39050000,2490536,24588062,9.8726,40009,84406045,408
39100000,2491105,24609734,9.87904,40034,84570037,433
39150000,2491718,24631197,9.88523,40056,84732847,441
39200000,2492302,24652903,9.89162,40074,84902813,441
39250000,2492908,24674365,9.89782,40088,85065107,425
39300000,2493549,24695885,9.90391,40117,85232707,422
39350000,2494180,24717454,9.91005,40138,85404165,432
39400000,2494817,24739018,9.91617,40164,85569798,448
39450000,2495459,24760654,9.92228,40193,85740024,459
39500000,2496059,24782047,9.928469999999999,40219,85901918,456
39550000,2496642,24803558,9.93477,40239,86070668,402
39600000,2497278,24824782,9.94074,40267,86239753,406
39650000,2497931,24846398,9.94679,40292,86410425,430
39700000,2498529,24867801,9.95298,40311,86578254,419
39750000,2499124,24889230,9.95918,40340,86740594,417
39800000,2499724,24910683,9.96537,40371,86904226,400
39850000,2500317,24932059,9.97156,40385,87068147,429
39900000,2500886,24953424,9.97783,40415,87237520,417
39950000,2501475,24974619,9.98396,40449,87398247,411
40000000,2502096,24995959,9.99001,40477,87565552,411
40050000,2502690,25017521,9.99625,40502,87736178,438
40100000,2503287,25038799,10.0024,40535,87907377,433
40150000,2503829,25059865,10.0086,40560,88075455,402
40200000,2504391,25081096,10.0148,40583,88237941,422
40250000,2504971,25102327,10.021,40610,88405680,406
40300000,2505606,25123613,10.027000000000001,40628,88566412,438
40350000,2506208,25144733,10.033,40649,88732250,422
40400000,2506805,25165993,10.0391,40674,88893196,412
40450000,2507415,25187236,10.0451,40703,89056800,409
40500000,2507992,25208338,10.0512,40728,89220682,406
40550000,2508549,25229433,10.0574,40760,89383560,427
40600000,2509153,25250637,10.0634,40775,89552511,441
40650000,2509737,25271591,10.0694,40796,89715242,438
40700000,2510303,25292789,10.0756,40819,89881457,454
40750000,2510890,25313751,10.0816,40845,90048208,433
40800000,2511455,25334726,10.0877,40880,90215651,421
40850000,2512047,25355883,10.0937,40899,90381614,419
40900000,2512626,25376824,10.0997,40916,90546923,390
40950000,2513194,25397926,10.1058,40935,90712871,445
41000000,2513820,25419035,10.1117,40962,90880332,409
41050000,2514416,25439938,10.1176,40983,91045928,452
41100000,2514944,25460817,10.1238,41007,91205892,432
41150000,2515541,25481825,10.1298,41039,91371033,420
41200000,2516067,25502770,10.136000000000001,41064,91536977,439
41250000,2516647,25523733,10.142000000000001,41090,91697072,416
41300000,2517239,25544632,10.1479,41110,91866076,437
41350000,2517759,25565562,10.1541,41132,92029742,405
41400000,2518334,25586445,10.1601,41155,92195499,426
41450000,2518895,25607148,10.166,41179,92359510,416
41500000,2519485,25627818,10.1718,41204,92521299,414
41550000,2520031,25648471,10.1778,41228,92688955,422
41600000,2520591,25669434,10.1839,41252,92858013,407
41650000,2521131,25690182,10.1899,41270,93024892,431
41700000,2521681,25711109,10.196,41291,93193906,442
41750000,2522237,25731989,10.2021,41319,93358208,416
41800000,2522783,25752808,10.2081,41342,93523455,425
41850000,2523314,25773531,10.2142,41358,93689315,423
41900000,2523898,25794325,10.22,41383,93858306,427
41950000,2524493,25814916,10.2258,41411,94020930,421
42000000,2525019,25835562,10.2318,41441,94189904,419
42050000,2525581,25856296,10.2378,41465,94354989,424
42100000,2526108,25877023,10.2438,41487,94521499,425
42150000,2526688,25897659,10.2496,41515,94689470,410
42200000,2527197,25918511,10.2558,41528,94857335,419
42250000,2527761,25939201,10.2617,41552,95031854,397
42300000,2528327,25959942,10.2676,41584,95199563,416
42350000,2528885,25980373,10.2734,41604,95369356,391
42400000,2529412,26000890,10.2794,41629,95531681,407
42450000,2529929,26021421,10.2854,41648,95698351,414
42500000,2530452,26041903,10.2914,41666,95866963,414
42550000,2531029,26062425,10.2972,41689,96041698,391
42600000,2531607,26082996,10.3029,41708,96206407,405
42650000,2532154,26103402,10.3088,41732,96370199,424
42700000,2532721,26123950,10.3146,41756,96539226,412
42750000,2533258,26144329,10.3204,41773,96708274,414
42800000,2533815,26164769,10.3262,41796,96878996,410
42850000,2534394,26185093,10.3319,41822,97041087,438
42900000,2534909,26205495,10.3378,41839,97206372,423
42950000,2535450,26225985,10.3437,41859,97374862,406
43000000,2535992,26246588,10.3496,41886,97542768,427
43050000,2536559,26266921,10.3553,41909,97707220,378
43100000,2537098,26287419,10.3612,41932,97878646,397
43150000,2537626,26307708,10.3671,41955,98050041,395
43200000,2538190,26327898,10.3727,41973,98214656,403
43250000,2538696,26348256,10.3787,41991,98385291,405
43300000,2539193,26368453,10.3846,42022,98552726,397
43350000,2539735,26388824,10.3904,42048,98717170,410
43400000,2540288,26409233,10.3962,42070,98886510,418
43450000,2540848,26429315,10.4018,42094,99055108,397
43500000,2541407,26449712,10.4075,42118,99229308,386
43550000,2541952,26469952,10.4132,42133,99402080,416
43600000,2542451,26490368,10.4192,42157,99569882,389
43650000,2542968,26510544,10.425,42178,99738815,429
43700000,2543495,26530835,10.4309,42206,99908801,420
43750000,2544055,26551032,10.4365,42226,100081463,387
43800000,2544578,26571117,10.4422,42243,100252369,392
43850000,2545081,26591244,10.4481,42269,100427533,412
43900000,2545592,26611560,10.454,42287,100599954,402
43950000,2546136,26631616,10.4596,42309,100769972,419
44000000,2546657,26651807,10.4654,42338,100944517,398
44050000,2547141,26671839,10.4713,42364,101111554,396
44100000,2547649,26691899,10.4771,42390,101277659,376
44150000,2548174,26711978,10.4828,42402,101446011,405
44200000,2548685,26732148,10.4886,42432,101614089,388
44250000,2549209,26752211,10.4943,42454,101779249,387
44300000,2549733,26772263,10.5,42471,101947157,441
44350000,2550275,26792419,10.5057,42489,102117084,389
44400000,2550772,26812442,10.5115,42510,102284860,380
44450000,2551277,26832617,10.5173,42529,102451052,377
44500000,2551809,26852766,10.523,42552,102620681,401
44550000,2552354,26873024,10.5287,42583,102795133,411
44600000,2552875,26893149,10.5345,42614,102962801,380
44650000,2553361,26912993,10.5402,42638,103133018,410
44700000,2553867,26932811,10.5459,42656,103301650,396
44750000,2554338,26952732,10.5517,42676,103471386,419
44800000,2554819,26972636,10.5576,42701,103634598,398
44850000,2555328,26992643,10.5633,42728,103808050,390
44900000,2555813,27012293,10.569,42752,103975555,368
44950000,2556310,27032288,10.5747,42782,104140159,384
45000000,2556784,27052343,10.5806,42803,104307790,439
45050000,2557251,27072104,10.5864,42820,104471300,384
45100000,2557682,27091881,10.5924,42850,104635089,390
45150000,2558146,27111758,10.5982,42875,104803464,409
45200000,2558615,27131454,10.604000000000001,42893,104966886,377
45250000,2559063,27151388,10.6099,42916,105142039,406
45300000,2559547,27171278,10.6157,42943,105317070,386
45350000,2560060,27191136,10.6213,42969,105485431,373
45400000,2560549,27210939,10.627,42995,105647520,397
45450000,2561002,27230824,10.6329,43016,105820743,417
45500000,2561494,27250682,10.6386,43043,105990904,392
45550000,2561992,27270346,10.6442,43070,106161449,391
45600000,2562483,27290029,10.6498,43091,106326414,407
45650000,2562927,27309816,10.6557,43111,106504921,383
45700000,2563400,27329470,10.6614,43134,106674718,367
45750000,2563903,27349288,10.6671,43151,106846913,386
45800000,2564390,27368928,10.6727,43167,107017997,388
45850000,2564868,27388435,10.6783,43191,107186548,406
45900000,2565360,27408034,10.6839,43213,107358843,416
45950000,2565890,27427744,10.6894,43237,107538882,408
46000000,2566368,27447171,10.6949,43257,107711517,382
46050000,2566838,27466672,10.7006,43277,107891601,395
46100000,2567324,27486385,10.7062,43295,108062136,406
46150000,2567818,27505780,10.7117,43313,108234039,386
46200000,2568325,27525151,10.7172,43334,108406928,408
46250000,2568812,27544648,10.7227,43362,108582228,386
46300000,2569316,27563989,10.7281,43382,108745606,423
46350000,2569788,27583511,10.7338,43402,108911381,403
46400000,2570267,27602974,10.7393,43432,109078642,418
46450000,2570762,27622505,10.7449,43452,109254153,388
46500000,2571207,27642114,10.7506,43479,109430484,360
46550000,2571690,27661770,10.7563,43495,109601340,413
46600000,2572164,27681318,10.7619,43512,109768604,369
46650000,2572609,27700689,10.7675,43537,109939093,374
46700000,2573071,27720236,10.7732,43561,110110868,387
46750000,2573505,27739602,10.7789,43570,110279686,387
46800000,2573941,27758971,10.7846,43586,110449567,407
46850000,2574395,27778274,10.7902,43602,110614317,380
46900000,2574809,27797279,10.7959,43620,110779548,376
46950000,2575318,27816751,10.8013,43646,110954718,400
47000000,2575819,27836183,10.8067,43662,111121002,385
47050000,2576295,27855667,10.8123,43688,111296265,386
47100000,2576773,27875040,10.8178,43721,111469479,407
47150000,2577242,27894448,10.8234,43745,111638866,402
47200000,2577735,27913780,10.8288,43766,111809393,408
47250000,2578222,27933040,10.8342,43786,111980685,347
47300000,2578682,27952454,10.8398,43808,112153693,369
47350000,2579111,27971661,10.8455,43831,112322709,381
47400000,2579578,27991102,10.850999999999999,43853,112498394,371
47450000,2580043,28010143,10.8565,43875,112664281,386
47500000,2580524,28029462,10.8619,43900,112832733,369
47550000,2580975,28048588,10.8674,43933,113004563,384
47600000,2581448,28067748,10.8729,43955,113175026,380
47650000,2581917,28086800,10.8783,43974,113348609,383
47700000,2582330,28106043,10.884,43994,113521711,364
47750000,2582780,28125316,10.8896,44013,113691618,384
47800000,2583247,28144466,10.895,44029,113856796,393
47850000,2583695,28163661,10.9005,44042,114030373,385
47900000,2584132,28182645,10.905999999999999,44065,114199162,401
