timestep,num_nodes,num_edges,average_degree,max_degree,num_triangles,new_edges
0,287,887,3.09059,77,353,887
50000,7365,44017,5.97651,315,32795,846
100000,10285,83959,8.16325,484,72147,782
150000,12620,122070,9.67274,720,143570,720
200000,14956,158865,10.6222,906,237281,709
250000,17161,194868,11.3553,1204,348518,716
300000,19218,230000,11.9679,1542,472014,707
350000,21118,265354,12.5653,1833,609123,703
400000,22739,299945,13.1908,2038,752214,713
450000,24437,334089,13.6714,2208,890605,693
500000,25940,367470,14.1662,2386,1041616,659
550000,27563,400350,14.5249,2596,1200148,648
600000,29394,433059,14.7329,2836,1363462,661
650000,31027,466143,15.0238,3018,1529994,662
700000,32963,499355,15.149000000000001,3149,1698857,680
750000,34898,532373,15.2551,3278,1856269,649
800000,36579,565441,15.4581,3364,2015801,683
850000,38242,598647,15.6542,3537,2184008,656
900000,39959,631564,15.8053,3665,2346714,652
950000,41568,663835,15.9699,3835,2516300,649
1000000,43162,696322,16.1328,3977,2687690,635
1050000,44724,728371,16.2859,4134,2859007,669
1100000,46404,760281,16.384,4287,3025033,628
1150000,48116,792167,16.4637,4402,3202749,607
1200000,49705,823818,16.5741,4524,3379242,642
1250000,51229,855513,16.6998,4563,3558407,618
1300000,52762,886826,16.808,4707,3751704,641
1350000,54160,918049,16.9507,4861,3952907,635
1400000,55910,949068,16.9749,5001,4153662,622
1450000,57715,980427,16.9874,5099,4350935,631
1500000,59993,1012241,16.8727,5202,4535864,622
1550000,62569,1044057,16.6865,5295,4720572,615
1600000,65164,1076301,16.5168,5380,4904560,674
1650000,68010,1108982,16.3062,5460,5072062,634
1700000,70689,1141242,16.1445,5560,5250123,641
1750000,73307,1173319,16.0056,5657,5420437,665
1800000,75964,1205225,15.8657,5740,5605499,658
1850000,78471,1237133,15.7655,5845,5789284,641
1900000,81093,1268902,15.6475,5922,5969665,655
1950000,83745,1300979,15.535,5971,6157228,633
2000000,86278,1332480,15.444,6064,6351462,646
2050000,88764,1363950,15.366,6169,6550347,642
2100000,91290,1395073,15.2818,6249,6752482,597
2150000,93779,1425856,15.2044,6311,6945057,591
2200000,96177,1456364,15.1425,6358,7150830,608
2250000,98714,1486877,15.0625,6421,7360652,614
2300000,101047,1517393,15.0167,6478,7570464,616
2350000,103556,1547965,14.9481,6519,7777880,609
2400000,106065,1578282,14.8803,6584,7989262,606
2450000,108556,1609063,14.8224,6642,8200244,626
2500000,111054,1639823,14.765999999999998,6709,8405160,595
2550000,113585,1670152,14.704,6784,8610313,609
2600000,116218,1700581,14.6327,6844,8811784,581
2650000,118879,1731055,14.5615,6912,9016585,607
2700000,121612,1761591,14.4853,6980,9221121,660
2750000,124432,1792104,14.4023,7056,9438311,615
2800000,127337,1822607,14.3133,7109,9639479,626
2850000,130114,1852626,14.2385,7178,9842563,613
2900000,132952,1882925,14.1624,7244,10046499,598
2950000,136029,1913506,14.0669,7298,10255056,631
3000000,138842,1944180,14.0028,7364,10463053,587
3050000,141665,1974860,13.9404,7430,10667687,643
3100000,144575,2005416,13.8711,7504,10874953,618
3150000,147430,2035909,13.8093,7549,11080825,610
3200000,150322,2066210,13.7452,7577,11283469,628
3250000,153260,2096532,13.6796,7646,11491880,596
3300000,156149,2126759,13.6201,7730,11699475,576
3350000,159002,2157157,13.5669,7849,11901544,625
3400000,161793,2187441,13.52,7933,12106139,614
3450000,164567,2217703,13.475999999999999,8043,12300500,632
3500000,167297,2247652,13.4351,8123,12503066,629
3550000,170072,2278031,13.3945,8194,12704012,592
3600000,172828,2308707,13.3584,8273,12897743,593
3650000,175584,2338947,13.321,8344,13086305,595
3700000,178256,2369256,13.2913,8450,13283953,573
3750000,181012,2399520,13.2561,8567,13482229,639
3800000,183856,2429446,13.2139,8690,13680616,599
3850000,186630,2459171,13.1767,8788,13881807,596
3900000,189367,2489128,13.1445,8834,14082017,621
3950000,191965,2519273,13.1236,8871,14281330,596
4000000,194482,2548667,13.1049,8966,14496125,606
4050000,197013,2577761,13.0842,9077,14713047,620
4100000,199543,2606993,13.0648,9182,14926435,578
4150000,202232,2636298,13.036,9287,15129406,582
4200000,204992,2665779,13.0043,9392,15328020,558
4250000,207582,2695204,12.9838,9473,15531134,583
4300000,210228,2724448,12.9595,9536,15733536,576
4350000,212842,2754014,12.9392,9595,15931181,592
4400000,215537,2783470,12.9141,9653,16141318,555
4450000,218126,2812558,12.8942,9718,16332292,601
4500000,220841,2842043,12.8692,9789,16518612,629
4550000,223629,2871479,12.8404,9841,16707911,580
4600000,226380,2900639,12.8131,9900,16904441,585
4650000,229014,2930118,12.7945,9942,17094835,588
4700000,231709,2959513,12.7725,10025,17275301,562
4750000,234447,2988789,12.7483,10080,17464551,571
4800000,237116,3018067,12.7282,10182,17647083,610
4850000,239919,3047558,12.7024,10245,17828253,593
4900000,242742,3076616,12.6744,10326,18009334,579
4950000,245513,3106255,12.6521,10385,18190886,602
5000000,248303,3135903,12.6293,10453,18380659,581
5050000,251134,3165698,12.6056,10502,18562246,604
5100000,253918,3195472,12.5847,10519,18750792,582
5150000,256885,3225003,12.5543,10563,18936773,578
5200000,259717,3254793,12.5321,10617,19119688,580
5250000,262595,3284344,12.5073,10672,19293944,572
5300000,265418,3314152,12.4865,10764,19474705,580
5350000,268169,3343662,12.4685,10843,19653135,620
5400000,270994,3373249,12.4477,10926,19821209,620
5450000,273726,3402671,12.4309,10976,20009267,597
5500000,276506,3432057,12.4122,11049,20190451,598
5550000,279299,3461640,12.394,11101,20366208,598
5600000,282147,3491458,12.3746,11132,20533800,577
5650000,285066,3521118,12.3519,11184,20699239,600
5700000,287931,3550416,12.3308,11267,20878049,551
5750000,290807,3580234,12.3114,11319,21041826,535
5800000,293786,3609676,12.2868,11389,21201879,601
5850000,296867,3639499,12.2597,11474,21348993,582
5900000,299920,3669282,12.2342,11539,21498930,623
5950000,302887,3699340,12.2136,11630,21650702,593
6000000,305755,3728998,12.196,11684,21807776,553
6050000,308602,3758433,12.1789,11753,21957989,562
6100000,311489,3788076,12.1612,11815,22111554,583
6150000,314294,3817625,12.1467,11871,22267075,593
6200000,317136,3846896,12.1301,11935,22423978,578
6250000,319882,3876537,12.1186,11996,22574678,606
6300000,322762,3905442,12.1001,12077,22729219,596
6350000,325543,3934530,12.0861,12109,22878544,568
6400000,328311,3963538,12.0725,12170,23018408,558
6450000,331144,3992684,12.0572,12240,23169878,554
6500000,333953,4022219,12.0443,12297,23319402,617
6550000,336730,4051496,12.0319,12359,23472137,571
6600000,339526,4080308,12.0177,12415,23624733,558
6650000,342304,4108958,12.0038,12457,23777825,546
6700000,345180,4138099,11.9882,12484,23930091,601
6750000,348024,4166708,11.9725,12522,24086929,584
6800000,350846,4195711,11.9588,12565,24237770,572
6850000,353708,4224720,11.9441,12587,24386119,598
6900000,356428,4253847,11.9347,12619,24531475,585
6950000,359195,4282842,11.9234,12675,24678514,594
7000000,361849,4311548,11.9153,12725,24829210,604
7050000,364563,4340505,11.905999999999999,12783,24985280,568
7100000,367218,4369593,11.8992,12839,25133883,570
7150000,369969,4398526,11.8889,12895,25282055,544
7200000,372578,4427471,11.8833,12970,25437483,589
7250000,375163,4456257,11.8782,13037,25588588,529
7300000,377798,4484924,11.8712,13056,25734782,588
7350000,380454,4513793,11.8642,13081,25890109,553
7400000,382979,4542610,11.8613,13145,26050734,567
7450000,385639,4571450,11.8542,13163,26200781,609
7500000,388295,4600290,11.8474,13216,26358280,580
7550000,390904,4629163,11.8422,13270,26504083,560
7600000,393548,4658241,11.8365,13316,26658938,627
7650000,396240,4687377,11.8296,13340,26811244,581
7700000,398913,4716231,11.8227,13389,26970310,585
7750000,401695,4745019,11.8125,13481,27117771,577
7800000,404429,4774112,11.8046,13540,27265970,578
7850000,407295,4802985,11.7924,13630,27420443,571
7900000,410116,4832132,11.7824,13693,27565466,615
7950000,412796,4861172,11.7762,13763,27714296,531
8000000,415601,4890150,11.7665,13805,27862122,574
8050000,418409,4919426,11.7575,13861,28004224,619
8100000,421238,4948412,11.7473,13903,28147112,589
8150000,423924,4977354,11.7411,13954,28294356,580
8200000,426789,5006433,11.7305,14055,28435121,598
8250000,429616,5035512,11.720999999999998,14149,28578452,564
8300000,432383,5064757,11.7136,14217,28717446,610
8350000,435154,5093689,11.7055,14317,28867070,583
8400000,437853,5122628,11.6994,14401,29012987,547
8450000,440446,5151314,11.6957,14474,29167535,558
8500000,443206,5180285,11.6882,14552,29311597,608
8550000,445937,5209143,11.6813,14619,29457079,597
8600000,448600,5238428,11.6773,14665,29613332,585
8650000,451244,5267599,11.6735,14702,29770260,569
8700000,453947,5296637,11.668,14779,29933900,613
8750000,456707,5325457,11.6606,14863,30092701,545
8800000,459448,5354315,11.6538,14934,30254868,601
8850000,462339,5383707,11.6445,14999,30416923,571
8900000,465098,5412795,11.638,15093,30587617,548
8950000,467834,5441855,11.632,15183,30753330,610
9000000,470614,5471297,11.6259,15267,30922821,579
9050000,473437,5500911,11.6191,15353,31083937,599
9100000,476263,5530530,11.6123,15439,31249891,615
9150000,478859,5559974,11.6109,15526,31419304,612
9200000,481462,5589201,11.6088,15599,31585032,607
9250000,483991,5618584,11.6089,15692,31740464,571
9300000,486613,5648031,11.6068,15774,31911211,590
9350000,489157,5677372,11.6064,15843,32068619,593
9400000,491785,5706638,11.6039,15946,32231673,563
9450000,494335,5735542,11.6025,16044,32392228,587
9500000,496958,5764574,11.5997,16142,32550543,565
9550000,499533,5793569,11.597999999999999,16209,32723140,591
9600000,502082,5822599,11.5969,16282,32886694,579
9650000,504697,5851311,11.5937,16394,33051297,573
9700000,507262,5880537,11.5927,16454,33206531,585
9750000,509853,5909457,11.5905,16534,33370357,583
9800000,512403,5938680,11.5899,16563,33528661,585
9850000,514968,5968035,11.5891,16638,33691183,590
9900000,517449,5997545,11.5906,16691,33845864,620
9950000,520007,6026639,11.5895,16759,33991297,562
10000000,522434,6055905,11.5917,16822,34141925,598
10050000,524780,6085191,11.5957,16873,34275928,574
10100000,527210,6114574,11.597999999999999,16900,34429263,619
10150000,529617,6143768,11.6004,16931,34581125,601
10200000,532085,6173161,11.6018,16964,34731914,608
10250000,534582,6202505,11.6025,17005,34888686,567
10300000,537134,6231958,11.6022,17045,35042271,589
10350000,539564,6261017,11.6038,17099,35195456,591
10400000,542120,6290392,11.6033,17150,35344231,622
10450000,544655,6319250,11.6023,17188,35504433,591
10500000,547143,6348570,11.6031,17229,35651890,580
10550000,549646,6377736,11.6034,17276,35803608,582
10600000,552240,6407120,11.6021,17291,35952310,608
10650000,554660,6436000,11.6035,17340,36104346,601
10700000,557127,6465360,11.6048,17403,36247000,597
10750000,559562,6494245,11.6059,17469,36396317,547
10800000,562071,6523479,11.6061,17497,36543894,562
10850000,564553,6552644,11.6068,17510,36696844,577
10900000,566982,6581549,11.607999999999999,17557,36850635,605
10950000,569542,6611014,11.6076,17631,37001604,574
11000000,572070,6639933,11.6069,17689,37147032,604
11050000,574532,6669339,11.6083,17740,37298171,572
11100000,577090,6698436,11.6073,17790,37446007,587
11150000,579686,6727520,11.6055,17846,37594779,569
11200000,582257,6756653,11.6042,17907,37739155,568
11250000,584848,6785457,11.6021,17958,37879868,571
11300000,587435,6814762,11.6009,18001,38020417,577
11350000,589962,6843967,11.6007,18065,38157694,556
11400000,592554,6872939,11.5988,18118,38302881,602
11450000,595212,6902315,11.5964,18185,38440440,597
11500000,597772,6931286,11.5952,18198,38572799,573
11550000,600281,6960321,11.5951,18251,38710396,576
11600000,602904,6989596,11.5932,18319,38849100,568
11650000,605421,7018821,11.5933,18374,38989073,617
11700000,607974,7048183,11.5929,18432,39126703,562
11750000,610593,7077549,11.5913,18495,39255590,588
11800000,613090,7106724,11.5916,18574,39390290,577
11850000,615526,7136051,11.5934,18637,39526320,565
11900000,618107,7165216,11.5922,18706,39663519,579
11950000,620696,7194522,11.5911,18780,39799257,585
12000000,623295,7223832,11.5897,18856,39932681,608
12050000,625788,7253053,11.5903,18913,40077624,564
12100000,628286,7281992,11.5903,18966,40216542,572
12150000,630859,7311168,11.5892,19014,40348988,607
12200000,633520,7340387,11.5867,19101,40487966,592
12250000,636166,7369655,11.5845,19173,40619404,580
12300000,638726,7398768,11.5836,19244,40748484,603
12350000,641213,7427643,11.5837,19312,40875494,562
12400000,643717,7456747,11.5839,19343,41003726,576
12450000,646355,7485708,11.5814,19383,41130420,597
12500000,648976,7514338,11.5788,19428,41265201,551
12550000,651509,7543422,11.5784,19489,41394635,547
12600000,654074,7572241,11.577,19547,41530930,547
12650000,656517,7600649,11.5772,19588,41666909,544
12700000,659165,7629625,11.5747,19617,41795353,532
12750000,661690,7658318,11.5739,19654,41933010,573
12800000,664182,7686871,11.5734,19714,42070142,591
12850000,666745,7715513,11.5719,19757,42205915,590
12900000,669236,7744137,11.5716,19807,42345612,590
12950000,671833,7772887,11.5697,19845,42485641,560
13000000,674365,7801840,11.5692,19871,42613315,578
13050000,676935,7830301,11.5673,19900,42751145,602
13100000,679548,7859483,11.5658,19946,42887139,594
13150000,681868,7888289,11.5686,20008,43019437,587
13200000,684234,7917201,11.5709,20048,43154321,579
13250000,686668,7946287,11.5722,20099,43284150,598
13300000,689160,7974944,11.572000000000001,20152,43416063,572
13350000,691622,8003549,11.5721,20210,43547027,540
13400000,694111,8032362,11.5722,20258,43682557,587
13450000,696601,8060893,11.5718,20289,43821568,597
13500000,698996,8089457,11.573,20343,43959833,585
13550000,701503,8118388,11.5728,20401,44088883,575
13600000,704062,8147135,11.5716,20432,44220866,589
13650000,706653,8175911,11.5699,20449,44351799,597
13700000,709048,8204487,11.5711,20457,44488095,588
13750000,711484,8233230,11.5719,20508,44625333,579
13800000,714017,8262080,11.5713,20549,44749880,600
13850000,716469,8290772,11.5717,20594,44879593,555
13900000,718961,8319676,11.5718,20646,45011633,618
13950000,721547,8348223,11.5699,20711,45140486,568
14000000,724123,8376873,11.5683,20770,45270886,586
14050000,726647,8405467,11.5675,20827,45395679,578
14100000,729244,8434298,11.5658,20887,45520869,591
14150000,731693,8462659,11.5659,20931,45651770,561
14200000,734289,8491349,11.564,20966,45775739,592
14250000,736921,8519903,11.5615,21009,45899280,571
14300000,739444,8548530,11.5608,21086,46026419,577
14350000,742018,8577434,11.5596,21105,46151148,616
14400000,744596,8606112,11.5581,21111,46268031,570
14450000,747156,8634689,11.5567,21138,46395190,551
14500000,749745,8663445,11.5552,21169,46521997,573
14550000,752382,8692273,11.552999999999999,21210,46636843,543
14600000,754843,8720816,11.5532,21283,46766995,561
14650000,757362,8749616,11.5528,21329,46887209,572
14700000,759944,8778396,11.5514,21383,47008994,565
14750000,762544,8807193,11.5498,21423,47134541,566
14800000,765032,8835985,11.5498,21498,47246914,562
14850000,767529,8864505,11.5494,21571,47368897,561
14900000,770107,8893346,11.5482,21634,47497455,559
14950000,772724,8922358,11.5466,21671,47615244,558
15000000,775206,8951322,11.547,21711,47735765,620
15050000,777760,8980079,11.5461,21757,47864208,593
15100000,780233,9008949,11.5465,21812,47996442,557
15150000,782693,9037769,11.547,21853,48114965,585
15200000,785137,9066573,11.5478,21898,48248607,576
15250000,787667,9095459,11.5473,21981,48376799,557
15300000,790191,9123902,11.5465,22034,48512634,560
15350000,792592,9152498,11.5476,22057,48645016,590
15400000,795077,9181169,11.5475,22102,48775747,570
15450000,797582,9209918,11.5473,22145,48915283,553
15500000,800040,9238853,11.548,22201,49046345,585
15550000,802570,9267656,11.5475,22240,49172249,602
15600000,805086,9296380,11.5471,22287,49301555,566
15650000,807646,9325182,11.5461,22322,49424213,518
15700000,810220,9354194,11.5453,22379,49547402,581
15750000,812790,9383226,11.5445,22408,49674707,567
15800000,815383,9412374,11.5435,22444,49803644,569
15850000,817972,9441306,11.5423,22498,49925814,601
15900000,820668,9470557,11.5401,22535,50047795,602
15950000,823177,9499633,11.5402,22589,50168195,586
16000000,825781,9528602,11.5389,22635,50292000,580
16050000,828495,9557803,11.5363,22698,50423896,591
16100000,831075,9586970,11.5356,22749,50549727,592
16150000,833650,9616208,11.5351,22806,50668084,607
16200000,836278,9645139,11.5334,22857,50793391,581
16250000,838885,9674351,11.5324,22921,50920160,604
16300000,841506,9703371,11.530999999999999,22949,51041615,590
16350000,843996,9732214,11.5311,22992,51169192,578
16400000,846636,9761129,11.5293,23047,51285499,557
16450000,849147,9790055,11.5293,23090,51403560,565
16500000,851792,9819239,11.5277,23140,51519924,576
16550000,854394,9848421,11.5268,23189,51640312,610
16600000,856954,9877531,11.5263,23244,51753931,587
16650000,859643,9906436,11.5239,23273,51873041,560
16700000,862212,9935490,11.5233,23308,51995019,590
16750000,864846,9964466,11.5217,23374,52115408,591
16800000,867541,9993276,11.5191,23416,52237521,578
16850000,870176,10022486,11.5178,23471,52354562,579
16900000,872881,10051422,11.5152,23516,52475124,556
16950000,875621,10080340,11.5122,23562,52597395,582
17000000,878251,10109708,11.5112,23602,52727244,557
17050000,880902,10138970,11.5098,23641,52847838,603
17100000,883627,10167891,11.507,23691,52971223,556
17150000,886178,10196835,11.5065,23739,53092670,619
17200000,888828,10225831,11.5048,23795,53209207,582
17250000,891488,10254237,11.5024,23845,53332094,591
17300000,894041,10283043,11.5018,23896,53452215,575
17350000,896690,10311626,11.4997,23947,53569764,551
17400000,899328,10340449,11.498,24011,53688604,566
17450000,901949,10369361,11.4966,24043,53806620,594
17500000,904548,10398315,11.4956,24080,53924263,558
17550000,907163,10427015,11.4941,24144,54046808,543
17600000,909823,10455697,11.492,24158,54170735,569
17650000,912371,10484455,11.4914,24199,54299149,566
17700000,914985,10513138,11.49,24238,54414874,581
17750000,917602,10541673,11.4883,24253,54547422,584
17800000,919966,10570658,11.4903,24269,54669840,566
17850000,922296,10599565,11.4926,24286,54795692,575
17900000,924785,10628047,11.4925,24347,54929295,539
17950000,927131,10656675,11.4942,24371,55052290,586
18000000,929563,10684694,11.4943,24415,55186906,544
18050000,931983,10713202,11.4951,24469,55318147,563
18100000,934516,10741931,11.4946,24509,55443716,576
18150000,936909,10770032,11.4953,24546,55583795,578
18200000,939403,10798879,11.4955,24568,55710723,580
18250000,941898,10827358,11.4953,24588,55833886,554
18300000,944433,10855469,11.4942,24614,55963404,589
18350000,946855,10884274,11.4952,24656,56096800,565
18400000,949411,10913105,11.4946,24712,56214785,560
18450000,952032,10941886,11.4932,24760,56348143,565
18500000,954530,10970365,11.4929,24800,56477007,599
18550000,957060,10998802,11.4923,24837,56600752,553
18600000,959665,11027308,11.4908,24895,56724477,542
18650000,962344,11055873,11.4885,24930,56851098,599
18700000,964996,11084851,11.4869,24967,56972138,564
18750000,967655,11113632,11.4851,25022,57098447,577
18800000,970323,11142292,11.4831,25056,57222731,560
18850000,972955,11171137,11.4817,25101,57344971,565
18900000,975700,11200113,11.4791,25152,57464777,566
18950000,978301,11228922,11.478,25197,57585061,569
19000000,981012,11257537,11.4754,25225,57711324,559
19050000,983647,11286438,11.4741,25276,57831799,534
19100000,986381,11315013,11.4712,25334,57952459,588
19150000,989072,11343536,11.4689,25401,58077915,578
19200000,991667,11372051,11.4676,25470,58190815,549
19250000,994532,11400981,11.4637,25521,58308003,555
19300000,997185,11429667,11.4619,25584,58433394,593
19350000,999834,11458358,11.4603,25624,58556720,540
19400000,1002509,11487426,11.4587,25665,58674046,590
19450000,1005106,11516125,11.4576,25736,58790166,582
19500000,1007728,11544659,11.4561,25828,58907647,550
19550000,1010371,11573541,11.4547,25870,59021966,598
19600000,1012982,11602383,11.4537,25902,59139733,582
19650000,1015595,11631108,11.4525,25946,59253595,584
19700000,1018337,11659773,11.4498,25969,59373213,585
19750000,1020907,11688552,11.4492,26021,59485412,571
19800000,1023599,11717623,11.4475,26063,59599069,599
19850000,1026188,11746537,11.4468,26112,59705323,598
19900000,1028983,11775705,11.444,26158,59813072,578
19950000,1031615,11804280,11.4425,26205,59922926,548
20000000,1034272,11833133,11.440999999999999,26242,60031051,557
20050000,1036912,11862013,11.4397,26278,60143818,602
20100000,1039701,11890628,11.4366,26309,60249843,566
20150000,1042486,11919517,11.4337,26350,60355763,583
20200000,1045323,11948299,11.4302,26393,60463953,560
20250000,1048154,11976798,11.4266,26419,60573155,599
20300000,1050883,12005272,11.424000000000001,26463,60684707,562
20350000,1053674,12034178,11.4212,26502,60792261,576
20400000,1056332,12062725,11.4194,26548,60899395,587
20450000,1059232,12091302,11.4152,26581,61009426,590
20500000,1062004,12120265,11.4126,26629,61119032,599
20550000,1064791,12149003,11.4098,26678,61224452,585
20600000,1067575,12177823,11.407,26723,61336951,563
20650000,1070236,12206579,11.4055,26747,61450584,583
20700000,1072888,12235368,11.4041,26800,61556587,573
20750000,1075619,12264139,11.4019,26834,61672396,571
20800000,1078371,12292558,11.3992,26866,61784403,564
20850000,1081018,12321255,11.3978,26885,61898104,556
20900000,1083679,12349985,11.3963,26932,62015214,563
20950000,1086314,12378665,11.3951,26970,62130486,576
21000000,1089139,12407572,11.3921,27014,62244291,570
21050000,1091749,12436289,11.3912,27066,62356138,574
21100000,1094391,12465205,11.3901,27113,62465176,614
21150000,1097223,12494013,11.3869,27175,62579190,598
21200000,1099875,12522779,11.3856,27204,62691891,540
21250000,1102504,12551818,11.3848,27247,62808927,572
21300000,1105160,12580665,11.3836,27328,62926685,591
21350000,1107836,12609288,11.3819,27370,63041799,578
21400000,1110520,12638172,11.3804,27417,63153627,579
21450000,1113165,12667037,11.3793,27461,63266894,585
21500000,1115997,12695746,11.3761,27512,63387333,587
21550000,1118523,12724075,11.3758,27525,63504106,580
21600000,1121210,12753360,11.3746,27562,63618562,638
21650000,1123879,12782284,11.3734,27588,63731580,596
21700000,1126721,12811782,11.3709,27622,63840944,595
21750000,1129313,12840727,11.3704,27636,63956957,583
21800000,1132017,12869794,11.3689,27651,64066459,570
21850000,1134733,12898611,11.3671,27694,64180962,564
21900000,1137308,12927599,11.3668,27741,64302400,620
21950000,1139918,12956568,11.3662,27782,64415490,575
22000000,1142598,12985773,11.3651,27820,64522356,596
22050000,1145259,13014663,11.3639,27848,64647474,549
22100000,1147898,13043572,11.363,27875,64770944,605
22150000,1150605,13072797,11.3617,27904,64887008,575
22200000,1153369,13101945,11.3597,27941,65007355,604
22250000,1156007,13130758,11.3587,27987,65114491,561
22300000,1158616,13159704,11.3581,28032,65233538,564
22350000,1161357,13188633,11.3562,28082,65349177,544
22400000,1163933,13217724,11.3561,28112,65461941,559
22450000,1166650,13246860,11.3546,28165,65572198,584
22500000,1169298,13275668,11.3535,28210,65682063,568
22550000,1171917,13304672,11.3529,28265,65803490,598
22600000,1174482,13333615,11.3528,28297,65926409,556
22650000,1177120,13362590,11.3519,28351,66036744,546
22700000,1179827,13391454,11.3504,28400,66158742,548
22750000,1182475,13420692,11.3497,28435,66274308,586
22800000,1185196,13449575,11.347999999999999,28453,66391044,591
22850000,1187826,13478191,11.3469,28476,66503970,552
22900000,1190465,13506980,11.345999999999998,28521,66622294,570
22950000,1193140,13535809,11.3447,28550,66734677,585
23000000,1195729,13564548,11.3442,28612,66846007,600
23050000,1198480,13593224,11.3421,28657,66956468,581
23100000,1201146,13622081,11.3409,28677,67066005,585
23150000,1203771,13651180,11.3403,28700,67177241,577
23200000,1206401,13680611,11.34,28725,67279319,592
23250000,1209021,13709722,11.3395,28785,67393198,576
23300000,1211525,13738814,11.3401,28849,67504800,595
23350000,1214236,13767914,11.3387,28908,67608787,569
23400000,1216808,13797231,11.3389,28956,67714938,563
23450000,1219373,13826240,11.3388,29008,67835306,575
23500000,1222004,13855214,11.3381,29053,67946355,580
23550000,1224493,13884339,11.3388,29058,68061036,562
23600000,1227071,13913746,11.339,29074,68177373,597
23650000,1229577,13942745,11.3395,29120,68292665,580
23700000,1232070,13972019,11.3403,29159,68402112,553
23750000,1234614,14001027,11.3404,29194,68522787,627
23800000,1237288,14029926,11.3393,29231,68640307,583
23850000,1239828,14059521,11.3399,29279,68759650,580
23900000,1242284,14088678,11.3409,29330,68871483,620
23950000,1244973,14117935,11.34,29371,68983720,584
24000000,1247622,14147123,11.3393,29395,69097699,592
24050000,1250241,14176519,11.339,29405,69214672,547
24100000,1252868,14205841,11.3387,29431,69325171,584
24150000,1255479,14234933,11.3382,29463,69443082,595
24200000,1258058,14264245,11.3383,29506,69556782,588
24250000,1260710,14293803,11.3379,29542,69671807,602
24300000,1263371,14323139,11.3372,29568,69786009,571
24350000,1266037,14352515,11.3366,29601,69904857,609
24400000,1268595,14381925,11.3369,29640,70022084,547
24450000,1271194,14411308,11.3368,29678,70127459,574
24500000,1274056,14440585,11.3343,29699,70245915,584
24550000,1276668,14469843,11.3341,29721,70362590,567
24600000,1279308,14499415,11.3338,29758,70480572,583
24650000,1282144,14528782,11.3316,29804,70594127,566
24700000,1285027,14558390,11.3292,29830,70708734,602
24750000,1287802,14588105,11.3279,29866,70811887,551
24800000,1290652,14618016,11.3261,29914,70916233,572
24850000,1293402,14647393,11.3247,29970,71023842,567
24900000,1296032,14677178,11.3247,29994,71137845,541
24950000,1298735,14706697,11.3239,30043,71247144,581
25000000,1301521,14736288,11.3224,30089,71357611,576
25050000,1304323,14765949,11.3208,30141,71472602,610
25100000,1306939,14795881,11.321,30185,71574081,549
25150000,1309665,14825493,11.3201,30220,71686772,614
25200000,1312463,14855311,11.3187,30245,71795713,614
25250000,1315247,14885154,11.3174,30287,71901819,591
25300000,1318025,14914847,11.3161,30324,72013200,603
25350000,1320867,14944885,11.3145,30387,72116631,609
25400000,1323856,14974679,11.3114,30426,72218429,599
25450000,1326572,15004714,11.3109,30447,72325650,591
25500000,1329396,15034402,11.3092,30472,72428921,551
25550000,1332182,15064179,11.3079,30508,72533600,623
25600000,1335035,15093698,11.3058,30557,72638146,597
25650000,1337830,15123535,11.3045,30595,72738453,604
25700000,1340475,15153237,11.3044,30631,72844086,565
25750000,1343260,15183007,11.3031,30661,72960480,615
25800000,1345956,15212777,11.3026,30681,73069029,610
25850000,1348728,15242689,11.3015,30716,73181873,622
25900000,1351443,15272010,11.3005,30767,73284082,580
25950000,1354364,15301432,11.2979,30807,73388114,605
26000000,1357095,15331001,11.2969,30833,73497371,593
26050000,1359944,15360816,11.2952,30860,73601919,581
26100000,1362651,15390161,11.2943,30896,73709777,598
26150000,1365617,15419828,11.2915,30926,73812915,589
26200000,1368323,15449191,11.2906,30953,73918970,587
26250000,1371093,15478836,11.2894,30968,74020738,583
26300000,1373896,15508126,11.2877,30982,74121606,572
26350000,1376685,15537521,11.2862,30998,74225653,566
26400000,1379465,15566905,11.2847,31016,74323201,596
26450000,1382195,15596280,11.2837,31057,74422045,579
26500000,1385073,15625388,11.2813,31095,74524248,560
26550000,1387712,15654784,11.280999999999999,31119,74620194,586
26600000,1390510,15684277,11.2795,31138,74725164,630
26650000,1393282,15713970,11.2784,31169,74820497,567
26700000,1396120,15742693,11.276,31195,74923696,579
26750000,1398725,15772057,11.276,31234,75020134,561
26800000,1401441,15801379,11.2751,31271,75120702,572
26850000,1403880,15830463,11.2762,31314,75220496,560
26900000,1406608,15859250,11.2748,31346,75323284,631
26950000,1409110,15888340,11.2754,31369,75438238,615
27000000,1411696,15917742,11.2756,31403,75539210,614
27050000,1414190,15947064,11.2765,31421,75655726,578
27100000,1416773,15976588,11.2767,31430,75763248,572
27150000,1419414,16005953,11.2765,31464,75862426,576
27200000,1422101,16035136,11.2757,31503,75966859,590
27250000,1424640,16064396,11.2761,31550,76070885,594
27300000,1427108,16093714,11.2772,31588,76177539,596
27350000,1429646,16122518,11.2773,31615,76279852,570
27400000,1432196,16151352,11.2773,31636,76389583,581
27450000,1434739,16180454,11.2776,31653,76496212,590
27500000,1437445,16209765,11.2768,31659,76601785,591
27550000,1440131,16239030,11.2761,31674,76713286,606
27600000,1442741,16267989,11.2758,31697,76820451,569
27650000,1445355,16296976,11.2754,31731,76928949,568
27700000,1447995,16326016,11.2749,31772,77033359,599
27750000,1450624,16355103,11.2745,31809,77138747,599
27800000,1453226,16384283,11.2744,31848,77240066,586
27850000,1455896,16413573,11.2739,31908,77352242,588
27900000,1458558,16442827,11.2733,31954,77455232,584
27950000,1461288,16471894,11.2722,31996,77559065,569
28000000,1463831,16500785,11.2723,32016,77659255,559
28050000,1466464,16530019,11.272,32055,77754628,567
28100000,1468962,16558980,11.2726,32142,77860449,580
28150000,1471670,16588164,11.2717,32178,77963022,581
28200000,1474362,16617522,11.270999999999999,32200,78070068,603
28250000,1476911,16646488,11.2712,32243,78169252,582
28300000,1479556,16675422,11.2706,32269,78271003,570
28350000,1482320,16704426,11.2691,32313,78364279,604
28400000,1485095,16733613,11.2677,32345,78468694,565
28450000,1487706,16762998,11.2677,32388,78565781,579
28500000,1490235,16792165,11.2681,32417,78672093,593
28550000,1492944,16821195,11.2671,32442,78770257,541
28600000,1495635,16850567,11.2665,32475,78872323,593
28650000,1498276,16879971,11.2663,32506,78968722,607
28700000,1500847,16908944,11.2663,32536,79060861,578
28750000,1503464,16938310,11.2662,32563,79158884,624
28800000,1506181,16967447,11.2652,32598,79259466,612
28850000,1508674,16996589,11.2659,32639,79353841,565
28900000,1511263,17025893,11.265999999999998,32672,79449890,584
28950000,1513915,17055400,11.2658,32712,79545336,596
29000000,1516639,17084736,11.2649,32735,79641501,623
29050000,1519249,17114178,11.2649,32761,79742545,575
29100000,1521812,17143276,11.265,32804,79835029,580
29150000,1524465,17172269,11.2645,32842,79933593,557
29200000,1527124,17201328,11.2639,32880,80029426,567
29250000,1529723,17230300,11.2637,32918,80127135,583
29300000,1532389,17259561,11.2632,32952,80220055,579
29350000,1535061,17288749,11.2626,32973,80312677,595
29400000,1537761,17318209,11.262,33000,80412531,568
29450000,1540660,17347128,11.2595,33024,80508640,557
29500000,1543335,17376277,11.2589,33056,80608166,613
29550000,1546048,17405516,11.2581,33076,80700724,596
29600000,1548606,17434340,11.2581,33117,80792035,548
29650000,1551417,17462878,11.2561,33138,80885077,604
29700000,1553971,17491838,11.2562,33166,80981709,624
29750000,1556542,17520738,11.2562,33198,81081344,587
29800000,1559051,17549397,11.2565,33234,81170590,572
29850000,1561876,17578086,11.2545,33309,81267834,563
29900000,1564414,17607183,11.2548,33337,81361539,581
29950000,1566918,17636018,11.2552,33373,81459187,620
30000000,1569562,17664717,11.2546,33395,81553048,579
30050000,1572225,17693411,11.2537,33420,81653737,557
30100000,1574797,17722416,11.2538,33452,81749570,559
30150000,1577351,17751390,11.2539,33497,81847477,542
30200000,1579928,17780338,11.2539,33524,81946590,585
30250000,1582643,17809030,11.2527,33557,82039980,552
30300000,1585246,17837853,11.2524,33570,82139809,578
30350000,1587887,17866884,11.252,33577,82236016,625
30400000,1590529,17895669,11.2514,33581,82330534,580
30450000,1593317,17924401,11.2497,33593,82423403,601
30500000,1596023,17953634,11.249,33615,82519730,624
30550000,1598739,17982791,11.2481,33644,82615071,586
30600000,1601296,18011930,11.2483,33672,82715723,593
30650000,1604007,18040765,11.2473,33703,82813795,605
30700000,1606566,18069816,11.2475,33739,82919246,582
30750000,1609169,18099005,11.2474,33774,83025320,567
30800000,1611970,18128153,11.245999999999999,33823,83127907,548
30850000,1614734,18157464,11.2449,33836,83231518,607
30900000,1617340,18186621,11.2448,33858,83333218,587
30950000,1620030,18215997,11.2442,33877,83435895,592
31000000,1622792,18245067,11.243,33911,83536750,591
31050000,1625389,18274242,11.243,33945,83642478,595
31100000,1627980,18303331,11.243,33982,83748385,562
31150000,1630596,18332500,11.2428,34009,83851047,586
31200000,1633351,18361329,11.2415,34058,83951688,592
31250000,1636052,18390357,11.2407,34091,84049805,569
31300000,1638865,18419320,11.2391,34158,84152323,531
31350000,1641620,18448275,11.2378,34183,84255136,569
31400000,1644358,18477426,11.2369,34189,84355067,564
31450000,1647109,18506794,11.2359,34195,84458834,582
31500000,1649804,18536118,11.2353,34238,84558973,628
31550000,1652465,18565077,11.2348,34290,84663392,567
31600000,1655215,18594423,11.2338,34332,84764986,591
31650000,1658040,18624140,11.2326,34377,84870296,581
31700000,1660854,18653213,11.2311,34398,84980290,561
31750000,1663494,18682628,11.231,34446,85088227,593
31800000,1666174,18711734,11.2304,34518,85190166,594
31850000,1668984,18740830,11.2289,34565,85301200,583
31900000,1671636,18769627,11.2283,34607,85404891,565
31950000,1674420,18798701,11.227,34650,85504975,571
32000000,1677196,18827859,11.2258,34681,85609271,620
32050000,1679955,18856684,11.2245,34712,85719051,557
32100000,1682736,18885944,11.2234,34741,85819668,606
32150000,1685600,18915294,11.2217,34759,85917803,558
32200000,1688463,18944439,11.2199,34796,86022047,589
32250000,1691249,18973801,11.2188,34836,86122484,607
32300000,1693987,19003026,11.2179,34873,86223092,576
32350000,1696919,19032509,11.2159,34891,86328856,586
32400000,1699586,19061550,11.2154,34934,86430336,572
32450000,1702457,19090838,11.2137,34972,86530446,598
32500000,1705246,19120116,11.2125,35014,86634873,604
32550000,1708094,19149217,11.2109,35052,86739127,619
32600000,1710955,19178590,11.2093,35078,86830259,595
32650000,1713809,19207808,11.2077,35099,86927370,603
32700000,1716742,19236879,11.2055,35125,87027639,597
32750000,1719405,19265748,11.2049,35166,87126441,581
32800000,1722259,19294865,11.2032,35189,87225243,583
32850000,1724890,19323879,11.203,35225,87326493,606
32900000,1727742,19352876,11.2013,35263,87426139,591
32950000,1730454,19382023,11.2005,35288,87530657,527
33000000,1733280,19411461,11.1993,35314,87635426,592
33050000,1736095,19440406,11.1978,35351,87735675,563
33100000,1738889,19469491,11.1965,35394,87830110,580
33150000,1741640,19498734,11.1956,35425,87925895,565
33200000,1744398,19527843,11.1946,35467,88023070,550
33250000,1747151,19556624,11.1934,35494,88127475,577
33300000,1749999,19586081,11.1921,35535,88224244,587
33350000,1752685,19615296,11.1916,35578,88327698,575
33400000,1755596,19645233,11.1901,35619,88429886,596
33450000,1758330,19674513,11.1893,35653,88535810,576
33500000,1761124,19703723,11.1882,35694,88635015,572
33550000,1764058,19733121,11.1862,35714,88740846,561
33600000,1766840,19762484,11.1852,35734,88841570,598
33650000,1769533,19791950,11.1848,35772,88937755,541
33700000,1772285,19821091,11.1839,35791,89042418,577
33750000,1775012,19850489,11.1833,35800,89145229,568
33800000,1777758,19880057,11.1827,35827,89243759,593
33850000,1780473,19909643,11.1822,35862,89344620,605
33900000,1783220,19938868,11.1814,35878,89446322,598
33950000,1785917,19968352,11.181,35900,89547659,578
34000000,1788662,19998289,11.1806,35932,89653096,623
34050000,1791508,20027788,11.1793,35951,89762090,614
34100000,1794180,20057444,11.1792,35977,89860859,592
34150000,1797011,20086822,11.1779,35994,89963643,629
34200000,1800050,20116890,11.1757,36018,90065500,585
34250000,1802848,20146347,11.1747,36048,90164342,587
34300000,1805719,20176153,11.1735,36086,90262346,622
34350000,1808544,20205778,11.1724,36132,90356145,592
34400000,1811359,20235260,11.1713,36151,90460812,597
34450000,1814141,20265066,11.1706,36177,90554967,602
34500000,1816893,20294514,11.1699,36210,90659256,573
34550000,1819843,20324057,11.168,36251,90768240,629
34600000,1822738,20354012,11.1667,36279,90864778,581
34650000,1825668,20383477,11.1649,36311,90965406,570
34700000,1828660,20412929,11.1628,36338,91063830,597
34750000,1831513,20442545,11.1616,36366,91168750,628
34800000,1834387,20472184,11.1602,36411,91265860,585
34850000,1837429,20501787,11.1579,36467,91366166,623
34900000,1840308,20531109,11.1563,36488,91466484,555
34950000,1843257,20560917,11.1547,36523,91562233,586
35000000,1846236,20590502,11.1527,36553,91661847,578
35050000,1849197,20619767,11.1507,36560,91757218,575
35100000,1852064,20649366,11.1494,36575,91851032,575
35150000,1855011,20678816,11.1475,36626,91940459,590
35200000,1858062,20708286,11.1451,36665,92034808,597
35250000,1861018,20737675,11.1432,36713,92126398,585
35300000,1863766,20767301,11.1427,36735,92222612,598
35350000,1866838,20796626,11.14,36760,92314067,621
35400000,1869856,20826318,11.1379,36786,92406478,566
35450000,1872738,20855856,11.1366,36827,92503744,591
35500000,1875678,20885339,11.1348,36862,92591548,565
35550000,1878862,20914979,11.1317,36881,92683292,601
35600000,1881960,20945037,11.1294,36899,92771131,607
35650000,1885010,20974840,11.1272,36915,92864164,625
35700000,1888255,21004522,11.1238,36961,92952678,587
35750000,1891177,21033947,11.1221,37004,93040423,588
35800000,1894148,21063640,11.1204,37048,93131020,586
35850000,1897175,21093059,11.1181,37091,93221413,573
35900000,1900091,21122671,11.1167,37122,93315283,621
35950000,1903032,21152424,11.1151,37151,93408275,610
36000000,1905993,21182113,11.1134,37167,93495958,584
36050000,1909025,21211566,11.1112,37195,93576483,568
36100000,1911934,21241500,11.11,37226,93670350,600
36150000,1914884,21271107,11.1083,37268,93764460,574
36200000,1917968,21300896,11.106,37309,93855716,609
36250000,1920647,21330755,11.106,37356,93960204,569
36300000,1923357,21360397,11.1058,37399,94059603,576
36350000,1926137,21390154,11.1052,37427,94164595,611
36400000,1928900,21419863,11.1047,37456,94268806,555
36450000,1931745,21449345,11.1036,37499,94366469,578
36500000,1934646,21478450,11.102,37527,94470541,571
36550000,1937409,21507849,11.1013,37560,94571445,515
36600000,1940328,21537055,11.0997,37597,94672905,553
36650000,1943060,21566745,11.0994,37626,94774371,614
36700000,1945851,21596409,11.0987,37651,94870425,609
36750000,1948677,21625573,11.0976,37663,94970501,588
36800000,1951478,21654478,11.0964,37688,95078356,630
36850000,1954227,21684173,11.095999999999998,37730,95176850,593
36900000,1957081,21713529,11.0949,37768,95269563,592
36950000,1960131,21742891,11.0926,37801,95361641,581
37000000,1962990,21772289,11.0914,37845,95461004,590
37050000,1965857,21801701,11.0902,37887,95556910,601
37100000,1968842,21830889,11.0882,37923,95653414,556
37150000,1971745,21860127,11.0867,37960,95757986,583
37200000,1974614,21889573,11.0855,37991,95858288,604
37250000,1977394,21918876,11.0847,38028,95950379,574
37300000,1980460,21948006,11.0823,38049,96046907,593
37350000,1983332,21977560,11.0811,38086,96142580,609
37400000,1986182,22006961,11.08,38128,96242249,602
37450000,1989268,22036634,11.0778,38171,96332716,577
37500000,1992231,22065914,11.075999999999999,38202,96422810,554
37550000,1995146,22095455,11.0746,38227,96513171,596
37600000,1998086,22124673,11.0729,38255,96601581,614
37650000,2001113,22153610,11.0706,38281,96690868,576
37700000,2004041,22182689,11.069,38317,96781392,561
37750000,2006907,22211851,11.0677,38351,96871717,605
37800000,2009929,22241059,11.0656,38366,96959359,573
37850000,2012861,22270134,11.0639,38408,97053134,552
37900000,2015743,22299260,11.0626,38457,97144528,584
37950000,2018782,22328492,11.0604,38501,97230372,571
38000000,2021889,22357206,11.0576,38522,97319583,618
38050000,2024790,22386137,11.056,38565,97411016,589
38100000,2027861,22415655,11.0538,38594,97496127,581
38150000,2030924,22445067,11.0517,38628,97589061,565
38200000,2033964,22474221,11.0495,38663,97675933,574
38250000,2037050,22503603,11.0472,38710,97760803,572
38300000,2040068,22532829,11.0451,38750,97848663,577
38350000,2043305,22561969,11.0419,38792,97930821,548
38400000,2046274,22591147,11.0401,38837,98017233,551
38450000,2049273,22620509,11.0383,38874,98105874,585
38500000,2052380,22650172,11.0361,38945,98189361,578
38550000,2055643,22679495,11.0328,38971,98279188,592
38600000,2058575,22708637,11.0312,39011,98370885,594
38650000,2061670,22738075,11.029000000000002,39070,98457622,559
38700000,2064728,22767495,11.0269,39110,98545469,586
38750000,2067869,22796771,11.0243,39133,98634018,613
38800000,2071014,22826328,11.0218,39164,98718170,543
38850000,2074152,22855983,11.0194,39192,98806381,607
38900000,2077442,22885430,11.0162,39218,98895839,604
38950000,2080579,22915181,11.0138,39260,98978671,582
39000000,2083723,22944997,11.0115,39304,99061919,597
39050000,2086756,22974387,11.0096,39316,99150024,543
39100000,2089794,23003500,11.0075,39337,99238389,600
39150000,2092807,23033429,11.005999999999998,39365,99321433,541
39200000,2095594,23063406,11.0057,39389,99410010,614
39250000,2098450,23093173,11.0049,39406,99490288,559
39300000,2101157,23122402,11.0046,39425,99571108,601
39350000,2103910,23152396,11.0045,39453,99655968,590
39400000,2106637,23182086,11.0043,39496,99733798,561
39450000,2109360,23211557,11.0041,39549,99823704,618
39500000,2112172,23240711,11.0032,39578,99906057,602
39550000,2114840,23270271,11.0033,39610,99990288,579
39600000,2117662,23299813,11.0026,39631,100071961,579
39650000,2120369,23329212,11.0024,39670,100165379,642
39700000,2123282,23358620,11.0012,39688,100248687,609
39750000,2125940,23387998,11.0013,39718,100335529,590
39800000,2128531,23417601,11.0018,39753,100416499,605
39850000,2131272,23447051,11.0014,39785,100504520,590
39900000,2134037,23476510,11.001,39824,100593104,616
39950000,2136717,23506053,11.001,39851,100680379,591
40000000,2139484,23535565,11.0006,39882,100767508,580
40050000,2142349,23565086,10.9996,39927,100854334,573
40100000,2145063,23594552,10.9995,39949,100937972,590
40150000,2147693,23624015,10.9997,39979,101020440,575
40200000,2150503,23653544,10.9991,40006,101109369,616
40250000,2153369,23682881,10.9981,40048,101194725,609
40300000,2156149,23712446,10.9976,40064,101276085,607
40350000,2158926,23741938,10.9971,40075,101369089,603
40400000,2161631,23771518,10.997,40077,101452938,560
40450000,2164508,23800923,10.995999999999999,40100,101537175,579
40500000,2167174,23830397,10.9961,40148,101628971,575
40550000,2169976,23859985,10.9955,40178,101712376,597
40600000,2172733,23889353,10.9951,40216,101799393,603
40650000,2175657,23918997,10.9939,40235,101886646,553
40700000,2178446,23948645,10.9935,40250,101973169,659
40750000,2181150,23977971,10.9933,40285,102055788,585
40800000,2183996,24007407,10.9924,40318,102140431,614
40850000,2186806,24036845,10.9918,40345,102230912,611
40900000,2189631,24066596,10.9912,40375,102314252,572
40950000,2192391,24096059,10.9908,40421,102403286,653
41000000,2195291,24125638,10.9897,40441,102491096,567
41050000,2198041,24155029,10.9893,40469,102577914,584
41100000,2200820,24184327,10.9888,40489,102656945,558
41150000,2203690,24214029,10.9879,40530,102742898,621
41200000,2206632,24243336,10.9866,40559,102830219,638
41250000,2209382,24272825,10.9863,40592,102915731,589
41300000,2212182,24302309,10.9857,40631,103000966,592
41350000,2214974,24331712,10.9851,40662,103082112,621
41400000,2217734,24360671,10.9845,40699,103165607,577
41450000,2220520,24390473,10.9841,40720,103250560,589
41500000,2223299,24419977,10.9837,40741,103328729,586
41550000,2226200,24449611,10.9827,40764,103410951,616
41600000,2229067,24479060,10.9818,40779,103498550,636
41650000,2231814,24508556,10.9815,40805,103585031,573
41700000,2234531,24537912,10.9812,40831,103675820,626
41750000,2237334,24567563,10.9807,40872,103763913,585
41800000,2240045,24596795,10.9805,40897,103853410,566
41850000,2242858,24626204,10.9798,40932,103935192,566
41900000,2245698,24655682,10.9791,40971,104017663,589
41950000,2248644,24684999,10.9777,41023,104104700,609
42000000,2251425,24714537,10.9773,41061,104184539,579
42050000,2254252,24744283,10.9767,41092,104262212,611
42100000,2257002,24773684,10.9764,41132,104346209,581
42150000,2259894,24802937,10.9753,41148,104433021,580
42200000,2262654,24832361,10.9749,41181,104514486,600
42250000,2265416,24861706,10.9745,41222,104591702,576
42300000,2268235,24891198,10.9738,41251,104676187,561
42350000,2270971,24920545,10.9735,41275,104760062,593
42400000,2273691,24950049,10.9734,41313,104839319,591
42450000,2276401,24979305,10.9732,41353,104923742,598
42500000,2279243,25008325,10.9722,41389,105009157,612
42550000,2281952,25037600,10.972000000000001,41393,105090001,611
42600000,2284670,25066769,10.9717,41404,105182365,549
42650000,2287421,25096113,10.9714,41407,105264093,609
42700000,2290209,25125230,10.9707,41418,105351836,575
42750000,2292754,25154365,10.9712,41436,105443189,603
42800000,2295437,25183548,10.9711,41475,105525113,601
42850000,2298139,25212720,10.9709,41522,105611476,554
42900000,2300855,25241794,10.9706,41542,105697554,613
42950000,2303518,25271153,10.9707,41587,105780616,566
43000000,2306171,25300609,10.9708,41624,105871699,562
43050000,2309030,25330004,10.97,41667,105956216,586
43100000,2311770,25359655,10.9698,41703,106040058,596
43150000,2314527,25389265,10.9695,41735,106125356,581
43200000,2317366,25418801,10.9688,41766,106215111,583
43250000,2320105,25447810,10.9684,41783,106300573,591
43300000,2322869,25477613,10.9682,41822,106389253,596
43350000,2325521,25507125,10.9683,41867,106487803,632
43400000,2328312,25536599,10.9679,41895,106578805,565
43450000,2330946,25566204,10.9682,41920,106666663,593
43500000,2333621,25595629,10.9682,41967,106751792,606
43550000,2336386,25624849,10.9677,42020,106834063,563
43600000,2339220,25653963,10.9669,42044,106920406,556
43650000,2341903,25683438,10.9669,42082,107004381,600
43700000,2344743,25713178,10.9663,42112,107091106,576
43750000,2347552,25742694,10.9658,42154,107178451,601
43800000,2350392,25772068,10.965,42187,107266991,614
43850000,2353106,25801367,10.9648,42234,107354637,598
43900000,2355971,25830877,10.964,42249,107442588,596
43950000,2358913,25860223,10.9628,42279,107525127,577
44000000,2361686,25889585,10.9623,42298,107612237,560
44050000,2364530,25919413,10.9618,42316,107704337,640
44100000,2367331,25948777,10.9612,42339,107789345,610
44150000,2370305,25978152,10.9598,42357,107872054,589
44200000,2373082,26007332,10.9593,42372,107956159,603
44250000,2375925,26036485,10.9585,42391,108044175,590
44300000,2378710,26065814,10.958,42401,108133548,584
44350000,2381616,26094953,10.9568,42408,108219543,590
44400000,2384513,26124523,10.9559,42417,108305174,624
44450000,2387245,26153948,10.9557,42431,108390324,576
44500000,2390110,26183407,10.9549,42459,108474303,589
44550000,2393059,26212537,10.9536,42492,108554720,612
44600000,2395811,26241746,10.9532,42521,108641613,574
44650000,2398626,26271237,10.9526,42561,108725897,557
44700000,2401672,26300571,10.9509,42575,108810504,580
44750000,2404440,26329964,10.9506,42598,108899538,595
44800000,2407172,26359402,10.9504,42636,108986696,587
44850000,2409854,26388828,10.9504,42670,109076049,621
44900000,2412741,26417989,10.9494,42692,109157692,608
44950000,2415502,26447558,10.9491,42721,109239076,578
45000000,2418244,26476727,10.9487,42758,109320737,558
45050000,2421092,26505978,10.9479,42770,109404074,569
45100000,2423918,26535145,10.9472,42785,109487232,587
45150000,2426689,26564582,10.9468,42801,109568249,563
45200000,2429571,26594059,10.946,42821,109650052,575
45250000,2432612,26623325,10.9443,42850,109728619,575
45300000,2435416,26652809,10.9438,42877,109813953,555
45350000,2438258,26682425,10.9432,42892,109900692,594
45400000,2440947,26711786,10.9432,42921,109985522,597
45450000,2444030,26741073,10.9414,42935,110066345,623
45500000,2446831,26770207,10.9408,42958,110151979,587
45550000,2449636,26799804,10.9403,42981,110237669,625
45600000,2452523,26829213,10.9394,43036,110324676,635
45650000,2455437,26858302,10.9383,43074,110408621,575
45700000,2458126,26887642,10.9383,43104,110500059,595
45750000,2460829,26916919,10.9382,43139,110581139,597
45800000,2463489,26946067,10.9382,43150,110674732,573
45850000,2466209,26975255,10.9379,43152,110761779,593
45900000,2468799,27004616,10.9384,43170,110852873,600
45950000,2471562,27033732,10.9379,43183,110937618,579
46000000,2474311,27063086,10.9376,43195,111023347,570
46050000,2476938,27092303,10.9378,43201,111108441,573
46100000,2479762,27121246,10.937000000000001,43222,111203809,596
46150000,2482322,27150764,10.9376,43246,111297743,592
46200000,2485184,27180229,10.9369,43276,111382342,593
46250000,2487895,27209624,10.9368,43295,111472519,571
46300000,2490851,27238963,10.9356,43316,111553760,602
46350000,2493554,27268293,10.9355,43333,111635792,609
46400000,2496395,27297820,10.9349,43351,111716300,589
46450000,2499207,27327289,10.9344,43359,111803494,613
46500000,2502124,27356526,10.9333,43382,111889042,592
46550000,2505027,27386460,10.9326,43402,111967512,630
46600000,2507777,27415741,10.9323,43429,112051022,591
46650000,2510609,27445114,10.9317,43442,112137779,615
46700000,2513463,27474414,10.9309,43462,112223724,582
46750000,2516221,27504035,10.9307,43485,112305412,627
46800000,2519057,27533529,10.9301,43517,112391196,575
46850000,2521973,27563048,10.9292,43538,112476077,562
46900000,2524804,27591910,10.9283,43557,112562997,595
46950000,2527662,27621361,10.9276,43586,112647458,555
47000000,2530486,27650672,10.927,43610,112731929,567
47050000,2533529,27680307,10.9256,43638,112817707,597
47100000,2536477,27709512,10.9244,43659,112900138,594
47150000,2539415,27739151,10.9234,43689,112986495,580
47200000,2542239,27768595,10.9229,43716,113071283,588
47250000,2545184,27798259,10.9219,43743,113159381,602
47300000,2548154,27827489,10.9206,43761,113241088,558
47350000,2551189,27857235,10.9193,43780,113320157,603
47400000,2554236,27886862,10.9179,43808,113401528,561
47450000,2557244,27916564,10.9167,43824,113482590,625
47500000,2560246,27945866,10.9153,43851,113565435,582
47550000,2563034,27975362,10.9149,43878,113650691,596
47600000,2565957,28004668,10.9139,43907,113728243,574
47650000,2568850,28034109,10.9131,43921,113809980,623
47700000,2572037,28063692,10.9111,43956,113891738,597
47750000,2574969,28093358,10.9102,43983,113966304,570
47800000,2577901,28122706,10.9091,44008,114042474,572
47850000,2580980,28152379,10.9076,44036,114123570,580
47900000,2584030,28182187,10.9063,44063,114203405,596
