timestep,num_nodes,num_edges,average_degree,max_degree,num_triangles,new_edges
0,1953,1000,0.512033,1,0,1000
50000,79716,51000,0.639771,8,0,1000
100000,146277,101000,0.6904710000000001,9,0,1000
150000,207894,151000,0.726332,10,0,1000
200000,266515,201000,0.754179,12,0,1000
250000,322803,251000,0.777564,18,0,1000
300000,377431,301000,0.797497,24,0,1000
350000,430392,351000,0.8155359999999999,28,0,1000
400000,481692,401000,0.8324819999999999,32,0,1000
450000,531882,451000,0.847932,35,0,1000
500000,580870,501000,0.862499,38,0,1000
550000,628922,551000,0.876102,41,0,1000
600000,675803,601000,0.8893120000000001,44,0,1000
650000,721933,651000,0.9017459999999999,46,0,1000
700000,767429,701000,0.9134399999999999,48,0,1000
750000,811957,751000,0.924926,51,0,1000
800000,856101,801000,0.935637,55,0,1000
850000,899474,851000,0.946109,60,0,1000
900000,942139,901000,0.956334,64,0,1000
950000,984160,951000,0.966306,67,0,1000
1000000,1025602,1001000,0.9760120000000001,70,0,1000
1050000,1066862,1051000,0.985132,73,0,1000
1100000,1107643,1101000,0.9940030000000001,76,0,1000
1150000,1147826,1151000,1.0027700000000002,81,0,1000
1200000,1187552,1201000,1.01132,83,0,1000
1250000,1226792,1251000,1.01973,86,0,1000
1300000,1265470,1301000,1.0280799999999999,89,0,1000
1350000,1303864,1351000,1.03615,94,0,1000
1400000,1341886,1401000,1.04405,96,0,1000
1450000,1379529,1451000,1.0518100000000001,97,0,1000
1500000,1416596,1501000,1.05958,102,0,1000
1550000,1453421,1551000,1.06714,102,0,1000
1600000,1489710,1601000,1.07471,108,0,1000
1650000,1525901,1651000,1.08198,109,0,1000
1700000,1561582,1701000,1.08928,113,0,1000
1750000,1597138,1751000,1.0963399999999999,114,0,1000
1800000,1632299,1801000,1.10335,120,0,1000
1850000,1667215,1851000,1.1102299999999998,122,0,1000
1900000,1701764,1901000,1.1170799999999999,129,0,1000
1950000,1736161,1951000,1.12374,131,0,1000
2000000,1770077,2001000,1.13046,137,0,1000
2050000,1803936,2051000,1.13696,139,0,1000
2100000,1837456,2101000,1.14343,143,0,1000
2150000,1870577,2151000,1.14991,145,0,1000
2200000,1903415,2201000,1.15634,147,0,1000
2250000,1935898,2251000,1.16277,151,0,1000
2300000,1968276,2301000,1.1690399999999999,156,0,1000
2350000,2000544,2351000,1.17518,159,0,1000
2400000,2032515,2401000,1.1813,162,0,1000
2450000,2064355,2451000,1.1873,168,0,1000
2500000,2095977,2501000,1.1932399999999999,171,0,1000
2550000,2127256,2551000,1.1992,176,0,1000
2600000,2158406,2601000,1.20506,180,0,1000
2650000,2189365,2651000,1.21085,185,0,1000
2700000,2220080,2701000,1.21662,186,0,1000
2750000,2250601,2751000,1.22234,190,0,1000
2800000,2280602,2801000,1.2281799999999998,191,0,1000
2850000,2310878,2851000,1.23373,195,0,1000
2900000,2340736,2901000,1.23935,198,0,1000
2950000,2370467,2951000,1.2449,202,0,1000
3000000,2400135,3001000,1.25035,207,0,1000
3050000,2429366,3051000,1.2558799999999999,210,0,1000
3100000,2458761,3101000,1.2612,210,0,1000
3150000,2487711,3151000,1.26663,211,0,1000
3200000,2516475,3201000,1.2720200000000002,216,0,1000
3250000,2545051,3251000,1.27738,217,0,1000
3300000,2573457,3301000,1.28271,219,0,1000
3350000,2601670,3351000,1.2880200000000002,223,0,1000
3400000,2629940,3401000,1.29319,230,0,1000
3450000,2657781,3451000,1.29845,231,0,1000
3500000,2685508,3501000,1.30366,235,0,1000
3550000,2712968,3551000,1.3089,236,0,1000
3600000,2740432,3601000,1.31403,237,0,1000
3650000,2767639,3651000,1.3191700000000002,239,0,1000
3700000,2794981,3701000,1.32416,244,0,1000
3750000,2821977,3751000,1.32921,246,0,1000
3800000,2848911,3801000,1.33419,251,0,1000
3850000,2875773,3851000,1.33912,257,0,1000
3900000,2902692,3901000,1.34392,262,0,1000
3950000,2929038,3951000,1.34891,263,0,1000
4000000,2955480,4001000,1.35376,268,0,1000
4050000,2981627,4051000,1.35865,275,0,1000
4100000,3007772,4101000,1.3634700000000002,278,0,1000
4150000,3033873,4151000,1.36822,282,0,1000
4200000,3059754,4201000,1.37299,287,0,1000
4250000,3085640,4251000,1.3776700000000002,288,0,1000
4300000,3111380,4301000,1.38234,289,0,1000
4350000,3136911,4351000,1.38703,290,0,1000
4400000,3162519,4401000,1.39161,292,0,1000
4450000,3187693,4451000,1.39631,298,0,1000
4500000,3212792,4501000,1.40096,298,0,1000
4550000,3237788,4551000,1.40559,303,0,1000
4600000,3262559,4601000,1.41024,310,0,1000
4650000,3287538,4651000,1.4147399999999999,311,0,1000
4700000,3312449,4701000,1.41919,315,0,1000
4750000,3337312,4751000,1.4236,320,0,1000
4800000,3361637,4801000,1.4281700000000002,323,0,1000
4850000,3386088,4851000,1.4326299999999998,323,0,1000
4900000,3410262,4901000,1.43713,327,0,1000
4950000,3434373,4951000,1.4416,330,0,1000
5000000,3458322,5001000,1.44608,332,0,1000
5050000,3482325,5051000,1.4504700000000001,337,0,1000
5100000,3506130,5101000,1.45488,339,0,1000
5150000,3529886,5151000,1.45925,343,0,1000
5200000,3553547,5201000,1.46361,347,0,1000
5250000,3577179,5251000,1.4679200000000001,348,0,1000
5300000,3600694,5301000,1.47222,349,0,1000
5350000,3624016,5351000,1.47654,351,0,1000
5400000,3647187,5401000,1.4808700000000001,352,0,1000
5450000,3670065,5451000,1.48526,355,0,1000
5500000,3693296,5501000,1.48946,358,0,1000
5550000,3716343,5551000,1.49367,362,0,1000
5600000,3739091,5601000,1.49796,366,0,1000
5650000,3761988,5651000,1.50213,370,0,1000
5700000,3784600,5701000,1.50637,374,0,1000
5750000,3807396,5751000,1.5104799999999998,378,0,1000
5800000,3829925,5801000,1.51465,380,0,1000
5850000,3852464,5851000,1.5187700000000002,383,0,1000
5900000,3874812,5901000,1.52291,384,0,1000
5950000,3897094,5951000,1.52704,388,0,1000
6000000,3919452,6001000,1.53108,391,0,1000
6050000,3941487,6051000,1.53521,395,0,1000
6100000,3963486,6101000,1.5393,400,0,1000
6150000,3985463,6151000,1.54336,404,0,1000
6200000,4007351,6201000,1.54741,406,0,1000
6250000,4029224,6251000,1.55142,409,0,1000
6300000,4050807,6301000,1.55549,413,0,1000
6350000,4072542,6351000,1.5594700000000001,417,0,1000
6400000,4093953,6401000,1.5635299999999999,421,0,1000
6450000,4115586,6451000,1.56746,423,0,1000
6500000,4137126,6501000,1.57138,425,0,1000
6550000,4158374,6551000,1.57538,428,0,1000
6600000,4179562,6601000,1.57935,429,0,1000
6650000,4200708,6651000,1.5833,432,0,1000
6700000,4221869,6701000,1.58721,439,0,1000
6750000,4242799,6751000,1.59117,442,0,1000
6800000,4263782,6801000,1.5950600000000001,447,0,1000
6850000,4284644,6851000,1.59897,450,0,1000
6900000,4305599,6901000,1.6028,452,0,1000
6950000,4326398,6951000,1.60665,455,0,1000
7000000,4347084,7001000,1.6105,458,0,1000
7050000,4367877,7051000,1.61429,463,0,1000
7100000,4388475,7101000,1.6181,464,0,1000
7150000,4408917,7151000,1.62194,474,0,1000
7200000,4429367,7201000,1.62574,476,0,1000
7250000,4449676,7251000,1.6295600000000001,481,0,1000
7300000,4469700,7301000,1.63344,488,0,1000
7350000,4489873,7351000,1.63724,493,0,1000
7400000,4509798,7401000,1.6410900000000002,496,0,1000
7450000,4529757,7451000,1.6449,501,0,1000
7500000,4549789,7501000,1.64865,506,0,1000
7550000,4569818,7551000,1.6523599999999998,509,0,1000
7600000,4589556,7601000,1.65615,510,0,1000
7650000,4609464,7651000,1.65985,514,0,1000
7700000,4629278,7701000,1.6635400000000002,515,0,1000
7750000,4648913,7751000,1.66727,516,0,1000
7800000,4668395,7801000,1.6710200000000002,518,0,1000
