timestep,num_nodes,num_edges,average_degree,max_degree,num_triangles,new_edges
0,1962,1000,0.509684,1,0,1000
50000,79573,51000,0.640921,7,0,1000
100000,146121,101000,0.691208,13,0,1000
150000,207748,151000,0.726842,16,0,1000
200000,266296,201000,0.754799,23,0,1000
250000,322480,251000,0.778343,30,0,1000
300000,376757,301000,0.7989229999999999,30,0,1000
350000,429454,351000,0.817317,31,0,1000
400000,480887,401000,0.8338760000000001,38,0,1000
450000,530864,451000,0.849558,40,0,1000
500000,579944,501000,0.863877,43,0,1000
550000,627974,551000,0.877425,46,0,1000
600000,675170,601000,0.8901459999999999,50,0,1000
650000,721339,651000,0.902488,55,0,1000
700000,766922,701000,0.914043,60,0,1000
750000,811607,751000,0.925325,66,0,1000
800000,855641,801000,0.93614,67,0,1000
850000,898948,851000,0.9466620000000001,69,0,1000
900000,941844,901000,0.956634,72,0,1000
950000,984039,951000,0.966425,75,0,1000
1000000,1025831,1001000,0.975794,77,0,1000
1050000,1066896,1051000,0.985101,79,0,1000
1100000,1107682,1101000,0.9939680000000001,82,0,1000
1150000,1147877,1151000,1.00272,84,0,1000
1200000,1187405,1201000,1.01145,85,0,1000
1250000,1226627,1251000,1.01987,87,0,1000
1300000,1265377,1301000,1.02815,92,0,1000
1350000,1303937,1351000,1.03609,97,0,1000
1400000,1341815,1401000,1.04411,99,0,1000
1450000,1379281,1451000,1.052,102,0,1000
1500000,1416734,1501000,1.05948,106,0,1000
1550000,1453570,1551000,1.06703,111,0,1000
1600000,1490105,1601000,1.0744200000000002,111,0,1000
1650000,1526260,1651000,1.0817299999999999,115,0,1000
1700000,1561988,1701000,1.089,116,0,1000
1750000,1597480,1751000,1.0961,118,0,1000
1800000,1632716,1801000,1.10307,119,0,1000
1850000,1667577,1851000,1.10999,124,0,1000
1900000,1702085,1901000,1.11687,127,0,1000
1950000,1736329,1951000,1.12363,131,0,1000
2000000,1770332,2001000,1.1303,135,0,1000
2050000,1804041,2051000,1.13689,137,0,1000
2100000,1837714,2101000,1.14327,138,0,1000
2150000,1871136,2151000,1.14957,139,0,1000
2200000,1903835,2201000,1.15609,145,0,1000
2250000,1936542,2251000,1.16238,149,0,1000
2300000,1969166,2301000,1.16851,151,0,1000
2350000,2001429,2351000,1.17466,153,0,1000
2400000,2033519,2401000,1.18071,155,0,1000
2450000,2065212,2451000,1.1868,158,0,1000
2500000,2096588,2501000,1.19289,163,0,1000
2550000,2127766,2551000,1.1989100000000001,163,0,1000
2600000,2158769,2601000,1.20485,170,0,1000
2650000,2189610,2651000,1.21072,176,0,1000
2700000,2220324,2701000,1.21649,180,0,1000
2750000,2250805,2751000,1.22223,183,0,1000
2800000,2280860,2801000,1.22805,189,0,1000
2850000,2310608,2851000,1.23387,193,0,1000
2900000,2340483,2901000,1.23949,194,0,1000
2950000,2370314,2951000,1.24498,199,0,1000
3000000,2399917,3001000,1.2504600000000001,202,0,1000
3050000,2429115,3051000,1.25601,206,0,1000
3100000,2458247,3101000,1.26147,208,0,1000
3150000,2487206,3151000,1.26688,211,0,1000
3200000,2515807,3201000,1.27236,215,0,1000
3250000,2544578,3251000,1.27762,218,0,1000
3300000,2573016,3301000,1.28293,222,0,1000
3350000,2601250,3351000,1.28823,223,0,1000
3400000,2629462,3401000,1.29342,225,0,1000
3450000,2657313,3451000,1.2986799999999998,230,0,1000
3500000,2685111,3501000,1.30386,234,0,1000
3550000,2712733,3551000,1.30901,238,0,1000
3600000,2740135,3601000,1.31417,242,0,1000
3650000,2767590,3651000,1.3192,244,0,1000
3700000,2794902,3701000,1.3242,247,0,1000
3750000,2822165,3751000,1.32912,251,0,1000
3800000,2849178,3801000,1.33407,254,0,1000
3850000,2876135,3851000,1.33895,256,0,1000
3900000,2902959,3901000,1.3438,258,0,1000
3950000,2929685,3951000,1.34861,260,0,1000
4000000,2956068,4001000,1.3534899999999999,263,0,1000
4050000,2982320,4051000,1.3583399999999999,268,0,1000
4100000,3008497,4101000,1.36314,270,0,1000
4150000,3034498,4151000,1.36794,275,0,1000
4200000,3060377,4201000,1.37271,278,0,1000
4250000,3086304,4251000,1.3773799999999998,281,0,1000
4300000,3111908,4301000,1.38211,282,0,1000
4350000,3137447,4351000,1.3868,284,0,1000
4400000,3162874,4401000,1.3914600000000001,289,0,1000
4450000,3187894,4451000,1.39622,292,0,1000
4500000,3212977,4501000,1.40088,294,0,1000
4550000,3237987,4551000,1.4055,300,0,1000
4600000,3262910,4601000,1.41009,301,0,1000
4650000,3287814,4651000,1.41462,303,0,1000
4700000,3312665,4701000,1.4191,306,0,1000
4750000,3337373,4751000,1.42357,310,0,1000
4800000,3361902,4801000,1.42806,315,0,1000
4850000,3386187,4851000,1.43258,318,0,1000
4900000,3410350,4901000,1.4371,323,0,1000
4950000,3434604,4951000,1.44151,329,0,1000
5000000,3458456,5001000,1.44602,332,0,1000
5050000,3482373,5051000,1.45045,334,0,1000
5100000,3506296,5101000,1.45481,337,0,1000
5150000,3530046,5151000,1.45919,340,0,1000
5200000,3553588,5201000,1.46359,342,0,1000
5250000,3577108,5251000,1.46795,345,0,1000
5300000,3600532,5301000,1.47228,350,0,1000
5350000,3623798,5351000,1.4766299999999999,352,0,1000
5400000,3647015,5401000,1.48094,356,0,1000
5450000,3670014,5451000,1.48528,360,0,1000
5500000,3693011,5501000,1.48957,366,0,1000
5550000,3715880,5551000,1.49386,370,0,1000
5600000,3738764,5601000,1.49809,371,0,1000
5650000,3761465,5651000,1.50234,374,0,1000
5700000,3784130,5701000,1.5065600000000001,378,0,1000
5750000,3806871,5751000,1.5106899999999999,380,0,1000
5800000,3829502,5801000,1.51482,384,0,1000
5850000,3852010,5851000,1.51895,389,0,1000
5900000,3874400,5901000,1.5230700000000001,391,0,1000
5950000,3896659,5951000,1.52721,393,0,1000
6000000,3918867,6001000,1.53131,397,0,1000
6050000,3941062,6051000,1.5353700000000001,403,0,1000
6100000,3962982,6101000,1.5395,407,0,1000
6150000,3984936,6151000,1.54356,412,0,1000
6200000,4006707,6201000,1.54765,414,0,1000
6250000,4028640,6251000,1.55164,416,0,1000
6300000,4050584,6301000,1.55558,419,0,1000
6350000,4072254,6351000,1.55958,421,0,1000
6400000,4093745,6401000,1.5636,424,0,1000
6450000,4115178,6451000,1.56761,426,0,1000
6500000,4136701,6501000,1.57154,429,0,1000
6550000,4158053,6551000,1.5755,432,0,1000
6600000,4179380,6601000,1.57942,434,0,1000
6650000,4200299,6651000,1.58346,437,0,1000
6700000,4221438,6701000,1.5873700000000002,443,0,1000
6750000,4242416,6751000,1.59131,447,0,1000
6800000,4263202,6801000,1.59528,450,0,1000
6850000,4284067,6851000,1.5991799999999998,453,0,1000
6900000,4304755,6901000,1.60311,459,0,1000
6950000,4325448,6951000,1.607,462,0,1000
7000000,4345910,7001000,1.61094,467,0,1000
7050000,4366505,7051000,1.61479,471,0,1000
7100000,4387188,7101000,1.61858,474,0,1000
7150000,4407657,7151000,1.6224,476,0,1000
7200000,4428135,7201000,1.62619,478,0,1000
7250000,4448465,7251000,1.63,483,0,1000
7300000,4468781,7301000,1.63378,485,0,1000
7350000,4489181,7351000,1.63749,485,0,1000
7400000,4509285,7401000,1.6412799999999999,490,0,1000
7450000,4529456,7451000,1.6450099999999999,495,0,1000
7500000,4549506,7501000,1.64875,499,0,1000
7550000,4569307,7551000,1.65255,501,0,1000
7600000,4589362,7601000,1.65622,505,0,1000
7650000,4609258,7651000,1.65992,509,0,1000
7700000,4628988,7701000,1.66365,513,0,1000
7750000,4648805,7751000,1.6673099999999998,517,0,1000
7800000,4668360,7801000,1.67104,520,0,1000
