timestep,num_nodes,num_edges,average_degree,max_degree,num_triangles,new_edges
0,1959,1000,0.510465,1,0,1000
50000,79624,51000,0.64051,7,0,1000
100000,145986,101000,0.691847,9,0,1000
150000,207762,151000,0.726793,12,0,1000
200000,266284,201000,0.754833,15,0,1000
250000,322474,251000,0.778357,19,0,1000
300000,376890,301000,0.798642,22,0,1000
350000,429610,351000,0.81702,23,0,1000
400000,481053,401000,0.8335879999999999,29,0,1000
450000,531208,451000,0.849008,32,0,1000
500000,580136,501000,0.863591,33,0,1000
550000,628012,551000,0.8773719999999999,39,0,1000
600000,675093,601000,0.8902479999999999,39,0,1000
650000,721280,651000,0.9025620000000001,42,0,1000
700000,766724,701000,0.9142790000000001,47,0,1000
750000,811354,751000,0.9256129999999999,51,0,1000
800000,855111,801000,0.9367200000000001,53,0,1000
850000,898549,851000,0.947082,59,0,1000
900000,941209,901000,0.9572790000000001,63,0,1000
950000,983701,951000,0.966757,66,0,1000
1000000,1025378,1001000,0.976225,71,0,1000
1050000,1066364,1051000,0.985592,73,0,1000
1100000,1106992,1101000,0.9945870000000001,76,0,1000
1150000,1147123,1151000,1.00338,80,0,1000
1200000,1186948,1201000,1.01184,83,0,1000
1250000,1225993,1251000,1.0204,86,0,1000
1300000,1264901,1301000,1.02854,89,0,1000
1350000,1303178,1351000,1.0367,91,0,1000
1400000,1341149,1401000,1.04463,97,0,1000
1450000,1378723,1451000,1.0524200000000001,98,0,1000
1500000,1415973,1501000,1.06005,99,0,1000
1550000,1452565,1551000,1.06777,105,0,1000
1600000,1488948,1601000,1.07526,108,0,1000
1650000,1525144,1651000,1.0825200000000001,110,0,1000
1700000,1560993,1701000,1.08969,115,0,1000
1750000,1596438,1751000,1.0968200000000001,119,0,1000
1800000,1631774,1801000,1.10371,128,0,1000
1850000,1666808,1851000,1.11051,132,0,1000
1900000,1701519,1901000,1.11724,134,0,1000
1950000,1735884,1951000,1.12392,142,0,1000
2000000,1769768,2001000,1.13066,145,0,1000
2050000,1803461,2051000,1.13726,147,0,1000
2100000,1836656,2101000,1.14393,150,0,1000
2150000,1869840,2151000,1.1503700000000001,154,0,1000
2200000,1902738,2201000,1.15675,155,0,1000
2250000,1935442,2251000,1.16304,158,0,1000
2300000,1967914,2301000,1.16926,164,0,1000
2350000,2000291,2351000,1.17533,164,0,1000
2400000,2032313,2401000,1.18141,168,0,1000
2450000,2064174,2451000,1.1874,173,0,1000
2500000,2095625,2501000,1.19344,177,0,1000
2550000,2127006,2551000,1.19934,183,0,1000
2600000,2158056,2601000,1.20525,188,0,1000
2650000,2188928,2651000,1.2111,192,0,1000
2700000,2219620,2701000,1.2168700000000001,195,0,1000
2750000,2249923,2751000,1.22271,200,0,1000
2800000,2280118,2801000,1.22845,200,0,1000
2850000,2310186,2851000,1.2341,203,0,1000
2900000,2340155,2901000,1.23966,205,0,1000
2950000,2369642,2951000,1.24534,210,0,1000
3000000,2399025,3001000,1.25092,213,0,1000
3050000,2428512,3051000,1.25632,217,0,1000
3100000,2457522,3101000,1.26184,220,0,1000
3150000,2486745,3151000,1.26712,225,0,1000
3200000,2515657,3201000,1.27243,228,0,1000
3250000,2544295,3251000,1.27776,231,0,1000
3300000,2572730,3301000,1.2830700000000002,233,0,1000
3350000,2600919,3351000,1.28839,237,0,1000
3400000,2628870,3401000,1.2937100000000001,243,0,1000
3450000,2656946,3451000,1.2988600000000001,244,0,1000
3500000,2685054,3501000,1.30388,249,0,1000
3550000,2712801,3551000,1.30898,249,0,1000
3600000,2740355,3601000,1.31406,252,0,1000
3650000,2767688,3651000,1.31915,254,0,1000
3700000,2795077,3701000,1.3241100000000001,258,0,1000
3750000,2821961,3751000,1.32922,264,0,1000
3800000,2849165,3801000,1.33408,267,0,1000
3850000,2875963,3851000,1.33903,269,0,1000
3900000,2902676,3901000,1.3439299999999998,273,0,1000
3950000,2929356,3951000,1.34876,275,0,1000
4000000,2955903,4001000,1.35356,277,0,1000
4050000,2982008,4051000,1.35848,279,0,1000
4100000,3008131,4101000,1.3633,279,0,1000
4150000,3034245,4151000,1.36805,283,0,1000
4200000,3059966,4201000,1.37289,286,0,1000
4250000,3085519,4251000,1.37773,289,0,1000
4300000,3111127,4301000,1.38246,290,0,1000
4350000,3136594,4351000,1.38717,292,0,1000
4400000,3162117,4401000,1.3917899999999999,294,0,1000
4450000,3187505,4451000,1.39639,299,0,1000
4500000,3212603,4501000,1.40104,305,0,1000
4550000,3237888,4551000,1.40555,310,0,1000
4600000,3262747,4601000,1.41016,313,0,1000
4650000,3287591,4651000,1.4147100000000001,316,0,1000
4700000,3312403,4701000,1.41921,318,0,1000
4750000,3337043,4751000,1.42372,321,0,1000
4800000,3361622,4801000,1.42818,322,0,1000
4850000,3385930,4851000,1.43269,325,0,1000
4900000,3410190,4901000,1.43716,332,0,1000
4950000,3434425,4951000,1.4415799999999999,334,0,1000
5000000,3458251,5001000,1.44611,338,0,1000
5050000,3482223,5051000,1.45051,340,0,1000
5100000,3506097,5101000,1.45489,341,0,1000
5150000,3529821,5151000,1.45928,345,0,1000
5200000,3553619,5201000,1.4635799999999999,349,0,1000
5250000,3577310,5251000,1.46786,354,0,1000
5300000,3600963,5301000,1.47211,355,0,1000
5350000,3624477,5351000,1.47635,358,0,1000
5400000,3647861,5401000,1.48059,359,0,1000
5450000,3670934,5451000,1.48491,363,0,1000
5500000,3693943,5501000,1.48919,368,0,1000
5550000,3717208,5551000,1.4933299999999998,371,0,1000
5600000,3740059,5601000,1.49757,375,0,1000
5650000,3762884,5651000,1.50177,381,0,1000
5700000,3785741,5701000,1.50591,382,0,1000
5750000,3808344,5751000,1.51011,391,0,1000
5800000,3830790,5801000,1.51431,394,0,1000
5850000,3853329,5851000,1.51843,400,0,1000
5900000,3875746,5901000,1.52255,402,0,1000
5950000,3898173,5951000,1.52661,405,0,1000
6000000,3920353,6001000,1.53073,409,0,1000
6050000,3942455,6051000,1.53483,413,0,1000
6100000,3964399,6101000,1.53895,417,0,1000
6150000,3986183,6151000,1.54308,421,0,1000
6200000,4007915,6201000,1.54719,424,0,1000
6250000,4029577,6251000,1.55128,427,0,1000
6300000,4051391,6301000,1.5552700000000002,430,0,1000
6350000,4072995,6351000,1.55929,432,0,1000
6400000,4094489,6401000,1.56332,434,0,1000
6450000,4115913,6451000,1.56733,434,0,1000
6500000,4137075,6501000,1.5714,437,0,1000
6550000,4158331,6551000,1.57539,439,0,1000
6600000,4179570,6601000,1.57935,441,0,1000
6650000,4200695,6651000,1.58331,442,0,1000
6700000,4221829,6701000,1.58723,444,0,1000
6750000,4242868,6751000,1.59114,449,0,1000
6800000,4263853,6801000,1.59504,451,0,1000
6850000,4284774,6851000,1.5989200000000001,455,0,1000
6900000,4305660,6901000,1.60277,459,0,1000
6950000,4326259,6951000,1.6067,462,0,1000
7000000,4347112,7001000,1.61049,465,0,1000
7050000,4367632,7051000,1.61438,470,0,1000
7100000,4388158,7101000,1.61822,473,0,1000
7150000,4408417,7151000,1.62212,475,0,1000
7200000,4428833,7201000,1.62594,477,0,1000
7250000,4449078,7251000,1.62978,479,0,1000
7300000,4469222,7301000,1.63362,482,0,1000
7350000,4489608,7351000,1.63734,484,0,1000
7400000,4509625,7401000,1.64116,487,0,1000
7450000,4529542,7451000,1.6449799999999999,492,0,1000
7500000,4549460,7501000,1.64877,497,0,1000
7550000,4569524,7551000,1.65247,502,0,1000
7600000,4589295,7601000,1.65625,506,0,1000
7650000,4609205,7651000,1.6599400000000002,512,0,1000
7700000,4628956,7701000,1.66366,513,0,1000
7750000,4648869,7751000,1.6672900000000002,518,0,1000
7800000,4668503,7801000,1.6709900000000002,519,0,1000
