timestep,num_nodes,num_edges,average_degree,max_degree,num_triangles,new_edges
0,1968,1000,0.50813,1,0,1000
50000,79753,51000,0.639474,5,0,1000
100000,146386,101000,0.6899569999999999,9,0,1000
150000,208192,151000,0.725292,11,0,1000
200000,266781,201000,0.7534270000000001,16,0,1000
250000,322890,251000,0.777355,18,0,1000
300000,377221,301000,0.797941,21,0,1000
350000,429986,351000,0.8163060000000001,25,0,1000
400000,481235,401000,0.8332729999999999,32,0,1000
450000,531411,451000,0.848684,34,0,1000
500000,580403,501000,0.863193,39,0,1000
550000,628491,551000,0.876703,43,0,1000
600000,675471,601000,0.88975,49,0,1000
650000,721722,651000,0.9020090000000001,56,0,1000
700000,766868,701000,0.914108,61,0,1000
750000,811732,751000,0.925182,64,0,1000
800000,855685,801000,0.936092,68,0,1000
850000,899075,851000,0.946528,72,0,1000
900000,941756,901000,0.956723,76,0,1000
950000,984035,951000,0.9664290000000001,81,0,1000
1000000,1025637,1001000,0.975979,87,0,1000
1050000,1066947,1051000,0.9850540000000001,90,0,1000
1100000,1107664,1101000,0.993984,90,0,1000
1150000,1147840,1151000,1.00275,91,0,1000
1200000,1187485,1201000,1.01138,93,0,1000
1250000,1226611,1251000,1.01988,98,0,1000
1300000,1265494,1301000,1.02806,98,0,1000
1350000,1303966,1351000,1.03607,101,0,1000
1400000,1342022,1401000,1.04395,103,0,1000
1450000,1379476,1451000,1.05185,106,0,1000
1500000,1416768,1501000,1.05945,108,0,1000
1550000,1453508,1551000,1.06707,114,0,1000
1600000,1490097,1601000,1.07443,116,0,1000
1650000,1526060,1651000,1.08187,121,0,1000
1700000,1561981,1701000,1.089,126,0,1000
1750000,1597623,1751000,1.0959999999999999,129,0,1000
1800000,1632819,1801000,1.103,132,0,1000
1850000,1667672,1851000,1.1099299999999999,135,0,1000
1900000,1702244,1901000,1.11676,137,0,1000
1950000,1736452,1951000,1.1235600000000001,140,0,1000
2000000,1770392,2001000,1.13026,144,0,1000
2050000,1804119,2051000,1.13684,146,0,1000
2100000,1837744,2101000,1.14325,146,0,1000
2150000,1870793,2151000,1.14978,151,0,1000
2200000,1903568,2201000,1.15625,154,0,1000
2250000,1936370,2251000,1.16248,158,0,1000
2300000,1968880,2301000,1.16868,159,0,1000
2350000,2001082,2351000,1.17486,162,0,1000
2400000,2033108,2401000,1.18095,165,0,1000
2450000,2064734,2451000,1.18708,170,0,1000
2500000,2096137,2501000,1.19315,171,0,1000
2550000,2127419,2551000,1.1991100000000001,173,0,1000
2600000,2158705,2601000,1.20489,176,0,1000
2650000,2189526,2651000,1.21076,182,0,1000
2700000,2220038,2701000,1.21665,184,0,1000
2750000,2250491,2751000,1.2224,188,0,1000
2800000,2280706,2801000,1.22813,191,0,1000
2850000,2310959,2851000,1.23369,195,0,1000
2900000,2340938,2901000,1.23925,197,0,1000
2950000,2370727,2951000,1.2447700000000002,198,0,1000
3000000,2400328,3001000,1.25025,201,0,1000
3050000,2429672,3051000,1.25573,202,0,1000
3100000,2458883,3101000,1.26114,205,0,1000
3150000,2488127,3151000,1.26641,211,0,1000
3200000,2516863,3201000,1.2718200000000002,217,0,1000
3250000,2545470,3251000,1.2771700000000001,220,0,1000
3300000,2573873,3301000,1.2825,221,0,1000
3350000,2602294,3351000,1.2877100000000001,225,0,1000
3400000,2630416,3401000,1.29295,230,0,1000
3450000,2658402,3451000,1.29815,233,0,1000
3500000,2686145,3501000,1.30335,237,0,1000
3550000,2713891,3551000,1.30845,238,0,1000
3600000,2741280,3601000,1.31362,240,0,1000
3650000,2768772,3651000,1.31864,244,0,1000
3700000,2795892,3701000,1.3237299999999999,246,0,1000
3750000,2822948,3751000,1.32875,250,0,1000
3800000,2850035,3801000,1.3336700000000001,254,0,1000
3850000,2876731,3851000,1.33867,258,0,1000
3900000,2903506,3901000,1.34355,259,0,1000
3950000,2929850,3951000,1.34853,261,0,1000
4000000,2956248,4001000,1.3534,267,0,1000
4050000,2982617,4051000,1.3582,269,0,1000
4100000,3008890,4101000,1.36296,273,0,1000
4150000,3034894,4151000,1.36776,276,0,1000
4200000,3060806,4201000,1.3725100000000001,277,0,1000
4250000,3086570,4251000,1.37726,280,0,1000
4300000,3112309,4301000,1.3819299999999999,283,0,1000
4350000,3137844,4351000,1.38662,286,0,1000
4400000,3163234,4401000,1.3913,290,0,1000
4450000,3188355,4451000,1.39602,293,0,1000
4500000,3213295,4501000,1.4007399999999999,297,0,1000
4550000,3238496,4551000,1.4052799999999999,302,0,1000
4600000,3263415,4601000,1.4098700000000002,305,0,1000
4650000,3288342,4651000,1.41439,313,0,1000
4700000,3312894,4701000,1.419,315,0,1000
4750000,3337301,4751000,1.42361,319,0,1000
4800000,3361795,4801000,1.42811,322,0,1000
4850000,3386177,4851000,1.43259,324,0,1000
4900000,3410565,4901000,1.4370100000000001,328,0,1000
4950000,3434875,4951000,1.44139,334,0,1000
5000000,3459107,5001000,1.44575,340,0,1000
5050000,3483119,5051000,1.45014,342,0,1000
5100000,3506999,5101000,1.45452,344,0,1000
5150000,3530724,5151000,1.45891,345,0,1000
5200000,3554375,5201000,1.46327,348,0,1000
5250000,3577975,5251000,1.46759,350,0,1000
5300000,3601439,5301000,1.47191,355,0,1000
5350000,3624710,5351000,1.4762600000000001,359,0,1000
5400000,3647775,5401000,1.48063,360,0,1000
5450000,3671070,5451000,1.48485,367,0,1000
5500000,3694234,5501000,1.48908,368,0,1000
5550000,3717349,5551000,1.49327,371,0,1000
5600000,3740231,5601000,1.4975,373,0,1000
5650000,3763089,5651000,1.50169,376,0,1000
5700000,3785947,5701000,1.50583,380,0,1000
5750000,3808814,5751000,1.5099200000000002,383,0,1000
5800000,3831351,5801000,1.51409,383,0,1000
5850000,3853777,5851000,1.51825,384,0,1000
5900000,3876108,5901000,1.5224,391,0,1000
5950000,3898343,5951000,1.52655,395,0,1000
6000000,3920839,6001000,1.53054,397,0,1000
6050000,3942773,6051000,1.53471,401,0,1000
6100000,3964510,6101000,1.5389,405,0,1000
6150000,3986396,6151000,1.5430000000000001,408,0,1000
6200000,4008185,6201000,1.54708,409,0,1000
6250000,4029994,6251000,1.55112,410,0,1000
6300000,4051756,6301000,1.55513,413,0,1000
6350000,4073534,6351000,1.5590899999999999,413,0,1000
6400000,4095052,6401000,1.56311,417,0,1000
6450000,4116433,6451000,1.56713,425,0,1000
6500000,4137761,6501000,1.57114,427,0,1000
6550000,4159142,6551000,1.57508,431,0,1000
6600000,4180354,6601000,1.57905,434,0,1000
6650000,4201397,6651000,1.58304,437,0,1000
6700000,4222342,6701000,1.58703,442,0,1000
6750000,4243058,6751000,1.59107,447,0,1000
6800000,4263890,6801000,1.59502,447,0,1000
6850000,4284807,6851000,1.59891,449,0,1000
6900000,4305611,6901000,1.60279,456,0,1000
6950000,4326471,6951000,1.6066200000000002,457,0,1000
7000000,4347132,7001000,1.61049,460,0,1000
7050000,4367634,7051000,1.61438,464,0,1000
7100000,4388193,7101000,1.61821,466,0,1000
7150000,4408482,7151000,1.6221,469,0,1000
7200000,4428892,7201000,1.62591,474,0,1000
7250000,4449240,7251000,1.62972,480,0,1000
7300000,4469531,7301000,1.6335,483,0,1000
7350000,4489970,7351000,1.6372,486,0,1000
7400000,4510054,7401000,1.641,492,0,1000
7450000,4530170,7451000,1.64475,494,0,1000
7500000,4550056,7501000,1.64855,496,0,1000
7550000,4570059,7551000,1.65228,501,0,1000
7600000,4589947,7601000,1.6560099999999998,506,0,1000
7650000,4609634,7651000,1.65978,508,0,1000
7700000,4629333,7701000,1.66352,512,0,1000
7750000,4648938,7751000,1.66726,515,0,1000
7800000,4668507,7801000,1.67098,519,0,1000
