timestep,num_nodes,num_edges,average_degree,max_degree,num_triangles,new_edges
0,1957,1000,0.5109859999999999,2,0,1000
50000,79607,51000,0.6406470000000001,7,0,1000
100000,146088,101000,0.691364,9,0,1000
150000,207817,151000,0.726601,12,0,1000
200000,266339,201000,0.754677,14,0,1000
250000,322761,251000,0.7776649999999999,21,0,1000
300000,377086,301000,0.798226,24,0,1000
350000,429858,351000,0.816549,28,0,1000
400000,481336,401000,0.833098,31,0,1000
450000,531416,451000,0.848676,33,0,1000
500000,580458,501000,0.8631120000000001,37,0,1000
550000,628465,551000,0.8767389999999999,42,0,1000
600000,675605,601000,0.889573,46,0,1000
650000,721960,651000,0.9017120000000001,49,0,1000
700000,767455,701000,0.913409,52,0,1000
750000,812059,751000,0.92481,54,0,1000
800000,856307,801000,0.9354120000000001,57,0,1000
850000,899801,851000,0.945765,61,0,1000
900000,942691,901000,0.955774,64,0,1000
950000,984819,951000,0.9656600000000001,68,0,1000
1000000,1026527,1001000,0.975133,71,0,1000
1050000,1067551,1051000,0.9844959999999999,72,0,1000
1100000,1108067,1101000,0.9936219999999999,74,0,1000
1150000,1148144,1151000,1.0024899999999999,77,0,1000
1200000,1187617,1201000,1.0112700000000001,81,0,1000
1250000,1227021,1251000,1.01954,84,0,1000
1300000,1265816,1301000,1.0278,91,0,1000
1350000,1304078,1351000,1.03598,93,0,1000
1400000,1342117,1401000,1.04387,96,0,1000
1450000,1379707,1451000,1.05167,101,0,1000
1500000,1416860,1501000,1.05938,104,0,1000
1550000,1453862,1551000,1.06681,106,0,1000
1600000,1490345,1601000,1.07425,109,0,1000
1650000,1526337,1651000,1.0816700000000001,114,0,1000
1700000,1562115,1701000,1.08891,122,0,1000
1750000,1597663,1751000,1.09598,125,0,1000
1800000,1632788,1801000,1.1030200000000001,127,0,1000
1850000,1667636,1851000,1.10995,131,0,1000
1900000,1702247,1901000,1.11676,131,0,1000
1950000,1736507,1951000,1.12352,136,0,1000
2000000,1770547,2001000,1.13016,136,0,1000
2050000,1804209,2051000,1.13679,140,0,1000
2100000,1837738,2101000,1.14325,143,0,1000
2150000,1870893,2151000,1.14972,147,0,1000
2200000,1904063,2201000,1.15595,153,0,1000
2250000,1936810,2251000,1.16222,158,0,1000
2300000,1969215,2301000,1.16849,159,0,1000
2350000,2001583,2351000,1.1745700000000001,161,0,1000
2400000,2033339,2401000,1.18082,165,0,1000
2450000,2065107,2451000,1.18686,172,0,1000
2500000,2096658,2501000,1.19285,177,0,1000
2550000,2127988,2551000,1.19878,183,0,1000
2600000,2159211,2601000,1.20461,186,0,1000
2650000,2189853,2651000,1.21058,187,0,1000
2700000,2220337,2701000,1.21648,187,0,1000
2750000,2250743,2751000,1.2222600000000001,188,0,1000
2800000,2280816,2801000,1.22807,191,0,1000
2850000,2310927,2851000,1.2337,194,0,1000
2900000,2340894,2901000,1.23927,202,0,1000
2950000,2370632,2951000,1.24482,207,0,1000
3000000,2400348,3001000,1.25024,208,0,1000
3050000,2429731,3051000,1.25569,212,0,1000
3100000,2458799,3101000,1.26118,213,0,1000
3150000,2487776,3151000,1.2665899999999999,218,0,1000
3200000,2516770,3201000,1.27187,220,0,1000
3250000,2545386,3251000,1.27721,222,0,1000
3300000,2573891,3301000,1.28249,226,0,1000
3350000,2602030,3351000,1.2878399999999999,230,0,1000
3400000,2629993,3401000,1.29316,232,0,1000
3450000,2658114,3451000,1.29829,235,0,1000
3500000,2685732,3501000,1.30356,237,0,1000
3550000,2713674,3551000,1.30856,243,0,1000
3600000,2741198,3601000,1.31366,249,0,1000
3650000,2768484,3651000,1.31877,252,0,1000
3700000,2795535,3701000,1.3239,254,0,1000
3750000,2822586,3751000,1.32892,256,0,1000
3800000,2849646,3801000,1.33385,259,0,1000
3850000,2876660,3851000,1.33871,260,0,1000
3900000,2903496,3901000,1.34355,264,0,1000
3950000,2930015,3951000,1.34846,265,0,1000
4000000,2956388,4001000,1.35334,267,0,1000
4050000,2982782,4051000,1.3581299999999998,271,0,1000
4100000,3008740,4101000,1.36303,277,0,1000
4150000,3034575,4151000,1.3679,281,0,1000
4200000,3060367,4201000,1.37271,282,0,1000
4250000,3086248,4251000,1.3774,287,0,1000
4300000,3111958,4301000,1.38209,288,0,1000
4350000,3137588,4351000,1.38673,292,0,1000
4400000,3162821,4401000,1.3914799999999998,297,0,1000
4450000,3188167,4451000,1.3961,300,0,1000
4500000,3213354,4501000,1.40072,301,0,1000
4550000,3238270,4551000,1.4053799999999999,305,0,1000
4600000,3263458,4601000,1.40985,312,0,1000
4650000,3288351,4651000,1.41439,315,0,1000
4700000,3313124,4701000,1.4189,320,0,1000
4750000,3337770,4751000,1.42341,323,0,1000
4800000,3362143,4801000,1.4279600000000001,327,0,1000
4850000,3386482,4851000,1.43246,328,0,1000
4900000,3410783,4901000,1.4369100000000001,332,0,1000
4950000,3434963,4951000,1.44135,339,0,1000
5000000,3458795,5001000,1.4458799999999998,347,0,1000
5050000,3482735,5051000,1.4503,350,0,1000
5100000,3506561,5101000,1.4547,353,0,1000
5150000,3530388,5151000,1.45905,359,0,1000
5200000,3554070,5201000,1.46339,362,0,1000
5250000,3577661,5251000,1.4677200000000001,364,0,1000
5300000,3601051,5301000,1.47207,367,0,1000
5350000,3624587,5351000,1.47631,369,0,1000
5400000,3647806,5401000,1.48062,373,0,1000
5450000,3670983,5451000,1.48489,376,0,1000
5500000,3694075,5501000,1.48914,379,0,1000
5550000,3717214,5551000,1.49332,380,0,1000
5600000,3740157,5601000,1.49753,382,0,1000
5650000,3762849,5651000,1.50179,382,0,1000
5700000,3785542,5701000,1.50599,384,0,1000
5750000,3808171,5751000,1.51017,386,0,1000
5800000,3830582,5801000,1.51439,389,0,1000
5850000,3853046,5851000,1.51854,392,0,1000
5900000,3875425,5901000,1.52267,395,0,1000
5950000,3897560,5951000,1.52685,399,0,1000
6000000,3919634,6001000,1.53101,400,0,1000
6050000,3941707,6051000,1.53512,404,0,1000
6100000,3963913,6101000,1.53914,409,0,1000
6150000,3986023,6151000,1.54314,412,0,1000
6200000,4007853,6201000,1.54721,415,0,1000
6250000,4029769,6251000,1.55121,416,0,1000
6300000,4051405,6301000,1.55526,419,0,1000
6350000,4073033,6351000,1.55928,423,0,1000
6400000,4094829,6401000,1.5631899999999999,431,0,1000
6450000,4116218,6451000,1.56722,436,0,1000
6500000,4137578,6501000,1.57121,438,0,1000
6550000,4158995,6551000,1.57514,439,0,1000
6600000,4180106,6601000,1.57915,444,0,1000
6650000,4201411,6651000,1.58304,446,0,1000
6700000,4222481,6701000,1.5869799999999998,450,0,1000
6750000,4243517,6751000,1.5909,454,0,1000
6800000,4264479,6801000,1.5948,459,0,1000
6850000,4285457,6851000,1.59866,462,0,1000
6900000,4306378,6901000,1.60251,464,0,1000
6950000,4327027,6951000,1.6064100000000001,467,0,1000
7000000,4347786,7001000,1.61024,474,0,1000
7050000,4368417,7051000,1.61409,475,0,1000
7100000,4388792,7101000,1.61799,477,0,1000
7150000,4409207,7151000,1.6218299999999999,478,0,1000
7200000,4429491,7201000,1.6256899999999999,482,0,1000
7250000,4449976,7251000,1.62945,486,0,1000
7300000,4470183,7301000,1.63327,489,0,1000
7350000,4490256,7351000,1.6371,494,0,1000
7400000,4510216,7401000,1.64094,498,0,1000
7450000,4530146,7451000,1.6447599999999998,505,0,1000
7500000,4550063,7501000,1.64855,509,0,1000
7550000,4570081,7551000,1.6522700000000001,510,0,1000
7600000,4589853,7601000,1.6560400000000002,512,0,1000
7650000,4609645,7651000,1.65978,514,0,1000
7700000,4629369,7701000,1.6635099999999998,516,0,1000
7750000,4648992,7751000,1.66724,516,0,1000
7800000,4668480,7801000,1.6709900000000002,520,0,1000
