timestep,num_nodes,num_edges,average_degree,max_degree,num_triangles,new_edges
0,1307,1000,0.765111,4,0,1000
50000,48050,51000,1.06139,188,0,1000
100000,91564,101000,1.10305,279,0,1000
150000,134430,151000,1.1232600000000001,341,0,1000
200000,176665,201000,1.13775,368,0,1000
250000,218593,251000,1.14825,394,0,1000
300000,260432,301000,1.15577,402,0,1000
350000,299656,351000,1.17134,408,0,1000
400000,338434,401000,1.18487,415,0,1000
450000,376770,451000,1.19702,415,0,1000
500000,414205,501000,1.20955,421,0,1000
550000,450773,551000,1.22234,424,0,1000
600000,487563,601000,1.23266,424,0,1000
650000,523984,651000,1.2424,424,0,1000
700000,560976,701000,1.24961,428,0,1000
750000,597360,751000,1.2572,428,0,1000
800000,633309,801000,1.2647899999999999,431,0,1000
850000,668372,851000,1.27324,434,0,1000
900000,703749,901000,1.28029,441,0,1000
950000,738510,951000,1.2877299999999998,442,0,1000
1000000,773108,1001000,1.29477,446,0,1000
1050000,809442,1051000,1.29843,449,0,1000
1100000,845406,1101000,1.30233,449,0,1000
1150000,880386,1151000,1.30738,451,0,1000
1200000,914745,1201000,1.31293,457,0,1000
1250000,950166,1251000,1.31661,460,0,1000
1300000,985371,1301000,1.32031,461,0,1000
1350000,1020797,1351000,1.32348,463,0,1000
1400000,1055413,1401000,1.32744,463,0,1000
1450000,1089360,1451000,1.33197,465,0,1000
1500000,1124451,1501000,1.33487,466,0,1000
1550000,1159613,1551000,1.33752,468,0,1000
1600000,1193993,1601000,1.3408799999999998,471,0,1000
1650000,1227802,1651000,1.3446799999999999,472,0,1000
1700000,1261642,1701000,1.3482399999999999,474,0,1000
1750000,1294700,1751000,1.3524399999999999,475,0,1000
1800000,1327515,1801000,1.35667,475,0,1000
1850000,1360936,1851000,1.36009,477,0,1000
1900000,1393780,1901000,1.36392,478,0,1000
1950000,1426795,1951000,1.3674,479,0,1000
2000000,1459761,2001000,1.37077,481,0,1000
2050000,1492526,2051000,1.37418,482,0,1000
2100000,1526261,2101000,1.37657,482,0,1000
2150000,1561356,2151000,1.37765,482,0,1000
2200000,1593477,2201000,1.38126,483,0,1000
2250000,1626393,2251000,1.38404,484,0,1000
2300000,1659667,2301000,1.38642,484,0,1000
2350000,1692473,2351000,1.38909,485,0,1000
2400000,1725395,2401000,1.39157,486,0,1000
2450000,1756852,2451000,1.39511,488,0,1000
2500000,1788713,2501000,1.39821,488,0,1000
2550000,1820020,2551000,1.40163,489,0,1000
2600000,1851027,2601000,1.40517,490,0,1000
2650000,1882252,2651000,1.40842,491,0,1000
2700000,1913368,2701000,1.41165,492,0,1000
2750000,1944766,2751000,1.41457,492,0,1000
2800000,1975836,2801000,1.41763,492,0,1000
2850000,2006961,2851000,1.42056,492,0,1000
2900000,2037721,2901000,1.42365,492,0,1000
2950000,2069313,2951000,1.42608,492,0,1000
3000000,2101231,3001000,1.42821,492,0,1000
3050000,2133018,3051000,1.4303700000000001,492,0,1000
3100000,2164790,3101000,1.4324700000000001,493,0,1000
3150000,2196432,3151000,1.4346,493,0,1000
3200000,2225861,3201000,1.4381,493,0,1000
3250000,2253956,3251000,1.44235,494,0,1000
3300000,2282339,3301000,1.44632,494,0,1000
3350000,2310520,3351000,1.45032,494,0,1000
3400000,2338602,3401000,1.4542899999999999,494,0,1000
3450000,2368478,3451000,1.45705,496,0,1000
3500000,2397449,3501000,1.4603,496,0,1000
3550000,2425949,3551000,1.46376,497,0,1000
3600000,2455380,3601000,1.46658,497,0,1000
3650000,2484204,3651000,1.46969,497,0,1000
3700000,2513232,3701000,1.47261,497,0,1000
3750000,2541812,3751000,1.4757200000000001,497,0,1000
3800000,2570237,3801000,1.47885,497,0,1000
3850000,2598915,3851000,1.48177,497,0,1000
3900000,2626988,3901000,1.4849700000000001,497,0,1000
3950000,2654985,3951000,1.48814,497,0,1000
4000000,2682654,4001000,1.49143,497,0,1000
4050000,2710006,4051000,1.4948299999999999,497,0,1000
4100000,2737339,4101000,1.49817,497,0,1000
4150000,2764994,4151000,1.50127,497,0,1000
4200000,2792578,4201000,1.50434,497,0,1000
4250000,2819876,4251000,1.5075100000000001,498,0,1000
4300000,2846669,4301000,1.51089,498,0,1000
4350000,2873068,4351000,1.51441,500,0,1000
4400000,2900155,4401000,1.5175100000000001,500,0,1000
4450000,2927666,4451000,1.5203200000000001,500,0,1000
4500000,2955080,4501000,1.52314,500,0,1000
4550000,2981845,4551000,1.52624,506,0,1000
4600000,3008592,4601000,1.52929,507,0,1000
4650000,3035675,4651000,1.53211,507,0,1000
4700000,3063019,4701000,1.5347600000000001,507,0,1000
4750000,3090251,4751000,1.53742,507,0,1000
4800000,3117318,4801000,1.54011,507,0,1000
4850000,3144432,4851000,1.54273,507,0,1000
4900000,3171417,4901000,1.5453700000000001,508,0,1000
4950000,3198084,4951000,1.54811,509,0,1000
5000000,3224859,5001000,1.55077,509,0,1000
5050000,3251956,5051000,1.55322,509,0,1000
5100000,3278627,5101000,1.5558299999999998,509,0,1000
5150000,3305314,5151000,1.5584,509,0,1000
5200000,3332156,5201000,1.56085,509,0,1000
5250000,3359479,5251000,1.56304,509,0,1000
5300000,3386948,5301000,1.56513,509,0,1000
5350000,3414422,5351000,1.56718,510,0,1000
5400000,3441736,5401000,1.5692700000000002,510,0,1000
5450000,3468413,5451000,1.57161,510,0,1000
5500000,3495855,5501000,1.57358,510,0,1000
5550000,3522309,5551000,1.57595,511,0,1000
5600000,3549360,5601000,1.5780299999999998,511,0,1000
5650000,3575407,5651000,1.5805200000000001,511,0,1000
5700000,3600808,5701000,1.5832600000000001,511,0,1000
5750000,3625085,5751000,1.58645,511,0,1000
5800000,3648837,5801000,1.58982,511,0,1000
5850000,3672376,5851000,1.59325,511,0,1000
5900000,3695997,5901000,1.59659,512,0,1000
5950000,3720394,5951000,1.59956,513,0,1000
6000000,3745422,6001000,1.60222,513,0,1000
6050000,3771154,6051000,1.60455,514,0,1000
6100000,3796965,6101000,1.60681,515,0,1000
6150000,3824853,6151000,1.60817,515,0,1000
6200000,3852056,6201000,1.60979,515,0,1000
6250000,3879001,6251000,1.6115,515,0,1000
6300000,3906366,6301000,1.61301,515,0,1000
6350000,3933534,6351000,1.61458,515,0,1000
6400000,3959460,6401000,1.61663,515,0,1000
6450000,3986581,6451000,1.61818,515,0,1000
6500000,4013256,6501000,1.61988,515,0,1000
6550000,4039467,6551000,1.62175,515,0,1000
6600000,4065382,6601000,1.62371,515,0,1000
6650000,4091314,6651000,1.62564,517,0,1000
6700000,4117067,6701000,1.62761,517,0,1000
6750000,4142524,6751000,1.62968,517,0,1000
6800000,4167409,6801000,1.63195,517,0,1000
6850000,4192763,6851000,1.63401,517,0,1000
6900000,4218354,6901000,1.63595,517,0,1000
6950000,4243394,6951000,1.63808,517,0,1000
7000000,4268577,7001000,1.6401299999999999,517,0,1000
7050000,4293542,7051000,1.6422299999999999,517,0,1000
7100000,4318727,7101000,1.6442299999999999,518,0,1000
7150000,4343490,7151000,1.6463700000000001,519,0,1000
7200000,4368315,7201000,1.6484599999999998,519,0,1000
7250000,4392818,7251000,1.65065,519,0,1000
7300000,4417506,7301000,1.65274,519,0,1000
7350000,4441862,7351000,1.65494,519,0,1000
7400000,4466716,7401000,1.6569200000000002,519,0,1000
7450000,4491712,7451000,1.65883,519,0,1000
7500000,4516473,7501000,1.66081,519,0,1000
7550000,4541061,7551000,1.66283,519,0,1000
7600000,4565738,7601000,1.6647900000000002,519,0,1000
7650000,4590374,7651000,1.66675,520,0,1000
7700000,4615240,7701000,1.6686,520,0,1000
7750000,4639473,7751000,1.6706599999999998,520,0,1000
7800000,4664867,7801000,1.67229,520,0,1000
