timestep,num_nodes,num_edges,average_degree,max_degree,num_triangles,new_edges
0,1957,1000,0.5109859999999999,1,0,1000
50000,79710,51000,0.6398189999999999,6,0,1000
100000,146099,101000,0.691312,9,0,1000
150000,207866,151000,0.72643,15,0,1000
200000,266518,201000,0.75417,16,0,1000
250000,322711,251000,0.777786,21,0,1000
300000,377110,301000,0.798176,23,0,1000
350000,429738,351000,0.8167770000000001,27,0,1000
400000,481174,401000,0.8333780000000001,34,0,1000
450000,531245,451000,0.848949,38,0,1000
500000,580333,501000,0.863297,44,0,1000
550000,628508,551000,0.8766790000000001,50,0,1000
600000,675361,601000,0.8898940000000001,50,0,1000
650000,721593,651000,0.902171,52,0,1000
700000,767142,701000,0.913781,56,0,1000
750000,811933,751000,0.924953,60,0,1000
800000,856008,801000,0.935739,65,0,1000
850000,899448,851000,0.9461360000000001,65,0,1000
900000,942225,901000,0.956247,68,0,1000
950000,984229,951000,0.966239,74,0,1000
1000000,1025651,1001000,0.975966,78,0,1000
1050000,1066989,1051000,0.985015,81,0,1000
1100000,1107641,1101000,0.9940040000000001,82,0,1000
1150000,1147628,1151000,1.00294,87,0,1000
1200000,1187408,1201000,1.01145,90,0,1000
1250000,1226715,1251000,1.0198,93,0,1000
1300000,1265632,1301000,1.0279399999999999,99,0,1000
1350000,1303990,1351000,1.03605,105,0,1000
1400000,1341827,1401000,1.0441,108,0,1000
1450000,1379520,1451000,1.05182,108,0,1000
1500000,1416733,1501000,1.05948,114,0,1000
1550000,1453601,1551000,1.06701,120,0,1000
1600000,1490098,1601000,1.07443,126,0,1000
1650000,1526312,1651000,1.08169,130,0,1000
1700000,1562334,1701000,1.08876,135,0,1000
1750000,1597683,1751000,1.09596,137,0,1000
1800000,1632664,1801000,1.10311,138,0,1000
1850000,1667629,1851000,1.10996,141,0,1000
1900000,1702168,1901000,1.11681,145,0,1000
1950000,1736406,1951000,1.1235899999999999,153,0,1000
2000000,1770341,2001000,1.13029,157,0,1000
2050000,1804119,2051000,1.13684,160,0,1000
2100000,1837571,2101000,1.14336,165,0,1000
2150000,1870804,2151000,1.1497700000000002,170,0,1000
2200000,1903756,2201000,1.15614,174,0,1000
2250000,1936542,2251000,1.16238,175,0,1000
2300000,1969006,2301000,1.16861,176,0,1000
2350000,2001129,2351000,1.1748399999999999,179,0,1000
2400000,2033069,2401000,1.18097,181,0,1000
2450000,2064887,2451000,1.18699,182,0,1000
2500000,2096489,2501000,1.19295,187,0,1000
2550000,2127877,2551000,1.19885,190,0,1000
2600000,2159016,2601000,1.20472,191,0,1000
2650000,2189923,2651000,1.21054,195,0,1000
2700000,2220516,2701000,1.21638,197,0,1000
2750000,2251027,2751000,1.22211,201,0,1000
2800000,2281266,2801000,1.22783,203,0,1000
2850000,2311387,2851000,1.23346,206,0,1000
2900000,2341487,2901000,1.23896,208,0,1000
2950000,2371127,2951000,1.24456,215,0,1000
3000000,2400806,3001000,1.25,217,0,1000
3050000,2430335,3051000,1.25538,218,0,1000
3100000,2459503,3101000,1.26082,224,0,1000
3150000,2488405,3151000,1.26627,227,0,1000
3200000,2517219,3201000,1.2716399999999999,230,0,1000
3250000,2545840,3251000,1.27699,235,0,1000
3300000,2574286,3301000,1.2823,237,0,1000
3350000,2602649,3351000,1.2875299999999998,238,0,1000
3400000,2630670,3401000,1.29283,239,0,1000
3450000,2658649,3451000,1.29803,241,0,1000
3500000,2686649,3501000,1.30311,243,0,1000
3550000,2714440,3551000,1.30819,248,0,1000
3600000,2741971,3601000,1.31329,251,0,1000
3650000,2769392,3651000,1.31834,256,0,1000
3700000,2796647,3701000,1.3233700000000002,259,0,1000
3750000,2823961,3751000,1.32828,263,0,1000
3800000,2851049,3801000,1.3331899999999999,265,0,1000
3850000,2877691,3851000,1.33823,270,0,1000
3900000,2904449,3901000,1.34311,273,0,1000
3950000,2930902,3951000,1.34805,280,0,1000
4000000,2957167,4001000,1.3529799999999998,287,0,1000
4050000,2983459,4051000,1.35782,290,0,1000
4100000,3009567,4101000,1.36265,292,0,1000
4150000,3035657,4151000,1.36741,294,0,1000
4200000,3061696,4201000,1.37212,298,0,1000
4250000,3087343,4251000,1.37691,301,0,1000
4300000,3113079,4301000,1.3815899999999999,305,0,1000
4350000,3138662,4351000,1.38626,307,0,1000
4400000,3163742,4401000,1.39107,311,0,1000
4450000,3189000,4451000,1.39574,314,0,1000
4500000,3214208,4501000,1.40034,316,0,1000
4550000,3239261,4551000,1.40495,317,0,1000
4600000,3264103,4601000,1.4095799999999998,318,0,1000
4650000,3288982,4651000,1.41412,319,0,1000
4700000,3313695,4701000,1.41866,321,0,1000
4750000,3338325,4751000,1.42317,322,0,1000
4800000,3362754,4801000,1.4277,324,0,1000
4850000,3387203,4851000,1.43216,329,0,1000
4900000,3411468,4901000,1.43662,334,0,1000
4950000,3435549,4951000,1.4411100000000001,339,0,1000
5000000,3459570,5001000,1.44556,343,0,1000
5050000,3483521,5051000,1.44997,348,0,1000
5100000,3507239,5101000,1.45442,352,0,1000
5150000,3530926,5151000,1.45882,359,0,1000
5200000,3554648,5201000,1.46315,362,0,1000
5250000,3578052,5251000,1.46756,370,0,1000
5300000,3601569,5301000,1.47186,373,0,1000
5350000,3624946,5351000,1.4761600000000001,376,0,1000
5400000,3648028,5401000,1.48053,376,0,1000
5450000,3671224,5451000,1.48479,378,0,1000
5500000,3694205,5501000,1.48909,382,0,1000
5550000,3717274,5551000,1.4933,387,0,1000
5600000,3740062,5601000,1.49757,390,0,1000
5650000,3762970,5651000,1.5017399999999999,394,0,1000
5700000,3785611,5701000,1.50597,398,0,1000
5750000,3808112,5751000,1.5102,403,0,1000
5800000,3830553,5801000,1.5144,405,0,1000
5850000,3852879,5851000,1.5186,407,0,1000
5900000,3875466,5901000,1.5226600000000001,410,0,1000
5950000,3897806,5951000,1.5267600000000001,412,0,1000
6000000,3920090,6001000,1.53083,416,0,1000
6050000,3942204,6051000,1.53493,417,0,1000
6100000,3964218,6101000,1.53902,420,0,1000
6150000,3986310,6151000,1.54303,421,0,1000
6200000,4007930,6201000,1.54718,425,0,1000
6250000,4029707,6251000,1.5512299999999999,428,0,1000
6300000,4051176,6301000,1.55535,429,0,1000
6350000,4072814,6351000,1.55936,432,0,1000
6400000,4094295,6401000,1.56339,435,0,1000
6450000,4115813,6451000,1.5673700000000002,439,0,1000
6500000,4137244,6501000,1.57134,442,0,1000
6550000,4158639,6551000,1.5752700000000002,445,0,1000
6600000,4179818,6601000,1.57926,447,0,1000
6650000,4201045,6651000,1.58318,448,0,1000
6700000,4222135,6701000,1.58711,449,0,1000
6750000,4243124,6751000,1.59104,453,0,1000
6800000,4264059,6801000,1.59496,454,0,1000
6850000,4284917,6851000,1.59886,457,0,1000
6900000,4305753,6901000,1.60274,459,0,1000
6950000,4326535,6951000,1.6066,463,0,1000
7000000,4347137,7001000,1.61049,464,0,1000
7050000,4367694,7051000,1.61435,469,0,1000
7100000,4388385,7101000,1.61814,474,0,1000
7150000,4408914,7151000,1.62194,477,0,1000
7200000,4429051,7201000,1.62586,479,0,1000
7250000,4449431,7251000,1.62965,484,0,1000
7300000,4469715,7301000,1.63344,488,0,1000
7350000,4489905,7351000,1.63723,495,0,1000
7400000,4509980,7401000,1.64103,496,0,1000
7450000,4529957,7451000,1.64483,500,0,1000
7500000,4549949,7501000,1.6485900000000002,503,0,1000
7550000,4569722,7551000,1.6524,507,0,1000
7600000,4589676,7601000,1.6561099999999997,510,0,1000
7650000,4609407,7651000,1.6598700000000002,510,0,1000
7700000,4629116,7701000,1.6636,514,0,1000
7750000,4648919,7751000,1.66727,517,0,1000
7800000,4668551,7801000,1.67097,517,0,1000
