timestep,num_nodes,num_edges,average_degree,max_degree,num_triangles,new_edges
0,1952,1000,0.512295,2,0,1000
50000,79563,51000,0.641001,5,0,1000
100000,146032,101000,0.691629,9,0,1000
150000,207809,151000,0.726629,13,0,1000
200000,266550,201000,0.75408,18,0,1000
250000,322822,251000,0.777518,27,0,1000
300000,377119,301000,0.798157,29,0,1000
350000,429833,351000,0.816596,33,0,1000
400000,481171,401000,0.833384,38,0,1000
450000,531317,451000,0.848834,40,0,1000
500000,580472,501000,0.8630909999999999,42,0,1000
550000,628467,551000,0.8767370000000001,44,0,1000
600000,675412,601000,0.889827,46,0,1000
650000,721745,651000,0.9019809999999999,48,0,1000
700000,767423,701000,0.9134469999999999,51,0,1000
750000,812267,751000,0.924573,53,0,1000
800000,856247,801000,0.935478,58,0,1000
850000,899546,851000,0.946033,63,0,1000
900000,942329,901000,0.956142,72,0,1000
950000,984498,951000,0.965975,73,0,1000
1000000,1025936,1001000,0.9756940000000001,74,0,1000
1050000,1067278,1051000,0.984748,76,0,1000
1100000,1107999,1101000,0.993683,79,0,1000
1150000,1147940,1151000,1.0026700000000002,84,0,1000
1200000,1187694,1201000,1.0112,85,0,1000
1250000,1226971,1251000,1.01958,85,0,1000
1300000,1265703,1301000,1.02789,88,0,1000
1350000,1303941,1351000,1.03609,90,0,1000
1400000,1341920,1401000,1.04403,95,0,1000
1450000,1379491,1451000,1.0518399999999999,100,0,1000
1500000,1416724,1501000,1.05949,106,0,1000
1550000,1453555,1551000,1.06704,107,0,1000
1600000,1489991,1601000,1.0745,114,0,1000
1650000,1526111,1651000,1.0818299999999998,124,0,1000
1700000,1561903,1701000,1.0890600000000001,129,0,1000
1750000,1597739,1751000,1.09592,131,0,1000
1800000,1632814,1801000,1.103,133,0,1000
1850000,1667672,1851000,1.1099299999999999,138,0,1000
1900000,1702246,1901000,1.11676,144,0,1000
1950000,1736223,1951000,1.1237,147,0,1000
2000000,1770251,2001000,1.13035,150,0,1000
2050000,1803840,2051000,1.1370200000000001,157,0,1000
2100000,1837236,2101000,1.14357,162,0,1000
2150000,1870436,2151000,1.15,164,0,1000
2200000,1903434,2201000,1.1563299999999999,166,0,1000
2250000,1936177,2251000,1.1626,168,0,1000
2300000,1968677,2301000,1.1688100000000001,171,0,1000
2350000,2000811,2351000,1.1750200000000002,174,0,1000
2400000,2032755,2401000,1.18116,179,0,1000
2450000,2064319,2451000,1.1873200000000002,182,0,1000
2500000,2095961,2501000,1.19325,189,0,1000
2550000,2127273,2551000,1.19919,193,0,1000
2600000,2158430,2601000,1.20504,195,0,1000
2650000,2189359,2651000,1.21086,198,0,1000
2700000,2219840,2701000,1.21675,200,0,1000
2750000,2250261,2751000,1.22252,203,0,1000
2800000,2280608,2801000,1.2281799999999998,212,0,1000
2850000,2310563,2851000,1.2339,214,0,1000
2900000,2340313,2901000,1.23958,219,0,1000
2950000,2369844,2951000,1.2452299999999998,221,0,1000
3000000,2399235,3001000,1.25082,225,0,1000
3050000,2428503,3051000,1.25633,227,0,1000
3100000,2457732,3101000,1.26173,233,0,1000
3150000,2486893,3151000,1.26704,242,0,1000
3200000,2515674,3201000,1.27242,247,0,1000
3250000,2544435,3251000,1.27769,251,0,1000
3300000,2572926,3301000,1.28298,255,0,1000
3350000,2601346,3351000,1.2881799999999999,259,0,1000
3400000,2629584,3401000,1.29336,262,0,1000
3450000,2657581,3451000,1.29855,263,0,1000
3500000,2685237,3501000,1.3038,264,0,1000
3550000,2712851,3551000,1.3089600000000001,267,0,1000
3600000,2740261,3601000,1.3141100000000001,271,0,1000
3650000,2767665,3651000,1.31916,274,0,1000
3700000,2795010,3701000,1.32415,275,0,1000
3750000,2822029,3751000,1.3291899999999999,278,0,1000
3800000,2848983,3801000,1.33416,280,0,1000
3850000,2875759,3851000,1.33912,282,0,1000
3900000,2902506,3901000,1.34401,286,0,1000
3950000,2929068,3951000,1.34889,289,0,1000
4000000,2955366,4001000,1.35381,294,0,1000
4050000,2981529,4051000,1.3587,298,0,1000
4100000,3007528,4101000,1.36358,301,0,1000
4150000,3033513,4151000,1.36838,307,0,1000
4200000,3059474,4201000,1.37311,307,0,1000
4250000,3085352,4251000,1.3778,312,0,1000
4300000,3111057,4301000,1.38249,314,0,1000
4350000,3136366,4351000,1.38727,316,0,1000
4400000,3161786,4401000,1.39193,320,0,1000
4450000,3187057,4451000,1.39659,323,0,1000
4500000,3212217,4501000,1.40121,329,0,1000
4550000,3237377,4551000,1.40577,333,0,1000
4600000,3262313,4601000,1.41035,337,0,1000
4650000,3287071,4651000,1.4149399999999999,340,0,1000
4700000,3311702,4701000,1.41951,342,0,1000
4750000,3336410,4751000,1.4239899999999999,345,0,1000
4800000,3360918,4801000,1.42848,347,0,1000
4850000,3385324,4851000,1.43295,351,0,1000
4900000,3409368,4901000,1.43751,357,0,1000
4950000,3433627,4951000,1.44192,359,0,1000
5000000,3457745,5001000,1.44632,363,0,1000
5050000,3481754,5051000,1.45071,366,0,1000
5100000,3505787,5101000,1.45502,367,0,1000
5150000,3529829,5151000,1.45928,370,0,1000
5200000,3553276,5201000,1.4637200000000001,373,0,1000
5250000,3576889,5251000,1.46804,376,0,1000
5300000,3600274,5301000,1.4723899999999999,381,0,1000
5350000,3623335,5351000,1.47682,384,0,1000
5400000,3646510,5401000,1.48114,387,0,1000
5450000,3669670,5451000,1.48542,392,0,1000
5500000,3692816,5501000,1.48965,394,0,1000
5550000,3715735,5551000,1.4939200000000001,396,0,1000
5600000,3738476,5601000,1.4982,397,0,1000
5650000,3761366,5651000,1.5023799999999998,399,0,1000
5700000,3784028,5701000,1.5066,405,0,1000
5750000,3806562,5751000,1.51081,410,0,1000
5800000,3829177,5801000,1.51495,414,0,1000
5850000,3851845,5851000,1.51901,417,0,1000
5900000,3874169,5901000,1.5231700000000001,419,0,1000
5950000,3896441,5951000,1.52729,423,0,1000
6000000,3918642,6001000,1.5314,424,0,1000
6050000,3940859,6051000,1.53545,429,0,1000
6100000,3962975,6101000,1.5395,433,0,1000
6150000,3984934,6151000,1.54356,435,0,1000
6200000,4006734,6201000,1.54764,438,0,1000
6250000,4028556,6251000,1.55167,439,0,1000
6300000,4050341,6301000,1.55567,441,0,1000
6350000,4072060,6351000,1.55965,441,0,1000
6400000,4093565,6401000,1.5636700000000001,441,0,1000
6450000,4115036,6451000,1.5676700000000001,445,0,1000
6500000,4136639,6501000,1.5715700000000001,449,0,1000
6550000,4158069,6551000,1.57549,451,0,1000
6600000,4179160,6601000,1.5795,452,0,1000
6650000,4200573,6651000,1.58336,453,0,1000
6700000,4221820,6701000,1.58723,456,0,1000
6750000,4242681,6751000,1.59121,459,0,1000
6800000,4263606,6801000,1.59513,461,0,1000
6850000,4284689,6851000,1.59895,465,0,1000
6900000,4305479,6901000,1.60284,470,0,1000
6950000,4326166,6951000,1.60673,472,0,1000
7000000,4346921,7001000,1.61057,472,0,1000
7050000,4367477,7051000,1.61443,474,0,1000
7100000,4387922,7101000,1.6183100000000001,477,0,1000
7150000,4408365,7151000,1.62214,479,0,1000
7200000,4428838,7201000,1.6259299999999999,483,0,1000
7250000,4449238,7251000,1.62972,484,0,1000
7300000,4469448,7301000,1.63354,486,0,1000
7350000,4489536,7351000,1.63736,489,0,1000
7400000,4509703,7401000,1.64113,492,0,1000
7450000,4529872,7451000,1.6448599999999998,493,0,1000
7500000,4549939,7501000,1.6485900000000002,495,0,1000
7550000,4569783,7551000,1.65238,500,0,1000
7600000,4589420,7601000,1.6562,505,0,1000
7650000,4609443,7651000,1.65985,506,0,1000
7700000,4629140,7701000,1.6635900000000001,510,0,1000
7750000,4648892,7751000,1.6672799999999999,513,0,1000
7800000,4668426,7801000,1.6710099999999999,520,0,1000
