timestep,num_nodes,num_edges,average_degree,max_degree,num_triangles,new_edges
0,1952,1000,0.512295,1,0,1000
50000,79666,51000,0.640173,5,0,1000
100000,145982,101000,0.691866,8,0,1000
150000,207505,151000,0.727693,13,0,1000
200000,266076,201000,0.755423,17,0,1000
250000,322163,251000,0.779109,18,0,1000
300000,376540,301000,0.799384,22,0,1000
350000,429196,351000,0.817808,26,0,1000
400000,480475,401000,0.834591,27,0,1000
450000,530612,451000,0.8499620000000001,33,0,1000
500000,579647,501000,0.8643190000000001,35,0,1000
550000,627705,551000,0.877801,40,0,1000
600000,675039,601000,0.8903190000000001,40,0,1000
650000,721499,651000,0.9022879999999999,43,0,1000
700000,767055,701000,0.9138850000000001,46,0,1000
750000,811854,751000,0.9250430000000001,51,0,1000
800000,855958,801000,0.935794,56,0,1000
850000,899369,851000,0.946219,61,0,1000
900000,942255,901000,0.956217,66,0,1000
950000,984395,951000,0.966076,71,0,1000
1000000,1025876,1001000,0.975751,73,0,1000
1050000,1066896,1051000,0.985101,78,0,1000
1100000,1107698,1101000,0.9939530000000001,80,0,1000
1150000,1147808,1151000,1.00278,83,0,1000
1200000,1187439,1201000,1.01142,86,0,1000
1250000,1226811,1251000,1.0197200000000002,91,0,1000
1300000,1265494,1301000,1.02806,97,0,1000
1350000,1303757,1351000,1.03624,101,0,1000
1400000,1341660,1401000,1.04423,103,0,1000
1450000,1379179,1451000,1.05208,104,0,1000
1500000,1416454,1501000,1.05969,106,0,1000
1550000,1453219,1551000,1.06729,108,0,1000
1600000,1489633,1601000,1.07476,109,0,1000
1650000,1525752,1651000,1.08209,113,0,1000
1700000,1561404,1701000,1.0894,114,0,1000
1750000,1597009,1751000,1.0964200000000002,118,0,1000
1800000,1632280,1801000,1.1033600000000001,124,0,1000
1850000,1667033,1851000,1.11036,126,0,1000
1900000,1701763,1901000,1.1170799999999999,127,0,1000
1950000,1736116,1951000,1.1237700000000002,131,0,1000
2000000,1770183,2001000,1.13039,134,0,1000
2050000,1803947,2051000,1.13695,140,0,1000
2100000,1837504,2101000,1.1434,141,0,1000
2150000,1870887,2151000,1.14972,144,0,1000
2200000,1903780,2201000,1.15612,147,0,1000
2250000,1936362,2251000,1.16249,151,0,1000
2300000,1968662,2301000,1.1688100000000001,155,0,1000
2350000,2000846,2351000,1.175,159,0,1000
2400000,2032839,2401000,1.18111,165,0,1000
2450000,2064673,2451000,1.18711,169,0,1000
2500000,2096249,2501000,1.19308,172,0,1000
2550000,2127374,2551000,1.19913,175,0,1000
2600000,2158581,2601000,1.20496,179,0,1000
2650000,2189541,2651000,1.21076,183,0,1000
2700000,2220210,2701000,1.21655,185,0,1000
2750000,2250557,2751000,1.2223600000000001,187,0,1000
2800000,2280667,2801000,1.22815,194,0,1000
2850000,2310900,2851000,1.2337200000000001,200,0,1000
2900000,2340853,2901000,1.23929,204,0,1000
2950000,2370542,2951000,1.24486,209,0,1000
3000000,2400118,3001000,1.2503600000000001,211,0,1000
3050000,2429560,3051000,1.25578,211,0,1000
3100000,2458675,3101000,1.26125,216,0,1000
3150000,2487729,3151000,1.26662,217,0,1000
3200000,2516424,3201000,1.27204,220,0,1000
3250000,2545138,3251000,1.27734,222,0,1000
3300000,2573751,3301000,1.2825600000000001,223,0,1000
3350000,2602099,3351000,1.2878100000000001,228,0,1000
3400000,2630347,3401000,1.2929899999999999,232,0,1000
3450000,2658120,3451000,1.29829,234,0,1000
3500000,2685995,3501000,1.3034299999999999,238,0,1000
3550000,2713733,3551000,1.30853,244,0,1000
3600000,2741252,3601000,1.3136299999999999,250,0,1000
3650000,2768731,3651000,1.31865,253,0,1000
3700000,2796067,3701000,1.32364,256,0,1000
3750000,2823112,3751000,1.3286799999999999,259,0,1000
3800000,2850050,3801000,1.33366,264,0,1000
3850000,2876953,3851000,1.33857,267,0,1000
3900000,2903512,3901000,1.34355,270,0,1000
3950000,2930189,3951000,1.34838,275,0,1000
4000000,2956700,4001000,1.3532,279,0,1000
4050000,2982962,4051000,1.35805,282,0,1000
4100000,3009087,4101000,1.36287,285,0,1000
4150000,3034860,4151000,1.3677700000000002,285,0,1000
4200000,3060839,4201000,1.3725,289,0,1000
4250000,3086715,4251000,1.37719,292,0,1000
4300000,3112193,4301000,1.38198,296,0,1000
4350000,3137943,4351000,1.38658,299,0,1000
4400000,3163316,4401000,1.39126,302,0,1000
4450000,3188553,4451000,1.39593,303,0,1000
4500000,3213754,4501000,1.40054,307,0,1000
4550000,3238922,4551000,1.4051,311,0,1000
4600000,3263936,4601000,1.40965,313,0,1000
4650000,3288821,4651000,1.41418,315,0,1000
4700000,3313539,4701000,1.41872,319,0,1000
4750000,3338293,4751000,1.42318,320,0,1000
4800000,3362886,4801000,1.42764,320,0,1000
4850000,3386998,4851000,1.43224,325,0,1000
4900000,3411299,4901000,1.4367,327,0,1000
4950000,3435359,4951000,1.44119,329,0,1000
5000000,3459230,5001000,1.4457,331,0,1000
5050000,3483405,5051000,1.45002,334,0,1000
5100000,3507183,5101000,1.45444,337,0,1000
5150000,3530832,5151000,1.45886,340,0,1000
5200000,3554418,5201000,1.46325,344,0,1000
5250000,3577902,5251000,1.4676200000000001,345,0,1000
5300000,3601258,5301000,1.47199,347,0,1000
5350000,3624352,5351000,1.4764,350,0,1000
5400000,3647854,5401000,1.4806,354,0,1000
5450000,3670978,5451000,1.48489,359,0,1000
5500000,3693949,5501000,1.48919,362,0,1000
5550000,3716947,5551000,1.49343,367,0,1000
5600000,3739938,5601000,1.4976200000000002,370,0,1000
5650000,3762741,5651000,1.50183,374,0,1000
5700000,3785455,5701000,1.50603,376,0,1000
5750000,3808198,5751000,1.51016,384,0,1000
5800000,3830813,5801000,1.5143,388,0,1000
5850000,3853117,5851000,1.51851,389,0,1000
5900000,3875707,5901000,1.5225600000000001,396,0,1000
5950000,3898121,5951000,1.52663,401,0,1000
6000000,3920370,6001000,1.53072,408,0,1000
6050000,3942130,6051000,1.53496,409,0,1000
6100000,3963984,6101000,1.53911,410,0,1000
6150000,3985918,6151000,1.54318,413,0,1000
6200000,4007755,6201000,1.54725,416,0,1000
6250000,4029256,6251000,1.5514,417,0,1000
6300000,4050942,6301000,1.55544,422,0,1000
6350000,4072812,6351000,1.55936,424,0,1000
6400000,4094336,6401000,1.56338,427,0,1000
6450000,4115850,6451000,1.56736,430,0,1000
6500000,4137310,6501000,1.57131,435,0,1000
6550000,4158799,6551000,1.57521,438,0,1000
6600000,4179867,6601000,1.57924,439,0,1000
6650000,4201044,6651000,1.58318,445,0,1000
6700000,4222080,6701000,1.58713,448,0,1000
6750000,4243109,6751000,1.59105,453,0,1000
6800000,4263889,6801000,1.59502,456,0,1000
6850000,4284854,6851000,1.59889,456,0,1000
6900000,4305844,6901000,1.60271,458,0,1000
6950000,4326306,6951000,1.6066799999999999,462,0,1000
7000000,4346930,7001000,1.61056,466,0,1000
7050000,4367584,7051000,1.61439,470,0,1000
7100000,4388269,7101000,1.61818,475,0,1000
7150000,4408634,7151000,1.62204,478,0,1000
7200000,4428961,7201000,1.62589,484,0,1000
7250000,4449258,7251000,1.62971,486,0,1000
7300000,4469454,7301000,1.63353,491,0,1000
7350000,4489792,7351000,1.63727,493,0,1000
7400000,4509946,7401000,1.64104,494,0,1000
7450000,4529745,7451000,1.6449,497,0,1000
7500000,4549620,7501000,1.64871,498,0,1000
7550000,4569736,7551000,1.6523900000000002,503,0,1000
7600000,4589736,7601000,1.65609,506,0,1000
7650000,4609532,7651000,1.65982,510,0,1000
7700000,4629349,7701000,1.66352,514,0,1000
7750000,4648836,7751000,1.6673,515,0,1000
7800000,4668446,7801000,1.6710099999999999,517,0,1000
