timestep,num_nodes,num_edges,average_degree,max_degree,num_triangles,new_edges
0,1956,1000,0.511247,1,0,1000
50000,79714,51000,0.639787,6,0,1000
100000,146202,101000,0.690825,9,0,1000
150000,207864,151000,0.726437,12,0,1000
200000,266364,201000,0.754606,14,0,1000
250000,322732,251000,0.7777350000000001,17,0,1000
300000,376915,301000,0.798589,21,0,1000
350000,429645,351000,0.816954,25,0,1000
400000,481109,401000,0.833491,27,0,1000
450000,531226,451000,0.84898,32,0,1000
500000,580257,501000,0.863411,36,0,1000
550000,628242,551000,0.877051,39,0,1000
600000,675581,601000,0.889605,41,0,1000
650000,721785,651000,0.9019309999999999,46,0,1000
700000,767386,701000,0.9134909999999999,52,0,1000
750000,812058,751000,0.924811,56,0,1000
800000,855915,801000,0.935841,60,0,1000
850000,899476,851000,0.946106,64,0,1000
900000,942323,901000,0.956148,64,0,1000
950000,984461,951000,0.9660110000000001,69,0,1000
1000000,1026018,1001000,0.975616,73,0,1000
1050000,1067094,1051000,0.9849180000000001,75,0,1000
1100000,1107637,1101000,0.994008,77,0,1000
1150000,1147577,1151000,1.00298,82,0,1000
1200000,1187167,1201000,1.01165,86,0,1000
1250000,1226172,1251000,1.02025,88,0,1000
1300000,1265051,1301000,1.0284200000000001,91,0,1000
1350000,1303388,1351000,1.03653,93,0,1000
1400000,1341467,1401000,1.0443799999999999,97,0,1000
1450000,1379007,1451000,1.05221,101,0,1000
1500000,1416402,1501000,1.0597299999999998,106,0,1000
1550000,1453320,1551000,1.06721,110,0,1000
1600000,1489766,1601000,1.07467,114,0,1000
1650000,1525896,1651000,1.08199,117,0,1000
1700000,1561496,1701000,1.08934,123,0,1000
1750000,1596940,1751000,1.09647,129,0,1000
1800000,1632188,1801000,1.10343,132,0,1000
1850000,1667244,1851000,1.11022,138,0,1000
1900000,1701808,1901000,1.11705,142,0,1000
1950000,1736093,1951000,1.12379,145,0,1000
2000000,1769995,2001000,1.1305100000000001,147,0,1000
2050000,1803849,2051000,1.13701,152,0,1000
2100000,1837398,2101000,1.1434600000000001,153,0,1000
2150000,1870835,2151000,1.14975,156,0,1000
2200000,1903836,2201000,1.15609,160,0,1000
2250000,1936542,2251000,1.16238,161,0,1000
2300000,1969156,2301000,1.16852,162,0,1000
2350000,2001371,2351000,1.17469,168,0,1000
2400000,2033778,2401000,1.18056,172,0,1000
2450000,2065679,2451000,1.1865299999999999,173,0,1000
2500000,2097147,2501000,1.1925700000000001,177,0,1000
2550000,2128361,2551000,1.1985700000000001,179,0,1000
2600000,2159226,2601000,1.2046,180,0,1000
2650000,2190053,2651000,1.2104700000000002,184,0,1000
2700000,2220831,2701000,1.21621,186,0,1000
2750000,2251420,2751000,1.2219,187,0,1000
2800000,2281582,2801000,1.22766,192,0,1000
2850000,2311682,2851000,1.2333,194,0,1000
2900000,2341549,2901000,1.23892,197,0,1000
2950000,2371084,2951000,1.24458,200,0,1000
3000000,2400844,3001000,1.2499799999999999,203,0,1000
3050000,2430200,3051000,1.25545,206,0,1000
3100000,2459223,3101000,1.2609700000000001,207,0,1000
3150000,2488220,3151000,1.26637,210,0,1000
3200000,2516969,3201000,1.27177,215,0,1000
3250000,2545412,3251000,1.2772,219,0,1000
3300000,2573718,3301000,1.2825799999999998,224,0,1000
3350000,2601939,3351000,1.28789,226,0,1000
3400000,2630028,3401000,1.29314,229,0,1000
3450000,2658056,3451000,1.2983200000000001,234,0,1000
3500000,2685976,3501000,1.30344,240,0,1000
3550000,2713642,3551000,1.30857,245,0,1000
3600000,2741230,3601000,1.31364,251,0,1000
3650000,2768564,3651000,1.31873,254,0,1000
3700000,2795802,3701000,1.3237700000000001,257,0,1000
3750000,2823006,3751000,1.32873,260,0,1000
3800000,2849876,3801000,1.33374,264,0,1000
3850000,2876610,3851000,1.33873,266,0,1000
3900000,2902976,3901000,1.34379,273,0,1000
3950000,2929484,3951000,1.3487,275,0,1000
4000000,2955804,4001000,1.35361,279,0,1000
4050000,2982016,4051000,1.35848,282,0,1000
4100000,3008174,4101000,1.36329,284,0,1000
4150000,3034200,4151000,1.3680700000000001,285,0,1000
4200000,3060331,4201000,1.37273,286,0,1000
4250000,3086082,4251000,1.37747,288,0,1000
4300000,3111884,4301000,1.38212,292,0,1000
4350000,3137377,4351000,1.38683,295,0,1000
4400000,3162660,4401000,1.39155,298,0,1000
4450000,3187859,4451000,1.3962299999999999,298,0,1000
4500000,3213083,4501000,1.4008399999999999,302,0,1000
4550000,3237998,4551000,1.4055,303,0,1000
4600000,3263057,4601000,1.41003,307,0,1000
4650000,3287974,4651000,1.41455,309,0,1000
4700000,3312794,4701000,1.4190399999999999,315,0,1000
4750000,3337339,4751000,1.42359,320,0,1000
4800000,3361867,4801000,1.42808,322,0,1000
4850000,3386189,4851000,1.43258,325,0,1000
4900000,3410418,4901000,1.43707,329,0,1000
4950000,3434528,4951000,1.44154,333,0,1000
5000000,3458585,5001000,1.44597,337,0,1000
5050000,3482500,5051000,1.45039,340,0,1000
5100000,3506608,5101000,1.45468,342,0,1000
5150000,3530330,5151000,1.45907,345,0,1000
5200000,3554007,5201000,1.4634200000000002,349,0,1000
5250000,3577635,5251000,1.46773,352,0,1000
5300000,3601345,5301000,1.47195,354,0,1000
5350000,3624652,5351000,1.47628,356,0,1000
5400000,3647913,5401000,1.4805700000000002,362,0,1000
5450000,3671266,5451000,1.4847700000000001,366,0,1000
5500000,3694298,5501000,1.48905,371,0,1000
5550000,3717365,5551000,1.49326,375,0,1000
5600000,3740287,5601000,1.49748,380,0,1000
5650000,3763134,5651000,1.50167,383,0,1000
5700000,3785936,5701000,1.50584,386,0,1000
5750000,3808530,5751000,1.51003,392,0,1000
5800000,3830910,5801000,1.51426,394,0,1000
5850000,3853582,5851000,1.51833,395,0,1000
5900000,3875887,5901000,1.52249,398,0,1000
5950000,3898172,5951000,1.52661,402,0,1000
6000000,3920235,6001000,1.53078,406,0,1000
6050000,3942419,6051000,1.53484,408,0,1000
6100000,3964517,6101000,1.5389,412,0,1000
6150000,3986413,6151000,1.5429899999999999,414,0,1000
6200000,4008365,6201000,1.54701,416,0,1000
6250000,4030122,6251000,1.5510700000000002,418,0,1000
6300000,4051965,6301000,1.55505,419,0,1000
6350000,4073703,6351000,1.55902,422,0,1000
6400000,4095245,6401000,1.56303,426,0,1000
6450000,4116652,6451000,1.56705,429,0,1000
6500000,4138065,6501000,1.57102,431,0,1000
6550000,4159507,6551000,1.57495,432,0,1000
6600000,4180913,6601000,1.57884,437,0,1000
6650000,4201947,6651000,1.58284,442,0,1000
6700000,4223010,6701000,1.5867799999999999,445,0,1000
6750000,4244030,6751000,1.59071,448,0,1000
6800000,4264926,6801000,1.59463,452,0,1000
6850000,4285809,6851000,1.59853,455,0,1000
6900000,4306674,6901000,1.6024,455,0,1000
6950000,4327336,6951000,1.6063,460,0,1000
7000000,4347970,7001000,1.61018,464,0,1000
7050000,4368596,7051000,1.61402,468,0,1000
7100000,4389117,7101000,1.6178700000000001,468,0,1000
7150000,4409503,7151000,1.62172,472,0,1000
7200000,4429591,7201000,1.62566,474,0,1000
7250000,4449665,7251000,1.6295600000000001,478,0,1000
7300000,4469967,7301000,1.63335,486,0,1000
7350000,4490032,7351000,1.6371799999999999,487,0,1000
7400000,4510160,7401000,1.6409599999999998,489,0,1000
7450000,4530234,7451000,1.64473,496,0,1000
7500000,4550155,7501000,1.64852,500,0,1000
7550000,4570072,7551000,1.6522700000000001,507,0,1000
7600000,4589964,7601000,1.656,509,0,1000
7650000,4609700,7651000,1.65976,510,0,1000
7700000,4629417,7701000,1.6634900000000001,515,0,1000
7750000,4649147,7751000,1.6671900000000002,517,0,1000
7800000,4668592,7801000,1.67095,519,0,1000
