timestep,num_nodes,num_edges,average_degree,max_degree,num_triangles,new_edges
0,1808,1000,0.5530970000000001,10,0,1000
50000,55427,51000,0.9201290000000001,596,1,1000
100000,96404,101000,1.04767,1176,9,1000
150000,131093,151000,1.15185,1730,32,1000
200000,161146,200998,1.2473,2352,56,1000
250000,188005,250998,1.3350600000000001,2919,100,1000
300000,212008,300998,1.41975,3499,155,1000
350000,233737,350998,1.50168,4087,240,1000
400000,253843,400997,1.5797,4669,365,1000
450000,272237,450997,1.6566299999999998,5264,583,1000
500000,289353,500997,1.73144,5854,778,1000
550000,305273,550997,1.80493,6385,1069,1000
600000,320187,600997,1.8770200000000001,6990,1352,1000
650000,334133,650997,1.94832,7592,1659,1000
700000,347439,700997,2.01761,8181,2047,1000
750000,360001,750997,2.0861,8788,2488,1000
800000,371909,800997,2.15374,9385,4341,1000
850000,383249,850997,2.22048,9963,5080,1000
900000,394167,900997,2.28583,10562,5835,1000
950000,404444,950997,2.35137,11105,6636,1000
1000000,414230,1000997,2.4165200000000002,11691,7568,1000
1050000,423462,1050997,2.48192,12290,9017,1000
1100000,432252,1100996,2.54712,12880,10073,1000
1150000,440896,1150996,2.61058,13467,13118,1000
1200000,449153,1200996,2.67391,14075,14272,1000
1250000,457099,1250996,2.7368200000000003,14676,15717,1000
1300000,464674,1300996,2.7998,15305,17390,1000
1350000,471976,1350996,2.86243,15894,19019,1000
1400000,479225,1400996,2.92346,16489,20757,1000
1450000,486039,1450995,2.98535,17037,22755,1000
1500000,492506,1500995,3.04767,17598,24800,1000
1550000,498823,1550995,3.10931,18194,27061,1000
1600000,505048,1600995,3.1699900000000003,18789,29514,1000
1650000,510966,1650994,3.23112,19399,32345,1000
1700000,516727,1700994,3.29186,20002,35283,1000
1750000,522188,1750993,3.35319,20607,38352,1000
1800000,527639,1800993,3.41331,21211,41536,1000
1850000,532751,1850992,3.4744,21764,44360,1000
1900000,537882,1900992,3.53422,22306,47532,1000
1950000,542741,1950992,3.5947,22887,50959,1000
2000000,547431,2000991,3.65524,23493,54594,1000
2050000,552044,2050991,3.71527,24072,58507,1000
2100000,556562,2100991,3.77495,24677,62219,1000
2150000,560845,2150989,3.83526,25256,66253,1000
2200000,565117,2200989,3.89475,25855,70340,1000
2250000,569270,2250988,3.9541699999999995,26399,74834,1000
2300000,573233,2300988,4.01405,27002,79201,1000
2350000,577098,2350988,4.07381,27589,84806,1000
2400000,580857,2400988,4.13353,28192,89988,1000
2450000,584510,2450988,4.19324,28777,94979,1000
2500000,588081,2500988,4.2528,29380,100523,1000
2550000,591589,2550988,4.3121,29991,106797,1000
2600000,594943,2600987,4.37183,30564,112402,1000
2650000,598211,2650986,4.43152,31171,118199,1000
2700000,601420,2700986,4.49101,31740,124691,1000
2750000,604437,2750986,4.55132,32404,131695,1000
2800000,607467,2800986,4.610930000000001,32981,138431,1000
2850000,610450,2850986,4.6703,33553,145553,1000
2900000,613379,2900986,4.72952,34143,152196,1000
2950000,616204,2950986,4.7889800000000005,34727,160101,1000
3000000,618894,3000984,4.84895,35332,167968,1000
3050000,621558,3050982,4.9086,35981,175301,1000
3100000,624218,3100981,4.96779,36570,183247,1000
3150000,626777,3150981,5.02728,37137,192226,1000
3200000,629320,3200981,5.08641,37725,201978,1000
3250000,631749,3250980,5.146,38298,210562,1000
3300000,634118,3300979,5.20562,38909,219628,1000
3350000,636522,3350978,5.26451,39473,228981,1000
3400000,638862,3400978,5.3234900000000005,40044,238297,1000
3450000,640986,3450978,5.383859999999999,40660,248913,1000
3500000,643106,3500978,5.44386,41255,259574,1000
3550000,645190,3550978,5.503769999999999,41817,271373,1000
3600000,647190,3600977,5.564019999999999,42424,282874,1000
3650000,649146,3650977,5.624280000000001,42970,293927,1000
3700000,651146,3700977,5.68379,43608,306927,1000
3750000,653089,3750977,5.7434400000000005,44226,318074,1000
3800000,654961,3800976,5.80336,44840,332586,1000
3850000,656781,3850975,5.86341,45435,345177,1000
3900000,658577,3900975,5.9233400000000005,46049,356946,1000
3950000,660405,3950974,5.98265,46661,370285,1000
4000000,662198,4000974,6.0419599999999996,47238,386712,1000
4050000,663918,4050974,6.10162,47839,401878,1000
4100000,665536,4100974,6.16191,48485,417739,1000
4150000,667168,4150973,6.22178,49057,432998,1000
4200000,668675,4200973,6.28253,49656,458391,1000
4250000,670175,4250972,6.3430800000000005,50259,523598,1000
4300000,671704,4300971,6.40307,50855,538897,1000
4350000,673159,4350968,6.463509999999999,51472,554503,1000
4400000,674595,4400966,6.52386,52021,573505,1000
4450000,675996,4450965,6.58431,52625,590581,1000
4500000,677365,4500965,6.6448100000000005,53186,607604,1000
4550000,678761,4550965,6.70481,53774,625216,1000
4600000,680074,4600965,6.765389999999999,54376,644271,1000
4650000,681401,4650964,6.825589999999999,54971,663340,1000
4700000,682717,4700963,6.885669999999999,55579,683501,1000
4750000,683979,4750963,6.94607,56184,704952,1000
4800000,685170,4800962,7.00696,56794,725878,1000
4850000,686431,4850962,7.06693,57406,750049,1000
4900000,687641,4900962,7.127210000000001,58009,771781,1000
4950000,688787,4950962,7.187939999999999,58609,792295,1000
5000000,689955,5000962,7.248239999999999,59232,814136,1000
5050000,691073,5050961,7.30887,59835,839781,1000
5100000,692206,5100958,7.36913,60388,863156,1000
5150000,693304,5150955,7.4295800000000005,60990,891040,1000
5200000,694343,5200954,7.490469999999999,61602,914978,1000
5250000,695374,5250953,7.551260000000001,62185,938659,1000
5300000,696381,5300951,7.612139999999999,62767,963288,1000
5350000,697382,5350948,7.672910000000001,63375,988278,999
5400000,698407,5400945,7.733230000000001,63972,1012505,1000
5450000,699373,5450944,7.79404,64558,1037116,1000
5500000,700356,5500944,7.8545,65134,1061007,1000
5550000,701329,5550944,7.91489,65726,1087923,1000
5600000,702291,5600943,7.97525,66345,1113469,1000
5650000,703190,5650942,8.03615,66951,1141644,1000
5700000,704087,5700941,8.09693,67531,1169343,1000
5750000,704953,5750940,8.157910000000001,68165,1199923,1000
5800000,705796,5800939,8.219,68772,1235060,999
5850000,706614,5850937,8.28024,69345,1264933,1000
5900000,707440,5900936,8.34125,69955,1298063,1000
5950000,708231,5950935,8.40253,70530,1329861,1000
6000000,709034,6000935,8.46354,71127,1357600,1000
6050000,709788,6050935,8.524989999999999,71745,1389384,1000
6100000,710488,6100934,8.586960000000001,72337,1426334,1000
6150000,711218,6150933,8.64845,72933,1462866,1000
6200000,712016,6200930,8.70898,73529,1499099,1000
6250000,712768,6250929,8.76993,74169,1534782,1000
6300000,713443,6300928,8.831719999999999,74758,1571554,1000
6350000,714131,6350928,8.89323,75406,1607414,1000
6400000,714806,6400928,8.95478,75998,1641046,1000
6450000,715474,6450925,9.0163,76589,1677870,1000
6500000,716152,6500924,9.077580000000001,77106,1716369,1000
6550000,716814,6550923,9.13894,77681,1752795,1000
6600000,717422,6600922,9.20089,78284,1788739,1000
6650000,718058,6650921,9.262369999999999,78871,1829451,1000
6700000,718689,6700919,9.32381,79472,1869877,1000
6750000,719329,6750918,9.385019999999999,80108,1912627,1000
6800000,719908,6800917,9.44693,80716,1949776,1000
6850000,720561,6850913,9.50775,81258,1995946,1000
6900000,721111,6900911,9.56983,81850,2035581,1000
6950000,721674,6950911,9.63165,82440,2085103,1000
7000000,722236,7000910,9.69338,83034,2128007,1000
7050000,722812,7050908,9.75483,83622,2173685,1000
7100000,723337,7100907,9.81687,84215,2214773,1000
7150000,723872,7150905,9.878689999999999,84812,2259914,1000
7200000,724422,7200903,9.9402,85415,2311054,1000
7250000,724941,7250903,10.0021,85995,2357310,1000
7300000,725442,7300903,10.0641,86660,2402282,1000
7350000,725940,7350903,10.126,87235,2448360,1000
7400000,726448,7400902,10.1878,87781,2493518,1000
7450000,726910,7450899,10.2501,88388,2539409,1000
7500000,727372,7500898,10.3123,88985,2587913,1000
7550000,727811,7550895,10.3748,89590,2634909,1000
7600000,728288,7600893,10.4367,90195,2686362,1000
7650000,728748,7650891,10.4987,90809,2742351,1000
7700000,729207,7700891,10.5606,91408,2797625,1000
7750000,729658,7750891,10.6226,92043,2850068,1000
7800000,730084,7800889,10.6849,92577,2898827,1000
7850000,730509,7850888,10.7471,93150,2959935,1000
7900000,730935,7900885,10.8093,93712,3011686,1000
7950000,731340,7950885,10.8717,94311,3071270,1000
8000000,731743,8000882,10.934000000000001,94907,3132289,1000
8050000,732145,8050880,10.9963,95503,3192600,1000
8100000,732563,8100879,11.0583,96106,3252240,1000
8150000,732959,8150877,11.1205,96742,3319601,1000
8200000,733381,8200877,11.1823,97396,3388830,1000
8250000,733742,8250877,11.2449,97943,3446100,1000
8300000,734092,8300877,11.3077,98516,3509021,1000
8350000,734453,8350877,11.3702,99089,3568805,1000
8400000,734814,8400875,11.4327,99664,3624855,1000
8450000,735177,8450874,11.495,100225,3693166,1000
8500000,735580,8500872,11.5567,100833,3752352,1000
8550000,735910,8550871,11.6195,101427,3810282,1000
8600000,736277,8600870,11.6816,102039,3873850,1000
8650000,736619,8650867,11.744000000000002,102601,3932301,1000
8700000,736979,8700864,11.8061,103238,3999148,1000
8750000,737304,8750863,11.8687,103767,4065678,1000
8800000,737664,8800860,11.9307,104419,4137954,1000
8850000,738007,8850857,11.9929,105054,4203782,1000
8900000,738317,8900856,12.0556,105670,4276665,1000
8950000,738597,8950854,12.1187,106273,4344182,1000
9000000,738939,9000853,12.1808,106843,4425114,1000
9050000,739257,9050853,12.2432,107454,4491221,1000
9100000,739582,9100853,12.3054,108014,4573977,1000
9150000,739894,9150851,12.3678,108629,4652227,1000
9200000,740186,9200849,12.4305,109204,4729315,1000
9250000,740472,9250849,12.4932,109779,4799028,1000
9300000,740739,9300845,12.5562,110378,4868191,1000
9350000,741002,9350843,12.6192,110987,4937687,1000
9400000,741272,9400843,12.682,111605,5007752,1000
9450000,741508,9450842,12.7454,112198,5077602,1000
9500000,741795,9500841,12.8079,112766,5147898,1000
9550000,742052,9550841,12.8709,113313,5232719,1000
9600000,742284,9600838,12.9342,113892,5311196,1000
9650000,742521,9650835,12.9974,114473,5395567,1000
9700000,742778,9700834,13.0602,115030,5474903,1000
9750000,743049,9750833,13.1227,115634,5566583,1000
9800000,743269,9800833,13.1861,116225,5645116,1000
9850000,743500,9850831,13.2493,116801,5721556,1000
9900000,743709,9900828,13.3128,117399,5802774,1000
9950000,743938,9950827,13.3759,117960,5891385,1000
10000000,744154,10000826,13.4392,118571,5978526,1000
10050000,744393,10050825,13.502,119162,6071630,1000
10100000,744614,10100825,13.5652,119772,6164422,1000
10150000,744852,10150823,13.628,120375,6260650,1000
10200000,745072,10200822,13.6911,121010,6360165,1000
10250000,745283,10250822,13.7543,121580,6454059,1000
10300000,745509,10300821,13.8172,122222,6543624,1000
10350000,745712,10350818,13.8804,122819,6634415,1000
10400000,745958,10400815,13.9429,123403,6733972,1000
10450000,746181,10450814,14.0057,123981,6826247,1000
10500000,746372,10500812,14.0691,124572,6912884,1000
10550000,746585,10550809,14.1321,125168,7011885,1000
10600000,746809,10600808,14.1948,125758,7110130,1000
10650000,747011,10650805,14.2579,126333,7191351,999
10700000,747212,10700801,14.321,126903,7294711,1000
10750000,747425,10750801,14.3838,127555,7402595,1000
10800000,747606,10800798,14.4472,128169,7493428,1000
10850000,747818,10850796,14.5099,128722,7595199,1000
10900000,747999,10900793,14.5733,129287,7705051,1000
10950000,748190,10950791,14.6364,129934,7810801,1000
11000000,748374,11000789,14.6996,130484,7914710,1000
11050000,748574,11050787,14.7625,131062,8013125,1000
11100000,748738,11100784,14.825999999999999,131644,8124228,1000
11150000,748920,11150781,14.8891,132241,8224903,1000
11200000,749107,11200780,14.9522,132805,8322642,1000
11250000,749286,11250777,15.0153,133415,8436419,1000
11300000,749468,11300776,15.0784,133994,8544177,1000
11350000,749623,11350774,15.142000000000001,134582,8654197,999
11400000,749776,11400772,15.2056,135181,8765662,1000
11450000,749950,11450771,15.2687,135777,8872175,1000
11500000,750110,11500771,15.3321,136353,8981143,1000
11550000,750269,11550767,15.3955,136939,9100695,1000
11600000,750423,11600766,15.459000000000001,137502,9220368,1000
11650000,750573,11650764,15.5225,138101,9338334,1000
11700000,750734,11700763,15.5858,138677,9455079,1000
11750000,750889,11750758,15.6491,139235,9581608,999
11800000,751033,11800758,15.7127,139832,9691768,1000
11850000,751203,11850757,15.7757,140425,9809956,1000
11900000,751371,11900756,15.8387,141006,9929155,1000
11950000,751535,11950753,15.9018,141618,10051160,1000
12000000,751676,12000750,15.9653,142215,10179835,1000
12050000,751804,12050749,16.0291,142804,10316061,1000
12100000,751959,12100746,16.0923,143401,10429487,1000
12150000,752102,12150743,16.1557,143994,10554685,1000
12200000,752250,12200740,16.219,144580,10686541,1000
12250000,752395,12250739,16.2823,145168,10823032,1000
12300000,752532,12300736,16.3458,145730,10954049,1000
12350000,752670,12350732,16.4092,146338,11090836,999
12400000,752802,12400730,16.4728,146965,11243524,1000
12450000,752932,12450728,16.5363,147565,11364184,1000
12500000,753039,12500723,16.6004,148115,11494937,1000
12550000,753177,12550721,16.6637,148724,11632528,1000
12600000,753292,12600717,16.7275,149320,11761416,1000
12650000,753409,12650716,16.7913,149926,11893056,1000
12700000,753536,12700714,16.8548,150535,12047205,999
12750000,753678,12750712,16.918,151098,12197864,1000
12800000,753795,12800711,16.9817,151730,12328858,1000
12850000,753925,12850709,17.0451,152306,12463196,1000
12900000,754042,12900708,17.1087,152858,12596018,1000
12950000,754157,12950704,17.1724,153479,12744148,1000
13000000,754264,13000701,17.2363,154057,12869446,1000
13050000,754384,13050699,17.2998,154669,13017775,1000
13100000,754505,13100698,17.3633,155262,13159431,1000
13150000,754629,13150694,17.4267,155870,13296609,1000
13200000,754750,13200694,17.4902,156495,13453535,1000
13250000,754850,13250694,17.5541,157138,13596156,1000
13300000,754974,13300690,17.6174,157702,13751470,1000
13350000,755085,13350687,17.680999999999997,158307,13913099,1000
13400000,755211,13400686,17.7443,158936,14057527,1000
13450000,755308,13450681,17.8082,159530,14201105,1000
13500000,755410,13500678,17.872,160139,14350325,999
13550000,755519,13550675,17.9356,160755,14518029,1000
13600000,755621,13600671,17.9993,161358,14688178,1000
13650000,755719,13650670,18.0632,161963,14859294,1000
