timestep,num_nodes,num_edges,average_degree,max_degree,num_triangles,new_edges
0,1798,1000,0.556174,13,0,1000
50000,55308,51000,0.9221090000000001,626,2,1000
100000,96368,101000,1.04807,1202,3,1000
150000,130968,151000,1.15295,1780,15,1000
200000,161147,201000,1.2473100000000001,2360,42,1000
250000,187937,251000,1.33555,2943,80,1000
300000,212110,301000,1.41908,3521,159,1000
350000,233943,351000,1.50037,4122,341,1000
400000,253844,400999,1.57971,4762,481,1000
450000,272192,450999,1.6569099999999999,5349,890,1000
500000,289247,500999,1.7320799999999998,5940,1106,1000
550000,305204,550999,1.80535,6518,1402,1000
600000,320194,600998,1.8769799999999999,7129,1720,1000
650000,334157,650998,1.94818,7742,2117,1000
700000,347516,700998,2.01717,8309,2573,1000
750000,360095,750997,2.08555,8903,3048,1000
800000,371981,800997,2.15333,9532,3553,1000
850000,383266,850997,2.22038,10156,4264,1000
900000,393905,900997,2.28735,10753,4966,1000
950000,404163,950997,2.353,11331,5782,1000
1000000,413854,1000997,2.41872,11880,6504,1000
1050000,423139,1050997,2.48381,12425,7349,1000
1100000,432196,1100996,2.54745,13010,8366,1000
1150000,440863,1150996,2.61078,13591,9557,1000
1200000,449118,1200996,2.6741200000000003,14183,10723,1000
1250000,457114,1250996,2.73673,14767,12143,1000
1300000,464647,1300996,2.79997,15343,13685,1000
1350000,472023,1350996,2.86214,15943,16563,1000
1400000,479048,1400996,2.9245400000000004,16537,18321,1000
1450000,485964,1450996,2.98581,17098,20127,1000
1500000,492556,1500996,3.04736,17727,22031,1000
1550000,498888,1550996,3.10891,18331,24208,1000
1600000,505011,1600996,3.17022,18946,26453,1000
1650000,510986,1650996,3.2310000000000003,19524,28638,1000
1700000,516641,1700996,3.29241,20084,31454,1000
1750000,522203,1750995,3.3530900000000003,20638,33879,1000
1800000,527633,1800995,3.41335,21226,36926,1000
1850000,532843,1850994,3.47381,21788,40227,1000
1900000,537839,1900994,3.5345,22334,43355,1000
1950000,542821,1950994,3.59418,22937,47252,1000
2000000,547511,2000994,3.6547099999999997,23551,50964,1000
2050000,552067,2050993,3.7151199999999998,24121,55102,1000
2100000,556594,2100993,3.7747300000000004,24753,59548,1000
2150000,560932,2150993,3.83468,25322,63926,1000
2200000,565134,2200993,3.8946400000000003,25873,68366,1000
2250000,569217,2250993,3.95454,26471,73050,1000
2300000,573255,2300993,4.01391,27054,77952,1000
2350000,577145,2350993,4.0734900000000005,27661,82934,1000
2400000,580869,2400993,4.13345,28252,87461,1000
2450000,584479,2450993,4.19347,28850,92547,1000
2500000,588025,2500992,4.25321,29459,98228,1000
2550000,591481,2550992,4.31289,29999,106871,1000
2600000,594832,2600991,4.37265,30582,112727,1000
2650000,598124,2650991,4.432180000000001,31172,118717,1000
2700000,601348,2700990,4.49156,31801,124973,1000
2750000,604371,2750990,4.551819999999999,32398,131279,1000
2800000,607440,2800990,4.61114,33010,137638,1000
2850000,610350,2850989,4.671069999999999,33640,144149,1000
2900000,613288,2900989,4.73022,34234,151439,1000
2950000,616157,2950989,4.78935,34836,158624,1000
3000000,618826,3000988,4.84949,35429,166730,1000
3050000,621428,3050987,4.9096400000000004,36024,175297,1000
3100000,624072,3100986,4.96896,36602,185173,1000
3150000,626590,3150986,5.02878,37205,194733,1000
3200000,629090,3200986,5.08828,37802,202505,1000
3250000,631555,3250985,5.14759,38346,211228,1000
3300000,633860,3300985,5.20775,38945,220337,1000
3350000,636193,3350985,5.26725,39507,230439,1000
3400000,638476,3400984,5.32672,40110,240776,1000
3450000,640716,3450983,5.38614,40719,251517,1000
3500000,642970,3500981,5.44501,41304,261450,1000
3550000,645085,3550979,5.50467,41904,274406,1000
3600000,647186,3600979,5.56406,42513,285094,1000
3650000,649213,3650977,5.6237,43096,297193,1000
3700000,651149,3700977,5.6837599999999995,43725,309166,1000
3750000,653130,3750977,5.74308,44344,320156,1000
3800000,655024,3800977,5.80281,44932,331774,1000
3850000,656838,3850977,5.8629,45517,343153,1000
3900000,658569,3900976,5.92341,46099,357089,1000
3950000,660318,3950976,5.98344,46702,375510,1000
4000000,662042,4000975,6.0433900000000005,47250,389337,1000
4050000,663708,4050974,6.10355,47887,403161,1000
4100000,665332,4100974,6.1638,48509,418303,1000
4150000,666985,4150971,6.22348,49093,432661,1000
4200000,668628,4200971,6.28297,49683,449932,1000
4250000,670154,4250971,6.3432699999999995,50255,466423,1000
4300000,671654,4300970,6.40355,50852,481828,1000
4350000,673107,4350970,6.46401,51442,498060,1000
4400000,674538,4400969,6.52442,52038,515356,1000
4450000,675981,4450969,6.584460000000001,52621,534413,1000
4500000,677397,4500969,6.64451,53236,553472,1000
4550000,678772,4550969,6.70471,53838,570977,1000
4600000,680098,4600969,6.765160000000001,54421,588076,1000
4650000,681401,4650969,6.8256,55015,606765,1000
4700000,682699,4700967,6.885860000000001,55584,625364,1000
4750000,683949,4750966,6.94637,56208,646231,1000
4800000,685155,4800965,7.00712,56799,670287,1000
4850000,686407,4850965,7.0671800000000005,57382,693587,1000
4900000,687605,4900965,7.12759,57956,714032,1000
4950000,688793,4950964,7.187880000000001,58592,737328,1000
5000000,689977,5000963,7.248010000000001,59180,759485,1000
5050000,691116,5050962,7.30841,59806,781049,1000
5100000,692242,5100962,7.368760000000001,60406,805440,1000
5150000,693308,5150962,7.429539999999999,60974,827626,1000
5200000,694413,5200960,7.489719999999999,61527,851177,1000
5250000,695392,5250960,7.551080000000001,62120,877166,1000
5300000,696406,5300958,7.61188,62715,902146,1000
5350000,697401,5350956,7.67271,63310,928622,1000
5400000,698369,5400955,7.73367,63897,954232,1000
5450000,699353,5450954,7.7942800000000005,64460,984306,1000
5500000,700315,5500954,7.85497,65066,1012895,1000
5550000,701188,5550953,7.9165,65656,1040450,1000
5600000,702083,5600953,7.97762,66258,1073325,1000
5650000,703005,5650951,8.03828,66860,1098296,1000
5700000,703891,5700950,8.09919,67467,1128132,1000
5750000,704735,5750950,8.16044,68042,1159408,1000
5800000,705558,5800948,8.221789999999999,68651,1188800,1000
5850000,706356,5850946,8.28328,69269,1219383,1000
5900000,707136,5900945,8.34485,69859,1248003,1000
5950000,707962,5950944,8.40574,70471,1279994,1000
6000000,708746,6000944,8.46699,71074,1308148,1000
6050000,709557,6050942,8.52777,71640,1337500,1000
6100000,710347,6100942,8.58868,72241,1369795,1000
6150000,711095,6150941,8.64996,72837,1406927,1000
6200000,711827,6200939,8.7113,73434,1441861,1000
6250000,712547,6250938,8.77267,74084,1475459,1000
6300000,713280,6300937,8.83375,74704,1513507,1000
6350000,713988,6350930,8.895010000000001,75301,1551571,1000
6400000,714662,6400928,8.95658,75866,1592242,1000
6450000,715335,6450926,9.01805,76475,1624605,1000
6500000,715977,6500924,9.07979,77043,1662674,1000
6550000,716630,6550924,9.14129,77642,1697957,1000
6600000,717244,6600924,9.20318,78245,1736912,1000
6650000,717836,6650924,9.265239999999999,78869,1777999,1000
6700000,718481,6700924,9.32652,79481,1812962,1000
6750000,719099,6750923,9.38803,80057,1848590,1000
6800000,719681,6800922,9.449910000000001,80708,1889129,1000
6850000,720264,6850920,9.51168,81270,1929345,1000
6900000,720880,6900920,9.57291,81893,1972346,1000
6950000,721495,6950920,9.63405,82482,2016840,1000
7000000,722059,7000920,9.69577,83101,2074862,1000
7050000,722638,7050920,9.7572,83695,2114588,1000
7100000,723225,7100920,9.81841,84266,2159209,1000
7150000,723788,7150920,9.87985,84835,2198527,1000
7200000,724324,7200919,9.94157,85408,2242095,1000
7250000,724841,7250917,10.0035,86017,2296103,1000
7300000,725377,7300916,10.065,86614,2340711,1000
7350000,725910,7350915,10.1265,87193,2390792,1000
7400000,726369,7400913,10.1889,87802,2445286,1000
7450000,726866,7450912,10.2507,88407,2493961,1000
7500000,727363,7500910,10.3125,89039,2552131,1000
7550000,727870,7550910,10.374,89629,2604236,1000
7600000,728331,7600910,10.4361,90255,2655034,1000
7650000,728787,7650908,10.4981,90852,2700726,1000
7700000,729195,7700906,10.5608,91447,2747387,1000
7750000,729647,7750903,10.6228,92062,2799777,1000
7800000,730065,7800902,10.6852,92698,2851463,1000
7850000,730521,7850901,10.747,93304,2897767,1000
7900000,730937,7900900,10.8093,93914,2944224,1000
7950000,731361,7950897,10.8714,94513,2999566,1000
8000000,731759,8000895,10.9338,95074,3050891,1000
8050000,732166,8050893,10.995999999999999,95682,3110139,1000
8100000,732556,8100893,11.0584,96291,3165706,1000
8150000,732962,8150890,11.1205,96912,3226497,999
8200000,733350,8200887,11.1828,97537,3284682,1000
8250000,733721,8250884,11.2453,98110,3351532,1000
8300000,734119,8300883,11.3073,98702,3425898,1000
8350000,734486,8350882,11.3697,99226,3502388,1000
8400000,734845,8400881,11.4322,99802,3558322,1000
8450000,735210,8450880,11.4945,100453,3613926,1000
8500000,735572,8500880,11.5568,101038,3674117,1000
8550000,735977,8550878,11.6184,101626,3739780,1000
8600000,736332,8600877,11.6807,102226,3797250,1000
8650000,736659,8650876,11.7434,102801,3858472,1000
8700000,736987,8700876,11.806,103433,3919590,1000
8750000,737334,8750873,11.8683,103971,3980692,1000
8800000,737660,8800871,11.9308,104530,4052617,1000
8850000,737991,8850870,11.9932,105141,4126819,1000
8900000,738304,8900866,12.0558,105716,4204351,1000
8950000,738618,8950864,12.1184,106336,4271685,1000
9000000,738933,9000862,12.1809,106898,4335933,1000
9050000,739264,9050860,12.2431,107466,4402202,1000
9100000,739560,9100859,12.3058,108085,4471952,1000
9150000,739870,9150858,12.3682,108687,4539559,1000
9200000,740168,9200855,12.4308,109276,4611658,1000
9250000,740434,9250851,12.4938,109841,4689227,1000
9300000,740708,9300851,12.5567,110430,4770935,1000
9350000,741013,9350848,12.619000000000002,111028,4844314,1000
9400000,741268,9400847,12.6821,111621,4920131,1000
9450000,741550,9450844,12.7447,112227,4990338,1000
9500000,741838,9500843,12.8072,112838,5067119,1000
9550000,742104,9550842,12.87,113396,5148509,1000
9600000,742352,9600841,12.933,114019,5223559,1000
9650000,742592,9650840,12.9962,114609,5313536,1000
9700000,742828,9700837,13.0593,115231,5394883,1000
9750000,743071,9750834,13.1223,115830,5479213,999
9800000,743327,9800834,13.1851,116472,5564781,1000
9850000,743589,9850832,13.2477,117022,5647432,1000
9900000,743827,9900830,13.3107,117583,5725855,1000
9950000,744072,9950826,13.3735,118191,5817499,1000
10000000,744319,10000822,13.4362,118789,5911763,1000
10050000,744546,10050821,13.4993,119384,6008582,1000
10100000,744783,10100821,13.5621,119950,6105360,1000
10150000,745021,10150817,13.6249,120516,6191114,1000
10200000,745255,10200816,13.6877,121056,6277750,1000
10250000,745493,10250815,13.7504,121624,6362853,1000
10300000,745704,10300812,13.8135,122205,6452911,1000
10350000,745915,10350811,13.8767,122768,6540397,1000
10400000,746106,10400806,13.9401,123394,6652593,1000
10450000,746304,10450806,14.0034,123965,6741081,1000
10500000,746510,10500804,14.0665,124514,6831780,1000
10550000,746707,10550802,14.1298,125104,6929040,1000
10600000,746938,10600801,14.1923,125691,7028448,1000
10650000,747139,10650800,14.2554,126298,7127420,1000
10700000,747328,10700797,14.3187,126880,7219409,1000
10750000,747521,10750796,14.3819,127495,7327962,1000
10800000,747724,10800795,14.4449,128085,7421938,1000
10850000,747921,10850793,14.5079,128672,7538725,1000
10900000,748105,10900791,14.5712,129255,7643358,1000
10950000,748287,10950788,14.6345,129831,7743848,1000
11000000,748444,11000785,14.6982,130447,7850605,1000
11050000,748634,11050784,14.7613,131069,7953116,1000
11100000,748811,11100783,14.8245,131701,8059546,1000
11150000,748985,11150780,14.8879,132301,8168273,1000
11200000,749146,11200776,14.9514,132904,8270493,1000
11250000,749307,11250775,15.0149,133504,8396889,1000
11300000,749489,11300773,15.078,134085,8520012,1000
11350000,749671,11350771,15.140999999999998,134669,8629539,1000
11400000,749826,11400767,15.2046,135298,8745395,1000
11450000,749979,11450764,15.2681,135888,8864557,1000
11500000,750151,11500761,15.3313,136476,8978768,1000
11550000,750305,11550756,15.3947,137072,9086784,1000
11600000,750471,11600752,15.458,137659,9202593,1000
11650000,750623,11650751,15.5214,138265,9326871,1000
11700000,750796,11700747,15.5845,138881,9441150,1000
11750000,750929,11750745,15.6483,139445,9559653,1000
11800000,751087,11800745,15.7116,140015,9669918,1000
11850000,751237,11850745,15.775,140574,9782785,1000
11900000,751388,11900742,15.8383,141192,9908817,1000
11950000,751537,11950740,15.9017,141833,10036601,1000
12000000,751692,12000737,15.965,142395,10162414,1000
12050000,751837,12050737,16.0284,142976,10276788,1000
12100000,751984,12100734,16.0917,143570,10398395,1000
12150000,752120,12150733,16.1553,144178,10522268,1000
12200000,752253,12200732,16.2189,144796,10645261,1000
12250000,752406,12250730,16.2821,145374,10752501,1000
12300000,752546,12300729,16.3455,145908,10880742,1000
12350000,752681,12350727,16.409000000000002,146499,11011961,1000
12400000,752796,12400726,16.4729,147069,11138906,1000
12450000,752921,12450726,16.5366,147649,11274438,1000
12500000,753050,12500721,16.6001,148234,11404609,1000
12550000,753172,12550717,16.6638,148802,11534436,1000
12600000,753302,12600714,16.7273,149394,11679552,1000
12650000,753442,12650714,16.7906,149992,11824890,1000
12700000,753556,12700712,16.8544,150655,11968915,1000
12750000,753695,12750710,16.9176,151224,12106175,1000
12800000,753818,12800706,16.9812,151804,12251466,1000
12850000,753943,12850705,17.0447,152405,12386597,999
12900000,754067,12900701,17.1082,153062,12521121,1000
12950000,754172,12950701,17.1721,153667,12648889,1000
13000000,754280,13000700,17.2359,154239,12780058,1000
13050000,754422,13050696,17.2989,154824,13084985,1000
13100000,754538,13100694,17.3625,155448,13242794,1000
13150000,754640,13150693,17.4264,156035,13376807,1000
13200000,754760,13200690,17.4899,156604,13526046,1000
13250000,754880,13250687,17.5534,157206,13676860,1000
13300000,754985,13300686,17.6172,157807,13817821,1000
13350000,755073,13350683,17.6813,158411,13953059,1000
13400000,755178,13400681,17.7451,158998,14099089,1000
13450000,755301,13450680,17.8084,159573,14257375,1000
13500000,755419,13500677,17.8718,160180,14412249,1000
13550000,755512,13550676,17.9358,160788,14557896,1000
13600000,755625,13600673,17.9992,161392,14712867,1000
13650000,755729,13650671,18.0629,161959,14873550,1000
