timestep,num_nodes,num_edges,average_degree,max_degree,num_triangles,new_edges
0,1782,1000,0.561167,8,0,1000
50000,55370,51000,0.921076,573,0,1000
100000,96334,101000,1.04844,1182,9,1000
150000,130858,151000,1.15392,1775,100,1000
200000,161348,201000,1.24575,2340,145,1000
250000,187941,251000,1.3355299999999999,2930,218,1000
300000,211887,301000,1.42057,3526,304,1000
350000,233673,351000,1.5021,4120,419,1000
400000,253590,401000,1.5812899999999999,4672,575,1000
450000,272024,451000,1.6579400000000002,5303,776,1000
500000,289226,501000,1.7322099999999998,5942,974,1000
550000,305081,551000,1.80608,6580,1197,1000
600000,320114,601000,1.87746,7137,1508,1000
650000,334190,651000,1.94799,7722,1841,1000
700000,347408,701000,2.0178,8314,2307,1000
750000,360055,750999,2.0857900000000003,8893,2846,1000
800000,371805,800999,2.15435,9473,3411,1000
850000,383204,850999,2.22075,10108,4104,1000
900000,393934,900999,2.2871799999999998,10698,4785,1000
950000,404144,950999,2.35312,11258,5517,1000
1000000,414025,1000999,2.4177299999999997,11889,6405,1000
1050000,423456,1050999,2.48196,12448,7270,1000
1100000,432422,1100999,2.54612,13027,8170,1000
1150000,441127,1150999,2.60922,13609,9331,1000
1200000,449370,1200999,2.67263,14180,10499,1000
1250000,457281,1250999,2.7357299999999998,14767,11973,1000
1300000,464761,1300999,2.79929,15354,13336,1000
1350000,472120,1350999,2.86156,15959,14833,1000
1400000,479270,1400999,2.92319,16549,16629,1000
1450000,485976,1450999,2.9857400000000003,17142,18480,1000
1500000,492500,1500999,3.04771,17701,20212,1000
1550000,498780,1550999,3.1095900000000003,18289,22206,1000
1600000,505015,1600999,3.1702,18885,24174,1000
1650000,511096,1650999,3.23031,19486,26512,1000
1700000,516870,1700997,3.2909599999999997,20051,29210,1000
1750000,522379,1750997,3.3519699999999997,20650,31742,1000
1800000,527699,1800997,3.4129199999999997,21251,34373,1000
1850000,532819,1850997,3.4739699999999996,21877,37332,1000
1900000,537834,1900997,3.5345400000000002,22470,40472,1000
1950000,542694,1950997,3.59502,23046,47162,1000
2000000,547398,2000996,3.6554699999999998,23668,50383,1000
2050000,552064,2050995,3.7151400000000003,24219,53875,1000
2100000,556574,2100995,3.7748699999999995,24808,57338,1000
2150000,560958,2150995,3.8345,25400,61475,1000
2200000,565182,2200995,3.89431,25970,65874,1000
2250000,569359,2250995,3.95356,26548,71260,1000
2300000,573310,2300995,4.01353,27118,75468,1000
2350000,577133,2350993,4.07357,27698,80043,1000
2400000,580902,2400993,4.13322,28270,84418,1000
2450000,584486,2450993,4.19342,28858,89313,1000
2500000,588031,2500993,4.25317,29475,94357,1000
2550000,591457,2550993,4.31307,30049,101188,1000
2600000,594846,2600992,4.37255,30635,107379,1000
2650000,598132,2650992,4.432119999999999,31228,113380,1000
2700000,601401,2700992,4.491169999999999,31781,119025,1000
2750000,604564,2750992,4.55037,32396,125693,1000
2800000,607678,2800991,4.60933,33013,132327,1000
2850000,610717,2850991,4.66827,33626,141205,1000
2900000,613606,2900990,4.72777,34189,147254,1000
2950000,616453,2950990,4.78705,34796,155275,1000
3000000,619098,3000989,4.84736,35365,162272,1000
3050000,621748,3050989,4.90712,35935,169919,1000
3100000,624332,3100989,4.96689,36532,179700,1000
3150000,626855,3150989,5.02666,37131,188083,1000
3200000,629347,3200987,5.0862,37734,197055,1000
3250000,631720,3250987,5.14625,38310,206962,1000
3300000,634021,3300987,5.20643,38939,216719,1000
3350000,636322,3350987,5.26618,39548,227620,1000
3400000,638499,3400986,5.32653,40158,238390,1000
3450000,640783,3450986,5.38558,40792,247941,1000
3500000,642893,3500984,5.44567,41402,258537,1000
3550000,645036,3550983,5.50509,42009,268980,1000
3600000,647053,3600983,5.5652099999999995,42593,280806,1000
3650000,649097,3650981,5.624709999999999,43170,291613,1000
3700000,651146,3700980,5.68379,43736,301899,1000
3750000,652997,3750979,5.74425,44337,313001,1000
3800000,654942,3800978,5.80353,44937,328211,1000
3850000,656739,3850976,5.86378,45542,343568,1000
3900000,658524,3900975,5.92382,46158,355352,1000
3950000,660308,3950975,5.98353,46763,368638,1000
4000000,662035,4000975,6.04345,47303,382671,1000
4050000,663719,4050974,6.10345,47891,406930,1000
4100000,665303,4100973,6.16407,48476,422769,1000
4150000,666893,4150971,6.22434,49049,439310,1000
4200000,668607,4200970,6.28317,49609,455653,1000
4250000,670105,4250970,6.34374,50251,474257,1000
4300000,671653,4300970,6.40356,50844,491865,1000
4350000,673112,4350970,6.46396,51459,508484,1000
4400000,674487,4400970,6.52491,52017,524380,1000
4450000,675887,4450969,6.585369999999999,52676,541848,1000
4500000,677246,4500969,6.645989999999999,53258,559260,1000
4550000,678626,4550967,6.70615,53854,577069,1000
4600000,679954,4600967,6.766589999999999,54503,595480,1000
4650000,681297,4650966,6.826639999999999,55106,613428,1000
4700000,682610,4700965,6.88675,55689,631199,1000
4750000,683834,4750965,6.947539999999999,56239,650230,1000
4800000,685056,4800964,7.00813,56843,672879,1000
4850000,686321,4850961,7.068060000000001,57502,692546,1000
4900000,687503,4900961,7.128639999999999,58082,714822,1000
4950000,688654,4950959,7.18933,58684,733360,1000
5000000,689840,5000957,7.249439999999999,59281,755385,1000
5050000,690936,5050956,7.31031,59879,776995,1000
5100000,691993,5100955,7.3714,60461,802264,1000
5150000,693091,5150955,7.43186,61043,823826,1000
5200000,694165,5200954,7.492389999999999,61621,846454,1000
5250000,695200,5250954,7.553160000000001,62245,871748,1000
5300000,696200,5300953,7.61412,62819,897533,1000
5350000,697165,5350953,7.6753,63403,920575,1000
5400000,698170,5400953,7.735869999999999,64003,945170,1000
5450000,699156,5450953,7.79648,64570,972457,1000
5500000,700092,5500953,7.857469999999999,65185,1001213,1000
5550000,701036,5550953,7.91821,65801,1027987,1000
5600000,701985,5600952,7.9787300000000005,66392,1057400,1000
5650000,702904,5650950,8.03943,67012,1083863,1000
5700000,703818,5700950,8.10003,67586,1110344,1000
5750000,704687,5750950,8.161,68169,1140255,1000
5800000,705533,5800950,8.22208,68753,1169504,1000
5850000,706358,5850947,8.28326,69302,1197404,1000
5900000,707177,5900946,8.34437,69906,1227926,1000
5950000,708007,5950945,8.40521,70504,1256947,1000
6000000,708733,6000944,8.467139999999999,71123,1289799,1000
6050000,709507,6050943,8.52838,71707,1324166,1000
6100000,710239,6100943,8.58999,72306,1359474,1000
6150000,711007,6150942,8.65103,72910,1390770,1000
6200000,711778,6200940,8.7119,73541,1424755,1000
6250000,712543,6250936,8.77271,74153,1459714,1000
6300000,713254,6300935,8.83407,74799,1492960,1000
6350000,713954,6350934,8.895439999999999,75399,1528962,1000
6400000,714678,6400930,8.956380000000001,76014,1563641,1000
6450000,715331,6450928,9.0181,76633,1599485,1000
6500000,715976,6500928,9.07981,77209,1636576,1000
6550000,716609,6550926,9.14156,77827,1670213,1000
6600000,717256,6600924,9.20302,78379,1706726,1000
6650000,717898,6650922,9.264439999999999,79010,1745290,1000
6700000,718552,6700921,9.32559,79643,1792737,1000
6750000,719139,6750920,9.3875,80234,1832394,1000
6800000,719772,6800918,9.44871,80836,1876459,1000
6850000,720390,6850916,9.510010000000001,81420,1913943,1000
6900000,720950,6900915,9.57197,81989,1955107,999
6950000,721489,6950914,9.63412,82553,1999464,1000
7000000,722082,7000912,9.69545,83125,2040658,1000
7050000,722608,7050910,9.757589999999999,83720,2083494,1000
7100000,723149,7100907,9.81942,84323,2122276,1000
7150000,723696,7150906,9.881089999999999,84923,2169179,1000
7200000,724238,7200906,9.942730000000001,85495,2216254,1000
7250000,724721,7250906,10.0051,86096,2260708,1000
7300000,725249,7300903,10.0668,86697,2303050,1000
7350000,725760,7350901,10.1286,87316,2347540,1000
7400000,726254,7400897,10.1905,87897,2392243,1000
7450000,726748,7450897,10.2524,88523,2448956,1000
7500000,727215,7500895,10.3145,89096,2497133,1000
7550000,727673,7550892,10.3768,89654,2543717,1000
7600000,728166,7600892,10.4384,90241,2590039,1000
7650000,728647,7650890,10.5001,90835,2638851,1000
7700000,729106,7700889,10.5621,91437,2687968,1000
7750000,729577,7750888,10.6238,92008,2738266,1000
7800000,730017,7800888,10.6859,92616,2796670,1000
7850000,730451,7850887,10.748,93212,2852859,1000
7900000,730877,7900885,10.8101,93828,2905838,1000
7950000,731293,7950883,10.8724,94402,2956457,1000
8000000,731739,8000881,10.9341,94982,3020556,1000
8050000,732147,8050880,10.9963,95584,3075007,1000
8100000,732563,8100877,11.0583,96165,3238056,1000
8150000,732968,8150875,11.1204,96779,3294986,1000
8200000,733352,8200874,11.1827,97364,3349380,999
8250000,733737,8250873,11.245,97985,3411866,1000
8300000,734113,8300871,11.3073,98576,3472357,999
8350000,734489,8350869,11.3696,99178,3532765,1000
8400000,734872,8400869,11.4317,99773,3593345,1000
8450000,735256,8450869,11.4938,100340,3658392,1000
8500000,735604,8500868,11.5563,100992,3722127,1000
8550000,736010,8550867,11.6179,101600,3781224,1000
8600000,736351,8600866,11.6804,102169,3845053,1000
8650000,736686,8650865,11.7429,102761,3918714,999
8700000,737027,8700864,11.8054,103319,3986978,1000
8750000,737382,8750862,11.8675,103884,4049081,1000
8800000,737705,8800859,11.9301,104475,4115963,1000
8850000,738027,8850857,11.9926,105076,4182108,1000
8900000,738344,8900857,12.0552,105617,4246552,1000
8950000,738642,8950857,12.118,106172,4319015,1000
9000000,738945,9000856,12.1807,106756,4385459,1000
9050000,739226,9050855,12.2437,107291,4454650,1000
9100000,739515,9100853,12.3065,107851,4529984,1000
9150000,739837,9150852,12.3687,108453,4599198,1000
9200000,740140,9200849,12.4312,109033,4665282,1000
9250000,740443,9250848,12.4937,109653,4732504,1000
9300000,740723,9300848,12.5564,110189,4804528,1000
9350000,740997,9350846,12.6193,110837,4880902,1000
9400000,741285,9400844,12.6818,111458,4969555,1000
9450000,741597,9450838,12.7439,112074,5062869,1000
9500000,741850,9500836,12.807,112671,5138193,1000
9550000,742099,9550833,12.87,113267,5215036,1000
9600000,742327,9600831,12.9334,113813,5308316,1000
9650000,742588,9650828,12.9962,114418,5387983,1000
9700000,742859,9700826,13.0588,115010,5465729,1000
9750000,743126,9750825,13.1214,115624,5558230,1000
9800000,743375,9800823,13.1842,116237,5635113,1000
9850000,743626,9850822,13.247,116869,5715223,1000
9900000,743866,9900821,13.31,117453,5810671,1000
9950000,744147,9950821,13.3721,118066,5883710,1000
10000000,744391,10000819,13.4349,118677,5974331,1000
10050000,744626,10050816,13.4978,119320,6061383,1000
10100000,744866,10100814,13.5606,119958,6152703,1000
10150000,745090,10150814,13.6236,120547,6232693,1000
10200000,745332,10200811,13.6863,121074,6322309,1000
10250000,745563,10250809,13.7491,121712,6416634,1000
10300000,745781,10300807,13.8121,122314,6510297,1000
10350000,745977,10350807,13.8755,122907,6603518,1000
10400000,746186,10400807,13.9386,123510,6703356,1000
10450000,746416,10450805,14.0013,124119,6791855,1000
10500000,746599,10500803,14.0649,124699,6884945,1000
10550000,746813,10550800,14.1278,125315,6976029,999
10600000,747039,10600800,14.1904,125907,7071249,1000
10650000,747227,10650799,14.2538,126483,7170079,1000
10700000,747400,10700796,14.3174,127014,7266964,1000
10750000,747577,10750794,14.3809,127568,7356930,1000
10800000,747758,10800789,14.4442,128124,7476491,1000
10850000,747955,10850786,14.5073,128724,7574760,1000
10900000,748122,10900786,14.5709,129335,7684787,1000
10950000,748306,10950785,14.6341,129949,7804442,1000
11000000,748474,11000784,14.6976,130560,7923530,1000
11050000,748652,11050779,14.7609,131203,8031032,1000
11100000,748834,11100777,14.8241,131782,8144483,1000
11150000,749000,11150775,14.8876,132364,8247447,1000
11200000,749146,11200774,14.9514,132943,8363411,1000
11250000,749336,11250772,15.0143,133516,8474228,1000
11300000,749520,11300770,15.0773,134123,8581232,1000
11350000,749669,11350769,15.140999999999998,134684,8687962,1000
11400000,749832,11400767,15.2044,135249,8802841,1000
11450000,749991,11450765,15.2679,135881,8912129,1000
11500000,750163,11500764,15.331,136462,9026837,1000
11550000,750331,11550763,15.3942,137103,9146153,1000
11600000,750509,11600758,15.4572,137723,9254494,1000
11650000,750685,11650755,15.5202,138336,9364308,1000
11700000,750846,11700751,15.5834,138909,9476694,1000
11750000,750998,11750747,15.6468,139511,9589221,1000
11800000,751125,11800743,15.7108,140069,9708737,1000
11850000,751269,11850740,15.7743,140655,9820483,1000
11900000,751420,11900739,15.8377,141266,9941442,1000
11950000,751573,11950736,15.901,141831,10053165,1000
12000000,751730,12000734,15.9642,142441,10182885,1000
12050000,751909,12050733,16.0269,143025,10313885,1000
12100000,752051,12100731,16.0903,143613,10444821,1000
12150000,752201,12150731,16.1536,144223,10574938,1000
12200000,752336,12200729,16.2171,144760,10698789,1000
12250000,752497,12250724,16.2801,145315,10814967,1000
12300000,752650,12300724,16.3432,145884,10940942,1000
12350000,752777,12350721,16.4069,146502,11088352,1000
12400000,752920,12400717,16.4702,147118,11225711,1000
12450000,753065,12450715,16.5334,147761,11352226,1000
12500000,753181,12500711,16.5972,148333,11493711,1000
12550000,753310,12550710,16.6608,148937,11638031,1000
12600000,753433,12600709,16.7244,149538,11782596,1000
12650000,753563,12650703,16.7879,150147,11904409,1000
12700000,753697,12700700,16.8512,150784,12039363,1000
12750000,753824,12750700,16.9147,151323,12175921,1000
12800000,753936,12800697,16.9785,151925,12305500,1000
12850000,754049,12850696,17.0423,152507,12454597,1000
12900000,754175,12900696,17.1057,153122,12587706,1000
12950000,754291,12950696,17.1694,153753,12737150,1000
13000000,754408,13000694,17.233,154360,12883708,1000
13050000,754517,13050692,17.2968,154926,13018750,1000
13100000,754631,13100689,17.3604,155512,13162276,1000
13150000,754722,13150688,17.4245,156116,13292061,1000
13200000,754807,13200687,17.4888,156691,13449004,1000
13250000,754907,13250683,17.5527,157301,13611732,1000
13300000,755007,13300682,17.6166,157856,13767146,1000
13350000,755116,13350681,17.6803,158452,13921971,1000
13400000,755226,13400680,17.7439,159069,14081806,1000
13450000,755323,13450677,17.8078,159628,14238555,1000
13500000,755427,13500676,17.8716,160240,14401512,1000
13550000,755526,13550674,17.9354,160819,14556781,1000
13600000,755620,13600672,17.9994,161399,14718595,1000
13650000,755722,13650671,18.0631,161963,14877371,1000
