timestep,num_nodes,num_edges,average_degree,max_degree,num_triangles,new_edges
0,1755,1000,0.569801,1,0,1000
50000,81886,50981,0.622585,2,0,1000
100000,156080,100950,0.646784,4,0,999
150000,227182,150885,0.664159,4,0,997
200000,296407,200792,0.67742,4,0,997
250000,364142,250675,0.688399,4,0,997
300000,430596,300532,0.697944,6,0,998
350000,496286,350344,0.705932,7,0,994
400000,560891,400173,0.7134590000000001,7,0,992
450000,625166,449973,0.719766,9,0,988
500000,688759,499763,0.725599,10,0,989
550000,751649,549510,0.731073,11,0,995
600000,814087,599210,0.736052,12,0,997
650000,875905,648916,0.7408520000000001,13,0,997
700000,937364,698583,0.745263,15,0,994
750000,998331,748242,0.7494930000000001,16,0,996
800000,1058973,797895,0.7534609999999999,16,0,986
850000,1119361,847558,0.75718,16,0,994
900000,1179227,897148,0.760793,16,0,993
950000,1238901,946744,0.764181,17,0,989
1000000,1298281,996305,0.767403,17,0,996
1050000,1357348,1045903,0.7705489999999999,19,0,989
1100000,1416124,1095425,0.773537,20,0,991
1150000,1474737,1144931,0.776363,20,0,992
1200000,1533185,1194391,0.779026,20,0,990
1250000,1591349,1243852,0.781634,23,0,990
1300000,1649114,1293306,0.784243,25,0,990
1350000,1706682,1342706,0.7867350000000001,26,0,986
1400000,1764073,1392111,0.789146,26,0,989
1450000,1821146,1441473,0.79152,28,0,987
1500000,1878275,1490854,0.793736,28,0,989
1550000,1935323,1540208,0.79584,28,0,984
1600000,1991911,1589517,0.797986,28,0,989
1650000,2048422,1638776,0.8000189999999999,29,0,982
1700000,2104997,1688065,0.801932,31,0,992
1750000,2161063,1737303,0.8039109999999999,31,0,980
1800000,2217078,1786561,0.805818,31,0,988
1850000,2273036,1835785,0.807636,31,0,984
1900000,2328868,1884973,0.809395,31,0,977
1950000,2384541,1934220,0.81115,31,0,986
2000000,2439933,1983426,0.812902,31,0,983
2050000,2495271,2032582,0.814574,32,0,981
2100000,2550209,2081689,0.816282,32,0,989
2150000,2605323,2130824,0.817873,33,0,985
2200000,2660111,2179879,0.819469,33,0,979
2250000,2714880,2228973,0.8210209999999999,33,0,984
2300000,2769442,2278014,0.8225530000000001,33,0,980
2350000,2824026,2327117,0.824042,33,0,979
2400000,2878304,2376139,0.825534,33,0,971
2450000,2932562,2425172,0.826981,34,0,984
2500000,2986600,2474155,0.828419,35,0,986
2550000,3040621,2523142,0.8298110000000001,35,0,981
2600000,3094564,2572094,0.8311649999999999,36,0,978
2650000,3148331,2621016,0.8325100000000001,36,0,978
2700000,3202154,2669955,0.8338,36,0,978
2750000,3255750,2718867,0.835097,37,0,972
2800000,3309242,2767803,0.8363860000000001,38,0,984
2850000,3362615,2816711,0.8376549999999999,38,0,975
2900000,3415889,2865613,0.838907,39,0,980
2950000,3469079,2914465,0.840126,41,0,980
3000000,3522075,2963306,0.841352,41,0,972
3050000,3574914,3012095,0.842564,41,0,971
3100000,3627590,3060879,0.843778,41,0,976
3150000,3680351,3109628,0.8449270000000001,41,0,975
3200000,3732763,3158391,0.8461270000000001,41,0,974
3250000,3785355,3207078,0.847233,42,0,973
3300000,3837787,3255803,0.848354,42,0,979
3350000,3890063,3304457,0.849461,42,0,971
3400000,3942287,3353130,0.850555,43,0,979
3450000,3994433,3401829,0.851643,44,0,970
3500000,4046281,3450447,0.8527450000000001,44,0,979
3550000,4098205,3499063,0.8538040000000001,46,0,975
3600000,4150146,3547684,0.854834,50,0,971
3650000,4201772,3596241,0.8558870000000001,51,0,970
3700000,4253303,3644819,0.8569379999999999,51,0,982
3750000,4304875,3693394,0.8579559999999999,51,0,974
3800000,4356352,3741950,0.858964,53,0,966
3850000,4407779,3790562,0.8599709999999999,54,0,976
3900000,4459061,3839096,0.860965,54,0,972
3950000,4510172,3887570,0.8619559999999999,55,0,973
4000000,4561324,3936088,0.862927,56,0,966
4050000,4612362,3984628,0.8639020000000001,56,0,972
4100000,4663341,4033125,0.864857,56,0,967
4150000,4714262,4081556,0.8657889999999999,56,0,972
4200000,4765134,4130006,0.866714,58,0,965
4250000,4815999,4178427,0.867614,58,0,971
4300000,4866906,4226940,0.8685069999999999,58,0,966
4350000,4917470,4275288,0.869408,58,0,974
4400000,4968000,4323620,0.870294,58,0,967
4450000,5018533,4371951,0.8711610000000001,59,0,971
4500000,5068903,4420246,0.8720319999999999,60,0,963
4550000,5119164,4468556,0.872907,60,0,965
4600000,5169164,4516818,0.8738,60,0,968
4650000,5219207,4565100,0.8746729999999999,61,0,968
4700000,5269289,4613310,0.875509,62,0,973
4750000,5319518,4661576,0.876315,62,0,968
4800000,5369532,4709835,0.877141,62,0,971
4850000,5419319,4758066,0.8779819999999999,63,0,968
4900000,5469159,4806297,0.8788,64,0,969
4950000,5518872,4854494,0.879617,64,0,964
5000000,5568609,4902665,0.880411,66,0,960
5050000,5618265,4950793,0.8811959999999999,66,0,960
5100000,5667785,4998937,0.881991,66,0,970
5150000,5717153,5047072,0.8827950000000001,67,0,960
5200000,5766540,5095208,0.883581,67,0,960
5250000,5815848,5143307,0.8843610000000001,69,0,963
5300000,5865138,5191413,0.885131,70,0,954
5350000,5914355,5239523,0.885899,71,0,964
5400000,5963272,5287480,0.886674,71,0,957
5450000,6012285,5335481,0.8874299999999999,71,0,967
5500000,6061278,5383491,0.888178,74,0,957
5550000,6110203,5431544,0.8889299999999999,75,0,964
5600000,6159268,5479593,0.88965,75,0,960
5650000,6208148,5527577,0.890375,75,0,965
5700000,6256823,5575516,0.8911100000000001,77,0,958
5750000,6305650,5623446,0.891811,78,0,952
5800000,6354314,5671371,0.892523,79,0,982
5850000,6402999,5719297,0.893222,79,0,960
5900000,6451516,5767289,0.893943,79,0,957
5950000,6500038,5815212,0.8946430000000001,80,0,955
6000000,6548300,5863018,0.89535,80,0,960
6050000,6596641,5910832,0.8960370000000001,80,0,958
6100000,6644820,5958655,0.8967370000000001,81,0,964
6150000,6693023,6006476,0.897423,82,0,966
6200000,6741317,6054314,0.898091,84,0,968
6250000,6789452,6102160,0.8987709999999999,84,0,951
6300000,6837487,6149949,0.899446,84,0,963
6350000,6885357,6197697,0.900127,84,0,963
6400000,6933446,6245563,0.9007879999999999,84,0,954
6450000,6981503,6293341,0.901431,86,0,955
6500000,7029125,6340972,0.9021,87,0,954
6550000,7076973,6388722,0.902748,87,0,955
6600000,7124700,6436355,0.903386,87,0,958
6650000,7172303,6484058,0.904041,88,0,965
6700000,7219978,6531749,0.9046770000000001,88,0,944
6750000,7267496,6579404,0.9053190000000001,88,0,952
6800000,7315082,6627066,0.9059459999999999,88,0,946
6850000,7362593,6674684,0.906567,88,0,953
6900000,7410102,6722325,0.907184,88,0,941
6950000,7457464,6769926,0.907805,88,0,954
7000000,7504730,6817542,0.908433,88,0,951
7050000,7552196,6865135,0.909025,89,0,952
7100000,7599508,6912665,0.9096200000000001,90,0,944
7150000,7646702,6960178,0.91022,93,0,937
7200000,7693869,7007661,0.910811,94,0,957
7250000,7740897,7055115,0.911408,94,0,940
7300000,7787724,7102491,0.912011,95,0,948
7350000,7834709,7149990,0.9126040000000001,95,0,947
7400000,7881641,7197446,0.913191,95,0,958
7450000,7928401,7244928,0.9137940000000001,95,0,951
7500000,7975243,7292390,0.914378,96,0,939
7550000,8022011,7339764,0.914953,96,0,940
7600000,8068667,7387130,0.915533,96,0,957
7650000,8115161,7434500,0.916125,96,0,956
7700000,8161759,7481872,0.9166979999999999,96,0,947
7750000,8208369,7529332,0.917275,97,0,944
7800000,8254756,7576743,0.9178639999999999,97,0,942
7850000,8301298,7624160,0.91843,97,0,945
7900000,8347670,7671467,0.9189950000000001,98,0,950
7950000,8394061,7718782,0.9195530000000001,98,0,962
8000000,8440386,7766117,0.920114,99,0,943
8050000,8486573,7813423,0.920681,99,0,939
8100000,8533004,7860798,0.9212229999999999,99,0,925
8150000,8579253,7908127,0.921773,99,0,949
8200000,8625442,7955389,0.922317,100,0,941
8250000,8671581,8002676,0.9228620000000001,100,0,941
8300000,8717703,8049932,0.923401,100,0,948
8350000,8763549,8097147,0.923958,100,0,951
8400000,8809510,8144312,0.924491,100,0,950
8450000,8855402,8191538,0.925033,100,0,932
8500000,8901354,8238719,0.925558,100,0,941
8550000,8947038,8285940,0.92611,101,0,937
8600000,8992791,8333187,0.926652,103,0,947
8650000,9038598,8380391,0.9271780000000001,104,0,947
8700000,9084348,8427550,0.9277,104,0,953
8750000,9129774,8474604,0.9282379999999999,104,0,947
8800000,9175344,8521710,0.9287620000000001,104,0,946
8850000,9220770,8568744,0.9292870000000001,104,0,940
8900000,9266249,8615872,0.9298120000000001,104,0,951
8950000,9311667,8662974,0.930335,104,0,947
9000000,9357209,8710033,0.930837,104,0,934
9050000,9402502,8757144,0.9313629999999999,104,0,936
9100000,9447883,8804187,0.9318690000000001,104,0,944
9150000,9493171,8851210,0.932377,105,0,934
9200000,9538352,8898144,0.932881,105,0,931
9250000,9583393,8945057,0.933391,107,0,930
9300000,9628634,8991996,0.933881,107,0,950
9350000,9673606,9038865,0.934384,108,0,923
9400000,9718556,9085760,0.9348879999999999,108,0,940
9450000,9763471,9132680,0.935393,108,0,938
9500000,9808541,9179679,0.9358860000000001,109,0,932
9550000,9853616,9226652,0.936372,109,0,941
9600000,9898491,9273540,0.9368639999999999,109,0,934
9650000,9943315,9320453,0.937359,109,0,927
9700000,9988016,9367329,0.9378569999999999,109,0,949
9750000,10032691,9414239,0.938356,109,0,945
9800000,10077387,9461159,0.93885,109,0,941
9850000,10122157,9508032,0.9393290000000001,111,0,935
9900000,10166942,9554886,0.9397989999999999,111,0,921
9950000,10211456,9601685,0.9402860000000001,112,0,922
10000000,10256136,9648469,0.940751,112,0,936
10050000,10300679,9695237,0.9412229999999999,112,0,933
10100000,10345033,9741974,0.9417049999999999,112,0,939
10150000,10389634,9788722,0.942162,112,0,946
10200000,10434324,9835540,0.942614,112,0,933
10250000,10478645,9882198,0.9430799999999999,112,0,924
10300000,10522787,9928908,0.9435629999999999,113,0,937
10350000,10567325,9975643,0.944008,113,0,940
10400000,10611633,10022394,0.944472,113,0,940
10450000,10655644,10068927,0.944938,113,0,927
10500000,10699734,10115599,0.945407,113,0,929
10550000,10743732,10162236,0.945876,113,0,936
10600000,10787707,10208814,0.9463379999999999,113,0,930
10650000,10831562,10255390,0.9468059999999999,115,0,931
10700000,10875586,10301974,0.947257,116,0,939
10750000,10919563,10348557,0.947708,116,0,937
10800000,10963516,10395092,0.948153,116,0,938
10850000,11007469,10441771,0.948608,116,0,934
10900000,11051485,10488383,0.949047,116,0,928
10950000,11095313,10534925,0.949493,116,0,950
11000000,11139120,10581485,0.949939,117,0,935
11050000,11182598,10627935,0.950399,118,0,925
11100000,11226322,10674432,0.95084,118,0,923
11150000,11269938,10720885,0.951282,118,0,924
11200000,11313560,10767374,0.951723,118,0,941
11250000,11357247,10813901,0.952159,118,0,921
11300000,11400858,10860395,0.9525950000000001,118,0,935
11350000,11444425,10906889,0.953031,118,0,929
11400000,11487812,10953336,0.953475,118,0,932
11450000,11531241,10999726,0.953907,118,0,940
11500000,11574520,11046019,0.9543389999999999,119,0,922
11550000,11617718,11092444,0.954787,119,0,926
11600000,11660981,11138832,0.9552229999999999,119,0,928
11650000,11704152,11185288,0.9556680000000001,119,0,922
11700000,11747449,11231655,0.9560930000000001,119,0,923
11750000,11790677,11278078,0.956525,119,0,933
11800000,11833874,11324401,0.9569479999999999,120,0,933
11850000,11876902,11370750,0.957383,120,0,922
11900000,11920022,11417128,0.9578110000000001,121,0,931
11950000,11963120,11463497,0.9582360000000001,121,0,920
12000000,12006102,11509827,0.958665,121,0,933
12050000,12049179,11556046,0.959073,121,0,902
12100000,12092134,11602331,0.9594940000000001,121,0,932
12150000,12135043,11648672,0.9599200000000001,122,0,925
12200000,12177972,11694947,0.9603360000000001,122,0,918
12250000,12220741,11741170,0.960758,122,0,926
12300000,12263594,11787464,0.961175,122,0,914
12350000,12306450,11833759,0.96159,122,0,917
12400000,12349376,11880008,0.961993,123,0,923
12450000,12392202,11926207,0.9623959999999999,123,0,925
12500000,12434798,11972434,0.962817,123,0,934
12550000,12477463,12018594,0.963224,123,0,912
12600000,12520062,12064755,0.963634,123,0,914
12650000,12562680,12110865,0.9640350000000001,123,0,929
12700000,12605203,12156970,0.964441,123,0,933
12750000,12647670,12203024,0.964844,123,0,936
12800000,12690009,12249095,0.965255,123,0,919
12850000,12732458,12295259,0.9656629999999999,124,0,923
12900000,12774725,12341218,0.966065,124,0,908
12950000,12816940,12387190,0.96647,125,0,940
13000000,12859292,12433324,0.966875,125,0,926
13050000,12901451,12479422,0.9672879999999999,125,0,934
13100000,12943764,12525356,0.967675,125,0,931
13150000,12985908,12571396,0.9680799999999999,125,0,923
13200000,13028146,12617324,0.968467,125,0,915
13250000,13070558,12663427,0.968851,126,0,908
13300000,13112809,12709467,0.969241,126,0,918
13350000,13154849,12755472,0.96964,127,0,926
13400000,13197171,12801516,0.9700200000000001,127,0,922
13450000,13239083,12847405,0.9704149999999999,127,0,933
13500000,13281105,12893312,0.970801,127,0,934
13550000,13322940,12939122,0.971191,127,0,911
13600000,13364766,12985040,0.9715879999999999,127,0,904
13650000,13406631,13030857,0.9719709999999999,129,0,918
13700000,13448479,13076690,0.972355,129,0,925
13750000,13490539,13122666,0.9727309999999999,129,0,919
13800000,13532410,13168522,0.97311,129,0,920
13850000,13574152,13214392,0.973497,129,0,927
13900000,13615955,13260346,0.9738829999999999,129,0,926
13950000,13657755,13306126,0.9742540000000001,129,0,909
14000000,13699469,13352068,0.974641,129,0,923
14050000,13741280,13397878,0.975009,130,0,907
14100000,13782865,13443661,0.975389,131,0,922
14150000,13824331,13489441,0.975775,131,0,918
14200000,13865929,13535210,0.9761489999999999,131,0,909
14250000,13907480,13580899,0.976518,131,0,922
14300000,13949024,13626611,0.976886,131,0,919
14350000,13990292,13672307,0.9772709999999999,131,0,916
14400000,14031743,13718067,0.9776450000000001,132,0,912
14450000,14073206,13763796,0.9780139999999999,132,0,920
14500000,14114609,13809551,0.9783870000000001,132,0,910
14550000,14155595,13855128,0.978774,133,0,907
14600000,14196831,13900823,0.97915,133,0,933
14650000,14237972,13946486,0.9795280000000001,133,0,912
14700000,14279261,13992040,0.979885,133,0,918
14750000,14320467,14037747,0.980258,134,0,922
14800000,14361654,14083427,0.980627,134,0,912
14850000,14402870,14129113,0.980993,134,0,910
14900000,14444050,14174834,0.981361,134,0,922
14950000,14484950,14220287,0.981728,134,0,906
15000000,14525899,14265811,0.982095,134,0,928
15050000,14567038,14311489,0.982457,134,0,909
15100000,14607984,14357092,0.982825,134,0,897
15150000,14648917,14402691,0.983192,134,0,914
15200000,14689927,14448278,0.98355,134,0,910
15250000,14730618,14493731,0.9839190000000001,134,0,903
15300000,14771606,14539295,0.984273,134,0,905
15350000,14812358,14584893,0.9846440000000001,134,0,918
15400000,14853173,14630370,0.985,134,0,912
15450000,14893993,14675852,0.9853540000000001,134,0,890
15500000,14934652,14721338,0.985717,134,0,913
15550000,14975388,14766814,0.986072,134,0,908
15600000,15015822,14812192,0.986439,134,0,911
15650000,15056772,14857641,0.986775,134,0,905
15700000,15097414,14903069,0.9871270000000001,134,0,912
15750000,15137929,14948536,0.987489,135,0,915
15800000,15178344,14993901,0.987848,136,0,914
15850000,15218869,15039268,0.9881989999999999,136,0,913
15900000,15259471,15084650,0.9885430000000001,137,0,912
15950000,15300388,15130264,0.9888809999999999,137,0,914
