timestep,num_nodes,num_edges,average_degree,max_degree,num_triangles,new_edges
0,1757,1000,0.569152,1,0,1000
50000,81835,50986,0.623034,2,0,1000
100000,155877,100953,0.647645,3,0,998
150000,227184,150897,0.6642060000000001,3,0,1000
200000,296305,200816,0.6777340000000001,4,0,1000
250000,364060,250705,0.6886359999999999,5,0,999
300000,430589,300560,0.698021,6,0,998
350000,496315,350393,0.705989,7,0,998
400000,561145,400228,0.7132350000000001,7,0,992
450000,625064,450055,0.720014,8,0,997
500000,688415,499818,0.726042,8,0,994
550000,751362,549559,0.731417,10,0,992
600000,813532,599273,0.736631,10,0,990
650000,875431,648970,0.741315,12,0,994
700000,936990,698689,0.745674,13,0,993
750000,998115,748344,0.749757,14,0,993
800000,1058845,798014,0.7536649999999999,17,0,991
850000,1119182,847616,0.7573529999999999,17,0,992
900000,1179309,897273,0.760846,17,0,993
950000,1238964,946865,0.764239,17,0,993
1000000,1298434,996436,0.767414,18,0,989
1050000,1357460,1045958,0.770526,20,0,989
1100000,1416383,1095475,0.7734310000000001,20,0,988
1150000,1475083,1144999,0.776227,20,0,985
1200000,1533467,1194505,0.778957,22,0,986
1250000,1591499,1244005,0.781656,23,0,991
1300000,1649434,1293419,0.784159,24,0,989
1350000,1707158,1342824,0.7865840000000001,25,0,985
1400000,1764675,1392239,0.788949,26,0,988
1450000,1821952,1441620,0.79125,26,0,989
1500000,1878825,1490933,0.793545,28,0,986
1550000,1935663,1540324,0.79576,29,0,988
1600000,1992452,1589665,0.797844,29,0,987
1650000,2048984,1638994,0.799906,30,0,984
1700000,2105387,1688284,0.801888,33,0,993
1750000,2161514,1737551,0.803858,35,0,989
1800000,2217554,1786746,0.805728,36,0,980
1850000,2273349,1835987,0.807613,37,0,980
1900000,2329140,1885218,0.809405,40,0,984
1950000,2384700,1934403,0.811172,40,0,984
2000000,2440271,1983642,0.812878,42,0,984
2050000,2495577,2032804,0.814563,43,0,984
2100000,2550806,2081985,0.816207,43,0,986
2150000,2605828,2131089,0.817816,44,0,983
2200000,2660752,2180214,0.819398,44,0,973
2250000,2715640,2229315,0.820917,45,0,989
2300000,2770232,2278412,0.8224629999999999,46,0,985
2350000,2824733,2327484,0.823966,46,0,972
2400000,2879113,2376499,0.825427,46,0,985
2450000,2933364,2425549,0.826883,48,0,976
2500000,2987431,2474559,0.8283229999999999,50,0,979
2550000,3041437,2523527,0.829715,51,0,981
2600000,3095275,2572512,0.831109,51,0,974
2650000,3149062,2621502,0.832471,51,0,981
2700000,3202673,2670463,0.833823,52,0,976
2750000,3256147,2719296,0.8351270000000001,52,0,973
2800000,3309609,2768211,0.8364159999999999,52,0,971
2850000,3363022,2817095,0.8376680000000001,52,0,981
2900000,3416275,2865983,0.8389200000000001,52,0,980
2950000,3469313,2914790,0.8401629999999999,53,0,972
3000000,3522320,2963627,0.841385,54,0,976
3050000,3575563,3012454,0.842512,54,0,981
3100000,3628463,3061268,0.8436819999999999,54,0,978
3150000,3681317,3110114,0.8448370000000001,54,0,971
3200000,3733856,3158856,0.8460040000000001,56,0,974
3250000,3786446,3207561,0.847117,58,0,981
3300000,3838993,3256342,0.8482280000000001,59,0,973
3350000,3891045,3305037,0.8493959999999999,60,0,981
3400000,3943358,3353776,0.8504870000000001,60,0,979
3450000,3995267,3402450,0.85162,61,0,967
3500000,4047315,3451076,0.852683,61,0,971
3550000,4099417,3499725,0.8537129999999999,61,0,975
3600000,4151368,3548426,0.8547610000000001,61,0,979
3650000,4202975,3597023,0.855828,62,0,967
3700000,4254724,3645654,0.856849,62,0,977
3750000,4306396,3694284,0.8578600000000001,62,0,978
3800000,4357919,3742875,0.8588680000000001,63,0,977
3850000,4409433,3791438,0.8598469999999999,65,0,968
3900000,4460821,3840045,0.8608379999999999,65,0,976
3950000,4512094,3888578,0.8618120000000001,65,0,971
4000000,4563373,3937058,0.8627520000000001,65,0,967
4050000,4614506,3985555,0.863701,65,0,977
4100000,4665341,4034041,0.864683,66,0,963
4150000,4716395,4082537,0.865605,67,0,972
4200000,4767356,4130970,0.8665120000000001,68,0,967
4250000,4818304,4179346,0.867389,69,0,968
4300000,4869075,4227696,0.868275,69,0,968
4350000,4919627,4276059,0.8691840000000001,69,0,976
4400000,4970233,4324447,0.8700690000000001,69,0,968
4450000,5020862,4372871,0.8709399999999999,69,0,968
4500000,5071364,4421251,0.871807,69,0,962
4550000,5121773,4469579,0.872662,69,0,962
4600000,5171974,4517863,0.8735280000000001,69,0,971
4650000,5222446,4566196,0.87434,69,0,967
4700000,5272670,4614495,0.875172,69,0,967
4750000,5322639,4662684,0.8760100000000001,69,0,958
4800000,5372492,4710925,0.8768600000000001,70,0,960
4850000,5422276,4759114,0.877697,72,0,958
4900000,5472038,4807324,0.878525,73,0,963
4950000,5521677,4855562,0.8793639999999999,74,0,966
5000000,5571406,4903713,0.880157,74,0,963
5050000,5621010,4951887,0.8809600000000001,74,0,956
5100000,5670569,4999993,0.8817440000000001,75,0,959
5150000,5720125,5048112,0.882518,76,0,959
5200000,5769694,5096293,0.883287,76,0,954
5250000,5818982,5144360,0.884065,77,0,959
5300000,5868258,5192477,0.884841,77,0,965
5350000,5917642,5240577,0.8855850000000001,77,0,964
5400000,5966808,5288670,0.8863479999999999,77,0,957
5450000,6015785,5336699,0.887116,78,0,968
5500000,6064714,5384664,0.887868,78,0,970
5550000,6113669,5432662,0.888609,78,0,951
5600000,6162572,5480698,0.889352,79,0,952
5650000,6211516,5528720,0.890076,80,0,953
5700000,6260230,5576676,0.89081,80,0,964
5750000,6309144,5624640,0.8915059999999999,81,0,959
5800000,6357853,5672572,0.892215,81,0,952
5850000,6406377,5720443,0.8929290000000001,81,0,956
5900000,6454936,5768375,0.8936379999999999,81,0,971
5950000,6503409,5816192,0.89433,81,0,957
6000000,6551729,5864094,0.8950450000000001,81,0,960
6050000,6599854,5911901,0.8957620000000001,82,0,963
6100000,6648043,5959713,0.8964610000000001,82,0,946
6150000,6696230,6007578,0.897158,82,0,956
6200000,6744476,6055473,0.897842,82,0,961
6250000,6792611,6103226,0.89851,82,0,952
6300000,6840653,6151015,0.899185,83,0,940
6350000,6888574,6198780,0.899864,83,0,958
6400000,6936644,6246549,0.900515,84,0,961
6450000,6984704,6294314,0.901157,84,0,950
6500000,7032529,6342023,0.9018129999999999,84,0,952
6550000,7080317,6389694,0.902459,85,0,960
6600000,7127936,6437412,0.9031239999999999,85,0,949
6650000,7175610,6485125,0.9037729999999999,85,0,948
6700000,7223149,6532794,0.904425,85,0,951
6750000,7270721,6580559,0.905077,86,0,966
6800000,7318301,6628216,0.9057040000000001,86,0,945
6850000,7365617,6675896,0.906359,86,0,948
6900000,7412960,6723545,0.906999,86,0,947
6950000,7460402,6771239,0.907624,86,0,964
7000000,7507752,6818825,0.9082379999999999,87,0,955
7050000,7554935,6866372,0.908859,87,0,958
7100000,7602124,6913904,0.9094700000000001,87,0,944
7150000,7649316,6961421,0.910071,87,0,946
7200000,7696528,7009001,0.9106700000000001,88,0,934
7250000,7743599,7056501,0.911269,88,0,949
7300000,7790624,7104081,0.911876,88,0,950
7350000,7837644,7151587,0.912466,89,0,955
7400000,7884445,7199074,0.9130729999999999,91,0,947
7450000,7931544,7246553,0.913637,91,0,946
7500000,7978395,7294056,0.914226,91,0,938
7550000,8025348,7341548,0.914795,91,0,952
7600000,8072036,7388962,0.915378,91,0,946
7650000,8118491,7436349,0.915977,91,0,944
7700000,8165127,7483740,0.916549,92,0,947
7750000,8211587,7531184,0.917141,93,0,956
7800000,8258212,7578587,0.917703,93,0,946
7850000,8304406,7625895,0.9182950000000001,94,0,948
7900000,8350801,7673268,0.918866,94,0,949
7950000,8397216,7720651,0.91943,94,0,955
8000000,8443515,7767989,0.9199950000000001,94,0,950
8050000,8489566,7815200,0.920565,95,0,943
8100000,8535712,7862510,0.9211309999999999,95,0,947
8150000,8581789,7909776,0.921693,95,0,938
8200000,8627901,7957059,0.9222469999999999,96,0,939
8250000,8674017,8004286,0.922789,96,0,952
8300000,8720093,8051604,0.9233389999999999,96,0,953
8350000,8766146,8098856,0.9238790000000001,96,0,949
8400000,8812099,8146113,0.924424,96,0,957
8450000,8858134,8193272,0.9249430000000001,96,0,939
8500000,8903936,8240468,0.925486,97,0,945
8550000,8949806,8287567,0.926005,97,0,940
8600000,8995355,8334621,0.9265469999999999,97,0,938
8650000,9041117,8381718,0.927067,98,0,941
8700000,9086635,8428765,0.9276,98,0,940
8750000,9132146,8475887,0.9281370000000001,98,0,947
8800000,9177713,8522994,0.9286620000000001,98,0,937
8850000,9223265,8570063,0.9291790000000001,99,0,946
8900000,9268742,8617148,0.9297,99,0,944
8950000,9314030,8664137,0.9302239999999999,99,0,930
9000000,9359415,8711193,0.930741,99,0,950
9050000,9404587,8758184,0.931267,99,0,936
9100000,9449821,8805249,0.93179,100,0,946
9150000,9494902,8852223,0.932313,100,0,945
9200000,9539987,8899219,0.932833,100,0,947
9250000,9585060,8946196,0.933348,101,0,945
9300000,9630092,8993166,0.933861,102,0,939
9350000,9675228,9040149,0.9343600000000001,102,0,923
9400000,9720160,9087145,0.934876,102,0,930
9450000,9765283,9134064,0.9353610000000001,102,0,945
9500000,9810028,9180870,0.935866,102,0,946
9550000,9854921,9227758,0.9363600000000001,103,0,945
9600000,9899726,9274576,0.936852,103,0,929
9650000,9944503,9321412,0.937343,103,0,945
9700000,9989110,9368244,0.937846,103,0,933
9750000,10033797,9415075,0.9383360000000001,103,0,930
9800000,10078547,9461882,0.9388139999999999,103,0,929
9850000,10123133,9508654,0.9393,104,0,938
9900000,10167696,9555511,0.9397909999999999,106,0,943
9950000,10212251,9602267,0.940269,106,0,928
10000000,10256872,9649047,0.9407399999999999,107,0,935
10050000,10301421,9695797,0.94121,107,0,935
10100000,10345946,9742559,0.941679,107,0,931
10150000,10390367,9789312,0.942153,107,0,942
10200000,10434816,9836010,0.942615,107,0,941
10250000,10479130,9882711,0.9430850000000001,108,0,938
10300000,10523342,9929526,0.943572,109,0,931
10350000,10567553,9976298,0.94405,110,0,937
10400000,10611703,10023006,0.944524,110,0,937
10450000,10655835,10069674,0.944992,110,0,926
10500000,10699842,10116240,0.945457,110,0,937
10550000,10743943,10162935,0.9459219999999999,110,0,929
10600000,10788062,10209641,0.946383,110,0,927
10650000,10832019,10256102,0.946832,110,0,929
10700000,10875948,10302753,0.947297,110,0,932
10750000,10919778,10349379,0.947765,110,0,931
10800000,10963553,10395891,0.9482229999999999,110,0,938
10850000,11007356,10442503,0.948684,110,0,940
10900000,11051506,10489112,0.9491120000000001,110,0,936
10950000,11095258,10535587,0.949558,110,0,921
11000000,11138854,10582070,0.9500139999999999,110,0,946
11050000,11182605,10628649,0.950463,110,0,919
11100000,11226209,10675236,0.9509209999999999,111,0,927
11150000,11269810,10721708,0.951365,111,0,932
11200000,11313464,10768202,0.9518040000000001,111,0,938
11250000,11356885,10814638,0.952254,113,0,933
11300000,11400472,10861154,0.952693,113,0,927
11350000,11444146,10907720,0.9531270000000001,113,0,926
11400000,11487496,10954145,0.953571,113,0,934
11450000,11530900,11000537,0.9540049999999999,113,0,930
11500000,11574271,11046932,0.9544389999999999,114,0,917
11550000,11617682,11093379,0.9548700000000001,114,0,933
11600000,11660923,11139748,0.955306,114,0,932
11650000,11704062,11186041,0.9557399999999999,115,0,917
11700000,11747387,11232435,0.9561649999999999,115,0,924
11750000,11790680,11278817,0.9565870000000001,117,0,927
11800000,11833875,11325149,0.9570110000000001,118,0,930
11850000,11877137,11371542,0.9574309999999999,119,0,930
11900000,11920293,11417922,0.9578559999999999,119,0,934
11950000,11963430,11464239,0.958274,119,0,925
12000000,12006477,11510517,0.958692,119,0,918
12050000,12049397,11556857,0.959123,119,0,907
12100000,12092384,11603160,0.959543,119,0,945
12150000,12135416,11649521,0.9599610000000001,120,0,916
12200000,12178145,11695785,0.960391,120,0,918
12250000,12221016,11742028,0.9608059999999999,120,0,922
12300000,12263802,11788203,0.961219,120,0,929
12350000,12306780,11834369,0.961614,120,0,917
12400000,12349551,11880485,0.962018,120,0,924
12450000,12392047,11926612,0.962441,121,0,934
12500000,12434736,11972788,0.96285,122,0,917
12550000,12477603,12018995,0.9632459999999999,122,0,920
12600000,12520302,12065153,0.9636469999999999,122,0,924
12650000,12563046,12111351,0.964046,122,0,920
12700000,12605654,12157589,0.964455,122,0,928
12750000,12648015,12203646,0.964867,122,0,929
12800000,12690371,12249733,0.9652780000000001,122,0,933
12850000,12733004,12295916,0.965673,122,0,919
12900000,12775531,12342071,0.9660709999999999,123,0,922
12950000,12817955,12388137,0.966468,123,0,932
13000000,12860253,12434149,0.966867,123,0,919
13050000,12902638,12480283,0.967266,123,0,923
13100000,12944891,12526262,0.9676610000000001,123,0,935
13150000,12987178,12572306,0.9680549999999999,124,0,906
13200000,13029197,12618286,0.968462,124,0,897
13250000,13071293,12664190,0.9688549999999999,124,0,918
13300000,13113435,12710111,0.9692430000000001,124,0,910
13350000,13155510,12756002,0.9696319999999999,124,0,914
13400000,13197483,12801864,0.970023,124,0,916
13450000,13239684,12847883,0.970407,124,0,909
13500000,13281593,12893736,0.9707969999999999,124,0,917
13550000,13323435,12939670,0.971196,124,0,916
13600000,13365273,12985575,0.971591,124,0,910
13650000,13407216,13031510,0.9719770000000001,124,0,929
13700000,13448985,13077368,0.972368,126,0,916
13750000,13490720,13123226,0.972759,126,0,905
13800000,13532597,13169215,0.9731479999999999,126,0,916
13850000,13574416,13215155,0.973534,126,0,918
13900000,13616140,13260938,0.9739129999999999,126,0,912
13950000,13657804,13306818,0.974301,126,0,939
14000000,13699441,13352581,0.9746809999999999,126,0,932
14050000,13741023,13398315,0.975059,126,0,915
14100000,13782586,13444040,0.9754370000000001,126,0,922
14150000,13824072,13489756,0.975816,127,0,918
14200000,13865568,13535487,0.976194,127,0,916
14250000,13907183,13581225,0.976562,127,0,921
14300000,13948712,13626984,0.976935,127,0,917
14350000,13989948,13672611,0.977317,128,0,906
14400000,14031472,13718302,0.9776809999999999,129,0,911
14450000,14072925,13764015,0.978049,129,0,909
14500000,14114118,13809728,0.978434,129,0,914
14550000,14155394,13855367,0.9788049999999999,129,0,910
14600000,14196565,13901023,0.979182,130,0,923
14650000,14237890,13946698,0.979548,130,0,922
14700000,14279192,13992402,0.979916,131,0,920
14750000,14320464,14038111,0.980283,131,0,921
14800000,14361882,14083832,0.98064,131,0,895
14850000,14403085,14129463,0.9810030000000001,131,0,915
14900000,14444170,14175111,0.9813719999999999,131,0,909
14950000,14485256,14220684,0.981735,131,0,916
15000000,14526350,14266278,0.9820969999999999,131,0,907
15050000,14567311,14311759,0.982457,131,0,900
15100000,14608285,14357345,0.982822,132,0,899
15150000,14649269,14402964,0.983187,133,0,902
15200000,14690159,14448616,0.983557,133,0,921
15250000,14731129,14494171,0.983914,133,0,900
15300000,14772103,14539647,0.9842639999999999,133,0,903
15350000,14812942,14585079,0.984617,133,0,907
15400000,14853672,14630498,0.984975,133,0,907
15450000,14894323,14675932,0.9853370000000001,134,0,896
15500000,14935158,14721409,0.9856879999999999,134,0,891
15550000,14975880,14766913,0.9860459999999999,134,0,906
15600000,15016355,14812233,0.9864069999999999,134,0,914
15650000,15057014,14857815,0.98677,136,0,929
15700000,15097699,14903295,0.987124,136,0,910
15750000,15138449,14948669,0.9874639999999999,136,0,901
15800000,15178957,14994088,0.987821,136,0,898
15850000,15219455,15039487,0.988175,137,0,899
15900000,15259989,15084893,0.988526,137,0,915
15950000,15300406,15130256,0.9888790000000001,137,0,913
