timestep,num_nodes,num_edges,average_degree,max_degree,num_triangles,new_edges
0,1539,985,0.640026,3,0,985
50000,74214,49723,0.669995,9,0,970
100000,139677,98335,0.704017,9,0,973
150000,202863,146886,0.724065,9,0,976
200000,263496,195308,0.741218,9,0,975
250000,324098,243668,0.751834,9,0,974
300000,383150,292047,0.7622260000000001,9,0,968
350000,441407,340424,0.771225,9,0,969
400000,500785,388799,0.776379,9,0,961
450000,558151,437112,0.783143,9,0,967
500000,613963,485434,0.7906569999999999,9,0,972
550000,670089,533636,0.796366,11,0,967
600000,725752,581828,0.80169,11,0,966
650000,781674,630115,0.80611,11,0,954
700000,836984,678406,0.8105359999999999,17,0,965
750000,891665,726532,0.814804,18,0,954
800000,946345,774865,0.8187979999999999,18,0,975
850000,1000054,823283,0.8232389999999999,21,0,979
900000,1053843,871390,0.8268690000000001,21,0,969
950000,1107271,919473,0.8303959999999999,21,0,964
1000000,1160121,967703,0.83414,21,0,966
1050000,1214030,1015799,0.836717,21,0,953
1100000,1267268,1063791,0.8394360000000001,21,0,960
1150000,1321200,1111949,0.84162,21,0,968
1200000,1374868,1160243,0.843894,21,0,966
1250000,1427967,1208345,0.8462,21,0,970
1300000,1481202,1256480,0.848284,21,0,969
1350000,1533706,1304688,0.850677,21,0,965
1400000,1586866,1352748,0.8524649999999999,21,0,965
1450000,1639570,1400709,0.8543149999999999,21,0,960
1500000,1692378,1448660,0.855991,21,0,954
1550000,1744735,1496741,0.8578620000000001,21,0,966
1600000,1797237,1544555,0.859405,25,0,957
1650000,1849179,1592504,0.861195,25,0,958
1700000,1901043,1640601,0.863,25,0,971
1750000,1953592,1688399,0.8642540000000001,28,0,963
1800000,2005813,1736281,0.865625,33,0,947
1850000,2057078,1784276,0.867384,33,0,961
1900000,2109742,1832291,0.868491,33,0,959
1950000,2161887,1880305,0.8697520000000001,33,0,966
2000000,2213304,1928327,0.871244,33,0,969
2050000,2265676,1976346,0.8722989999999999,33,0,967
2100000,2317288,2024409,0.873611,33,0,958
2150000,2368316,2072466,0.87508,38,0,968
2200000,2419280,2120375,0.876449,41,0,969
2250000,2469960,2168291,0.877865,41,0,960
2300000,2520990,2216284,0.879132,41,0,960
2350000,2571975,2264163,0.8803209999999999,41,0,957
2400000,2622545,2312148,0.8816430000000001,41,0,949
2450000,2673630,2360126,0.882742,46,0,950
2500000,2724744,2408029,0.883763,47,0,962
2550000,2775282,2455806,0.884885,47,0,955
2600000,2826037,2503681,0.885934,50,0,956
2650000,2877200,2551440,0.8867790000000001,52,0,962
2700000,2928049,2599265,0.8877120000000001,52,0,951
2750000,2979570,2646994,0.888381,54,0,948
2800000,3030104,2694668,0.889299,56,0,952
2850000,3080116,2742276,0.890316,56,0,946
2900000,3130867,2789899,0.8910950000000001,56,0,960
2950000,3181101,2837497,0.8919860000000001,56,0,954
3000000,3230860,2885080,0.892976,56,0,950
3050000,3281409,2932767,0.893752,56,0,965
3100000,3331456,2980377,0.894617,56,0,945
3150000,3381007,3028130,0.8956299999999999,56,0,954
3200000,3431137,3075709,0.8964110000000001,58,0,957
3250000,3480970,3123299,0.89725,58,0,948
3300000,3530170,3170883,0.898224,58,0,952
3350000,3580055,3218488,0.8990049999999999,58,0,961
3400000,3629748,3265975,0.8997799999999999,58,0,953
3450000,3679066,3313561,0.900653,58,0,950
3500000,3728012,3361361,0.90165,58,0,959
3550000,3778657,3409151,0.9022120000000001,60,0,951
3600000,3828502,3456751,0.902899,60,0,948
3650000,3878461,3504547,0.9035920000000001,60,0,962
3700000,3927916,3552116,0.9043260000000001,62,0,956
3750000,3977617,3599701,0.9049889999999999,65,0,950
3800000,4027744,3647331,0.905552,65,0,946
3850000,4078125,3695068,0.90607,65,0,952
3900000,4128081,3742736,0.906653,67,0,937
3950000,4178042,3790364,0.9072110000000001,67,0,959
4000000,4227947,3838049,0.907781,67,0,959
4050000,4277920,3885659,0.908306,67,0,967
4100000,4327400,3933271,0.9089219999999999,67,0,947
4150000,4377214,3980979,0.9094780000000001,67,0,962
4200000,4426897,4028580,0.9100229999999999,67,0,955
4250000,4476459,4076249,0.910597,67,0,960
4300000,4525916,4124078,0.911214,67,0,952
4350000,4575107,4171585,0.911801,67,0,950
4400000,4624646,4219106,0.912309,67,0,949
4450000,4674353,4266873,0.912826,67,0,948
4500000,4724084,4314560,0.9133110000000001,68,0,947
4550000,4773241,4362273,0.913902,69,0,951
4600000,4822056,4410003,0.9145479999999999,69,0,951
4650000,4870954,4457711,0.915162,69,0,962
4700000,4920125,4505452,0.9157190000000001,71,0,950
4750000,4969289,4553223,0.916273,71,0,955
4800000,5018202,4600832,0.9168290000000001,71,0,951
4850000,5067393,4648448,0.917325,72,0,955
4900000,5116526,4696111,0.917832,72,0,956
4950000,5165706,4743784,0.918322,72,0,948
5000000,5214701,4791307,0.918808,72,0,947
5050000,5264196,4838977,0.9192239999999999,72,0,963
5100000,5313912,4886640,0.919594,72,0,956
5150000,5362778,4934279,0.920098,72,0,949
5200000,5411674,4981807,0.920567,72,0,954
5250000,5460632,5029364,0.9210219999999999,72,0,949
5300000,5509061,5076937,0.9215610000000001,72,0,949
5350000,5558093,5124542,0.9219959999999999,72,0,944
5400000,5606728,5171979,0.922459,72,0,958
5450000,5655109,5219678,0.923002,72,0,953
5500000,5704165,5267404,0.923431,72,0,954
5550000,5752525,5315027,0.923947,72,0,958
5600000,5800940,5362607,0.9244379999999999,72,0,948
5650000,5849169,5410328,0.924974,72,0,964
5700000,5898286,5458002,0.9253540000000001,72,0,944
5750000,5946431,5505420,0.9258360000000001,72,0,946
5800000,5994556,5553028,0.9263450000000001,72,0,941
5850000,6043090,5600489,0.926759,72,0,957
5900000,6091130,5647915,0.9272360000000001,72,0,946
5950000,6139658,5695397,0.9276409999999999,72,0,954
6000000,6188232,5742931,0.928041,72,0,955
6050000,6236704,5790328,0.928428,72,0,949
6100000,6285244,5837893,0.928825,72,0,959
6150000,6333245,5885357,0.9292799999999999,72,0,945
6200000,6382368,5932790,0.929559,72,0,947
6250000,6430530,5980221,0.9299729999999999,72,0,967
6300000,6478736,6027709,0.930383,72,0,950
6350000,6527016,6075111,0.9307639999999999,72,0,953
6400000,6575323,6122608,0.931149,72,0,954
6450000,6623573,6170261,0.9315610000000001,72,0,954
6500000,6671833,6217651,0.931925,72,0,940
6550000,6719495,6264983,0.932359,72,0,961
6600000,6767057,6312556,0.9328360000000001,72,0,948
6650000,6815421,6360095,0.933192,72,0,943
6700000,6862516,6407300,0.933666,72,0,943
6750000,6909375,6454734,0.934199,72,0,951
6800000,6956906,6502302,0.9346540000000001,72,0,949
6850000,7005563,6549735,0.934933,72,0,949
6900000,7053407,6597210,0.935322,72,0,953
6950000,7100709,6644600,0.935766,72,0,953
7000000,7148876,6692009,0.936092,72,0,945
7050000,7196761,6739374,0.9364450000000001,72,0,938
7100000,7244454,6786728,0.936817,72,0,954
7150000,7292033,6834154,0.937208,72,0,959
7200000,7340314,6881594,0.937507,72,0,946
7250000,7387986,6928982,0.9378719999999999,72,0,948
7300000,7435034,6976367,0.9383100000000001,72,0,949
7350000,7483003,7023729,0.938624,72,0,955
7400000,7530807,7070996,0.9389430000000001,72,0,948
7450000,7579134,7118411,0.939212,72,0,930
7500000,7627548,7165808,0.939464,72,0,948
7550000,7675952,7213224,0.939717,72,0,944
7600000,7724008,7260706,0.940018,72,0,957
7650000,7772075,7308225,0.940318,72,0,953
7700000,7819886,7355731,0.940644,72,0,954
7750000,7867476,7403212,0.940989,72,0,955
7800000,7914694,7450768,0.941384,72,0,941
7850000,7962312,7498342,0.941729,72,0,952
7900000,8009564,7545827,0.942102,72,0,952
7950000,8056651,7593201,0.942476,72,0,942
8000000,8103351,7640694,0.9429049999999999,72,0,953
8050000,8150472,7688080,0.943268,72,0,945
8100000,8197380,7735460,0.94365,72,0,947
8150000,8244349,7782925,0.944031,72,0,954
8200000,8290790,7830358,0.944465,72,0,937
8250000,8337901,7877831,0.9448219999999999,72,0,951
8300000,8384788,7925180,0.945185,72,0,954
8350000,8431158,7972382,0.945586,72,0,953
8400000,8477492,8019782,0.946009,72,0,959
8450000,8524616,8067155,0.9463360000000001,72,0,948
8500000,8570900,8114495,0.946749,72,0,960
8550000,8617568,8161945,0.9471290000000001,72,0,955
8600000,8664779,8209297,0.947433,72,0,945
8650000,8711651,8256659,0.947772,72,0,954
8700000,8757847,8304097,0.948189,72,0,955
8750000,8803876,8351395,0.9486040000000001,72,0,945
8800000,8850379,8398709,0.948966,72,0,944
8850000,8896771,8446090,0.949343,72,0,956
8900000,8942646,8493522,0.9497770000000001,72,0,941
8950000,8988470,8540415,0.950152,72,0,957
9000000,9034295,8587879,0.9505870000000001,72,0,964
9050000,9079899,8635269,0.951031,72,0,949
9100000,9125487,8682760,0.951485,72,0,944
9150000,9171603,8730203,0.951873,72,0,932
9200000,9216878,8777479,0.952327,72,0,944
9250000,9262215,8824934,0.952789,72,0,949
9300000,9307711,8872306,0.9532209999999999,72,0,943
9350000,9353950,8919640,0.953569,72,0,939
9400000,9399879,8967065,0.9539549999999999,72,0,951
9450000,9445822,9014467,0.954334,72,0,954
9500000,9492231,9061877,0.9546629999999999,72,0,950
9550000,9538919,9109240,0.9549549999999999,72,0,950
9600000,9585118,9156437,0.955276,72,0,949
9650000,9631217,9203749,0.955616,72,0,948
9700000,9677644,9251070,0.9559219999999999,72,0,932
9750000,9723532,9298215,0.956259,72,0,953
9800000,9769802,9345442,0.956564,72,0,947
9850000,9815857,9392822,0.9569030000000001,72,0,949
9900000,9862466,9440093,0.957174,72,0,931
9950000,9908313,9487266,0.957506,72,0,949
10000000,9954242,9534500,0.957833,72,0,954
10050000,10000524,9581861,0.9581360000000001,72,0,954
10100000,10046460,9629178,0.958465,72,0,949
10150000,10092373,9676452,0.9587889999999999,72,0,948
10200000,10138409,9723794,0.9591049999999999,72,0,933
10250000,10184872,9771149,0.9593790000000001,72,0,949
10300000,10230691,9818468,0.959707,72,0,955
10350000,10276549,9865869,0.960037,72,0,961
10400000,10322818,9913336,0.960332,72,0,955
10450000,10369135,9960622,0.9606030000000001,72,0,943
10500000,10415050,10007854,0.9609030000000001,72,0,939
10550000,10461041,10055249,0.961209,72,0,941
10600000,10507258,10102665,0.9614940000000001,72,0,948
10650000,10553517,10149989,0.961764,72,0,936
10700000,10599639,10197311,0.962043,72,0,944
10750000,10645330,10244493,0.9623459999999999,72,0,950
10800000,10691261,10291702,0.962628,72,0,934
10850000,10737283,10338946,0.962902,72,0,954
10900000,10783649,10386309,0.963153,72,0,942
10950000,10829734,10433528,0.9634149999999999,72,0,945
11000000,10875661,10480554,0.9636709999999999,72,0,921
11050000,10922457,10527849,0.963872,72,0,939
11100000,10968197,10574874,0.96414,72,0,954
11150000,11013591,10622110,0.964455,72,0,941
11200000,11059265,10669047,0.964716,72,0,930
11250000,11104812,10716044,0.9649909999999999,72,0,943
11300000,11150385,10763038,0.9652620000000001,72,0,942
11350000,11195817,10810158,0.9655530000000001,72,0,939
11400000,11241719,10857409,0.965814,72,0,941
11450000,11287131,10904691,0.966117,72,0,961
11500000,11332565,10951983,0.966417,72,0,949
11550000,11378230,10999170,0.966686,72,0,941
11600000,11423716,11046436,0.966974,72,0,933
11650000,11468390,11093385,0.967301,72,0,944
11700000,11513226,11140423,0.96762,72,0,940
11750000,11558915,11187675,0.9678829999999999,72,0,956
11800000,11604248,11234929,0.968174,72,0,929
11850000,11649189,11281912,0.9684719999999999,72,0,946
11900000,11694103,11328979,0.968777,72,0,937
11950000,11739025,11376006,0.969076,72,0,945
12000000,11784864,11423163,0.969308,72,0,926
12050000,11829625,11470195,0.969616,72,0,957
12100000,11874640,11517373,0.9699129999999999,72,0,935
12150000,11919662,11564595,0.9702120000000001,72,0,943
12200000,11965427,11611787,0.9704450000000001,72,0,934
12250000,12010360,11658896,0.9707370000000001,72,0,938
12300000,12055365,11705919,0.9710129999999999,80,0,943
12350000,12099741,11752953,0.971339,81,0,925
12400000,12145263,11799978,0.97157,81,0,948
12450000,12189749,11846859,0.9718709999999999,81,0,950
12500000,12234263,11893772,0.9721690000000001,82,0,938
12550000,12278932,11940674,0.9724520000000001,88,0,935
12600000,12324124,11987735,0.9727049999999999,89,0,947
12650000,12368609,12034672,0.973001,101,0,938
12700000,12412921,12081518,0.973302,101,0,933
12750000,12457921,12128491,0.973557,101,0,963
12800000,12502482,12175493,0.9738459999999999,101,0,951
12850000,12547293,12222587,0.9741209999999999,101,0,951
12900000,12592062,12269679,0.974398,101,0,944
12950000,12637629,12316750,0.9746090000000001,112,0,961
13000000,12681374,12363796,0.974957,112,0,935
13050000,12725961,12410813,0.9752360000000001,112,0,959
13100000,12770937,12457894,0.9754879999999999,112,0,942
13150000,12816784,12505099,0.9756809999999999,112,0,935
13200000,12861433,12551883,0.975932,116,0,936
13250000,12906183,12598808,0.976184,116,0,937
13300000,12950872,12645680,0.976435,116,0,947
13350000,12996496,12692777,0.9766309999999999,116,0,933
13400000,13041110,12739634,0.976883,116,0,939
13450000,13085899,12786565,0.977125,116,0,939
13500000,13131091,12833763,0.9773569999999999,116,0,945
13550000,13176552,12880928,0.977564,116,0,925
13600000,13220816,12927568,0.9778190000000001,116,0,943
13650000,13265100,12974462,0.97809,116,0,932
13700000,13309289,13021327,0.9783639999999999,116,0,939
13750000,13354134,13068189,0.9785879999999999,116,0,946
13800000,13398303,13114958,0.978852,116,0,929
13850000,13442613,13161851,0.9791139999999999,116,0,938
13900000,13486952,13208656,0.979366,116,0,932
13950000,13531736,13255640,0.9795959999999999,116,0,929
14000000,13576241,13302484,0.979836,116,0,931
14050000,13620618,13349491,0.980094,116,0,945
14100000,13665162,13396320,0.980326,116,0,949
14150000,13709148,13443408,0.9806159999999999,116,0,946
14200000,13753585,13490334,0.980859,116,0,935
14250000,13798389,13537336,0.981081,116,0,946
14300000,13843278,13584414,0.9813,116,0,942
14350000,13887291,13631268,0.981564,130,0,945
14400000,13931602,13678338,0.9818209999999999,130,0,942
14450000,13976100,13725430,0.9820639999999999,133,0,946
14500000,14021116,13772549,0.9822719999999999,134,0,926
14550000,14065387,13819451,0.9825149999999999,136,0,939
14600000,14109637,13866565,0.982773,136,0,939
14650000,14154106,13913557,0.9830049999999999,137,0,921
14700000,14198988,13960573,0.983209,137,0,927
14750000,14242943,14007419,0.9834639999999999,137,0,936
14800000,14287285,14054460,0.9837040000000001,137,0,936
14850000,14331515,14101433,0.9839459999999999,137,0,938
14900000,14376334,14148479,0.984151,137,0,937
14950000,14420101,14195136,0.984399,137,0,931
15000000,14464188,14241916,0.984633,137,0,933
15050000,14508251,14288706,0.9848680000000001,137,0,937
15100000,14553210,14335639,0.98505,137,0,934
15150000,14597573,14382164,0.985244,137,0,935
15200000,14641479,14428946,0.985484,137,0,942
15250000,14685510,14475796,0.98572,137,0,921
15300000,14730016,14522638,0.9859209999999999,137,0,934
15350000,14773548,14569198,0.986168,137,0,925
15400000,14817011,14615859,0.986424,137,0,912
15450000,14860891,14662415,0.9866440000000001,137,0,939
15500000,14904969,14709238,0.9868680000000001,137,0,924
15550000,14948793,14755928,0.9870979999999999,137,0,937
15600000,14992704,14802648,0.987323,137,0,920
15650000,15036616,14849319,0.9875440000000001,137,0,923
15700000,15079948,14896130,0.9878100000000001,137,0,926
15750000,15123551,14942854,0.988052,137,0,932
15800000,15167168,14989563,0.98829,137,0,934
15850000,15211752,15036415,0.988474,137,0,919
15900000,15255411,15082795,0.988685,137,0,937
15950000,15298386,15129182,0.9889399999999999,137,0,927
