timestep,num_nodes,num_edges,average_degree,max_degree,num_triangles,new_edges
0,1724,1000,0.580046,1,0,1000
50000,81812,50985,0.623197,2,0,998
100000,155976,100951,0.647221,3,0,998
150000,227281,150896,0.663918,3,0,997
200000,296372,200803,0.677537,5,0,998
250000,364219,250704,0.688333,7,0,997
300000,430830,300574,0.697663,8,0,997
350000,496387,350417,0.7059350000000001,9,0,997
400000,561250,400240,0.713122,11,0,995
450000,625372,450036,0.719629,11,0,992
500000,688764,499817,0.725672,13,0,998
550000,751716,549589,0.731113,13,0,996
600000,814022,599325,0.736252,13,0,996
650000,875910,649029,0.740977,14,0,995
700000,937515,698739,0.74531,16,0,994
750000,998889,748424,0.749256,17,0,990
800000,1059515,798066,0.7532369999999999,17,0,990
850000,1119834,847680,0.756969,17,0,992
900000,1179877,897306,0.760508,18,0,989
950000,1239528,946882,0.7639050000000001,18,0,988
1000000,1298963,996459,0.767119,18,0,995
1050000,1358072,1046014,0.77022,19,0,985
1100000,1416962,1095534,0.773157,19,0,989
1150000,1475683,1145031,0.775933,20,0,989
1200000,1534016,1194556,0.778712,20,0,994
1250000,1592100,1244019,0.78137,24,0,990
1300000,1650071,1293421,0.7838579999999999,25,0,994
1350000,1707591,1342864,0.786408,26,0,987
1400000,1764931,1392265,0.78885,27,0,985
1450000,1822200,1441661,0.791165,27,0,987
1500000,1879270,1491028,0.793408,28,0,994
1550000,1936248,1540315,0.795515,28,0,992
1600000,1993087,1589632,0.797573,28,0,983
1650000,2049476,1638874,0.799655,28,0,981
1700000,2105739,1688206,0.801717,28,0,985
1750000,2161961,1737484,0.803661,28,0,985
1800000,2218118,1786715,0.805509,28,0,986
1850000,2274175,1835970,0.8073130000000001,28,0,987
1900000,2330025,1885238,0.809106,29,0,990
1950000,2385613,1934486,0.810897,30,0,984
2000000,2441114,1983691,0.812617,30,0,988
2050000,2496305,2032862,0.814348,32,0,988
2100000,2551548,2082003,0.815976,32,0,983
2150000,2606585,2131195,0.81762,32,0,990
2200000,2661398,2180320,0.8192389999999999,32,0,984
2250000,2716245,2229440,0.82078,32,0,979
2300000,2770966,2278536,0.8222889999999999,32,0,977
2350000,2825313,2327565,0.8238260000000001,33,0,978
2400000,2879747,2376631,0.825292,34,0,985
2450000,2933978,2425665,0.82675,35,0,978
2500000,2988019,2474682,0.828202,35,0,979
2550000,3041859,2523687,0.8296530000000001,35,0,978
2600000,3095772,2572584,0.8309989999999999,35,0,976
2650000,3149383,2621506,0.8323870000000001,35,0,985
2700000,3203118,2670419,0.833694,35,0,978
2750000,3256720,2719338,0.834993,37,0,981
2800000,3310167,2768207,0.836274,38,0,982
2850000,3363510,2817068,0.8375379999999999,38,0,975
2900000,3416557,2865890,0.838824,39,0,971
2950000,3469750,2914774,0.840053,39,0,981
3000000,3522736,2963609,0.8412799999999999,39,0,983
3050000,3575723,3012439,0.84247,40,0,979
3100000,3628577,3061181,0.8436309999999999,41,0,969
3150000,3681248,3109951,0.844809,41,0,975
3200000,3733948,3158697,0.8459399999999999,42,0,978
3250000,3786414,3207454,0.847095,42,0,978
3300000,3838834,3256174,0.8482200000000001,42,0,979
3350000,3891145,3304879,0.849333,42,0,979
3400000,3943441,3353643,0.8504360000000001,42,0,977
3450000,3995570,3402306,0.85152,42,0,978
3500000,4047737,3451052,0.8525879999999999,42,0,977
3550000,4099705,3499696,0.8536459999999999,42,0,971
3600000,4151577,3548343,0.854698,42,0,977
3650000,4203482,3596983,0.855715,43,0,969
3700000,4255157,3645557,0.8567389999999999,43,0,974
3750000,4306704,3694184,0.857775,43,0,977
3800000,4358006,3742676,0.8588049999999999,43,0,972
3850000,4409370,3791175,0.8598,44,0,972
3900000,4460813,3839703,0.860763,44,0,970
3950000,4512102,3888257,0.86174,45,0,979
4000000,4563217,3936720,0.862707,48,0,964
4050000,4614349,3985248,0.863664,50,0,975
4100000,4665318,4033673,0.864608,51,0,969
4150000,4716288,4082123,0.8655370000000001,51,0,967
4200000,4767104,4130550,0.866469,51,0,959
4250000,4817799,4178980,0.8674040000000001,51,0,960
4300000,4868597,4227410,0.868301,51,0,966
4350000,4919242,4275774,0.869194,51,0,962
4400000,4969877,4324141,0.8700700000000001,51,0,961
4450000,5020432,4372475,0.870936,52,0,959
4500000,5070767,4420785,0.871818,52,0,968
4550000,5121158,4469034,0.872661,53,0,957
4600000,5171462,4517340,0.8735129999999999,53,0,969
4650000,5221663,4565643,0.874366,54,0,971
4700000,5271818,4613918,0.8752040000000001,55,0,969
4750000,5321813,4662038,0.876024,56,0,952
4800000,5371779,4710242,0.87685,56,0,971
4850000,5421785,4758452,0.877654,57,0,967
4900000,5471767,4806654,0.878446,57,0,958
4950000,5521574,4854863,0.8792530000000001,60,0,961
5000000,5571408,4903088,0.8800450000000001,61,0,959
5050000,5620934,4951183,0.8808469999999999,63,0,958
5100000,5670529,4999295,0.8816280000000001,65,0,963
5150000,5720029,5047431,0.8824139999999999,66,0,978
5200000,5769460,5095568,0.8831969999999999,67,0,961
5250000,5818834,5143640,0.883964,67,0,967
5300000,5868255,5191728,0.8847139999999999,67,0,961
5350000,5917496,5239755,0.885468,68,0,955
5400000,5966576,5287796,0.886236,68,0,952
5450000,6015719,5335864,0.8869870000000001,70,0,970
5500000,6064751,5383806,0.8877209999999999,70,0,957
5550000,6113757,5431889,0.8884700000000001,70,0,951
5600000,6162799,5479893,0.8891889999999999,71,0,961
5650000,6211738,5527939,0.889918,72,0,970
5700000,6260517,5575992,0.89066,72,0,964
5750000,6309352,5623996,0.891375,74,0,959
5800000,6357964,5671924,0.892098,74,0,960
5850000,6406558,5719819,0.892807,74,0,971
5900000,6455045,5767761,0.8935280000000001,74,0,966
5950000,6503635,5815641,0.894214,74,0,964
6000000,6551938,5863456,0.894919,74,0,968
6050000,6600344,5911321,0.895608,75,0,966
6100000,6648545,5959199,0.896316,75,0,944
6150000,6696888,6007106,0.897,75,0,958
6200000,6744977,6054916,0.8976930000000001,76,0,955
6250000,6793251,6102828,0.898366,76,0,964
6300000,6841389,6150585,0.899026,76,0,962
6350000,6889388,6198417,0.899705,76,0,967
6400000,6937255,6246114,0.900373,76,0,947
6450000,6985034,6293864,0.90105,77,0,959
6500000,7032890,6341628,0.90171,77,0,965
6550000,7080602,6389354,0.902374,78,0,954
6600000,7128209,6437030,0.9030360000000001,78,0,953
6650000,7175925,6484835,0.9036930000000001,78,0,957
6700000,7223472,6532501,0.904344,78,0,954
6750000,7271164,6580169,0.904968,80,0,953
6800000,7318721,6627893,0.905608,80,0,964
6850000,7366211,6675533,0.9062370000000001,80,0,960
6900000,7413600,6723160,0.906868,82,0,955
6950000,7460962,6770781,0.907494,82,0,940
7000000,7508376,6818374,0.9081020000000001,82,0,947
7050000,7555792,6865995,0.9087059999999999,82,0,957
7100000,7602902,6913549,0.90933,82,0,945
7150000,7650156,6961125,0.909932,82,0,945
7200000,7697364,7008720,0.910535,83,0,956
7250000,7744342,7056184,0.911141,84,0,947
7300000,7791301,7103693,0.911747,85,0,946
7350000,7838267,7151203,0.9123450000000001,85,0,946
7400000,7885080,7198685,0.91295,85,0,962
7450000,7931775,7246136,0.913558,85,0,948
7500000,7978618,7293711,0.914157,85,0,951
7550000,8025095,7341157,0.914775,85,0,948
7600000,8071861,7388683,0.9153629999999999,86,0,958
7650000,8118458,7436124,0.915953,87,0,950
7700000,8165012,7483590,0.916544,88,0,958
7750000,8211581,7530996,0.917119,88,0,947
7800000,8258162,7578373,0.917683,88,0,949
7850000,8304563,7625693,0.9182530000000001,88,0,941
7900000,8350846,7673039,0.918834,89,0,949
7950000,8397236,7720453,0.9194040000000001,89,0,936
8000000,8443739,7767828,0.9199510000000001,90,0,951
8050000,8490040,7815171,0.9205110000000001,90,0,956
8100000,8536276,7862494,0.921068,91,0,962
8150000,8582316,7909744,0.921633,91,0,934
8200000,8628321,7956929,0.9221870000000001,91,0,948
8250000,8674315,8004162,0.922743,91,0,949
8300000,8720570,8051419,0.923268,91,0,942
8350000,8766371,8098557,0.9238209999999999,91,0,939
8400000,8812349,8145792,0.9243610000000001,92,0,946
8450000,8858346,8193015,0.924892,92,0,943
8500000,8904013,8240139,0.925441,92,0,939
8550000,8950063,8287377,0.9259569999999999,92,0,939
8600000,8995584,8334417,0.926501,92,0,939
8650000,9041373,8381569,0.927024,92,0,953
8700000,9087042,8428763,0.927558,93,0,946
8750000,9132707,8475903,0.928082,94,0,939
8800000,9178076,8522935,0.9286190000000001,94,0,937
8850000,9223574,8570011,0.929142,94,0,961
8900000,9269193,8617108,0.92965,95,0,943
8950000,9314653,8664209,0.93017,95,0,934
9000000,9360012,8711186,0.930681,96,0,930
9050000,9405269,8758136,0.9311950000000001,96,0,934
9100000,9450619,8805191,0.9317049999999999,96,0,952
9150000,9495921,8852230,0.932214,97,0,947
9200000,9541128,8899185,0.932718,97,0,937
9250000,9586322,8946245,0.9332299999999999,98,0,945
9300000,9631482,8993212,0.933731,99,0,936
9350000,9676553,9040047,0.9342219999999999,99,0,944
9400000,9721601,9087025,0.934725,99,0,946
9450000,9766638,9133992,0.9352239999999999,99,0,926
9500000,9811473,9180893,0.93573,99,0,931
9550000,9856229,9227692,0.9362290000000001,99,0,929
9600000,9900993,9274541,0.9367280000000001,99,0,946
9650000,9945998,9321553,0.9372159999999999,99,0,939
9700000,9990926,9368465,0.9376969999999999,99,0,932
9750000,10035627,9415234,0.9381809999999999,99,0,931
9800000,10080343,9462018,0.93866,99,0,942
9850000,10124923,9508781,0.9391459999999999,100,0,943
9900000,10169579,9555638,0.93963,100,0,934
9950000,10214186,9602464,0.940111,100,0,925
10000000,10258705,9649316,0.9405979999999999,100,0,926
10050000,10303251,9696059,0.941068,100,0,928
10100000,10347879,9742914,0.9415370000000001,100,0,930
10150000,10392354,9789625,0.942003,100,0,941
10200000,10436609,9836434,0.942493,102,0,934
10250000,10481126,9883204,0.942953,103,0,943
10300000,10525453,9929879,0.943416,103,0,942
10350000,10569730,9976623,0.943886,104,0,940
10400000,10613834,10023312,0.944363,105,0,935
10450000,10657993,10069899,0.9448209999999999,105,0,946
10500000,10701872,10116518,0.945304,106,0,916
10550000,10745925,10163223,0.945775,106,0,938
10600000,10789974,10209892,0.9462389999999999,107,0,914
10650000,10834086,10256534,0.946691,107,0,937
10700000,10877986,10303143,0.947155,107,0,936
10750000,10921913,10349711,0.9476100000000001,107,0,918
10800000,10965731,10396278,0.9480700000000001,108,0,931
10850000,11009332,10442801,0.948541,108,0,923
10900000,11052997,10489246,0.948996,108,0,928
10950000,11096739,10535733,0.9494440000000001,108,0,934
11000000,11140468,10582251,0.949893,108,0,927
11050000,11184256,10628796,0.9503360000000001,108,0,948
11100000,11227859,10675195,0.9507770000000001,108,0,927
11150000,11271494,10721783,0.9512299999999999,108,0,929
11200000,11315020,10768244,0.951677,108,0,923
11250000,11358427,10814823,0.952141,108,0,930
11300000,11402025,10861319,0.952578,110,0,913
11350000,11445705,10907844,0.953008,110,0,928
11400000,11489196,10954331,0.9534459999999999,110,0,934
11450000,11532658,11000811,0.953883,111,0,941
11500000,11576051,11047196,0.9543149999999999,112,0,931
11550000,11619567,11093589,0.9547329999999999,112,0,921
11600000,11663076,11140090,0.955159,112,0,920
11650000,11706427,11186509,0.9555870000000001,114,0,939
11700000,11749679,11232918,0.9560190000000001,114,0,918
11750000,11792815,11279311,0.956456,116,0,936
11800000,11836040,11325656,0.956879,116,0,934
11850000,11879022,11371972,0.957316,117,0,934
11900000,11922198,11418271,0.9577319999999999,117,0,922
11950000,11965226,11464545,0.958155,117,0,939
12000000,12008191,11510806,0.9585799999999999,117,0,918
12050000,12051184,11557088,0.9590000000000001,117,0,927
12100000,12093940,11603278,0.9594290000000001,117,0,942
12150000,12136809,11649499,0.959849,117,0,923
12200000,12179776,11695790,0.9602629999999999,117,0,920
12250000,12222583,11742020,0.9606819999999999,117,0,911
12300000,12265427,11788277,0.961098,117,0,925
12350000,12308261,11834483,0.961507,118,0,933
12400000,12350930,11880612,0.9619200000000001,118,0,924
12450000,12393425,11926792,0.962348,119,0,921
12500000,12435922,11972896,0.962767,120,0,895
12550000,12478369,12019061,0.963192,121,0,914
12600000,12520994,12065170,0.9635950000000001,121,0,906
12650000,12563768,12111408,0.963995,121,0,920
12700000,12606336,12157544,0.964399,121,0,910
12750000,12649038,12203664,0.9647899999999999,122,0,914
12800000,12691692,12249852,0.9651870000000001,122,0,913
12850000,12734087,12295874,0.9655870000000001,122,0,928
12900000,12776341,12341950,0.966,122,0,925
12950000,12818828,12387995,0.966391,124,0,906
13000000,12861349,12434115,0.9667819999999999,125,0,911
13050000,12903689,12480164,0.9671780000000001,125,0,925
13100000,12945972,12526238,0.967578,125,0,912
13150000,12988167,12572214,0.967974,125,0,917
13200000,13030211,12618131,0.968375,125,0,907
13250000,13072188,12664128,0.968784,126,0,914
13300000,13114432,12710143,0.9691719999999999,126,0,924
13350000,13156574,12756188,0.969568,126,0,930
13400000,13198626,12802176,0.9699629999999999,126,0,930
13450000,13240520,12848014,0.970356,126,0,923
13500000,13282493,12893922,0.9707459999999999,126,0,918
13550000,13324383,12939864,0.9711420000000001,126,0,931
13600000,13366216,12985694,0.9715309999999999,126,0,910
13650000,13408071,13031497,0.971914,126,0,915
13700000,13449901,13077358,0.972301,126,0,916
13750000,13491790,13123191,0.9726799999999999,128,0,922
13800000,13533661,13169012,0.9730559999999999,129,0,918
13850000,13575346,13214956,0.973453,129,0,929
13900000,13617091,13260843,0.9738379999999999,130,0,915
13950000,13658722,13306621,0.9742219999999999,131,0,916
14000000,13700561,13352436,0.97459,131,0,914
14050000,13742410,13398346,0.9749629999999999,131,0,934
14100000,13784061,13444216,0.975345,131,0,900
14150000,13825406,13489995,0.9757399999999999,132,0,915
14200000,13866896,13535768,0.9761209999999999,132,0,911
14250000,13908441,13581526,0.9764950000000001,132,0,925
14300000,13949929,13627221,0.976867,132,0,903
14350000,13991309,13672938,0.977245,132,0,923
14400000,14032704,13718651,0.97762,132,0,904
14450000,14074107,13764394,0.977994,133,0,912
14500000,14115220,13810036,0.9783790000000001,133,0,909
14550000,14156534,13855804,0.978757,133,0,918
14600000,14197734,13901574,0.97914,133,0,914
14650000,14238881,13947136,0.979511,133,0,910
14700000,14280053,13992854,0.9798879999999999,133,0,913
14750000,14321059,14038451,0.980266,133,0,917
14800000,14362070,14084012,0.9806389999999999,133,0,921
14850000,14403112,14129582,0.981009,133,0,919
14900000,14444279,14175192,0.9813709999999999,133,0,914
14950000,14485482,14220762,0.981725,133,0,909
15000000,14526437,14266349,0.9820959999999999,133,0,914
15050000,14567576,14312036,0.9824579999999999,133,0,917
15100000,14608528,14357471,0.982814,134,0,911
15150000,14649441,14403049,0.983181,134,0,892
15200000,14690605,14448698,0.983533,134,0,910
15250000,14731521,14494253,0.983894,134,0,913
15300000,14772375,14539700,0.9842489999999999,134,0,893
15350000,14813184,14585179,0.984608,134,0,913
15400000,14853903,14630621,0.9849680000000001,135,0,921
15450000,14894792,14676158,0.9853209999999999,135,0,905
15500000,14935575,14721688,0.9856790000000001,135,0,907
15550000,14976355,14767161,0.986032,135,0,910
15600000,15016930,14812576,0.986392,135,0,915
15650000,15057546,14858020,0.986749,135,0,923
15700000,15098167,14903495,0.9871059999999999,135,0,911
15750000,15138830,14948909,0.987455,136,0,921
15800000,15179379,14994281,0.987806,136,0,913
15850000,15219661,15039599,0.9881690000000001,136,0,907
15900000,15260062,15084939,0.988524,136,0,912
15950000,15300476,15130269,0.988876,136,0,908
