timestep,num_nodes,num_edges,average_degree,max_degree,num_triangles,new_edges
0,1745,1000,0.573066,1,0,1000
50000,81828,50982,0.623039,2,0,1000
100000,155900,100940,0.647466,4,0,999
150000,227118,150883,0.664337,4,0,999
200000,296316,200783,0.6775979999999999,5,0,999
250000,364033,250650,0.6885359999999999,6,0,998
300000,430553,300512,0.697967,7,0,997
350000,496180,350339,0.706072,8,0,997
400000,561015,400179,0.713312,9,0,998
450000,625112,449990,0.719855,9,0,998
500000,688603,499742,0.725733,10,0,994
550000,751496,549499,0.7312069999999999,10,0,992
600000,813751,599206,0.736351,11,0,997
650000,875585,648906,0.741111,11,0,991
700000,937066,698588,0.745506,13,0,994
750000,998164,748265,0.749641,13,0,992
800000,1058911,797915,0.753524,14,0,997
850000,1119312,847516,0.7571760000000001,16,0,990
900000,1179391,897134,0.760676,17,0,991
950000,1239040,946718,0.764074,20,0,988
1000000,1298419,996272,0.767296,20,0,993
1050000,1357585,1045847,0.770373,20,0,991
1100000,1416589,1095358,0.7732359999999999,20,0,990
1150000,1475177,1144831,0.7760630000000001,21,0,989
1200000,1533370,1194361,0.7789119999999999,22,0,986
1250000,1591650,1243844,0.7814810000000001,22,0,987
1300000,1649472,1293272,0.7840520000000001,24,0,989
1350000,1707231,1342736,0.786499,24,0,987
1400000,1764724,1392122,0.7888609999999999,26,0,984
1450000,1821993,1441504,0.791169,26,0,987
1500000,1879036,1490927,0.793453,26,0,993
1550000,1935928,1540288,0.795633,26,0,983
1600000,1992598,1589593,0.7977489999999999,26,0,985
1650000,2049192,1638938,0.799797,28,0,986
1700000,2105623,1688228,0.801771,28,0,985
1750000,2161820,1737478,0.803711,28,0,986
1800000,2217800,1786733,0.805633,29,0,982
1850000,2273668,1835966,0.807491,29,0,988
1900000,2329346,1885238,0.809342,29,0,979
1950000,2384714,1934365,0.8111520000000001,30,0,986
2000000,2440067,1983532,0.812901,30,0,976
2050000,2495294,2032655,0.814595,31,0,978
2100000,2550511,2081841,0.816245,31,0,986
2150000,2605492,2130978,0.817879,33,0,984
2200000,2660349,2180079,0.819471,34,0,982
2250000,2715034,2229161,0.8210430000000001,34,0,977
2300000,2769655,2278261,0.8225790000000001,34,0,986
2350000,2824183,2327331,0.8240719999999999,34,0,981
2400000,2878559,2376325,0.825526,35,0,981
2450000,2932731,2425330,0.826987,35,0,981
2500000,2986852,2474322,0.828405,36,0,986
2550000,3040909,2523299,0.829784,37,0,980
2600000,3094850,2572263,0.8311430000000001,37,0,974
2650000,3148661,2621194,0.8324790000000001,37,0,979
2700000,3202370,2670117,0.833794,37,0,984
2750000,3255928,2719051,0.835108,37,0,976
2800000,3309416,2767946,0.836385,37,0,983
2850000,3362826,2816848,0.837643,37,0,974
2900000,3416054,2865719,0.8388969999999999,37,0,974
2950000,3469085,2914615,0.840168,37,0,980
3000000,3521997,2963414,0.8414020000000001,39,0,977
3050000,3574831,3012251,0.842628,39,0,975
3100000,3627796,3061017,0.8437680000000001,39,0,980
3150000,3680424,3109839,0.844968,39,0,980
3200000,3732868,3158550,0.846146,40,0,974
3250000,3785389,3207296,0.847283,41,0,977
3300000,3837870,3256047,0.8484,42,0,975
3350000,3890461,3304758,0.8494520000000001,42,0,972
3400000,3942488,3353354,0.850568,43,0,971
3450000,3994753,3402038,0.851627,44,0,969
3500000,4046677,3450738,0.852734,45,0,976
3550000,4098674,3499412,0.853791,45,0,979
3600000,4150693,3548020,0.8548020000000001,45,0,971
3650000,4202657,3596716,0.85582,45,0,967
3700000,4254345,3645332,0.856849,45,0,978
3750000,4306017,3693853,0.857835,46,0,971
3800000,4357455,3742385,0.8588469999999999,47,0,971
3850000,4408974,3790966,0.8598299999999999,47,0,969
3900000,4460191,3839485,0.860834,48,0,962
3950000,4511476,3887975,0.8617969999999999,48,0,967
4000000,4562496,3936481,0.862791,48,0,968
4050000,4613558,3984976,0.8637530000000001,49,0,959
4100000,4664635,4033465,0.86469,50,0,975
4150000,4715485,4081916,0.865641,50,0,963
4200000,4766349,4130444,0.866584,50,0,972
4250000,4817258,4178887,0.867482,51,0,972
4300000,4867938,4227325,0.868402,51,0,970
4350000,4918647,4275691,0.869282,52,0,968
4400000,4969346,4324036,0.870142,52,0,962
4450000,5019863,4372449,0.87103,52,0,973
4500000,5070455,4420837,0.8718819999999999,52,0,975
4550000,5120762,4469162,0.8727530000000001,53,0,966
4600000,5171105,4517503,0.873605,53,0,953
4650000,5221378,4565833,0.87445,55,0,967
4700000,5271420,4614097,0.8753040000000001,55,0,974
4750000,5321509,4662355,0.876134,55,0,965
4800000,5371477,4710596,0.876965,58,0,967
4850000,5421447,4758823,0.877777,59,0,970
4900000,5471286,4807005,0.8785879999999999,59,0,974
4950000,5521181,4855266,0.879389,60,0,970
5000000,5570802,4903373,0.880192,60,0,956
5050000,5620248,4951466,0.8810049999999999,60,0,960
5100000,5669729,4999590,0.881804,60,0,960
5150000,5719212,5047713,0.882589,61,0,963
5200000,5768822,5095897,0.883351,61,0,955
5250000,5818324,5144070,0.884115,62,0,968
5300000,5867669,5192175,0.8848790000000001,65,0,971
5350000,5916966,5240213,0.885625,67,0,961
5400000,5966075,5288338,0.886402,67,0,967
5450000,6015129,5336396,0.8871620000000001,67,0,963
5500000,6064348,5384536,0.8879,67,0,973
5550000,6113416,5432642,0.8886430000000001,69,0,971
5600000,6162357,5480610,0.8893690000000001,70,0,958
5650000,6211299,5528619,0.890091,72,0,961
5700000,6260178,5576607,0.890806,74,0,953
5750000,6309026,5624700,0.891532,74,0,957
5800000,6357743,5672592,0.892234,75,0,957
5850000,6406421,5720591,0.8929459999999999,75,0,949
5900000,6455045,5768473,0.8936379999999999,77,0,961
5950000,6503483,5816348,0.894344,77,0,969
6000000,6551924,5864234,0.89504,77,0,944
6050000,6600301,5912118,0.8957350000000001,78,0,951
6100000,6648449,5959959,0.896444,79,0,949
6150000,6696530,6007681,0.897133,79,0,952
6200000,6744803,6055528,0.897807,79,0,956
6250000,6792905,6103288,0.89848,79,0,957
6300000,6840894,6151060,0.8991600000000001,79,0,954
6350000,6888977,6198822,0.899817,79,0,950
6400000,6936889,6246634,0.900495,80,0,958
6450000,6984818,6294313,0.901142,81,0,959
6500000,7032516,6342036,0.901816,81,0,957
6550000,7080277,6389734,0.9024690000000001,81,0,952
6600000,7128125,6437484,0.9031100000000001,81,0,950
6650000,7175884,6485217,0.903752,81,0,961
6700000,7223659,6532857,0.9043700000000001,82,0,947
6750000,7271192,6580501,0.90501,83,0,960
6800000,7318831,6628161,0.905631,85,0,953
6850000,7366394,6675851,0.906258,86,0,968
6900000,7413752,6723458,0.90689,87,0,959
6950000,7461221,6771094,0.9075049999999999,87,0,953
7000000,7508440,6818660,0.908133,87,0,951
7050000,7555716,6866231,0.908747,88,0,949
7100000,7602950,6913746,0.90935,88,0,955
7150000,7650062,6961286,0.9099649999999999,88,0,948
7200000,7697079,7008764,0.910575,89,0,944
7250000,7744020,7056280,0.911191,90,0,947
7300000,7791142,7103825,0.911782,91,0,953
7350000,7838300,7151434,0.9123709999999999,92,0,956
7400000,7885232,7198939,0.9129649999999999,92,0,959
7450000,7931900,7246389,0.913575,92,0,954
7500000,7978618,7293788,0.914167,92,0,937
7550000,8025306,7341195,0.9147559999999999,92,0,955
7600000,8071995,7388586,0.915336,92,0,949
7650000,8118632,7436059,0.915925,92,0,945
7700000,8165040,7483295,0.9165040000000001,94,0,945
7750000,8211643,7530656,0.9170709999999999,94,0,955
7800000,8258198,7578060,0.917641,95,0,959
7850000,8304688,7625413,0.918206,95,0,949
7900000,8351176,7672813,0.9187700000000001,95,0,952
7950000,8397574,7720127,0.919328,95,0,948
8000000,8443898,7767425,0.9198860000000001,95,0,937
8050000,8490155,7814755,0.920449,95,0,946
8100000,8536322,7862025,0.9210079999999999,96,0,945
8150000,8582483,7909261,0.921559,96,0,934
8200000,8628588,7956461,0.922105,96,0,951
8250000,8674587,8003694,0.92266,96,0,939
8300000,8720499,8050950,0.923221,96,0,932
8350000,8766403,8098162,0.9237719999999999,96,0,944
8400000,8812324,8145308,0.924309,96,0,928
8450000,8858171,8192501,0.924852,96,0,931
8500000,8904040,8239690,0.9253879999999999,96,0,944
8550000,8949898,8286849,0.9259149999999999,96,0,935
8600000,8995633,8334001,0.92645,96,0,938
8650000,9041294,8381140,0.9269850000000001,97,0,950
8700000,9086675,8428226,0.9275370000000001,98,0,935
8750000,9132172,8475305,0.9280709999999999,98,0,933
8800000,9177800,8522388,0.928587,98,0,936
8850000,9223361,8569498,0.929108,99,0,955
8900000,9268983,8616668,0.929624,99,0,944
8950000,9314436,8663706,0.9301370000000001,99,0,946
9000000,9359710,8710750,0.930665,99,0,947
9050000,9405128,8757753,0.931168,99,0,930
9100000,9450504,8804714,0.931666,99,0,942
9150000,9495896,8851667,0.932157,99,0,943
9200000,9540926,8898559,0.932672,99,0,933
9250000,9586106,8945607,0.933185,100,0,936
9300000,9631194,8992595,0.933695,101,0,943
9350000,9676380,9039578,0.93419,101,0,938
9400000,9721360,9086517,0.9346959999999999,101,0,927
9450000,9766280,9133469,0.935204,101,0,937
9500000,9811162,9180399,0.93571,101,0,940
9550000,9856263,9227354,0.936192,101,0,937
9600000,9901128,9274254,0.936687,101,0,941
9650000,9945917,9321150,0.937184,101,0,930
9700000,9990568,9367931,0.937678,101,0,948
9750000,10035233,9414737,0.938168,102,0,949
9800000,10079861,9461546,0.938658,102,0,937
9850000,10124522,9508294,0.939135,102,0,944
9900000,10169266,9555227,0.9396180000000001,102,0,949
9950000,10213811,9602069,0.940106,102,0,939
10000000,10258428,9648834,0.940576,103,0,931
10050000,10302811,9695578,0.941061,105,0,930
10100000,10347212,9742345,0.941543,105,0,938
10150000,10391595,9789083,0.942019,105,0,925
10200000,10435768,9835724,0.942501,106,0,942
10250000,10480128,9882503,0.942975,107,0,947
10300000,10524222,9929131,0.9434549999999999,111,0,940
10350000,10568342,9975717,0.943925,111,0,917
10400000,10612648,10022377,0.9443799999999999,111,0,931
10450000,10656855,10069014,0.944839,111,0,943
10500000,10700930,10115670,0.945308,112,0,934
10550000,10744852,10162251,0.945779,112,0,935
10600000,10788841,10208952,0.9462510000000001,112,0,915
10650000,10832826,10255555,0.9467110000000001,114,0,923
10700000,10877029,10302182,0.94715,114,0,930
10750000,10920916,10348719,0.9476049999999999,114,0,934
10800000,10964789,10395271,0.948059,114,0,940
10850000,11008657,10441883,0.948516,115,0,931
10900000,11052282,10488391,0.9489799999999999,115,0,928
10950000,11096100,10534961,0.9494290000000001,115,0,927
11000000,11139891,10581470,0.9498719999999999,115,0,928
11050000,11183601,10628030,0.9503229999999999,115,0,916
11100000,11227431,10674627,0.9507629999999999,115,0,938
11150000,11271107,10721196,0.951211,115,0,928
11200000,11314652,10767671,0.951657,115,0,932
11250000,11358310,10814184,0.952094,115,0,932
11300000,11401979,10860728,0.9525299999999999,116,0,919
11350000,11445308,10907136,0.9529790000000001,116,0,919
11400000,11488650,10953575,0.953426,116,0,933
11450000,11532030,10999989,0.9538639999999999,116,0,937
11500000,11575468,11046523,0.954305,116,0,950
11550000,11618682,11092968,0.9547530000000001,117,0,941
11600000,11661952,11139445,0.9551959999999999,117,0,917
11650000,11705096,11185795,0.955635,117,0,911
11700000,11748350,11232205,0.956067,117,0,931
11750000,11791549,11278619,0.9565,117,0,920
11800000,11834764,11324934,0.9569209999999999,117,0,919
11850000,11877939,11371254,0.957342,117,0,942
11900000,11920836,11417502,0.957777,117,0,914
11950000,11964003,11463816,0.958192,117,0,926
12000000,12006978,11510139,0.958621,117,0,918
12050000,12049967,11556427,0.9590420000000001,117,0,917
12100000,12093018,11602733,0.959457,118,0,932
12150000,12136087,11648960,0.9598610000000001,118,0,929
12200000,12178916,11695243,0.9602860000000001,118,0,924
12250000,12221721,11741526,0.9607100000000001,118,0,925
12300000,12264568,11787785,0.961125,118,0,932
12350000,12307439,11834020,0.961534,119,0,909
12400000,12350209,11880278,0.96195,119,0,918
12450000,12392692,11926377,0.9623719999999999,120,0,918
12500000,12435184,11972455,0.9627889999999999,120,0,919
12550000,12477636,12018517,0.963205,120,0,916
12600000,12520040,12064663,0.963628,120,0,915
12650000,12562538,12110800,0.964041,120,0,921
12700000,12605061,12156936,0.964449,120,0,927
12750000,12647536,12203030,0.9648540000000001,120,0,916
12800000,12690038,12249076,0.965251,120,0,910
12850000,12732553,12295238,0.9656540000000001,121,0,928
12900000,12774920,12341366,0.9660620000000001,121,0,930
12950000,12817277,12387471,0.966467,122,0,923
13000000,12859667,12433575,0.966866,122,0,944
13050000,12901908,12479560,0.9672649999999999,122,0,915
13100000,12944066,12525551,0.967667,123,0,922
13150000,12986371,12571521,0.9680549999999999,123,0,920
13200000,13028622,12617506,0.9684450000000001,124,0,924
13250000,13070624,12663450,0.9688479999999999,124,0,924
13300000,13112623,12709384,0.969248,126,0,929
13350000,13154778,12755332,0.969635,126,0,917
13400000,13196756,12801302,0.9700340000000001,126,0,920
13450000,13238730,12847261,0.9704299999999999,126,0,915
13500000,13280709,12893305,0.97083,126,0,919
13550000,13322839,12939250,0.971208,127,0,916
13600000,13364841,12985266,0.971599,127,0,908
13650000,13406546,13031039,0.9719909999999999,127,0,904
13700000,13448506,13077044,0.9723790000000001,127,0,922
13750000,13490176,13122765,0.972765,128,0,897
13800000,13531872,13168535,0.97315,129,0,913
13850000,13573587,13214404,0.9735379999999999,130,0,917
13900000,13615425,13260335,0.9739200000000001,130,0,918
13950000,13657119,13306194,0.974305,130,0,925
14000000,13698697,13351996,0.974691,130,0,897
14050000,13740399,13397739,0.9750620000000001,130,0,915
14100000,13782018,13443450,0.975434,130,0,918
14150000,13823630,13489186,0.975806,130,0,924
14200000,13865228,13534923,0.9761770000000001,130,0,920
14250000,13906799,13580659,0.976548,130,0,929
14300000,13948118,13626381,0.9769329999999999,130,0,899
14350000,13989766,13672291,0.9773069999999999,131,0,929
14400000,14030999,13717926,0.9776870000000001,131,0,919
14450000,14072333,13763671,0.978066,131,0,929
14500000,14113708,13809377,0.9784370000000001,131,0,911
14550000,14155045,13855048,0.978806,131,0,898
14600000,14196387,13900711,0.9791719999999999,131,0,904
14650000,14237770,13946430,0.9795379999999999,131,0,918
14700000,14279095,13992124,0.9799030000000001,131,0,926
14750000,14320396,14037855,0.9802700000000001,132,0,904
14800000,14361608,14083393,0.980628,132,0,917
14850000,14402768,14128945,0.980988,132,0,912
14900000,14443872,14174655,0.981361,132,0,930
14950000,14485018,14220296,0.9817239999999999,132,0,910
15000000,14526168,14265948,0.982086,132,0,922
15050000,14567082,14311553,0.9824579999999999,132,0,913
15100000,14608070,14357122,0.982821,132,0,916
15150000,14649079,14402689,0.983181,132,0,918
15200000,14689959,14448248,0.9835459999999999,132,0,909
15250000,14730870,14493722,0.983901,133,0,910
15300000,14771904,14539206,0.984247,135,0,913
15350000,14812739,14584741,0.984608,135,0,926
15400000,14853596,14630287,0.984966,135,0,910
15450000,14894339,14675705,0.9853209999999999,135,0,907
15500000,14935009,14721188,0.985683,135,0,895
15550000,14975884,14766631,0.9860270000000001,135,0,909
15600000,15016610,14812179,0.9863860000000001,135,0,907
15650000,15057163,14857571,0.9867440000000001,135,0,910
15700000,15097666,14902980,0.9871049999999999,136,0,895
15750000,15138349,14948539,0.9874620000000001,137,0,927
15800000,15178689,14993931,0.987828,137,0,915
15850000,15219317,15039357,0.988176,137,0,900
15900000,15259818,15084851,0.988534,137,0,909
15950000,15300361,15130207,0.9888790000000001,137,0,903
