timestep,num_nodes,num_edges,average_degree,max_degree,num_triangles,new_edges
0,1755,1000,0.569801,1,0,1000
50000,81832,50984,0.623033,2,0,1000
100000,156083,100939,0.646701,3,0,998
150000,227212,150878,0.664041,3,0,998
200000,296381,200794,0.6774859999999999,5,0,999
250000,364142,250675,0.688399,6,0,996
300000,430803,300552,0.697655,7,0,998
350000,496517,350382,0.70568,8,0,997
400000,561510,400192,0.712707,9,0,995
450000,625632,449995,0.7192649999999999,11,0,994
500000,689094,499769,0.725255,12,0,994
550000,752042,549519,0.730703,12,0,995
600000,814493,599223,0.735701,13,0,998
650000,876437,648905,0.74039,13,0,994
700000,937947,698607,0.744826,14,0,993
750000,999033,748255,0.748979,14,0,994
800000,1059815,797881,0.752849,15,0,996
850000,1120249,847524,0.75655,16,0,997
900000,1180332,897141,0.760075,17,0,996
950000,1240029,946744,0.7634850000000001,20,0,992
1000000,1299535,996313,0.7666689999999999,22,0,992
1050000,1358688,1045846,0.7697470000000001,23,0,987
1100000,1417545,1095362,0.772718,26,0,991
1150000,1476120,1144839,0.775573,26,0,996
1200000,1534457,1194320,0.778334,26,0,991
1250000,1592504,1243811,0.781041,27,0,992
1300000,1650310,1293266,0.78365,27,0,984
1350000,1707992,1342689,0.786121,27,0,991
1400000,1765430,1392089,0.7885270000000001,27,0,984
1450000,1822818,1441479,0.790797,29,0,995
1500000,1879925,1490842,0.793033,30,0,984
1550000,1936716,1540232,0.79528,30,0,991
1600000,1993480,1589602,0.797401,33,0,988
1650000,2049886,1638927,0.799521,35,0,982
1700000,2106049,1688223,0.801607,37,0,983
1750000,2162285,1737502,0.803549,37,0,985
1800000,2218450,1786757,0.805408,40,0,985
1850000,2274362,1836041,0.807277,41,0,987
1900000,2330126,1885240,0.809072,41,0,982
1950000,2385624,1934450,0.810878,43,0,984
2000000,2441105,1983587,0.812578,43,0,980
2050000,2496359,2032712,0.814271,44,0,977
2100000,2551501,2081921,0.815959,45,0,979
2150000,2606555,2131016,0.8175600000000001,45,0,986
2200000,2661293,2180130,0.8192,46,0,984
2250000,2716109,2229221,0.8207409999999999,47,0,986
2300000,2770676,2278218,0.822261,47,0,976
2350000,2825097,2327209,0.8237629999999999,48,0,987
2400000,2879432,2376269,0.825256,48,0,977
2450000,2933563,2425284,0.826737,49,0,985
2500000,2987668,2474256,0.828156,50,0,978
2550000,3041584,2523212,0.829572,51,0,975
2600000,3095517,2572199,0.830943,51,0,974
2650000,3149191,2621121,0.832316,51,0,978
2700000,3202623,2670021,0.8336979999999999,51,0,980
2750000,3256263,2718943,0.834989,51,0,976
2800000,3309788,2767864,0.836266,51,0,974
2850000,3363093,2816716,0.8375370000000001,51,0,975
2900000,3416414,2865628,0.8387819999999999,53,0,971
2950000,3469683,2914497,0.839989,53,0,977
3000000,3522636,2963362,0.841234,56,0,971
3050000,3575607,3012160,0.842419,57,0,972
3100000,3628287,3060950,0.843635,57,0,975
3150000,3681075,3109777,0.844801,57,0,976
3200000,3733633,3158547,0.8459709999999999,57,0,973
3250000,3786069,3207291,0.8471299999999999,57,0,966
3300000,3838343,3255984,0.8482790000000001,58,0,971
3350000,3890633,3304601,0.849374,58,0,970
3400000,3942798,3353318,0.850492,59,0,981
3450000,3995164,3402055,0.851543,59,0,980
3500000,4047386,3450690,0.8525719999999999,59,0,971
3550000,4099458,3499337,0.8536100000000001,59,0,966
3600000,4151267,3548028,0.8546860000000001,60,0,969
3650000,4203117,3596668,0.855714,61,0,964
3700000,4254992,3645238,0.8566969999999999,61,0,966
3750000,4306570,3693817,0.8577170000000001,63,0,968
3800000,4358052,3742384,0.8587290000000001,63,0,971
3850000,4409397,3790891,0.8597299999999999,64,0,964
3900000,4460866,3839426,0.860691,65,0,973
3950000,4512192,3887936,0.8616510000000001,66,0,977
4000000,4563407,3936449,0.862612,66,0,983
4050000,4614406,3984869,0.8635709999999999,66,0,972
4100000,4665335,4033315,0.8645280000000001,66,0,968
4150000,4716246,4081733,0.8654620000000001,66,0,968
4200000,4767098,4130173,0.866391,66,0,971
4250000,4817659,4178637,0.867358,67,0,964
4300000,4868483,4227101,0.868258,69,0,956
4350000,4919222,4275521,0.8691459999999999,69,0,974
4400000,4969827,4323913,0.870033,69,0,963
4450000,5020310,4372265,0.870915,70,0,966
4500000,5070777,4420571,0.8717739999999999,70,0,964
4550000,5120791,4468890,0.8726950000000001,71,0,966
4600000,5171092,4517140,0.8735370000000001,71,0,949
4650000,5221204,4565439,0.874403,71,0,965
4700000,5271159,4613585,0.875251,71,0,965
4750000,5321201,4661812,0.876083,71,0,948
4800000,5371300,4710069,0.8768959999999999,72,0,977
4850000,5421175,4758292,0.8777229999999999,73,0,964
4900000,5471159,4806520,0.8785200000000001,74,0,964
4950000,5520918,4854761,0.879339,74,0,971
5000000,5570573,4902921,0.8801469999999999,74,0,953
5050000,5620347,4951072,0.880919,74,0,962
5100000,5669978,4999228,0.8817010000000001,74,0,955
5150000,5719445,5047325,0.8824850000000001,75,0,962
5200000,5768813,5095472,0.883279,75,0,967
5250000,5818054,5143536,0.884065,76,0,962
5300000,5867279,5191576,0.884835,76,0,958
5350000,5916394,5239669,0.885619,76,0,965
5400000,5965534,5287766,0.886386,76,0,962
5450000,6014652,5335840,0.8871399999999999,76,0,955
5500000,6063583,5383839,0.8878969999999999,76,0,956
5550000,6112557,5431837,0.8886360000000001,78,0,965
5600000,6161375,5479827,0.8893840000000001,78,0,970
5650000,6210298,5527853,0.8901110000000001,78,0,966
5700000,6258805,5575773,0.890869,78,0,958
5750000,6307502,5623705,0.89159,78,0,958
5800000,6356205,5671646,0.892301,78,0,961
5850000,6404863,5719559,0.8930030000000001,79,0,961
5900000,6453594,5767517,0.893691,79,0,955
5950000,6502231,5815455,0.8943780000000001,80,0,956
6000000,6550657,5863307,0.895072,80,0,948
6050000,6599021,5911181,0.895766,81,0,960
6100000,6647522,5959092,0.896438,81,0,958
6150000,6695638,6006898,0.897136,83,0,953
6200000,6743870,6054782,0.8978200000000001,83,0,950
6250000,6792088,6102624,0.89849,83,0,964
6300000,6840339,6150449,0.899144,83,0,963
6350000,6888369,6198238,0.8998120000000001,83,0,950
6400000,6936449,6246027,0.900465,83,0,961
6450000,6984421,6293769,0.901115,83,0,958
6500000,7032244,6341552,0.901782,83,0,945
6550000,7080158,6389198,0.902409,83,0,959
6600000,7127804,6436861,0.903064,84,0,951
6650000,7175469,6484418,0.9036930000000001,84,0,953
6700000,7223121,6532172,0.904342,85,0,960
6750000,7270817,6579899,0.904974,85,0,955
6800000,7318369,6627552,0.9056049999999999,85,0,962
6850000,7365865,6675294,0.9062469999999999,86,0,954
6900000,7413261,6722876,0.9068719999999999,86,0,964
6950000,7460830,6770546,0.907479,86,0,951
7000000,7508021,6818097,0.908108,87,0,945
7050000,7555212,6865654,0.908731,88,0,954
7100000,7602496,6913240,0.9093379999999999,88,0,954
7150000,7649663,6960784,0.9099459999999999,88,0,954
7200000,7696813,7008432,0.9105629999999999,88,0,949
7250000,7743962,7055978,0.911159,88,0,952
7300000,7791011,7103515,0.911758,88,0,945
7350000,7837997,7151013,0.912352,88,0,953
7400000,7884796,7198428,0.91295,88,0,938
7450000,7931540,7245838,0.9135469999999999,90,0,952
7500000,7978257,7293356,0.9141540000000001,91,0,945
7550000,8024982,7340770,0.91474,93,0,957
7600000,8071745,7388283,0.915327,93,0,948
7650000,8118144,7435622,0.915926,93,0,945
7700000,8164674,7482932,0.916501,93,0,959
7750000,8211337,7530382,0.9170709999999999,94,0,961
7800000,8257800,7577794,0.917653,94,0,951
7850000,8304300,7625238,0.918228,94,0,932
7900000,8350592,7672611,0.91881,94,0,946
7950000,8396862,7719869,0.919375,94,0,951
8000000,8443047,7767125,0.9199430000000001,96,0,936
8050000,8489175,7814395,0.9205129999999999,97,0,963
8100000,8535375,7861623,0.921064,98,0,946
8150000,8581556,7908881,0.9216139999999999,98,0,953
8200000,8627551,7956069,0.92217,98,0,944
8250000,8673698,8003368,0.922717,99,0,932
8300000,8719536,8050517,0.9232739999999999,100,0,962
8350000,8765427,8097673,0.9238200000000001,100,0,943
8400000,8811224,8144867,0.924374,100,0,946
8450000,8857101,8191979,0.924905,100,0,945
8500000,8902958,8239250,0.925451,100,0,939
8550000,8948594,8286389,0.925999,100,0,940
8600000,8994296,8333524,0.926534,101,0,941
8650000,9040044,8380744,0.927069,101,0,936
8700000,9085821,8427855,0.927583,101,0,949
8750000,9131444,8474920,0.928103,102,0,933
8800000,9177086,8522071,0.928625,103,0,940
8850000,9222487,8569166,0.92916,104,0,934
8900000,9267965,8616199,0.929675,105,0,939
8950000,9313478,8663276,0.9301870000000001,105,0,955
9000000,9358536,8710234,0.930726,105,0,938
9050000,9403880,8757216,0.931234,105,0,937
9100000,9449220,8804258,0.931744,107,0,939
9150000,9494474,8851163,0.9322440000000001,107,0,940
9200000,9539803,8898298,0.9327549999999999,107,0,942
9250000,9584993,8945299,0.933261,107,0,932
9300000,9630039,8992229,0.9337690000000001,107,0,943
9350000,9675230,9039156,0.934257,107,0,932
9400000,9720330,9086179,0.93476,107,0,927
9450000,9765395,9133096,0.935251,107,0,948
9500000,9810493,9180013,0.9357340000000001,107,0,943
9550000,9855437,9226928,0.936227,108,0,946
9600000,9900432,9273853,0.9367120000000001,109,0,942
9650000,9945062,9320778,0.937227,109,0,928
9700000,9989839,9367620,0.937715,109,0,934
9750000,10034520,9414484,0.93821,109,0,938
9800000,10079283,9461317,0.938689,110,0,928
9850000,10124030,9508246,0.939176,110,0,951
9900000,10168621,9555009,0.9396559999999999,111,0,945
9950000,10213178,9601763,0.940135,111,0,938
10000000,10257602,9648432,0.9406129999999999,111,0,940
10050000,10302055,9695261,0.9411,111,0,931
10100000,10346851,9742165,0.941558,111,0,942
10150000,10391495,9788952,0.942016,112,0,933
10200000,10435861,9835703,0.942491,112,0,939
10250000,10480335,9882469,0.9429540000000001,112,0,938
10300000,10524606,9929152,0.943423,112,0,918
10350000,10568786,9975829,0.943895,112,0,938
10400000,10613078,10022469,0.944351,112,0,932
10450000,10657336,10069153,0.94481,113,0,920
10500000,10701275,10115761,0.9452860000000001,115,0,935
10550000,10745342,10162435,0.9457530000000001,115,0,950
10600000,10789233,10209088,0.9462290000000001,115,0,942
10650000,10833259,10255776,0.946694,115,0,939
10700000,10877202,10302401,0.947155,116,0,928
10750000,10921034,10348964,0.9476180000000001,116,0,946
10800000,10965102,10395598,0.9480620000000001,116,0,929
10850000,11008963,10442195,0.9485180000000001,116,0,938
10900000,11052653,10488773,0.948982,116,0,933
10950000,11096476,10535264,0.9494239999999999,116,0,918
11000000,11140107,10581769,0.94988,117,0,922
11050000,11183951,10628456,0.9503309999999999,117,0,921
11100000,11227770,10674952,0.9507629999999999,117,0,937
11150000,11271426,10721470,0.9512079999999999,118,0,925
11200000,11315021,10767964,0.951652,118,0,931
11250000,11358510,10814403,0.952097,118,0,927
11300000,11402028,10860848,0.9525370000000001,118,0,933
11350000,11445575,10907262,0.952968,118,0,927
11400000,11489181,10953711,0.9533940000000001,118,0,921
11450000,11532470,11000052,0.953833,118,0,926
11500000,11575766,11046511,0.9542790000000001,118,0,911
11550000,11619238,11092951,0.9547059999999999,118,0,929
11600000,11662465,11139356,0.9551459999999999,118,0,923
11650000,11705810,11185741,0.955572,119,0,936
11700000,11748933,11232069,0.956008,119,0,938
11750000,11792217,11278590,0.9564440000000001,119,0,939
11800000,11835507,11325011,0.956867,119,0,926
11850000,11878562,11371305,0.9572959999999999,119,0,927
11900000,11921796,11417654,0.9577129999999999,119,0,933
11950000,11964740,11464006,0.958149,120,0,916
12000000,12007960,11510434,0.9585670000000001,120,0,925
12050000,12050923,11556741,0.958992,120,0,926
12100000,12094011,11602989,0.9594,120,0,933
12150000,12136726,11649255,0.959835,120,0,927
12200000,12179612,11695469,0.96025,120,0,923
12250000,12222503,11741741,0.960666,120,0,926
12300000,12265319,11787917,0.9610770000000001,120,0,932
12350000,12307978,11834133,0.961501,120,0,910
12400000,12350675,11880338,0.961918,120,0,934
12450000,12393404,11926522,0.9623280000000001,120,0,934
12500000,12436129,11972807,0.962744,121,0,938
12550000,12478894,12019005,0.963147,121,0,919
12600000,12521567,12065246,0.963557,121,0,921
12650000,12564083,12111424,0.9639719999999999,122,0,925
12700000,12606552,12157496,0.9643790000000001,123,0,905
12750000,12649228,12203708,0.964779,124,0,918
12800000,12691734,12249748,0.965175,124,0,922
12850000,12734004,12295785,0.9655870000000001,125,0,925
12900000,12776535,12341829,0.9659760000000001,125,0,908
12950000,12818873,12387837,0.966375,125,0,914
13000000,12861323,12433884,0.966766,125,0,927
13050000,12903613,12479911,0.9671639999999999,125,0,935
13100000,12945762,12525959,0.967572,126,0,917
13150000,12988028,12572026,0.9679700000000001,126,0,915
13200000,13030159,12617959,0.968366,126,0,926
13250000,13072229,12663979,0.96877,126,0,939
13300000,13114208,12709982,0.969176,127,0,914
13350000,13156466,12756015,0.969562,127,0,924
13400000,13198578,12801909,0.9699459999999999,127,0,914
13450000,13240293,12847706,0.970349,127,0,919
13500000,13282389,12893684,0.970735,127,0,926
13550000,13324506,12939658,0.971117,127,0,907
13600000,13366388,12985480,0.9715030000000001,127,0,925
13650000,13408420,13031458,0.971886,127,0,916
13700000,13450037,13077327,0.972289,127,0,909
13750000,13491746,13123193,0.972683,128,0,917
13800000,13533547,13168927,0.973058,128,0,906
13850000,13575292,13214723,0.9734389999999999,128,0,900
13900000,13617006,13260560,0.973823,128,0,901
13950000,13658835,13306391,0.974197,128,0,916
14000000,13700260,13352081,0.9745860000000001,128,0,916
14050000,13741957,13397914,0.9749639999999999,128,0,922
14100000,13783335,13443666,0.9753569999999999,128,0,927
14150000,13824790,13489468,0.9757450000000001,128,0,929
14200000,13866480,13535371,0.9761219999999999,129,0,912
14250000,13908147,13581189,0.976492,129,0,916
14300000,13949549,13626957,0.976874,129,0,924
14350000,13990909,13672757,0.97726,129,0,918
14400000,14032275,13718436,0.977634,129,0,916
14450000,14073572,13764093,0.97801,131,0,922
14500000,14115141,13809874,0.9783729999999999,131,0,917
14550000,14156502,13855522,0.9787389999999999,132,0,908
14600000,14197986,13901265,0.979101,132,0,917
14650000,14239249,13946946,0.9794719999999999,132,0,900
14700000,14280353,13992543,0.9798459999999999,132,0,917
14750000,14321340,14038129,0.980225,132,0,914
14800000,14362706,14083882,0.9805870000000001,132,0,928
14850000,14403752,14129529,0.9809620000000001,133,0,899
14900000,14444815,14175136,0.9813299999999999,133,0,907
14950000,14485643,14220724,0.981712,133,0,916
15000000,14526648,14266265,0.982075,133,0,916
15050000,14567705,14311845,0.9824360000000001,134,0,915
15100000,14608478,14357315,0.982807,134,0,917
15150000,14649114,14402724,0.983181,134,0,893
15200000,14689899,14448209,0.983547,134,0,902
15250000,14730727,14493651,0.983906,134,0,897
15300000,14771683,14539222,0.9842629999999999,134,0,915
15350000,14812410,14584750,0.9846299999999999,134,0,903
15400000,14853105,14630199,0.984993,135,0,912
15450000,14894029,14675761,0.985345,136,0,928
15500000,14934801,14721297,0.9857040000000001,137,0,895
15550000,14975748,14766871,0.986052,137,0,918
15600000,15016475,14812274,0.986402,137,0,910
15650000,15057076,14857679,0.986757,137,0,909
15700000,15097674,14903149,0.987116,137,0,912
15750000,15138339,14948562,0.9874639999999999,137,0,912
15800000,15178973,14993950,0.9878110000000001,137,0,900
15850000,15219471,15039367,0.988166,137,0,898
15900000,15259996,15084713,0.9885139999999999,137,0,908
15950000,15300455,15130145,0.988869,137,0,902
