timestep,num_nodes,num_edges,average_degree,max_degree,num_triangles,new_edges
0,1757,1000,0.569152,1,0,1000
50000,81864,50983,0.622777,3,0,999
100000,155750,100946,0.6481279999999999,3,0,998
150000,227138,150889,0.664305,5,0,998
200000,296244,200802,0.677826,8,0,998
250000,364119,250698,0.6885060000000001,9,0,998
300000,430959,300574,0.697454,9,0,996
350000,496610,350415,0.7056140000000001,10,0,996
400000,561440,400229,0.712862,12,0,999
450000,625784,450035,0.719154,14,0,995
500000,689225,499795,0.725155,15,0,991
550000,752106,549513,0.730632,17,0,997
600000,814649,599267,0.735614,17,0,999
650000,876372,648972,0.740521,18,0,995
700000,937873,698646,0.744926,18,0,995
750000,999045,748301,0.749016,19,0,991
800000,1059668,797959,0.753027,20,0,988
850000,1119819,847565,0.756877,20,0,991
900000,1179699,897173,0.76051,21,0,990
950000,1239481,946752,0.763829,22,0,992
1000000,1298796,996339,0.767125,22,0,991
1050000,1357941,1045892,0.770204,22,0,994
1100000,1416884,1095346,0.7730670000000001,22,0,987
1150000,1475525,1144826,0.775877,22,0,988
1200000,1533694,1194308,0.778713,22,0,995
1250000,1591894,1243767,0.781313,22,0,983
1300000,1649879,1293159,0.78379,25,0,987
1350000,1707558,1342575,0.786254,25,0,989
1400000,1764931,1391956,0.788674,26,0,990
1450000,1822360,1441330,0.790914,27,0,990
1500000,1879475,1490695,0.793144,29,0,988
1550000,1936441,1540053,0.795301,29,0,993
1600000,1993362,1589357,0.797325,29,0,988
1650000,2049791,1638607,0.7994020000000001,30,0,987
1700000,2106126,1687896,0.8014220000000001,31,0,984
1750000,2162305,1737158,0.803383,32,0,983
1800000,2218261,1786390,0.805311,35,0,982
1850000,2274063,1835641,0.807208,36,0,980
1900000,2329709,1884886,0.8090649999999999,36,0,976
1950000,2385288,1934072,0.810834,36,0,985
2000000,2440685,1983250,0.812579,37,0,992
2050000,2495950,2032429,0.814291,38,0,981
2100000,2551178,2081541,0.815914,38,0,984
2150000,2606242,2130637,0.817513,39,0,981
2200000,2661149,2179758,0.8191039999999999,39,0,980
2250000,2715995,2228852,0.8206389999999999,39,0,979
2300000,2770614,2277935,0.822177,40,0,985
2350000,2825006,2327007,0.8237180000000001,40,0,978
2400000,2879270,2376046,0.825225,40,0,985
2450000,2933542,2425052,0.8266629999999999,41,0,983
2500000,2987638,2474054,0.828097,43,0,983
2550000,3041702,2523072,0.829493,45,0,983
2600000,3095657,2572041,0.8308549999999999,45,0,978
2650000,3149388,2621062,0.8322450000000001,46,0,987
2700000,3202985,2669976,0.8335899999999999,46,0,982
2750000,3256549,2718891,0.834899,47,0,979
2800000,3309940,2767801,0.836209,47,0,969
2850000,3363148,2816700,0.837519,48,0,980
2900000,3416312,2865553,0.838786,48,0,980
2950000,3469517,2914398,0.840001,48,0,972
3000000,3522468,2963165,0.841218,48,0,978
3050000,3575444,3011987,0.842409,49,0,976
3100000,3628198,3060816,0.843619,49,0,977
3150000,3680849,3109581,0.8448,49,0,980
3200000,3733422,3158295,0.845952,49,0,980
3250000,3785954,3207042,0.84709,50,0,969
3300000,3838400,3255781,0.8482129999999999,51,0,968
3350000,3890718,3304463,0.8493200000000001,52,0,974
3400000,3942800,3353156,0.85045,53,0,969
3450000,3994988,3401797,0.8515159999999999,54,0,976
3500000,4046972,3450469,0.852605,54,0,986
3550000,4098848,3499091,0.853677,55,0,973
3600000,4150705,3547845,0.854757,55,0,974
3650000,4202488,3596473,0.8557959999999999,56,0,975
3700000,4254025,3645017,0.8568399999999999,56,0,970
3750000,4305574,3693584,0.8578610000000001,56,0,972
3800000,4357156,3742173,0.858857,57,0,973
3850000,4408548,3790723,0.859857,57,0,977
3900000,4459781,3839243,0.860859,58,0,966
3950000,4510955,3887714,0.8618379999999999,58,0,973
4000000,4562326,3936275,0.862778,59,0,975
4050000,4613441,3984742,0.8637239999999999,59,0,971
4100000,4664438,4033277,0.8646870000000001,59,0,966
4150000,4715435,4081714,0.865607,59,0,965
4200000,4766201,4130133,0.8665459999999999,59,0,975
4250000,4816927,4178476,0.8674569999999999,59,0,957
4300000,4867438,4226913,0.8684059999999999,60,0,967
4350000,4918154,4275331,0.869296,61,0,969
4400000,4968849,4323706,0.8701620000000001,61,0,969
4450000,5019381,4372048,0.871033,63,0,968
4500000,5069856,4420414,0.871901,64,0,966
4550000,5120145,4468795,0.8727870000000001,64,0,972
4600000,5170387,4517090,0.8736459999999999,65,0,969
4650000,5220694,4565466,0.8744940000000001,66,0,965
4700000,5270769,4613761,0.8753489999999999,66,0,963
4750000,5320677,4661956,0.8761959999999999,66,0,956
4800000,5370641,4710206,0.8770290000000001,66,0,966
4850000,5420416,4758442,0.8778739999999999,67,0,963
4900000,5470248,4806625,0.878685,69,0,975
4950000,5519993,4854869,0.8795059999999999,70,0,966
5000000,5569690,4903044,0.880308,70,0,965
5050000,5619348,4951237,0.8811049999999999,71,0,956
5100000,5668899,4999442,0.881907,72,0,973
5150000,5718416,5047526,0.8826790000000001,73,0,969
5200000,5767735,5095711,0.8834860000000001,75,0,961
5250000,5817234,5143786,0.884232,75,0,956
5300000,5866652,5191905,0.884986,76,0,962
5350000,5915973,5240000,0.8857379999999999,76,0,952
5400000,5965121,5288077,0.8865,76,0,968
5450000,6014257,5336156,0.887251,76,0,961
5500000,6063132,5384171,0.888018,76,0,953
5550000,6112049,5432176,0.8887649999999999,76,0,955
5600000,6161015,5480240,0.889503,76,0,965
5650000,6209950,5528167,0.8902110000000001,76,0,966
5700000,6258753,5576103,0.8909290000000001,76,0,951
5750000,6307564,5624097,0.8916430000000001,76,0,958
5800000,6356118,5672009,0.8923700000000001,76,0,961
5850000,6404693,5719936,0.893085,76,0,963
5900000,6453149,5767872,0.893807,76,0,962
5950000,6501781,5815838,0.8944989999999999,76,0,967
6000000,6550147,5863721,0.8952040000000001,76,0,961
6050000,6598605,5911604,0.8958870000000001,76,0,955
6100000,6646996,5959473,0.896566,76,0,961
6150000,6695189,6007331,0.8972610000000001,77,0,960
6200000,6743557,6055126,0.897913,79,0,960
6250000,6791725,6102912,0.898581,80,0,965
6300000,6839964,6150784,0.899242,80,0,964
6350000,6887970,6198541,0.899908,81,0,946
6400000,6935949,6246281,0.900566,81,0,963
6450000,6983863,6294037,0.901226,81,0,954
6500000,7031744,6341789,0.9018799999999999,81,0,964
6550000,7079716,6389524,0.9025110000000001,81,0,958
6600000,7127411,6437218,0.903164,81,0,954
6650000,7175011,6484799,0.903803,82,0,944
6700000,7222545,6532383,0.904443,82,0,953
6750000,7270242,6580089,0.905072,82,0,955
6800000,7317670,6627691,0.905711,83,0,952
6850000,7365070,6675304,0.9063459999999999,83,0,948
6900000,7412518,6722970,0.906975,84,0,946
6950000,7459992,6770620,0.907591,85,0,955
7000000,7507256,6818168,0.9082100000000001,86,0,960
7050000,7554675,6865736,0.908806,86,0,945
7100000,7601982,6913358,0.909415,86,0,964
7150000,7649082,6960885,0.9100290000000001,87,0,951
7200000,7696314,7008448,0.910624,88,0,968
7250000,7743338,7055929,0.911226,88,0,952
7300000,7790357,7103429,0.9118229999999999,89,0,951
7350000,7837136,7150832,0.912429,89,0,955
7400000,7883925,7198307,0.9130360000000001,90,0,952
7450000,7930652,7245724,0.9136350000000001,90,0,945
7500000,7977544,7293183,0.914214,90,0,943
7550000,8024383,7340656,0.914794,90,0,943
7600000,8071055,7388098,0.9153819999999999,90,0,953
7650000,8117783,7435555,0.915959,90,0,956
7700000,8164339,7482904,0.916535,91,0,948
7750000,8210735,7530302,0.9171290000000001,91,0,947
7800000,8257335,7577721,0.917696,91,0,961
7850000,8303814,7625035,0.918257,91,0,940
7900000,8350193,7672388,0.9188280000000001,91,0,940
7950000,8396546,7719754,0.9193959999999999,91,0,949
8000000,8442829,7767066,0.91996,92,0,947
8050000,8489021,7814402,0.92053,92,0,941
8100000,8535165,7861691,0.9210940000000001,93,0,940
8150000,8581440,7908998,0.92164,94,0,950
8200000,8627419,7956238,0.9222040000000001,94,0,947
8250000,8673501,8003537,0.9227569999999999,95,0,946
8300000,8719479,8050709,0.9233020000000001,95,0,928
8350000,8765482,8097897,0.923839,96,0,934
8400000,8811430,8145141,0.924384,96,0,945
8450000,8857377,8192333,0.924916,96,0,957
8500000,8903272,8239454,0.925441,97,0,947
8550000,8949175,8286675,0.9259709999999999,98,0,955
8600000,8994931,8333922,0.9265129999999999,98,0,940
8650000,9040727,8381158,0.9270450000000001,99,0,949
8700000,9086438,8428327,0.927572,99,0,947
8750000,9132019,8475428,0.9281,99,0,937
8800000,9177611,8522531,0.928622,100,0,949
8850000,9223124,8569589,0.929142,101,0,947
8900000,9268638,8616693,0.9296610000000001,102,0,937
8950000,9313849,8663716,0.9301969999999999,102,0,946
9000000,9359264,8710702,0.9307040000000001,103,0,929
9050000,9404802,8757839,0.9312090000000001,104,0,926
9100000,9450291,8804907,0.931707,104,0,941
9150000,9495604,8851974,0.932218,104,0,941
9200000,9540791,8898931,0.932725,104,0,940
9250000,9585832,8945898,0.933242,104,0,945
9300000,9630997,8992824,0.933738,104,0,944
9350000,9676083,9039768,0.9342379999999999,104,0,940
9400000,9721075,9086713,0.934744,104,0,940
9450000,9766081,9133697,0.9352469999999999,104,0,943
9500000,9810979,9180533,0.9357409999999999,104,0,931
9550000,9856153,9227416,0.9362090000000001,104,0,934
9600000,9901098,9274386,0.9367030000000001,104,0,945
9650000,9945898,9321247,0.9371950000000001,105,0,930
9700000,9990600,9368145,0.9376959999999999,105,0,946
9750000,10035279,9414977,0.9381879999999999,105,0,932
9800000,10079884,9461804,0.938682,107,0,937
9850000,10124549,9508641,0.939167,107,0,934
9900000,10169204,9555454,0.9396459999999999,108,0,937
9950000,10213664,9602261,0.940139,108,0,947
10000000,10258107,9649089,0.940631,108,0,943
10050000,10302666,9695939,0.94111,108,0,939
10100000,10347114,9742753,0.941591,108,0,939
10150000,10391552,9789480,0.942061,108,0,935
10200000,10436118,9836317,0.942526,108,0,936
10250000,10480357,9883040,0.9430059999999999,108,0,918
10300000,10524577,9929784,0.943485,108,0,934
10350000,10568901,9976489,0.943948,108,0,925
10400000,10613014,10023054,0.944412,108,0,927
10450000,10657236,10069696,0.9448690000000001,108,0,937
10500000,10701418,10116386,0.9453309999999999,109,0,941
10550000,10745525,10163006,0.9457899999999999,109,0,940
10600000,10789701,10209750,0.94625,109,0,929
10650000,10833670,10256341,0.94671,109,0,923
10700000,10877590,10302903,0.947168,110,0,936
10750000,10921346,10349475,0.9476370000000001,110,0,932
10800000,10965171,10396117,0.948103,110,0,937
10850000,11009007,10442691,0.948559,110,0,938
10900000,11052885,10489278,0.949008,111,0,944
10950000,11096658,10535816,0.949458,111,0,929
11000000,11140519,10582461,0.949907,111,0,925
11050000,11184159,10628964,0.9503590000000001,111,0,918
11100000,11227896,10675464,0.9507979999999999,111,0,939
11150000,11271514,10721940,0.951242,113,0,931
11200000,11315245,10768494,0.95168,114,0,929
11250000,11358687,10814953,0.952131,115,0,921
11300000,11402241,10861388,0.952566,115,0,927
11350000,11445908,10907936,0.9529989999999999,116,0,919
11400000,11489484,10954442,0.953432,116,0,943
11450000,11532790,11000868,0.9538770000000001,116,0,925
11500000,11576166,11047201,0.954306,116,0,925
11550000,11619584,11093546,0.954728,116,0,937
11600000,11662903,11139974,0.9551629999999999,116,0,932
11650000,11706058,11186338,0.9556020000000001,117,0,935
11700000,11749333,11232706,0.9560290000000001,117,0,937
11750000,11792527,11279001,0.9564530000000001,118,0,919
11800000,11835743,11325403,0.956881,119,0,921
11850000,11878882,11371866,0.957318,120,0,927
11900000,11922005,11418139,0.957736,121,0,924
11950000,11965127,11464449,0.958155,121,0,938
12000000,12008138,11510657,0.958571,121,0,920
12050000,12051022,11556905,0.9589979999999999,121,0,929
12100000,12094132,11603211,0.959408,122,0,931
12150000,12137102,11649426,0.9598190000000001,122,0,920
12200000,12180090,11695702,0.960231,123,0,935
12250000,12222868,11741919,0.9606520000000001,123,0,930
12300000,12265875,11788207,0.9610569999999999,124,0,940
12350000,12308625,11834383,0.961471,124,0,920
12400000,12351483,11880570,0.961874,124,0,927
12450000,12394093,11926618,0.962282,124,0,913
12500000,12436800,11972893,0.962699,124,0,914
12550000,12479211,12019035,0.963125,124,0,937
12600000,12521654,12065075,0.9635370000000001,124,0,921
12650000,12564157,12111258,0.9639530000000001,124,0,919
12700000,12606487,12157236,0.9643639999999999,124,0,911
12750000,12649106,12203412,0.964765,124,0,931
12800000,12691479,12249389,0.965166,124,0,918
12850000,12734020,12295460,0.9655600000000001,125,0,922
12900000,12776364,12341515,0.965965,125,0,912
12950000,12818656,12387559,0.9663700000000001,125,0,916
13000000,12860966,12433577,0.9667690000000001,125,0,913
13050000,12903252,12479591,0.967166,125,0,924
13100000,12945553,12525603,0.9675600000000001,125,0,917
13150000,12987671,12571618,0.967966,125,0,925
13200000,13029939,12617629,0.968357,125,0,921
13250000,13072139,12663640,0.96875,125,0,926
13300000,13114211,12709564,0.969144,125,0,920
13350000,13156347,12755588,0.9695389999999999,125,0,912
13400000,13198258,12801545,0.969942,125,0,900
13450000,13240309,12847448,0.9703280000000001,125,0,920
13500000,13282372,12893425,0.970717,125,0,928
13550000,13324260,12939349,0.9711120000000001,125,0,917
13600000,13366096,12985247,0.971506,126,0,930
13650000,13407947,13031217,0.971902,126,0,928
13700000,13449608,13077089,0.972303,126,0,918
13750000,13491573,13122997,0.9726809999999999,127,0,895
13800000,13533495,13168972,0.973065,128,0,929
13850000,13575244,13214830,0.9734510000000001,128,0,907
13900000,13617189,13260715,0.973822,128,0,919
13950000,13658774,13306511,0.97421,129,0,922
14000000,13700419,13352320,0.974592,129,0,910
14050000,13742012,13398132,0.9749760000000001,129,0,907
14100000,13783627,13443907,0.975353,129,0,915
14150000,13825151,13489662,0.975733,129,0,918
14200000,13866770,13535467,0.976108,129,0,903
14250000,13908298,13581260,0.9764860000000001,129,0,910
14300000,13949800,13626888,0.976852,129,0,904
14350000,13991309,13672580,0.9772200000000001,129,0,931
14400000,14032797,13718308,0.9775889999999999,130,0,919
14450000,14074287,13764075,0.977959,130,0,910
14500000,14115643,13809857,0.9783370000000001,130,0,898
14550000,14156872,13855596,0.978719,130,0,902
14600000,14198270,13901336,0.979087,130,0,917
14650000,14239288,13946898,0.979466,130,0,907
14700000,14280307,13992530,0.9798479999999999,130,0,925
14750000,14321264,14038124,0.9802290000000001,130,0,915
14800000,14362397,14083734,0.980598,130,0,921
14850000,14403592,14129361,0.9809610000000001,130,0,921
14900000,14444525,14174962,0.9813379999999999,130,0,905
14950000,14485518,14220502,0.9817049999999999,130,0,905
15000000,14526608,14266131,0.9820690000000001,130,0,911
15050000,14567759,14311637,0.982419,131,0,924
15100000,14608827,14357282,0.9827809999999999,132,0,914
15150000,14649649,14402767,0.9831479999999999,132,0,910
15200000,14690584,14448236,0.983503,132,0,914
15250000,14731327,14493712,0.98387,132,0,901
15300000,14772439,14539369,0.984223,132,0,906
15350000,14813109,14584854,0.984591,132,0,895
15400000,14853943,14630417,0.984952,132,0,923
15450000,14894610,14675850,0.9853129999999999,132,0,918
15500000,14935199,14721361,0.985682,133,0,916
15550000,14975885,14766783,0.986037,133,0,907
15600000,15016515,14812338,0.986403,134,0,910
15650000,15057134,14857772,0.9867600000000001,135,0,912
15700000,15097642,14903137,0.987117,135,0,902
15750000,15138261,14948597,0.9874709999999999,135,0,916
15800000,15178772,14993969,0.987825,136,0,922
15850000,15219469,15039472,0.988173,136,0,907
15900000,15260081,15084896,0.9885200000000001,137,0,917
15950000,15300503,15130276,0.988874,137,0,904
