timestep,num_nodes,num_edges,average_degree,max_degree,num_triangles,new_edges
0,1722,1000,0.58072,1,0,1000
50000,81919,50990,0.622444,2,0,1000
100000,155850,100945,0.647706,5,0,998
150000,227048,150886,0.664556,6,0,999
200000,296215,200786,0.6778390000000001,7,0,1000
250000,364081,250681,0.688531,7,0,998
300000,430837,300551,0.6975979999999999,8,0,998
350000,496449,350390,0.705793,10,0,999
400000,561308,400216,0.713006,12,0,999
450000,625189,449996,0.719776,12,0,997
500000,688611,499790,0.7257939999999999,14,0,997
550000,751513,549541,0.731246,14,0,995
600000,813987,599271,0.736217,15,0,993
650000,875830,648975,0.740983,18,0,997
700000,937310,698643,0.74537,18,0,992
750000,998164,748296,0.749672,18,0,987
800000,1058832,797965,0.753628,18,0,993
850000,1119005,847577,0.7574380000000001,22,0,990
900000,1179249,897151,0.760782,22,0,989
950000,1239012,946747,0.7641140000000001,22,0,991
1000000,1298530,996338,0.767281,24,0,987
1050000,1357680,1045868,0.770335,25,0,990
1100000,1416473,1095358,0.7733,26,0,993
1150000,1475214,1144824,0.776039,27,0,984
1200000,1533723,1194323,0.778708,27,0,987
1250000,1591801,1243755,0.781351,29,0,978
1300000,1649611,1293187,0.783935,30,0,992
1350000,1707344,1342638,0.7863899999999999,30,0,987
1400000,1764765,1392031,0.788791,32,0,994
1450000,1821904,1441414,0.791158,32,0,989
1500000,1879108,1490790,0.79335,33,0,989
1550000,1936157,1540146,0.795465,33,0,989
1600000,1992856,1589465,0.7975810000000001,34,0,989
1650000,2049427,1638778,0.7996270000000001,37,0,991
1700000,2105821,1688111,0.8016399999999999,37,0,984
1750000,2162011,1737351,0.803581,38,0,987
1800000,2218063,1786659,0.805504,38,0,985
1850000,2273873,1835928,0.807401,38,0,985
1900000,2329779,1885193,0.809172,39,0,991
1950000,2385296,1934395,0.810966,39,0,979
2000000,2440627,1983563,0.8127270000000001,40,0,976
2050000,2495844,2032702,0.814435,41,0,989
2100000,2550992,2081804,0.816076,42,0,980
2150000,2605938,2130906,0.817712,42,0,980
2200000,2660769,2180032,0.8193239999999999,43,0,979
2250000,2715510,2229114,0.820882,44,0,975
2300000,2770188,2278202,0.8224,44,0,981
2350000,2824708,2327248,0.82389,44,0,976
2400000,2879002,2376263,0.825377,45,0,987
2450000,2933205,2425257,0.8268280000000001,46,0,983
2500000,2987083,2474234,0.828311,46,0,981
2550000,3041100,2523240,0.8297129999999999,46,0,973
2600000,3094961,2572217,0.831098,47,0,980
2650000,3148633,2621112,0.8324600000000001,47,0,979
2700000,3202257,2670102,0.8338190000000001,47,0,978
2750000,3255807,2719020,0.8351290000000001,47,0,971
2800000,3309356,2767955,0.8364030000000001,48,0,979
2850000,3362642,2816825,0.8376819999999999,48,0,974
2900000,3415915,2865650,0.8389110000000001,49,0,980
2950000,3468901,2914498,0.8401790000000001,49,0,977
3000000,3522017,2963371,0.841385,49,0,979
3050000,3574780,3012197,0.8426239999999999,49,0,970
3100000,3627597,3061032,0.8438180000000001,51,0,978
3150000,3680373,3109822,0.844975,53,0,972
3200000,3732857,3158591,0.846159,54,0,978
3250000,3785422,3207331,0.8472850000000001,54,0,970
3300000,3837850,3256060,0.848407,54,0,976
3350000,3890085,3304734,0.849527,54,0,974
3400000,3942218,3353424,0.8506440000000001,55,0,971
3450000,3994375,3402085,0.851719,56,0,964
3500000,4046408,3450715,0.852785,56,0,970
3550000,4098184,3499341,0.853876,56,0,970
3600000,4150061,3547963,0.8549180000000001,57,0,971
3650000,4201723,3596531,0.855966,57,0,972
3700000,4253486,3645072,0.8569610000000001,58,0,963
3750000,4305009,3693637,0.857986,58,0,971
3800000,4356525,3742221,0.858992,58,0,964
3850000,4408026,3790732,0.8599610000000001,58,0,964
3900000,4459517,3839312,0.860926,59,0,979
3950000,4510773,3887837,0.8619,60,0,967
4000000,4561889,3936339,0.862875,61,0,970
4050000,4612889,3984809,0.863842,61,0,972
4100000,4663854,4033308,0.8648020000000001,62,0,968
4150000,4714807,4081745,0.8657290000000001,63,0,969
4200000,4765658,4130225,0.866664,63,0,969
4250000,4816511,4178676,0.8675729999999999,63,0,971
4300000,4867315,4227068,0.86846,63,0,969
4350000,4918071,4275402,0.869325,64,0,971
4400000,4968777,4323772,0.870188,65,0,968
4450000,5019344,4372149,0.8710600000000001,66,0,957
4500000,5069698,4420502,0.8719459999999999,66,0,968
4550000,5119926,4468816,0.872828,68,0,968
4600000,5170049,4517157,0.8737159999999999,69,0,960
4650000,5220386,4565441,0.874541,70,0,965
4700000,5270580,4613691,0.875367,70,0,965
4750000,5320793,4662016,0.876188,71,0,965
4800000,5370717,4710222,0.8770190000000001,71,0,967
4850000,5420624,4758400,0.877833,71,0,966
4900000,5470444,4806586,0.8786459999999999,72,0,965
4950000,5520215,4854809,0.87946,72,0,959
5000000,5569665,4902961,0.8802969999999999,72,0,961
5050000,5619259,4951153,0.8811040000000001,72,0,957
5100000,5668741,4999268,0.881901,72,0,957
5150000,5718301,5047409,0.882676,72,0,968
5200000,5767700,5095511,0.8834559999999999,73,0,969
5250000,5816981,5143594,0.884238,74,0,968
5300000,5866466,5191697,0.8849790000000001,74,0,964
5350000,5915668,5239738,0.8857389999999999,74,0,966
5400000,5964807,5287788,0.886498,75,0,961
5450000,6013806,5335831,0.8872639999999999,76,0,957
5500000,6062987,5383887,0.887993,78,0,953
5550000,6112035,5431883,0.888719,78,0,960
5600000,6161137,5479954,0.889439,79,0,966
5650000,6210054,5527929,0.890158,79,0,955
5700000,6258763,5575866,0.8908889999999999,79,0,951
5750000,6307480,5623861,0.891618,79,0,955
5800000,6356212,5671844,0.892331,79,0,951
5850000,6404872,5719705,0.8930239999999999,79,0,960
5900000,6453429,5767618,0.8937290000000001,80,0,964
5950000,6501918,5815533,0.894433,81,0,958
6000000,6550470,5863474,0.895123,81,0,958
6050000,6599002,5911425,0.895806,82,0,962
6100000,6647352,5959281,0.896489,82,0,954
6150000,6695539,6007098,0.8971790000000001,82,0,951
6200000,6743873,6054966,0.897847,82,0,948
6250000,6792030,6102830,0.8985280000000001,82,0,958
6300000,6840127,6150648,0.899201,83,0,962
6350000,6888230,6198426,0.899858,85,0,953
6400000,6936373,6246227,0.900503,85,0,950
6450000,6984350,6293949,0.90115,85,0,952
6500000,7032050,6341638,0.901819,85,0,960
6550000,7079610,6389268,0.902489,85,0,949
6600000,7127320,6436985,0.903142,85,0,948
6650000,7174952,6484737,0.903802,85,0,954
6700000,7222618,6532426,0.9044399999999999,85,0,951
6750000,7270207,6580046,0.90507,85,0,941
6800000,7317665,6627710,0.9057139999999999,85,0,944
6850000,7365290,6675340,0.906324,85,0,954
6900000,7412599,6722991,0.906968,85,0,958
6950000,7459859,6770534,0.907595,87,0,945
7000000,7507084,6818162,0.90823,87,0,953
7050000,7554453,6865835,0.9088459999999999,87,0,951
7100000,7601607,6913311,0.9094540000000001,87,0,941
7150000,7648883,6960848,0.910048,87,0,947
7200000,7695839,7008409,0.910675,87,0,944
7250000,7742935,7056086,0.911293,88,0,955
7300000,7789769,7103472,0.911898,88,0,946
7350000,7836657,7150921,0.9124959999999999,89,0,946
7400000,7883449,7198382,0.913101,90,0,944
7450000,7930250,7245862,0.9136989999999999,91,0,963
7500000,7976882,7293242,0.9142969999999999,91,0,951
7550000,8023451,7340618,0.9148950000000001,92,0,956
7600000,8070128,7387975,0.915472,93,0,936
7650000,8116639,7435372,0.916065,93,0,942
7700000,8163156,7482824,0.916658,93,0,940
7750000,8209589,7530157,0.9172389999999999,93,0,960
7800000,8256087,7577575,0.917817,95,0,937
7850000,8302470,7624942,0.918394,95,0,949
7900000,8348864,7672257,0.9189579999999999,95,0,945
7950000,8395212,7719631,0.919528,95,0,947
8000000,8441507,7767000,0.9200959999999999,95,0,956
8050000,8487556,7814276,0.920674,95,0,950
8100000,8533693,7861552,0.9212370000000001,96,0,943
8150000,8579934,7908842,0.921784,96,0,944
8200000,8625947,7956051,0.9223389999999999,97,0,940
8250000,8672121,8003317,0.9228790000000001,97,0,948
8300000,8718158,8050534,0.9234209999999999,98,0,949
8350000,8764193,8097714,0.923954,98,0,937
8400000,8810215,8144977,0.924492,98,0,949
8450000,8855907,8192195,0.925054,99,0,943
8500000,8901899,8239369,0.925574,99,0,942
8550000,8947775,8286598,0.926107,99,0,950
8600000,8993605,8333813,0.926638,99,0,941
8650000,9039183,8380903,0.927175,100,0,937
8700000,9084734,8428116,0.927723,101,0,936
8750000,9130353,8475223,0.9282469999999999,101,0,944
8800000,9175925,8522282,0.928765,101,0,951
8850000,9221295,8569367,0.9293020000000001,102,0,940
8900000,9266682,8616403,0.929826,103,0,946
8950000,9312155,8663605,0.9303540000000001,103,0,953
9000000,9357456,8710742,0.9308879999999999,104,0,944
9050000,9402732,8757764,0.931406,104,0,930
9100000,9448067,8804801,0.931916,104,0,953
9150000,9493409,8851882,0.932424,104,0,934
9200000,9538633,8898889,0.932931,104,0,957
9250000,9583749,8945869,0.933441,104,0,936
9300000,9628973,8992887,0.93394,104,0,940
9350000,9674063,9039736,0.9344299999999999,104,0,935
9400000,9718958,9086737,0.93495,104,0,935
9450000,9763871,9133565,0.9354450000000001,105,0,939
9500000,9808902,9180495,0.9359350000000001,106,0,928
9550000,9853696,9227355,0.936436,108,0,940
9600000,9898554,9274277,0.936933,108,0,948
9650000,9943425,9321208,0.9374239999999999,108,0,927
9700000,9988076,9368047,0.937923,108,0,939
9750000,10032795,9414821,0.9384049999999999,108,0,939
9800000,10077532,9461722,0.938893,108,0,927
9850000,10122198,9508621,0.939383,108,0,934
9900000,10166645,9555295,0.939867,108,0,928
9950000,10211285,9602161,0.940348,108,0,941
10000000,10255841,9648924,0.9408219999999999,109,0,932
10050000,10300341,9695683,0.9412969999999999,109,0,946
10100000,10344963,9742494,0.9417620000000001,109,0,939
10150000,10389462,9789272,0.9422309999999999,110,0,936
10200000,10433623,9835867,0.942709,111,0,934
10250000,10478025,9882609,0.943175,111,0,936
10300000,10522296,9929261,0.9436399999999999,111,0,924
10350000,10566361,9975860,0.9441149999999999,111,0,946
10400000,10610614,10022598,0.9445819999999999,111,0,928
10450000,10654810,10069292,0.945047,112,0,934
10500000,10698905,10115971,0.945515,112,0,943
10550000,10743015,10162632,0.945976,112,0,923
10600000,10787292,10209327,0.946422,112,0,926
10650000,10831446,10255969,0.9468700000000001,112,0,937
10700000,10875494,10302672,0.9473290000000001,112,0,915
10750000,10919475,10349352,0.947788,112,0,930
10800000,10963245,10395879,0.948248,112,0,929
10850000,11007326,10442469,0.948684,112,0,936
10900000,11051157,10488950,0.949127,112,0,927
10950000,11094974,10535502,0.949574,112,0,931
11000000,11138664,10582014,0.950025,112,0,922
11050000,11182422,10628547,0.950469,112,0,930
11100000,11226238,10675071,0.9509040000000001,112,0,939
11150000,11269715,10721559,0.95136,112,0,928
11200000,11313384,10768031,0.9517959999999999,112,0,935
11250000,11357018,10814595,0.952239,112,0,924
11300000,11400604,10861005,0.9526690000000001,112,0,927
11350000,11444131,10907413,0.953101,113,0,933
11400000,11487619,10953916,0.953541,114,0,938
11450000,11531015,11000383,0.953982,114,0,944
11500000,11574442,11046723,0.954407,114,0,936
11550000,11617773,11093119,0.9548399999999999,115,0,922
11600000,11661087,11139548,0.955275,115,0,935
11650000,11704338,11185984,0.9557129999999999,115,0,934
11700000,11747496,11232379,0.956151,115,0,925
11750000,11790602,11278697,0.956584,115,0,927
11800000,11833919,11325009,0.956996,115,0,931
11850000,11877120,11371319,0.957414,116,0,923
11900000,11920205,11417682,0.957843,116,0,931
11950000,11963284,11463999,0.9582649999999999,116,0,928
12000000,12006199,11510308,0.9586969999999999,116,0,935
12050000,12049203,11556590,0.959117,116,0,912
12100000,12092154,11602935,0.959542,116,0,932
12150000,12135009,11649196,0.959966,116,0,923
12200000,12178011,11695480,0.960377,117,0,905
12250000,12220749,11741742,0.9608040000000001,117,0,914
12300000,12263404,11787859,0.9612219999999999,117,0,905
12350000,12306312,11834068,0.961626,118,0,933
12400000,12349177,11880339,0.9620350000000001,118,0,925
12450000,12391958,11926493,0.9624379999999999,118,0,926
12500000,12434411,11972660,0.962865,119,0,937
12550000,12477118,12018893,0.963275,119,0,920
12600000,12519638,12065018,0.9636870000000001,119,0,922
12650000,12562158,12111141,0.964097,119,0,919
12700000,12604619,12157352,0.964516,119,0,930
12750000,12647380,12203520,0.9649049999999999,120,0,916
12800000,12689959,12249645,0.965302,121,0,907
12850000,12732454,12295655,0.965694,121,0,921
12900000,12774799,12341781,0.9661040000000001,121,0,919
12950000,12817162,12387766,0.966498,121,0,911
13000000,12859548,12433905,0.966901,122,0,923
13050000,12901780,12479890,0.9673,123,0,931
13100000,12943977,12525968,0.967706,123,0,914
13150000,12986194,12571948,0.968101,123,0,925
13200000,13028224,12617912,0.968506,123,0,917
13250000,13070322,12663856,0.968902,123,0,917
13300000,13112328,12709714,0.969295,124,0,916
13350000,13154599,12755662,0.969673,124,0,933
13400000,13196658,12801560,0.9700610000000001,124,0,923
13450000,13238867,12847598,0.9704450000000001,124,0,929
13500000,13280995,12893605,0.970831,125,0,937
13550000,13322938,12939556,0.971224,125,0,938
13600000,13364852,12985506,0.971616,125,0,921
13650000,13406637,13031332,0.9720059999999999,125,0,921
13700000,13448648,13077320,0.972389,127,0,928
13750000,13490337,13123138,0.9727809999999999,128,0,922
13800000,13531979,13168982,0.973175,128,0,907
13850000,13573717,13214748,0.9735540000000001,128,0,905
13900000,13615489,13260642,0.973938,128,0,916
13950000,13657344,13306514,0.9743120000000001,128,0,903
14000000,13698943,13352372,0.974701,128,0,915
14050000,13740500,13398071,0.9750790000000001,129,0,909
14100000,13782084,13443788,0.975454,130,0,931
14150000,13823748,13489608,0.9758290000000001,130,0,902
14200000,13865057,13535316,0.976218,130,0,908
14250000,13906584,13581064,0.976592,130,0,902
14300000,13948223,13626820,0.976957,131,0,903
14350000,13989632,13672531,0.977333,131,0,919
14400000,14031175,13718283,0.9777,132,0,914
14450000,14072500,13763948,0.978074,132,0,925
14500000,14113856,13809618,0.9784440000000001,132,0,910
14550000,14155204,13855213,0.978807,132,0,919
14600000,14196640,13900998,0.979175,132,0,929
14650000,14237877,13946696,0.979549,132,0,894
14700000,14279199,13992535,0.979924,132,0,909
14750000,14320466,14038276,0.980295,132,0,907
14800000,14361718,14083932,0.980658,132,0,922
14850000,14402841,14129565,0.9810260000000001,132,0,917
14900000,14444121,14175281,0.9813879999999999,133,0,914
14950000,14485077,14220895,0.9817620000000001,133,0,907
15000000,14526149,14266471,0.982123,133,0,905
15050000,14567131,14312054,0.98249,133,0,928
15100000,14608188,14357664,0.98285,134,0,914
15150000,14649083,14403248,0.983218,134,0,915
15200000,14690042,14448821,0.9835790000000001,134,0,910
15250000,14730852,14494302,0.983942,134,0,904
15300000,14771627,14539787,0.9843049999999999,134,0,903
15350000,14812371,14585174,0.984662,134,0,905
15400000,14853153,14630646,0.9850200000000001,136,0,928
15450000,14894035,14676106,0.985368,136,0,922
15500000,14934705,14721576,0.9857290000000001,136,0,922
15550000,14975460,14767040,0.986083,137,0,900
15600000,15015896,14812394,0.986448,137,0,905
15650000,15056613,14857835,0.986798,137,0,913
15700000,15097462,14903331,0.9871409999999999,137,0,915
15750000,15138054,14948723,0.9874930000000001,137,0,909
15800000,15178681,14994072,0.9878379999999999,137,0,903
15850000,15219391,15039467,0.9881780000000001,137,0,903
15900000,15260004,15084853,0.9885219999999999,137,0,901
15950000,15300498,15130237,0.988872,137,0,912
