timestep,num_nodes,num_edges,average_degree,max_degree,num_triangles,new_edges
0,1742,1000,0.5740529999999999,1,0,1000
50000,81985,50989,0.621931,2,0,999
100000,156107,100957,0.646717,2,0,999
150000,227362,150903,0.663712,4,0,998
200000,296765,200816,0.6766840000000001,6,0,997
250000,364555,250709,0.687712,9,0,998
300000,431139,300567,0.697146,10,0,1000
350000,496709,350414,0.705471,10,0,997
400000,561350,400218,0.712956,11,0,1000
450000,625445,450014,0.71951,12,0,998
500000,688828,499777,0.725547,12,0,993
550000,751965,549544,0.730811,13,0,993
600000,814369,599275,0.735876,14,0,995
650000,876325,648972,0.7405609999999999,14,0,997
700000,937766,698651,0.745016,14,0,996
750000,998821,748308,0.7491909999999999,15,0,995
800000,1059529,797966,0.7531329999999999,19,0,993
850000,1119920,847595,0.756835,19,0,994
900000,1179865,897164,0.7603949999999999,19,0,989
950000,1239471,946709,0.7638010000000001,22,0,991
1000000,1299005,996275,0.7669520000000001,23,0,991
1050000,1358054,1045821,0.770088,24,0,985
1100000,1416904,1095361,0.773066,24,0,992
1150000,1475444,1144866,0.775947,24,0,991
1200000,1533814,1194317,0.778658,24,0,989
1250000,1591783,1243774,0.7813720000000001,25,0,980
1300000,1649700,1293199,0.783899,25,0,990
1350000,1707476,1342643,0.7863319999999999,26,0,989
1400000,1765115,1392060,0.788651,26,0,988
1450000,1822294,1441377,0.790968,26,0,990
1500000,1879345,1490745,0.793226,28,0,983
1550000,1936380,1540092,0.795346,28,0,989
1600000,1992824,1589412,0.797568,29,0,981
1650000,2049386,1638746,0.799628,29,0,986
1700000,2105763,1688018,0.801618,30,0,987
1750000,2161931,1737258,0.8035680000000001,31,0,993
1800000,2218076,1786495,0.805426,32,0,989
1850000,2274004,1835744,0.8072739999999999,33,0,987
1900000,2329868,1884953,0.8090390000000001,34,0,982
1950000,2385466,1934114,0.810791,36,0,981
2000000,2440865,1983341,0.812557,36,0,982
2050000,2496031,2032482,0.814286,37,0,980
2100000,2551257,2081638,0.815926,39,0,981
2150000,2606270,2130732,0.817541,39,0,984
2200000,2661239,2179897,0.819129,40,0,985
2250000,2716096,2228999,0.8206629999999999,41,0,982
2300000,2770565,2278086,0.8222459999999999,42,0,977
2350000,2825042,2327101,0.8237399999999999,43,0,976
2400000,2879126,2376039,0.8252639999999999,45,0,982
2450000,2933248,2425063,0.82675,46,0,982
2500000,2987234,2474092,0.8282219999999999,47,0,977
2550000,3041285,2523054,0.829601,48,0,975
2600000,3095179,2572011,0.830973,50,0,977
2650000,3148928,2620967,0.8323360000000001,51,0,979
2700000,3202538,2669901,0.833683,53,0,970
2750000,3256313,2718840,0.834944,53,0,981
2800000,3309808,2767611,0.8361850000000001,53,0,975
2850000,3363117,2816516,0.8374719999999999,53,0,988
2900000,3416250,2865368,0.8387469999999999,54,0,976
2950000,3469299,2914207,0.8399989999999999,55,0,977
3000000,3522265,2963054,0.8412350000000001,56,0,977
3050000,3575120,3011864,0.8424510000000001,56,0,983
3100000,3627945,3060639,0.8436290000000001,57,0,982
3150000,3680650,3109429,0.8448040000000001,57,0,980
3200000,3733352,3158184,0.845938,58,0,981
3250000,3785791,3206912,0.847092,58,0,965
3300000,3838237,3255614,0.8482059999999999,58,0,978
3350000,3890586,3304354,0.8493200000000001,60,0,975
3400000,3942793,3353075,0.8504309999999999,61,0,971
3450000,3994981,3401706,0.8514950000000001,62,0,976
3500000,4046810,3450361,0.852613,63,0,967
3550000,4098885,3499017,0.853651,63,0,978
3600000,4150685,3547645,0.854713,63,0,971
3650000,4202395,3596234,0.855758,64,0,965
3700000,4254033,3644784,0.856783,64,0,973
3750000,4305731,3693383,0.857783,64,0,970
3800000,4357180,3741999,0.8588120000000001,65,0,975
3850000,4408628,3790538,0.8598,65,0,966
3900000,4459987,3839039,0.8607739999999999,65,0,967
3950000,4511270,3887586,0.86175,66,0,964
4000000,4562512,3936114,0.862708,66,0,974
4050000,4613517,3984599,0.8636790000000001,67,0,971
4100000,4664532,4033018,0.864614,67,0,971
4150000,4715513,4081480,0.8655430000000001,68,0,967
4200000,4766430,4129903,0.866456,70,0,974
4250000,4817255,4178293,0.86736,70,0,971
4300000,4867879,4226730,0.86829,70,0,967
4350000,4918553,4275167,0.869192,70,0,973
4400000,4969178,4323544,0.870072,71,0,973
4450000,5019636,4371968,0.870973,71,0,966
4500000,5069893,4420225,0.871858,72,0,948
4550000,5120335,4468554,0.872707,72,0,966
4600000,5170512,4516807,0.8735709999999999,72,0,961
4650000,5220748,4565136,0.8744219999999999,72,0,967
4700000,5271074,4613427,0.875235,73,0,963
4750000,5321223,4661694,0.876057,73,0,946
4800000,5371226,4709902,0.876877,73,0,973
4850000,5421186,4758152,0.8776959999999999,73,0,968
4900000,5470879,4806355,0.878534,73,0,961
4950000,5520511,4854469,0.879351,73,0,960
5000000,5570161,4902659,0.880165,73,0,966
5050000,5619714,4950782,0.8809670000000001,74,0,963
5100000,5669280,4998967,0.881764,74,0,963
5150000,5718918,5047175,0.88254,74,0,966
5200000,5768256,5095259,0.8833270000000001,74,0,968
5250000,5817575,5143361,0.884107,74,0,966
5300000,5866838,5191483,0.8848860000000001,74,0,970
5350000,5915863,5239584,0.885684,74,0,959
5400000,5965050,5287625,0.886434,74,0,954
5450000,6014321,5335690,0.887164,75,0,966
5500000,6063257,5383692,0.887921,75,0,962
5550000,6112206,5431735,0.8886700000000001,75,0,958
5600000,6161087,5479652,0.8893969999999999,75,0,950
5650000,6209792,5527637,0.8901479999999999,75,0,957
5700000,6258524,5575543,0.8908719999999999,76,0,950
5750000,6307183,5623505,0.891603,76,0,961
5800000,6355851,5671488,0.8923260000000001,78,0,968
5850000,6404475,5719347,0.8930239999999999,79,0,955
5900000,6453312,5767365,0.893706,79,0,963
5950000,6501862,5815265,0.8944,79,0,963
6000000,6550282,5863136,0.8950969999999999,79,0,962
6050000,6598601,5910990,0.8957940000000001,80,0,950
6100000,6647147,5958867,0.8964549999999999,80,0,963
6150000,6695361,6006679,0.8971399999999999,82,0,959
6200000,6743621,6054557,0.8978200000000001,83,0,952
6250000,6791759,6102342,0.898492,83,0,954
6300000,6839731,6150043,0.899164,83,0,956
6350000,6887802,6197767,0.899818,84,0,956
6400000,6935801,6245489,0.9004709999999999,85,0,961
6450000,6983777,6293225,0.901121,85,0,955
6500000,7031777,6340976,0.90176,85,0,951
6550000,7079432,6388652,0.902424,85,0,961
6600000,7127128,6436342,0.903077,86,0,950
6650000,7174873,6484051,0.903716,87,0,940
6700000,7222580,6531802,0.904359,87,0,957
6750000,7270225,6579507,0.9049940000000001,88,0,957
6800000,7317704,6627209,0.90564,90,0,970
6850000,7365252,6674859,0.9062629999999999,90,0,964
6900000,7412773,6722471,0.906877,90,0,939
6950000,7460115,6770096,0.9075059999999999,90,0,954
7000000,7507476,6817692,0.90812,90,0,944
7050000,7554784,6865335,0.90874,90,0,952
7100000,7601960,6912872,0.9093540000000001,92,0,942
7150000,7648967,6960482,0.90999,93,0,949
7200000,7696021,7007959,0.910595,93,0,953
7250000,7743051,7055489,0.9112030000000001,93,0,942
7300000,7790104,7103021,0.911801,94,0,935
7350000,7837082,7150476,0.9123899999999999,95,0,955
7400000,7884198,7198015,0.912967,96,0,946
7450000,7931026,7245435,0.9135559999999999,96,0,959
7500000,7977663,7292884,0.914163,96,0,949
7550000,8024551,7340377,0.91474,96,0,953
7600000,8071348,7387866,0.91532,96,0,948
7650000,8117917,7435289,0.915911,96,0,951
7700000,8164351,7482647,0.916502,96,0,959
7750000,8210815,7530039,0.9170879999999999,96,0,948
7800000,8257352,7577364,0.917651,96,0,935
7850000,8303785,7624672,0.918216,96,0,946
7900000,8350225,7672077,0.9187870000000001,96,0,939
7950000,8396654,7719448,0.9193479999999999,96,0,955
8000000,8442832,7766743,0.9199219999999999,96,0,953
8050000,8489175,7814083,0.9204760000000001,96,0,947
8100000,8535260,7861375,0.921047,96,0,943
8150000,8581424,7908625,0.9215979999999999,96,0,961
8200000,8627455,7955835,0.9221530000000001,97,0,938
8250000,8673672,8003127,0.922692,97,0,949
8300000,8719597,8050366,0.92325,97,0,955
8350000,8765565,8097597,0.923796,98,0,950
8400000,8811633,8144861,0.9243299999999999,98,0,945
8450000,8857582,8192110,0.9248700000000001,98,0,952
8500000,8903348,8239303,0.925416,98,0,930
8550000,8949040,8286508,0.925966,98,0,938
8600000,8994952,8333725,0.9264889999999999,98,0,939
8650000,9040699,8380871,0.927016,98,0,945
8700000,9086348,8428015,0.9275469999999999,98,0,949
8750000,9132087,8475160,0.9280639999999999,98,0,943
8800000,9177690,8522220,0.92858,98,0,929
8850000,9223135,8569262,0.929105,98,0,941
8900000,9268298,8616231,0.929645,98,0,945
8950000,9313675,8663290,0.930169,100,0,939
9000000,9359112,8710362,0.930683,100,0,937
9050000,9404316,8757328,0.9312030000000001,100,0,942
9100000,9449434,8804310,0.9317290000000001,102,0,944
9150000,9494587,8851258,0.932243,102,0,929
9200000,9539711,8898272,0.9327610000000001,103,0,935
9250000,9584839,8945187,0.933264,105,0,927
9300000,9629755,8992098,0.933783,106,0,941
9350000,9674734,9039091,0.934299,106,0,929
9400000,9719772,9086054,0.934801,106,0,932
9450000,9764668,9132932,0.9353040000000001,106,0,946
9500000,9809650,9179838,0.935797,106,0,937
9550000,9854589,9226713,0.9362860000000001,107,0,932
9600000,9899508,9273623,0.936776,107,0,934
9650000,9944220,9320522,0.9372799999999999,107,0,942
9700000,9988978,9367360,0.9377700000000001,107,0,935
9750000,10033590,9414126,0.938261,107,0,936
9800000,10078290,9460961,0.9387469999999999,107,0,932
9850000,10122923,9507727,0.939227,107,0,946
9900000,10167572,9554498,0.9397030000000001,107,0,932
9950000,10212072,9601367,0.940198,107,0,947
10000000,10256609,9648180,0.940679,107,0,934
10050000,10301216,9695054,0.941156,107,0,938
10100000,10345571,9741803,0.9416399999999999,107,0,925
10150000,10389862,9788525,0.9421229999999999,107,0,935
10200000,10434328,9835290,0.9425899999999999,107,0,929
10250000,10478442,9881920,0.9430709999999999,109,0,933
10300000,10522709,9928659,0.9435459999999999,109,0,938
10350000,10567050,9975402,0.94401,110,0,951
10400000,10611007,10022036,0.9444940000000001,110,0,934
10450000,10655094,10068670,0.9449629999999999,111,0,927
10500000,10699357,10115402,0.945421,111,0,928
10550000,10743644,10162055,0.945867,111,0,909
10600000,10787691,10208689,0.9463280000000001,111,0,940
10650000,10831795,10255429,0.946789,112,0,934
10700000,10875567,10302052,0.9472659999999999,112,0,936
10750000,10919381,10348619,0.947729,113,0,933
10800000,10963329,10395141,0.948174,113,0,941
10850000,11007245,10441638,0.948615,114,0,929
10900000,11051231,10488211,0.9490540000000001,114,0,935
10950000,11095217,10534810,0.949491,114,0,941
11000000,11139108,10581222,0.949916,114,0,944
11050000,11182868,10627733,0.950358,114,0,927
11100000,11226561,10674302,0.950808,114,0,915
11150000,11270130,10720826,0.95126,114,0,936
11200000,11313560,10767307,0.951717,114,0,948
11250000,11357307,10813870,0.952151,114,0,924
11300000,11400877,10860240,0.9525790000000001,114,0,937
11350000,11444385,10906762,0.953023,114,0,942
11400000,11487858,10953241,0.953462,114,0,931
11450000,11531100,10999705,0.953916,116,0,921
11500000,11574504,11046229,0.9543590000000001,117,0,941
11550000,11618008,11092676,0.9547829999999999,117,0,931
11600000,11661308,11139148,0.9552229999999999,117,0,924
11650000,11704555,11185451,0.955649,118,0,912
11700000,11747678,11231785,0.9560860000000001,118,0,931
11750000,11790896,11278206,0.956518,118,0,922
11800000,11834190,11324697,0.9569469999999999,118,0,924
11850000,11877159,11370963,0.9573809999999999,118,0,936
11900000,11920175,11417329,0.957816,118,0,915
11950000,11963302,11463747,0.9582430000000001,118,0,936
12000000,12006543,11510090,0.958651,118,0,923
12050000,12049434,11556242,0.9590690000000001,118,0,931
12100000,12092429,11602495,0.959484,118,0,927
12150000,12135430,11648729,0.959894,118,0,927
12200000,12178180,11694940,0.960319,118,0,929
12250000,12220992,11741107,0.960733,119,0,925
12300000,12263780,11787323,0.961149,120,0,910
12350000,12306504,11833603,0.961573,120,0,923
12400000,12349140,11879735,0.961989,120,0,933
12450000,12391791,11925931,0.962406,120,0,920
12500000,12434364,11972038,0.9628190000000001,120,0,912
12550000,12477037,12018138,0.9632209999999999,120,0,916
12600000,12519641,12064309,0.9636309999999999,120,0,931
12650000,12562157,12110374,0.964036,121,0,922
12700000,12604645,12156503,0.9644459999999999,121,0,923
12750000,12647165,12202610,0.964849,121,0,912
12800000,12689627,12248767,0.965258,121,0,928
12850000,12732121,12294799,0.9656520000000001,121,0,925
12900000,12774497,12340871,0.9660549999999999,121,0,925
12950000,12816695,12386884,0.966465,121,0,916
13000000,12859127,12433009,0.9668629999999999,121,0,924
13050000,12901442,12479136,0.967267,121,0,916
13100000,12943547,12525123,0.967673,121,0,914
13150000,12985858,12571216,0.9680700000000001,121,0,922
13200000,13027894,12617245,0.9684790000000001,124,0,922
13250000,13070003,12663178,0.968873,125,0,936
13300000,13112395,12709240,0.9692540000000001,125,0,907
13350000,13154413,12755260,0.969656,125,0,934
13400000,13196598,12801233,0.97004,125,0,913
13450000,13238747,12847190,0.9704229999999999,125,0,918
13500000,13280749,12893192,0.9708180000000001,125,0,938
13550000,13322800,12939185,0.9712059999999999,125,0,910
13600000,13364835,12985091,0.9715860000000001,125,0,930
13650000,13406791,13031023,0.971972,125,0,919
13700000,13448653,13076845,0.972354,125,0,926
13750000,13490280,13122700,0.9727520000000001,125,0,920
13800000,13532102,13168599,0.973138,125,0,922
13850000,13574007,13214561,0.97352,125,0,931
13900000,13615781,13260358,0.9738959999999999,125,0,912
13950000,13657612,13306157,0.974267,125,0,907
14000000,13699240,13351986,0.9746520000000001,125,0,913
14050000,13740964,13397809,0.9750270000000001,125,0,904
14100000,13782562,13443555,0.975403,125,0,909
14150000,13824074,13489270,0.9757809999999999,126,0,915
14200000,13865577,13534984,0.9761569999999999,126,0,906
14250000,13906967,13580765,0.9765440000000001,126,0,906
14300000,13948535,13626600,0.9769200000000001,126,0,922
14350000,13990014,13672394,0.977297,126,0,921
14400000,14031365,13717968,0.977665,126,0,905
14450000,14072790,13763734,0.978039,127,0,919
14500000,14114043,13809446,0.978419,128,0,920
14550000,14155481,13854993,0.978772,128,0,923
14600000,14197035,13900757,0.979131,128,0,920
14650000,14238285,13946397,0.9795,128,0,912
14700000,14279609,13992144,0.9798690000000001,129,0,918
14750000,14320736,14037860,0.980247,130,0,921
14800000,14362129,14083612,0.980608,131,0,917
14850000,14403289,14129220,0.980972,131,0,923
14900000,14444293,14174816,0.9813440000000001,131,0,901
14950000,14485315,14220483,0.9817170000000001,131,0,907
15000000,14526283,14266096,0.982089,131,0,908
15050000,14567340,14311646,0.982447,131,0,913
15100000,14608328,14357176,0.982808,131,0,906
15150000,14649184,14402642,0.9831700000000001,132,0,906
15200000,14690009,14448138,0.983535,132,0,901
15250000,14730861,14493740,0.9839030000000001,132,0,903
15300000,14771822,14539321,0.984261,132,0,906
15350000,14812865,14584901,0.98461,132,0,928
15400000,14853602,14630382,0.984972,132,0,931
15450000,14894348,14675778,0.985325,132,0,896
15500000,14935064,14721273,0.985685,133,0,916
15550000,14975688,14766670,0.986043,133,0,904
15600000,15016294,14812092,0.986401,133,0,911
15650000,15057177,14857664,0.98675,136,0,916
15700000,15097685,14903133,0.9871139999999999,136,0,910
15750000,15138178,14948529,0.9874719999999999,136,0,906
15800000,15178950,14994078,0.987821,137,0,895
15850000,15219455,15039472,0.988174,137,0,910
15900000,15259942,15084856,0.988526,137,0,907
15950000,15300443,15130285,0.9888790000000001,137,0,910
