timestep,num_nodes,num_edges,average_degree,max_degree,num_triangles,new_edges
0,1731,1000,0.577701,1,0,1000
50000,81605,50994,0.624888,2,0,1000
100000,155813,100955,0.6479239999999999,2,0,1000
150000,227034,150887,0.664601,3,0,997
200000,296408,200789,0.677407,3,0,1000
250000,364343,250667,0.6879970000000001,4,0,999
300000,430832,300537,0.697574,5,0,997
350000,496537,350366,0.705619,7,0,999
400000,561402,400187,0.712835,7,0,995
450000,625471,449972,0.719413,8,0,995
500000,688914,499729,0.725387,9,0,994
550000,752004,549514,0.730733,10,0,996
600000,814331,599243,0.735872,11,0,989
650000,876254,648939,0.740583,12,0,996
700000,937730,698618,0.7450100000000001,12,0,997
750000,998740,748272,0.749216,12,0,992
800000,1059238,797894,0.753272,12,0,994
850000,1119629,847522,0.7569670000000001,14,0,995
900000,1179541,897141,0.7605850000000001,14,0,993
950000,1239149,946740,0.7640239999999999,14,0,991
1000000,1298547,996251,0.767204,14,0,990
1050000,1357548,1045798,0.770358,14,0,991
1100000,1416254,1095339,0.773406,16,0,989
1150000,1475160,1144835,0.776075,17,0,991
1200000,1533429,1194358,0.778881,19,0,988
1250000,1591663,1243815,0.781456,20,0,987
1300000,1649646,1293239,0.783949,21,0,991
1350000,1707460,1342733,0.786392,21,0,986
1400000,1765044,1392160,0.78874,21,0,990
1450000,1822300,1441582,0.791078,23,0,991
1500000,1879387,1490958,0.793321,25,0,986
1550000,1936268,1540307,0.795503,26,0,987
1600000,1993019,1589603,0.797585,27,0,984
1650000,2049665,1638938,0.799613,27,0,988
1700000,2106029,1688229,0.801617,29,0,983
1750000,2162064,1737503,0.803632,30,0,988
1800000,2218136,1786771,0.805528,33,0,990
1850000,2274045,1835980,0.807363,35,0,992
1900000,2329662,1885231,0.809229,36,0,990
1950000,2385218,1934426,0.811006,37,0,985
2000000,2440640,1983622,0.812747,37,0,988
2050000,2495965,2032802,0.814435,37,0,987
2100000,2551151,2081957,0.8160850000000001,37,0,985
2150000,2606149,2131094,0.8177180000000001,39,0,986
2200000,2660973,2180169,0.819313,39,0,989
2250000,2715689,2229313,0.820901,39,0,984
2300000,2770223,2278412,0.822465,39,0,980
2350000,2824842,2327484,0.823934,40,0,978
2400000,2879232,2376554,0.825412,41,0,987
2450000,2933509,2425561,0.8268459999999999,41,0,986
2500000,2987720,2474600,0.828257,41,0,988
2550000,3041625,2523576,0.82968,41,0,978
2600000,3095563,2572522,0.8310350000000001,43,0,982
2650000,3149200,2621513,0.8324379999999999,43,0,984
2700000,3202811,2670456,0.833785,43,0,976
2750000,3256395,2719379,0.835089,44,0,969
2800000,3309932,2768253,0.836347,44,0,980
2850000,3363111,2817147,0.8376610000000001,44,0,983
2900000,3416269,2865984,0.838922,44,0,984
2950000,3469401,2914757,0.840133,44,0,976
3000000,3522215,2963549,0.8413879999999999,44,0,979
3050000,3575095,3012364,0.8425969999999999,46,0,983
3100000,3627765,3061107,0.8438,46,0,968
3150000,3680404,3109834,0.8449709999999999,46,0,979
3200000,3733037,3158628,0.8461280000000001,47,0,972
3250000,3785538,3207306,0.847252,48,0,968
3300000,3838108,3256075,0.848354,48,0,971
3350000,3890530,3304762,0.8494370000000001,49,0,978
3400000,3942683,3353431,0.8505450000000001,49,0,973
3450000,3994818,3402130,0.8516360000000001,49,0,971
3500000,4047037,3450856,0.8526870000000001,49,0,977
3550000,4099055,3499498,0.853733,49,0,973
3600000,4150831,3548100,0.854793,49,0,971
3650000,4202700,3596721,0.8558120000000001,50,0,972
3700000,4254261,3645301,0.856859,51,0,977
3750000,4305824,3693907,0.857886,52,0,963
3800000,4357342,3742482,0.858891,54,0,966
3850000,4408827,3791059,0.8598790000000001,54,0,969
3900000,4460093,3839621,0.860884,57,0,974
3950000,4511291,3888200,0.8618819999999999,57,0,980
4000000,4562481,3936683,0.8628379999999999,57,0,963
4050000,4613725,3985187,0.863768,57,0,971
4100000,4664812,4033658,0.864699,60,0,968
4150000,4715679,4082106,0.8656450000000001,60,0,971
4200000,4766619,4130530,0.866553,60,0,970
4250000,4817325,4178899,0.8674729999999999,61,0,964
4300000,4868052,4227257,0.868367,63,0,964
4350000,4918805,4275646,0.869245,65,0,959
4400000,4969278,4323988,0.870144,65,0,974
4450000,5019866,4372413,0.871022,65,0,976
4500000,5070380,4420805,0.8718879999999999,65,0,966
4550000,5120841,4469138,0.872735,65,0,968
4600000,5171045,4517368,0.873589,67,0,966
4650000,5221176,4565645,0.874448,67,0,961
4700000,5271462,4614051,0.875289,69,0,967
4750000,5321533,4662321,0.876124,69,0,955
4800000,5371460,4710540,0.876957,70,0,964
4850000,5421443,4758768,0.877768,70,0,970
4900000,5471326,4806996,0.8785799999999999,70,0,958
4950000,5521231,4855161,0.8793620000000001,71,0,967
5000000,5570895,4903254,0.8801559999999999,71,0,951
5050000,5620351,4951323,0.8809629999999999,72,0,962
5100000,5669980,4999555,0.881759,72,0,965
5150000,5719310,5047635,0.88256,72,0,961
5200000,5768666,5095691,0.88334,72,0,951
5250000,5818073,5143792,0.884106,73,0,969
5300000,5867206,5191849,0.884893,73,0,967
5350000,5916400,5239847,0.885648,74,0,963
5400000,5965617,5287928,0.886401,75,0,970
5450000,6014650,5336017,0.8871700000000001,75,0,964
5500000,6063543,5383971,0.887925,75,0,952
5550000,6112688,5432057,0.888653,75,0,965
5600000,6161535,5480017,0.889392,76,0,950
5650000,6210364,5528008,0.890126,76,0,961
5700000,6259035,5575972,0.890868,76,0,952
5750000,6307827,5623961,0.8915850000000001,77,0,963
5800000,6356400,5671885,0.8923110000000001,78,0,963
5850000,6405058,5719693,0.8929959999999999,79,0,964
5900000,6453561,5767573,0.893704,80,0,951
5950000,6502153,5815400,0.894381,80,0,957
6000000,6550724,5863269,0.895057,81,0,951
6050000,6599100,5911124,0.895747,81,0,961
6100000,6647417,5958952,0.896431,81,0,949
6150000,6695598,6006885,0.8971389999999999,81,0,961
6200000,6743716,6054714,0.8978309999999999,81,0,967
6250000,6791696,6102488,0.8985219999999999,81,0,954
6300000,6839678,6150321,0.8992120000000001,81,0,972
6350000,6887703,6198118,0.899882,81,0,952
6400000,6935517,6245804,0.900553,82,0,965
6450000,6983512,6293624,0.9012120000000001,82,0,957
6500000,7031436,6341434,0.901869,83,0,951
6550000,7079137,6389091,0.902524,83,0,949
6600000,7126933,6436804,0.903166,83,0,946
6650000,7174726,6484571,0.9038069999999999,83,0,957
6700000,7222243,6532184,0.9044540000000001,84,0,959
6750000,7269950,6579834,0.9050729999999999,84,0,958
6800000,7317442,6627530,0.905717,84,0,953
6850000,7364793,6675132,0.906357,84,0,968
6900000,7412206,6722814,0.906992,84,0,957
6950000,7459435,6770359,0.907624,84,0,960
7000000,7506894,6818001,0.9082319999999999,84,0,956
7050000,7554107,6865491,0.908842,84,0,954
7100000,7601261,6913139,0.909473,84,0,953
7150000,7648386,6960702,0.9100879999999999,84,0,953
7200000,7695404,7008236,0.9107040000000001,84,0,950
7250000,7742512,7055717,0.9112959999999999,85,0,935
7300000,7789565,7103293,0.911899,85,0,957
7350000,7836450,7150824,0.912508,85,0,932
7400000,7883339,7198312,0.9131040000000001,86,0,953
7450000,7930074,7245763,0.9137069999999999,87,0,951
7500000,7976830,7293163,0.914293,87,0,934
7550000,8023677,7340617,0.914869,88,0,940
7600000,8070272,7388076,0.9154680000000001,90,0,948
7650000,8117006,7435578,0.916049,90,0,958
7700000,8163686,7482996,0.9166200000000001,91,0,944
7750000,8210237,7530389,0.9171950000000001,92,0,945
7800000,8256803,7577847,0.9177700000000001,92,0,949
7850000,8303378,7625337,0.918342,92,0,948
7900000,8349754,7672686,0.9189120000000001,92,0,949
7950000,8396048,7720052,0.919486,92,0,946
8000000,8442275,7767309,0.920049,92,0,939
8050000,8488687,7814578,0.920587,92,0,951
8100000,8534887,7861842,0.921142,93,0,951
8150000,8581026,7909160,0.921703,93,0,934
8200000,8627200,7956444,0.922251,93,0,952
8250000,8673104,8003592,0.9228059999999999,93,0,955
8300000,8719020,8050818,0.9233629999999999,93,0,937
8350000,8764948,8098011,0.923909,94,0,938
8400000,8810711,8145164,0.9244620000000001,95,0,947
8450000,8856526,8192261,0.924997,95,0,951
8500000,8902381,8239441,0.925532,96,0,930
8550000,8948168,8286606,0.926067,96,0,956
8600000,8993948,8333781,0.926599,98,0,954
8650000,9039654,8380972,0.927134,98,0,940
8700000,9085345,8428201,0.9276700000000001,98,0,941
8750000,9131145,8475336,0.9281790000000001,98,0,951
8800000,9176504,8522394,0.9287190000000001,98,0,943
8850000,9221859,8569455,0.9292549999999999,98,0,932
8900000,9267316,8616517,0.929775,98,0,952
8950000,9312747,8663565,0.930291,98,0,942
9000000,9358134,8710621,0.9308069999999999,98,0,944
9050000,9403415,8757676,0.9313290000000001,98,0,945
9100000,9448658,8804663,0.931843,99,0,939
9150000,9493866,8851648,0.9323540000000001,102,0,942
9200000,9539085,8898699,0.932867,103,0,954
9250000,9584189,8945711,0.9333819999999999,103,0,939
9300000,9629334,8992709,0.9338870000000001,103,0,939
9350000,9674579,9039755,0.9343819999999999,103,0,938
9400000,9719709,9086718,0.934876,104,0,938
9450000,9764732,9133663,0.935373,104,0,936
9500000,9809689,9180541,0.935865,104,0,928
9550000,9854596,9227446,0.9363600000000001,104,0,925
9600000,9899555,9274394,0.93685,104,0,947
9650000,9944432,9321283,0.9373370000000001,105,0,933
9700000,9989181,9368052,0.9378200000000001,106,0,921
9750000,10033880,9414857,0.938307,107,0,933
9800000,10078408,9461567,0.938796,107,0,929
9850000,10123198,9508395,0.939268,107,0,954
9900000,10167807,9555149,0.939745,108,0,940
9950000,10212461,9601998,0.940224,110,0,934
10000000,10257055,9648822,0.940701,112,0,929
10050000,10301387,9695567,0.94119,113,0,937
10100000,10345817,9742374,0.941673,113,0,934
10150000,10390312,9789167,0.9421440000000001,113,0,941
10200000,10434393,9835905,0.942643,113,0,935
10250000,10478803,9882539,0.943098,113,0,925
10300000,10523052,9929263,0.943573,113,0,936
10350000,10567324,9975912,0.944034,113,0,931
10400000,10611554,10022624,0.944501,113,0,917
10450000,10655667,10069311,0.9449719999999999,113,0,938
10500000,10699770,10115962,0.9454370000000001,113,0,929
10550000,10743790,10162537,0.9458989999999999,115,0,933
10600000,10787869,10209138,0.9463540000000001,115,0,926
10650000,10831739,10255785,0.9468270000000001,115,0,921
10700000,10875730,10302390,0.947283,116,0,924
10750000,10919756,10348989,0.947731,116,0,939
10800000,10963766,10395622,0.9481799999999999,116,0,936
10850000,11007773,10442200,0.9486209999999999,117,0,940
10900000,11051613,10488723,0.949067,117,0,921
10950000,11095487,10535348,0.949517,117,0,926
11000000,11139252,10581952,0.9499700000000001,118,0,918
11050000,11183033,10628481,0.950411,119,0,939
11100000,11226703,10675055,0.9508629999999999,119,0,924
11150000,11270404,10721631,0.951308,119,0,932
11200000,11313979,10768147,0.9517559999999999,119,0,923
11250000,11357444,10814627,0.952206,119,0,929
11300000,11400890,10861065,0.952651,119,0,920
11350000,11444262,10907535,0.953101,120,0,933
11400000,11487677,10953957,0.9535399999999999,120,0,928
11450000,11531159,11000281,0.9539610000000001,120,0,922
11500000,11574499,11046689,0.954399,121,0,922
11550000,11617862,11093080,0.95483,123,0,922
11600000,11661085,11139427,0.9552649999999999,123,0,929
11650000,11704486,11185750,0.955681,124,0,910
11700000,11747804,11232071,0.9561,124,0,932
11750000,11790989,11278425,0.9565290000000001,124,0,931
11800000,11834192,11324857,0.9569610000000001,125,0,934
11850000,11877577,11371305,0.957376,125,0,916
11900000,11920769,11417645,0.957794,125,0,926
11950000,11964074,11463968,0.958199,125,0,928
12000000,12007207,11510338,0.958619,125,0,918
12050000,12050324,11556618,0.9590299999999999,125,0,920
12100000,12093079,11602904,0.9594659999999999,125,0,911
12150000,12135818,11649119,0.9598959999999999,125,0,914
12200000,12178614,11695366,0.9603200000000001,125,0,915
12250000,12221337,11741581,0.960744,125,0,932
12300000,12264181,11787823,0.961159,126,0,932
12350000,12307034,11834097,0.961572,126,0,929
12400000,12349785,11880282,0.961983,126,0,922
12450000,12392357,11926456,0.962404,126,0,918
12500000,12434929,11972569,0.9628180000000001,126,0,922
12550000,12477525,12018645,0.9632229999999999,126,0,914
12600000,12519864,12064827,0.9636549999999999,126,0,932
12650000,12562462,12111036,0.964065,126,0,927
12700000,12605042,12157153,0.964467,128,0,927
12750000,12647518,12203234,0.964872,128,0,923
12800000,12689877,12249305,0.965282,128,0,923
12850000,12732463,12295436,0.965676,128,0,905
12900000,12774948,12341545,0.966074,128,0,909
12950000,12817367,12387624,0.9664719999999999,128,0,918
13000000,12859485,12433596,0.966881,128,0,929
13050000,12901649,12479512,0.9672799999999999,128,0,910
13100000,12943883,12525480,0.967676,128,0,923
13150000,12986019,12571458,0.968076,128,0,919
13200000,13028122,12617494,0.9684809999999999,128,0,926
13250000,13070402,12663532,0.9688709999999999,128,0,932
13300000,13112548,12709502,0.9692629999999999,128,0,916
13350000,13154436,12755349,0.9696610000000001,128,0,920
13400000,13196550,12801263,0.970046,128,0,916
13450000,13238674,12847221,0.9704309999999999,128,0,924
13500000,13280585,12893098,0.970823,128,0,916
13550000,13322636,12939070,0.971209,128,0,925
13600000,13364451,12985010,0.971608,129,0,920
13650000,13406209,13030913,0.9720059999999999,129,0,915
13700000,13448053,13076807,0.9723940000000001,129,0,924
13750000,13490090,13122752,0.97277,129,0,905
13800000,13532011,13168625,0.973146,129,0,911
13850000,13573828,13214512,0.9735290000000001,129,0,913
13900000,13615497,13260306,0.9739129999999999,129,0,929
13950000,13657259,13306165,0.974292,129,0,910
14000000,13699094,13352096,0.97467,129,0,919
14050000,13740750,13397890,0.9750479999999999,129,0,920
14100000,13782497,13443709,0.975419,129,0,919
14150000,13824122,13489445,0.9757899999999999,129,0,915
14200000,13865882,13535276,0.9761569999999999,129,0,920
14250000,13907340,13580950,0.9765309999999999,129,0,927
14300000,13948752,13626589,0.9769040000000001,130,0,916
14350000,13990300,13672327,0.9772719999999999,130,0,915
14400000,14031502,13717942,0.9776530000000001,130,0,916
14450000,14072871,13763498,0.978016,130,0,912
14500000,14114274,13809363,0.978397,130,0,910
14550000,14155576,13855046,0.978769,130,0,911
14600000,14196896,13900794,0.979143,130,0,917
14650000,14238240,13946476,0.979508,130,0,917
14700000,14279382,13992116,0.9798819999999999,130,0,895
14750000,14320552,14037860,0.98026,130,0,925
14800000,14361763,14083536,0.980627,130,0,897
14850000,14402825,14129080,0.980994,130,0,913
14900000,14443807,14174598,0.9813620000000001,132,0,930
14950000,14484928,14220195,0.9817239999999999,132,0,922
15000000,14525964,14265701,0.982083,132,0,915
15050000,14567052,14311272,0.982441,132,0,899
15100000,14608011,14356886,0.982809,132,0,921
15150000,14648896,14402448,0.983176,132,0,904
15200000,14689983,14448098,0.983534,132,0,915
15250000,14730724,14493541,0.983899,132,0,901
15300000,14771663,14539043,0.984252,132,0,907
15350000,14812378,14584531,0.984618,132,0,891
15400000,14853020,14629959,0.984982,132,0,907
15450000,14893907,14675535,0.9853379999999999,132,0,919
15500000,14934631,14721014,0.9856969999999999,132,0,914
15550000,14975350,14766589,0.98606,132,0,921
15600000,15016066,14812100,0.986417,134,0,915
15650000,15056740,14857554,0.986771,134,0,914
15700000,15097552,14903090,0.9871200000000001,134,0,915
15750000,15138112,14948517,0.987476,135,0,922
15800000,15178812,14993941,0.98782,136,0,902
15850000,15219366,15039399,0.988175,137,0,904
15900000,15259940,15084753,0.9885200000000001,137,0,901
15950000,15300460,15130203,0.988872,137,0,909
