timestep,num_nodes,num_edges,average_degree,max_degree,num_triangles,new_edges
0,1751,1000,0.571102,1,0,1000
50000,81875,50987,0.622742,3,0,998
100000,155956,100950,0.6472979999999999,6,0,998
150000,227256,150880,0.663921,6,0,996
200000,296585,200783,0.676983,6,0,999
250000,364241,250683,0.688234,8,0,996
300000,430871,300526,0.697485,9,0,993
350000,496302,350343,0.705907,10,0,996
400000,561244,400165,0.712996,10,0,991
450000,625282,449986,0.719653,10,0,997
500000,688639,499738,0.725689,11,0,996
550000,751567,549467,0.7310949999999999,12,0,998
600000,814006,599185,0.7360939999999999,12,0,995
650000,875937,648877,0.74078,12,0,995
700000,937592,698595,0.745095,12,0,994
750000,998754,748244,0.7491770000000001,13,0,988
800000,1059393,797868,0.753137,13,0,992
850000,1119820,847509,0.756826,14,0,991
900000,1179674,897112,0.760475,14,0,992
950000,1239394,946688,0.763831,15,0,992
1000000,1299003,996300,0.7669729999999999,15,0,994
1050000,1357979,1045860,0.770159,15,0,994
1100000,1416737,1095371,0.773165,16,0,990
1150000,1475454,1144899,0.775964,17,0,993
1200000,1533800,1194378,0.778705,18,0,989
1250000,1591979,1243849,0.7813220000000001,18,0,980
1300000,1649774,1293299,0.783925,19,0,988
1350000,1707408,1342705,0.7864,20,0,986
1400000,1764804,1392125,0.7888270000000001,21,0,989
1450000,1822127,1441489,0.7911020000000001,22,0,994
1500000,1879252,1490902,0.793349,22,0,989
1550000,1935948,1540274,0.795617,22,0,980
1600000,1992789,1589643,0.7976979999999999,22,0,986
1650000,2049341,1638992,0.799765,23,0,986
1700000,2105813,1688289,0.801728,23,0,981
1750000,2162004,1737517,0.80366,23,0,987
1800000,2217993,1786773,0.805581,23,0,985
1850000,2273898,1835972,0.807412,24,0,979
1900000,2329576,1885219,0.809254,24,0,981
1950000,2384929,1934416,0.8111,25,0,985
2000000,2440279,1983554,0.812839,25,0,986
2050000,2495549,2032663,0.814515,25,0,982
2100000,2550718,2081797,0.8161609999999999,25,0,988
2150000,2605862,2130930,0.8177449999999999,26,0,983
2200000,2660633,2179996,0.8193520000000001,26,0,984
2250000,2715383,2229063,0.820902,27,0,983
2300000,2769988,2278099,0.822422,27,0,977
2350000,2824402,2327118,0.823933,27,0,984
2400000,2878732,2376148,0.825415,27,0,973
2450000,2932976,2425148,0.8268559999999999,27,0,984
2500000,2987188,2474161,0.8282579999999999,29,0,983
2550000,3040988,2523111,0.829701,29,0,979
2600000,3094898,2572107,0.8310799999999999,29,0,983
2650000,3148680,2621103,0.8324450000000001,29,0,978
2700000,3202220,2670037,0.833808,30,0,981
2750000,3255866,2718962,0.835096,31,0,984
2800000,3309326,2767896,0.836393,31,0,976
2850000,3362777,2816769,0.8376319999999999,32,0,977
2900000,3416040,2865639,0.8388770000000001,32,0,971
2950000,3469151,2914512,0.840123,34,0,985
3000000,3522041,2963316,0.841363,34,0,986
3050000,3574930,3012111,0.842565,37,0,972
3100000,3627763,3060888,0.8437399999999999,37,0,975
3150000,3680379,3109698,0.8449399999999999,38,0,983
3200000,3732958,3158421,0.846091,38,0,971
3250000,3785641,3207123,0.847181,39,0,969
3300000,3838001,3255844,0.848318,39,0,982
3350000,3890343,3304576,0.8494309999999999,40,0,970
3400000,3942488,3353247,0.850541,40,0,975
3450000,3994516,3401925,0.851649,40,0,968
3500000,4046536,3450584,0.852725,40,0,976
3550000,4098508,3499194,0.853773,41,0,966
3600000,4150330,3547861,0.8548379999999999,41,0,982
3650000,4201934,3596443,0.855902,43,0,966
3700000,4253687,3645060,0.8569180000000001,43,0,980
3750000,4305458,3693631,0.8578950000000001,43,0,971
3800000,4356861,3742166,0.8589129999999999,43,0,962
3850000,4408333,3790745,0.8599040000000001,43,0,966
3900000,4459688,3839290,0.8608879999999999,45,0,975
3950000,4511017,3887745,0.861833,45,0,965
4000000,4562229,3936262,0.8627940000000001,46,0,964
4050000,4613253,3984714,0.8637540000000001,47,0,962
4100000,4664271,4033210,0.8647030000000001,49,0,973
4150000,4715272,4081661,0.865626,50,0,980
4200000,4766029,4130068,0.8665639999999999,51,0,973
4250000,4816737,4178527,0.867502,51,0,967
4300000,4867461,4226974,0.8684149999999999,52,0,975
4350000,4918151,4275366,0.8693040000000001,53,0,975
4400000,4968633,4323704,0.8702,55,0,961
4450000,5019238,4372036,0.8710559999999999,58,0,963
4500000,5069557,4420361,0.871942,58,0,968
4550000,5119711,4468685,0.8728389999999999,58,0,972
4600000,5169838,4516936,0.8737090000000001,58,0,966
4650000,5219949,4565177,0.8745639999999999,60,0,965
4700000,5269918,4613451,0.875431,60,0,960
4750000,5319974,4661700,0.8762639999999999,60,0,949
4800000,5369911,4709935,0.8770969999999999,60,0,964
4850000,5419756,4758123,0.877922,60,0,963
4900000,5469814,4806410,0.8787149999999999,61,0,960
4950000,5519621,4854657,0.8795270000000001,62,0,972
5000000,5569407,4902854,0.8803190000000001,62,0,950
5050000,5619008,4950988,0.881114,63,0,963
5100000,5668441,4999123,0.881922,63,0,957
5150000,5717987,5047229,0.8826930000000001,64,0,962
5200000,5767649,5095456,0.8834549999999999,64,0,976
5250000,5816940,5143533,0.884233,64,0,969
5300000,5866292,5191577,0.884984,65,0,960
5350000,5915537,5239711,0.885754,65,0,966
5400000,5964645,5287793,0.886523,66,0,962
5450000,6013753,5335787,0.8872639999999999,66,0,964
5500000,6062750,5383865,0.8880239999999999,66,0,950
5550000,6111564,5431834,0.8887799999999999,67,0,958
5600000,6160626,5479823,0.889491,67,0,961
5650000,6209303,5527709,0.89023,68,0,954
5700000,6258071,5575606,0.8909459999999999,69,0,956
5750000,6306958,5623630,0.891655,69,0,966
5800000,6355609,5671561,0.8923709999999999,69,0,954
5850000,6404301,5719566,0.8930819999999999,69,0,964
5900000,6452763,5767479,0.8938,70,0,957
5950000,6501265,5815396,0.894502,70,0,968
6000000,6549805,5863351,0.8951950000000001,70,0,964
6050000,6598219,5911206,0.8958790000000001,72,0,966
6100000,6646419,5959021,0.896576,72,0,958
6150000,6694639,6006938,0.8972760000000001,72,0,964
6200000,6742858,6054736,0.897948,72,0,947
6250000,6791004,6102617,0.898633,73,0,934
6300000,6838955,6150367,0.899314,74,0,948
6350000,6887032,6198172,0.899977,74,0,949
6400000,6934850,6245889,0.900652,75,0,950
6450000,6982649,6293563,0.901315,76,0,948
6500000,7030565,6341315,0.901964,76,0,952
6550000,7078348,6389069,0.9026209999999999,78,0,952
6600000,7126112,6436848,0.903276,79,0,942
6650000,7173706,6484533,0.9039309999999999,79,0,945
6700000,7221305,6532205,0.904574,79,0,951
6750000,7268845,6579905,0.90522,79,0,957
6800000,7316357,6627581,0.9058579999999999,81,0,953
6850000,7363903,6675250,0.906483,81,0,942
6900000,7411080,6722820,0.9071309999999999,81,0,953
6950000,7458594,6770465,0.90774,81,0,959
7000000,7505863,6818102,0.9083700000000001,81,0,959
7050000,7553202,6865728,0.908982,81,0,942
7100000,7600490,6913298,0.909586,81,0,960
7150000,7647595,6960889,0.910206,81,0,948
7200000,7694707,7008407,0.910809,81,0,952
7250000,7741903,7055931,0.9113950000000001,81,0,944
7300000,7788794,7103430,0.912006,81,0,950
7350000,7835647,7150897,0.9126110000000001,81,0,941
7400000,7882539,7198426,0.9132120000000001,81,0,946
7450000,7929513,7245887,0.9137870000000001,81,0,960
7500000,7976521,7293359,0.9143530000000001,81,0,943
7550000,8023112,7340775,0.914954,81,0,959
7600000,8069795,7388165,0.915533,81,0,955
7650000,8116528,7435596,0.916106,83,0,949
7700000,8162962,7482956,0.916696,83,0,951
7750000,8209329,7530308,0.9172870000000001,83,0,934
7800000,8255847,7577644,0.917852,83,0,949
7850000,8302316,7624991,0.918417,83,0,936
7900000,8348628,7672345,0.9189950000000001,83,0,948
7950000,8394989,7719702,0.9195610000000001,83,0,947
8000000,8441333,7767001,0.920115,84,0,941
8050000,8487508,7814297,0.920682,84,0,952
8100000,8533722,7861528,0.9212309999999999,85,0,955
8150000,8580038,7908922,0.921782,86,0,951
8200000,8626092,7956217,0.922343,87,0,945
8250000,8672075,8003387,0.922892,88,0,962
8300000,8718184,8050673,0.923435,88,0,948
8350000,8764163,8097966,0.9239860000000001,88,0,950
8400000,8810088,8145150,0.924525,88,0,939
8450000,8855743,8192338,0.9250879999999999,89,0,937
8500000,8901643,8239568,0.925623,89,0,940
8550000,8947266,8286686,0.92617,91,0,949
8600000,8992999,8333885,0.926708,91,0,934
8650000,9038634,8381014,0.927243,92,0,942
8700000,9084349,8428127,0.9277629999999999,92,0,932
8750000,9129898,8475343,0.928306,92,0,938
8800000,9175422,8522403,0.9288299999999999,93,0,948
8850000,9220799,8569481,0.929364,94,0,939
8900000,9266141,8616577,0.929899,95,0,928
8950000,9311389,8663589,0.9304290000000001,95,0,944
9000000,9356917,8710668,0.930934,96,0,943
9050000,9402090,8757626,0.9314549999999999,97,0,935
9100000,9447347,8804567,0.9319620000000001,97,0,937
9150000,9492666,8851536,0.9324600000000001,97,0,937
9200000,9538070,8898517,0.932947,97,0,934
9250000,9583365,8945515,0.933442,97,0,922
9300000,9628420,8992453,0.933949,97,0,951
9350000,9673684,9039457,0.9344379999999999,97,0,934
9400000,9718844,9086399,0.934926,98,0,939
9450000,9763912,9133306,0.935415,98,0,933
9500000,9808798,9180302,0.935925,98,0,946
9550000,9853449,9227154,0.9364389999999999,98,0,921
9600000,9898419,9274085,0.936926,98,0,936
9650000,9943284,9320995,0.937416,98,0,941
9700000,9988099,9367862,0.937902,98,0,946
9750000,10032655,9414656,0.938401,98,0,938
9800000,10077384,9461447,0.9388790000000001,98,0,954
9850000,10121898,9508251,0.9393739999999999,98,0,933
9900000,10166618,9555159,0.9398559999999999,99,0,933
9950000,10211261,9601949,0.9403290000000001,99,0,937
10000000,10255882,9648813,0.940808,99,0,947
10050000,10300155,9695542,0.941301,100,0,929
10100000,10344453,9742264,0.941786,101,0,943
10150000,10388781,9789060,0.9422719999999999,102,0,938
10200000,10433212,9835759,0.942735,102,0,927
10250000,10477603,9882448,0.943197,102,0,931
10300000,10521949,9929212,0.943667,102,0,937
10350000,10566186,9975951,0.944139,102,0,931
10400000,10610580,10022678,0.944593,103,0,937
10450000,10654889,10069419,0.945052,103,0,941
10500000,10699037,10116074,0.9455129999999999,103,0,941
10550000,10743207,10162794,0.945974,104,0,933
10600000,10787283,10209444,0.946433,104,0,921
10650000,10831191,10255980,0.946893,104,0,939
10700000,10875477,10302699,0.947333,104,0,934
10750000,10919468,10349328,0.947787,105,0,928
10800000,10963336,10395859,0.9482389999999999,105,0,936
10850000,11007035,10442332,0.9486959999999999,105,0,920
10900000,11050871,10488943,0.949151,105,0,922
10950000,11094761,10535422,0.949585,106,0,931
11000000,11138398,10581892,0.9500370000000001,106,0,929
11050000,11181934,10628374,0.9504950000000001,107,0,934
11100000,11225650,10674887,0.950937,107,0,941
11150000,11269260,10721332,0.9513790000000001,108,0,943
11200000,11312642,10767725,0.951831,108,0,930
11250000,11356577,10814284,0.952249,108,0,927
11300000,11400357,10860853,0.952677,109,0,939
11350000,11443829,10907295,0.953116,111,0,931
11400000,11487470,10953832,0.9535459999999999,112,0,938
11450000,11530621,11000227,0.954001,113,0,935
11500000,11574254,11046643,0.954415,113,0,930
11550000,11617718,11093121,0.954845,113,0,922
11600000,11660931,11139475,0.955282,114,0,923
11650000,11704063,11185793,0.9557190000000001,115,0,926
11700000,11747284,11232268,0.956159,115,0,925
11750000,11790543,11278668,0.956586,115,0,935
11800000,11833594,11325002,0.9570209999999999,115,0,936
11850000,11876761,11371372,0.9574469999999999,115,0,932
11900000,11919818,11417711,0.9578760000000001,115,0,925
11950000,11962979,11463991,0.958289,115,0,922
12000000,12005911,11510186,0.9587100000000001,115,0,929
12050000,12048843,11556388,0.9591280000000001,115,0,924
12100000,12091857,11602735,0.959549,115,0,938
12150000,12134602,11648924,0.959976,116,0,917
12200000,12177428,11695174,0.960398,116,0,918
12250000,12220216,11741396,0.960817,117,0,942
12300000,12263057,11787613,0.9612299999999999,117,0,924
12350000,12305755,11833870,0.9616530000000001,117,0,930
12400000,12348573,11880014,0.9620559999999999,117,0,926
12450000,12391237,11926139,0.9624659999999999,117,0,922
12500000,12433984,11972318,0.9628709999999999,118,0,929
12550000,12476637,12018557,0.9632850000000001,118,0,923
12600000,12519233,12064750,0.9636969999999999,119,0,926
12650000,12561758,12110925,0.964111,119,0,915
12700000,12604250,12157028,0.964518,119,0,926
12750000,12646659,12203203,0.964935,119,0,923
12800000,12689248,12249339,0.965332,120,0,910
12850000,12731519,12295395,0.9657450000000001,120,0,911
12900000,12773956,12341406,0.9661379999999999,120,0,925
12950000,12816236,12387459,0.9665440000000001,120,0,908
13000000,12858547,12433493,0.966944,120,0,920
13050000,12900838,12479492,0.96734,121,0,931
13100000,12943010,12525525,0.967744,122,0,902
13150000,12985133,12571438,0.968141,122,0,924
13200000,13027403,12617474,0.968533,122,0,904
13250000,13069639,12663561,0.96893,122,0,909
13300000,13111663,12709483,0.969327,122,0,909
13350000,13153898,12755482,0.9697110000000001,122,0,918
13400000,13196020,12801441,0.9700989999999999,122,0,910
13450000,13237880,12847300,0.9704950000000001,122,0,912
13500000,13279860,12893164,0.970881,122,0,916
13550000,13321831,12939111,0.9712709999999999,122,0,923
13600000,13363746,12985036,0.9716610000000001,122,0,922
13650000,13405903,13030977,0.972033,123,0,917
13700000,13447819,13076873,0.972416,124,0,919
13750000,13489650,13122767,0.9728030000000001,125,0,895
13800000,13531467,13168665,0.9731879999999999,125,0,926
13850000,13573133,13214437,0.9735729999999999,126,0,921
13900000,13614894,13260337,0.973958,128,0,913
13950000,13656705,13306270,0.97434,130,0,910
14000000,13698245,13352061,0.974728,130,0,904
14050000,13740022,13397828,0.975095,130,0,910
14100000,13781661,13443604,0.9754709999999999,131,0,909
14150000,13823249,13489341,0.975844,131,0,915
14200000,13864763,13535079,0.9762209999999999,131,0,901
14250000,13906291,13580801,0.9765940000000001,131,0,895
14300000,13947801,13626565,0.9769690000000001,132,0,915
14350000,13989326,13672249,0.977334,132,0,915
14400000,14030876,13717979,0.977699,132,0,913
14450000,14072288,13763757,0.978075,132,0,920
14500000,14113681,13809437,0.9784430000000001,132,0,916
14550000,14155013,13855176,0.9788180000000001,132,0,896
14600000,14196222,13900811,0.979191,132,0,908
14650000,14237542,13946495,0.979558,134,0,925
14700000,14278796,13992182,0.979927,134,0,908
14750000,14319867,14037808,0.980303,134,0,926
14800000,14361355,14083477,0.980651,134,0,904
14850000,14402627,14129078,0.981007,134,0,912
14900000,14443681,14174660,0.981374,134,0,921
14950000,14484644,14220175,0.981741,134,0,904
15000000,14525587,14265750,0.9821120000000001,136,0,926
15050000,14566581,14311316,0.982476,136,0,923
15100000,14607679,14356914,0.982833,136,0,922
15150000,14648678,14402436,0.98319,136,0,903
15200000,14689658,14448049,0.9835520000000001,137,0,896
15250000,14730543,14493553,0.9839120000000001,137,0,926
15300000,14771289,14539184,0.9842870000000001,137,0,910
15350000,14812143,14584734,0.9846469999999999,137,0,908
15400000,14852981,14630247,0.9850040000000001,137,0,900
15450000,14893879,14675892,0.9853639999999999,137,0,916
15500000,14934747,14721427,0.985717,137,0,903
15550000,14975463,14766769,0.9860639999999999,137,0,886
15600000,15016180,14812292,0.9864219999999999,137,0,920
15650000,15056725,14857722,0.986783,137,0,915
15700000,15097638,14903221,0.987123,137,0,912
15750000,15138156,14948601,0.9874780000000001,137,0,904
15800000,15178730,14993958,0.987827,137,0,903
15850000,15219277,15039387,0.98818,137,0,903
15900000,15259783,15084779,0.988532,137,0,920
15950000,15300260,15130090,0.988878,137,0,901
